573.137431
553.023273
534.706135
516.534492
504.081115
487.843798
472.919712
454.369148
441.294208
431.950638
426.144544
419.526615
404.629226
400.007499
393.275092
388.194251
380.841904
377.973090
372.439296
369.150048
362.455145
353.230883
349.001460
344.984647
344.043622
336.291696
332.849085
328.425946
325.308335
319.902009
317.231079
314.632394
311.592187
310.409287
309.669780
308.915786
304.441753
302.651402
298.313825
296.277446
292.967224
291.849935
287.021716
287.016539
280.573562
279.606609
275.307693
273.016504
270.921120
270.075400
267.346060
266.281572
266.595941
265.278187
264.281658
262.561924
260.801912
258.497908
257.297219
256.123718
254.497365
251.730332
249.834342
248.411312
245.157215
243.798751
242.804544
240.447035
238.363887
236.648002
234.511636
231.867881
229.932288
228.135664
227.509509
224.436525
223.391963
223.512274
221.593982
221.279849
219.833691
218.060220
217.398243
214.061941
214.511373
212.095135
210.605070
211.531239
208.126211
206.718419
204.704327
204.308888
202.187051
200.993471
199.827523
198.440493
196.191138
195.223815
194.483160
192.302745
190.134306
188.528924
187.257944
184.662575
184.298250
182.180115
180.439631
178.674478
176.572250
174.795279
172.213946
171.860264
170.446831
168.751783
167.965006
167.209894
166.397958
166.143670
165.149848
162.088065
160.150333
158.962168
159.697525
159.033518
157.681031
157.117083
155.436630
154.201135
153.294760
152.361785
150.893231
149.886665
149.036799
148.572166
147.731131
146.498874
146.161421
143.799481
143.573012
141.973040
139.751719
138.018404
135.819146
133.993574
133.471942
133.002509
130.836026
129.220120
127.458245
125.702969
124.093807
122.151516
120.637811
119.943602
117.656274
115.652699
114.005652
112.722879
111.077016
109.516358
109.055171
106.909563
104.586378
102.115172
99.844132
98.509061
96.641010
95.884902
94.227491
94.518558
93.031067
91.567425
89.433086
88.315502
87.136695
86.505673
85.074305
83.320156
81.884821
80.554751
79.205020
78.181596
76.235651
75.297953
74.259801
72.612428
70.566131
69.602979
68.422863
67.944694
66.840556
66.077007
66.428299
65.301758
64.343246
62.764253
61.850483
60.575462
59.223810
57.973594
57.265552
56.635454
55.445365
54.658552
53.509530
52.662128
51.876950
50.846172
50.361751
49.747359
48.486885
47.252186
46.524239
45.109258
43.468137
42.578754
41.567408
41.020264
40.136081
39.287181
38.222707
37.532462
36.956847
36.128010
35.572574
35.214890
34.080450
33.037051
32.024845
31.258759
30.072953
29.534477
28.381542
28.392342
27.666936
26.788467
25.985650
25.493230
25.397375
24.679563
24.455363
23.995835
23.911075
23.623014
23.522204
23.186906
23.095662
22.348273
21.280071
20.562045
19.826278
19.580278
18.838821
18.160314
17.795228
16.871360
16.447927
16.105659
15.674826
15.498486
15.121247
14.683279
14.640602
14.290536
14.116529
13.995928
13.334253
12.902248
12.253140
12.200706
11.932269
11.617802
11.282049
11.214523
10.619089
10.102638
10.439350
10.121769
10.067407
9.552878
9.254127
8.873309
8.926667
8.749098
8.351407
8.371254
8.251339
8.151558
8.085306
8.426798
8.171960
8.192415
8.049647
8.069867
7.988718
8.090021
7.741128
7.764065
7.862766
7.710587
7.339876
7.240056
7.096128
7.144958
7.182942
7.181915
7.216103
7.213212
7.086457
7.404123
7.568078
7.712015
8.013888
7.953215
8.039099
8.201197
8.387536
8.386036
8.564919
8.339924
8.575645
8.307923
8.238509
8.353987
8.599960
8.803850
9.384929
9.174021
8.943407
9.109954
8.985219
8.843134
8.710478
8.870919
9.004791
8.793067
8.784354
8.779775
9.063651
8.981808
9.323852
9.548683
9.131054
9.040066
8.888654
8.730110
8.835901
8.600689
8.305919
8.391975
8.335291
8.476103
8.247412
8.156607
8.577746
9.027178
9.063892
9.426512
9.483853
9.827748
10.431282
10.573558
10.516355
10.640583
10.592149
10.326554
10.542708
10.375192
10.217519
10.312920
10.390119
10.568274
10.320914
10.035476
10.115032
10.071525
10.452533
10.830159
11.298098
11.312082
11.142856
11.286392
11.775036
11.753102
11.554461
11.656035
11.703635
11.666707
11.992608
12.094167
12.092792
12.843582
12.707088
12.105287
12.416278
11.835398
12.683250
12.705911
12.460673
12.325618
12.280681
12.606217
12.833868
13.045716
13.195980
13.636403
14.083943
13.702265
13.308452
13.819762
13.546904
13.380428
13.679856
13.442392
13.872533
15.101210
15.726514
15.985923
16.560801
15.865126
16.050241
16.237574
16.310384
17.103254
17.251732
17.089278
17.510122
17.604212
17.503487
17.246632
18.068929
17.881560
18.453377
18.776660
18.434344
19.485341
19.665060
19.825476
20.214071
20.846974
21.233912
23.336384
24.190517
24.858522
26.466732
26.344813
26.832795
27.734971
28.668740
28.770341
29.096891
29.756056
30.103671
29.460722
29.268737
30.143003
29.509594
31.520790
30.962736
30.676700
30.930158
30.680354
31.589827
31.506444
32.835395
32.959478
33.627925
32.708594
32.769512
31.624482
30.628249
30.706067
30.366257
30.491305
30.648060
30.967745
32.049202
34.010527
35.072461
35.010277
34.717459
35.329527
34.897564
37.204197
36.986777
36.806389
35.369765
34.841696
34.985578
36.416505
37.937003
37.586859
38.458866
38.667641
38.518926
39.562983
38.271763
37.131243
38.422362
38.892125
39.588932
39.565082
39.889907
39.039054
39.123879
41.030020
42.847980
42.376593
43.835438
44.269533
43.740420
42.881008
42.465894
45.817900
46.661247
45.587279
45.394956
46.915316
46.375753
46.362294
44.252271
45.787801
46.777278
48.219791
48.329556
47.252215
47.854983
48.710998
48.084050
48.519447
48.523284
47.600431
46.744774
46.427515
45.225352
44.133564
42.121710
40.921350
39.825854
38.924598
37.790275
38.109605
37.824119
37.691750
36.820464
36.279256
35.981846
36.493441
34.498425
35.351217
34.060064
36.049190
36.511694
37.695294
36.189960
37.095409
37.041580
36.265463
37.778484
37.405295
38.009549
34.942769
34.548037
31.975430
30.497092
30.345461
30.236877
31.753423
31.256584
33.023092
34.367686
32.214423
33.900116
33.052954
33.059477
32.670811
31.036170
30.390026
30.006864
29.417448
29.274989
29.090437
28.522912
28.751799
27.915081
29.173458
29.487074
28.408718
28.364835
27.671358
27.261857
26.961052
25.855671
24.579551
24.349653
24.962565
25.094668
24.638868
24.306235
22.885476
23.331144
24.347666
24.057561
24.099680
25.167484
25.833667
26.076987
25.339412
25.706275
26.118140
25.196639
25.566910
26.365352
26.920105
27.822458
30.208687
30.747108
31.418517
31.186710
30.233515
32.994068
32.537185
31.788381
33.269991
33.624442
32.815874
32.564750
32.298609
29.705876
30.099837
29.420502
30.587224
28.772962
29.880237
31.627849
33.384003
35.462147
37.684395
38.427989
37.599512
36.575541
35.210582
35.896417
36.627071
36.652443
37.604136
36.582814
36.686099
38.480833
38.880514
40.121248
38.090535
38.926468
39.112207
39.589966
41.186050
40.883208
40.639508
42.386792
40.819528
39.721253
42.773427
44.747186
44.855916
44.885197
44.041723
43.907298
42.468576
41.797976
43.556978
43.005576
43.149783
44.405188
47.452681
45.329828
45.591462
47.277031
47.228873
43.927757
45.969757
43.165563
42.317704
45.019903
49.436540
50.441560
46.175942
45.471303
45.918734
44.917356
45.746428
50.594954
52.950927
55.823386
57.804040
58.074163
58.646181
60.234747
53.060966
55.164055
54.041630
53.909216
53.832665
50.862420
50.775286
50.708327
50.221268
48.152160
47.846191
44.846746
43.378715
43.759476
42.807676
40.965482
40.891440
40.403052
40.921278
41.195292
42.090771
41.524979
42.187772
42.915090
42.329992
43.069365
40.644602
40.408179
41.586779
37.626664
37.691778
36.685930
37.383849
36.412867
36.514599
36.300048
36.831613
37.834886
38.328769
39.931041
40.079429
37.772564
39.164870
37.468500
35.950101
37.629745
38.924813
37.589869
33.937494
39.416313
37.345403
40.143021
42.356866
45.355302
46.860939
49.503552
51.866948
52.506789
52.153737
49.528934
53.766767
58.220938
55.218064
56.565578
57.981091
57.104527
57.524636
56.688867
55.439621
51.767278
51.976962
51.104042
51.842992
49.809849
48.591301
46.764233
46.534376
47.109836
46.654318
45.886136
45.212540
45.383272
44.642919
43.361635
41.479220
41.614529
40.326567
39.918998
38.109678
36.407679
35.086736
36.198291
40.557103
46.254117
52.377824
53.904945
54.022407
53.601083
54.955384
55.152982
53.543778
53.353001
52.800611
56.291618
57.121915
56.420767
59.117710
59.550517
64.960761
66.326864
65.812321
63.038190
63.498688
59.963771
55.756148
62.681522
60.480714
57.331752
57.484553
55.073325
55.097247
54.295897
54.479870
53.082100
52.324293
53.222392
55.406315
59.266838
62.210301
62.831358
62.850040
63.938929
64.014530
60.455102
61.605476
62.481213
61.516194
62.530116
61.037288
60.571118
61.462787
63.252185
61.690624
62.085143
62.529203
66.912272
66.650525
64.265146
65.421104
60.875113
58.786509
60.818458
65.001470
60.948756
61.772585
62.734761
64.770775
65.211256
69.014037
71.698112
74.014246
75.395381
78.261594
78.681008
83.720955
79.113336
77.819826
76.199847
78.602570
78.107556
75.377896
77.766739
75.127983
74.814959
74.179354
73.550795
71.759974
71.150390
68.828500
67.830364
69.403071
65.018853
66.432505
65.043181
65.041358
65.515684
65.130895
63.005938
62.943475
67.293272
67.980995
68.510868
68.378270
68.549390
68.563846
63.891212
64.177704
63.558837
63.517915
63.509129
64.912160
65.637140
63.210689
62.806875
63.779723
64.495272
62.029906
64.687372
65.322868
63.456743
64.468553
71.464661
73.164566
70.076149
68.241624
65.341490
60.946364
61.152573
60.706821
61.985085
60.180141
59.391540
60.168452
61.796803
61.887598
59.539882
57.196569
55.691922
57.051158
54.871321
58.071489
57.098027
56.070788
56.875876
56.640068
56.687778
58.149783
58.740647
58.956513
57.694266
59.217435
58.752914
57.504308
57.096196
56.574912
56.229233
58.095036
55.571720
52.284232
49.661556
46.832836
47.468493
43.090236
43.620193
45.314028
47.620547
46.346387
48.079774
47.756156
48.375241
49.153059
51.282662
49.478155
49.459597
46.236035
43.181370
44.137666
44.789284
47.122630
49.915857
47.202461
47.138417
47.008392
46.630848
44.547692
47.466888
46.290065
43.895534
42.701436
44.248627
41.767969
38.543303
37.963809
40.177182
39.987852
41.706240
43.038839
41.895317
42.717022
41.661665
39.999371
38.974504
39.595342
40.375414
40.195018
38.728168
38.263334
39.409666
40.308721
36.618249
36.377311
36.238446
36.685343
37.163875
35.443999
33.560942
33.395303
33.809985
31.926845
33.683907
33.019748
32.618128
33.724914
34.600090
34.501164
34.088927
34.877447
37.318933
37.680802
38.885246
40.099596
41.370154
35.782880
34.015251
34.426251
32.404037
32.954011
34.479783
33.553036
35.006336
35.365856
33.487711
35.375879
33.220953
32.255416
33.103695
32.176571
34.477284
33.639120
34.502172
36.345071
38.365183
38.491391
36.777913
37.534131
36.938335
36.339991
35.895001
36.117828
36.099038
35.699568
35.782662
35.729326
33.774187
34.528253
36.131134
36.979622
39.984453
39.557983
38.817788
38.560937
40.476002
39.138350
36.615876
35.632868
35.323833
32.960465
32.649052
32.715806
30.846465
30.283003
31.013413
29.617966
30.716078
32.534593
33.625682
33.471214
32.898652
33.329711
34.149995
32.656000
34.097962
32.088382
33.623360
33.001724
32.761581
33.273533
33.264054
36.628911
38.148757
41.717470
41.142266
41.548049
41.956842
43.315211
43.203852
45.447924
45.321106
45.570711
45.525563
43.181848
44.368173
45.502100
51.586901
52.252225
52.660690
49.373963
48.119643
46.975885
45.734643
46.263319
45.635181
46.419194
44.899630
47.358765
49.540231
52.371366
51.309002
50.040808
48.210114
46.043466
50.460865
50.290504
52.833176
50.957361
51.389779
56.870952
57.468472
55.055193
54.042536
49.918318
48.314070
45.515078
47.149453
47.688983
49.018309
52.151566
50.850151
47.262542
46.798304
47.308748
49.840811
53.920232
52.981955
55.066687
55.679896
57.742010
59.668729
56.751115
59.653969
56.549905
59.313699
63.951049
68.771771
68.142879
67.192662
68.642584
62.536467
60.818474
62.024001
61.968376
66.270292
65.092257
65.900904
63.944368
61.623651
61.008649
60.324667
58.514782
61.024773
61.750240
60.276162
60.888392
61.961693
65.108581
67.325419
67.756007
66.690043
65.171113
64.396212
68.051535
70.861359
78.021879
79.623787
76.242842
75.572200
76.347603
78.285828
78.779023
78.436812
73.698388
79.572622
84.482950
80.055675
77.220596
73.492359
68.832971
65.387128
65.712013
62.771565
61.310803
57.333949
60.377415
62.586853
60.909109
63.356642
63.390730
62.244565
61.066123
61.269679
61.025433
61.989904
60.907544
60.396714
57.952953
56.644700
51.068871
50.264794
52.694311
53.705950
51.383947
49.871005
51.762795
51.649802
49.534196
48.278108
48.116278
49.366414
47.885144
48.637231
48.598436
52.653845
52.343796
51.752469
51.430690
52.372260
53.814064
52.731006
48.368141
50.040477
49.463667
48.405929
49.785752
51.002721
52.179153
53.844718
52.052819
53.262649
51.463044
49.075013
46.794091
45.641740
43.661963
41.980419
40.555067
41.504874
42.756219
46.167829
46.726767
47.276470
48.542727
52.399293
51.055154
51.483951
50.502699
53.417801
57.704084
64.912678
69.411554
69.920518
71.587215
72.871270
75.613453
74.543374
80.229786
75.636396
73.417107
70.868129
70.411889
68.920129
66.737547
65.501445
64.109414
62.951045
61.599821
61.852323
62.018278
61.657439
59.235462
59.415208
62.380178
57.962607
58.727621
59.763276
60.886115
59.821030
56.991236
52.306383
51.416409
50.196227
50.754950
49.453758
49.154341
47.851437
45.064666
43.528192
41.206841
39.757378
38.937822
38.764988
36.741751
37.444038
34.501564
35.663290
36.988077
40.941248
46.275799
49.034221
53.340390
52.288613
51.861219
52.157469
53.066702
53.358171
57.139635
55.100906
56.373288
55.383054
54.718635
54.586208
58.907585
59.817235
60.554504
56.885421
57.242483
60.902477
61.283602
64.149199
66.354754
65.754014
64.409986
62.551635
62.474409
61.151242
60.564615
60.106250
58.073175
55.631898
57.142643
56.969306
54.499156
51.907468
51.627638
49.270902
50.956778
52.973841
54.893480
53.435529
53.419847
51.969018
51.267892
51.904332
55.855173
55.163513
56.802951
53.597685
56.049655
56.811857
56.150636
52.669534
49.540401
47.368275
48.064801
46.834407
45.199486
43.080859
43.143069
41.937443
39.409624
37.464944
35.748267
34.968534
34.134583
33.859241
34.028042
36.150370
37.076862
36.521451
37.102984
35.306222
35.941570
35.770283
36.537052
37.310341
36.856645
34.163510
34.408694
35.141026
34.785166
37.761579
37.633852
38.950044
40.944173
44.161359
43.674486
42.472784
39.992635
39.654470
38.258276
39.079184
37.249307
40.130374
40.286692
39.504922
38.827325
40.495045
38.143005
38.623502
36.917819
35.673330
35.732125
37.176742
34.462298
33.038663
33.039287
32.230535
31.360624
30.496537
29.911086
29.736486
28.555017
26.748956
26.944706
27.307746
25.997726
26.366501
25.857697
26.491566
26.367262
25.137754
23.521191
22.468785
21.282579
20.773923
20.848497
20.243685
19.195746
18.823980
17.290002
17.608948
17.750794
18.511850
18.133025
17.406314
17.443514
18.514694
18.077521
17.483853
18.614880
18.733198
19.395932
19.098376
18.368454
17.451937
19.633755
20.788836
21.840468
24.119032
25.980166
25.702466
25.553310
26.045425
26.842924
25.026675
25.250533
26.062820
27.208265
29.353535
29.400173
28.968357
30.529259
31.231126
30.033169
32.154224
33.957608
32.460765
31.098306
29.162138
30.275395
28.727673
27.186513
28.076667
26.614762
25.629775
25.504613
26.279123
26.709968
25.998272
25.599727
25.714975
23.624490
23.738718
22.548734
20.705750
20.231865
20.316601
19.377592
19.444833
20.490707
20.718457
21.437383
22.617425
21.373494
21.468413
20.225640
20.497732
20.275316
19.359239
18.362791
19.195984
19.940287
20.103701
20.033615
18.367349
19.457765
22.656155
24.485369
25.150730
25.547078
26.415687
26.479893
26.221203
25.462075
25.294468
26.797265
27.429187
28.042141
27.198932
26.899006
26.412377
24.895761
24.118036
23.140060
23.232239
23.088102
21.189199
20.030712
19.997920
20.464538
19.947316
18.924179
19.118358
20.247351
20.704442
22.919856
26.816691
26.801828
30.532050
32.503840
35.435698
39.685468
38.446138
36.857777
38.148619
39.365139
38.318502
39.281412
36.637343
35.350243
35.889096
38.213821
38.317793
38.332926
39.279241
37.064381
34.800487
36.384752
33.824283
34.454337
35.665063
34.225975
39.104590
41.069554
42.216717
40.011038
37.724160
36.431937
35.072841
35.282571
36.048988
36.286172
37.293905
37.555648
36.896742
33.753368
35.265105
38.605847
37.909274
35.909390
37.427405
38.018327
37.862800
38.166749
37.928658
35.577611
32.731642
33.630287
33.673853
35.374854
35.599635
34.484106
32.674804
30.839907
30.522183
32.635892
33.242116
33.097315
31.740950
29.876607
28.789878
28.248012
29.415164
29.077122
29.279759
30.088699
29.771369
33.951784
36.586711
40.168752
39.948068
39.454295
39.654474
45.923393
49.201920
48.877617
51.689885
55.397226
52.150299
46.467852
44.149925
44.729478
46.994806
47.609593
47.973087
47.386534
45.932372
47.482848
49.313388
49.348212
48.879733
44.614540
44.198978
43.288687
45.838908
43.901627
43.540131
42.574593
44.798531
42.906040
42.382585
39.393591
42.095645
42.551314
42.263728
42.034363
47.007665
48.899898
48.606886
45.349731
45.681158
44.046497
41.920647
42.325938
43.232851
44.293721
45.953658
43.865293
45.823965
45.531701
47.820060
47.236002
45.118060
42.171755
46.214952
43.151557
43.057572
44.443426
45.359025
41.238666
39.877275
38.532434
38.378130
38.329088
39.195611
39.292158
39.832019
40.699647
44.717346
44.378924
42.893074
43.017452
40.815556
40.792937
42.726561
42.021010
40.466219
39.945572
38.543990
38.622277
34.856812
34.193971
32.176935
31.148492
31.390084
30.699465
29.451205
30.985172
30.562203
29.679702
27.683840
27.532256
26.809274
26.624353
25.351399
24.327092
23.906482
24.496099
23.345140
23.052779
23.553878
24.961859
26.243662
25.992723
29.074748
29.812766
32.688250
32.371440
33.014501
32.362943
31.947869
32.567106
31.496749
29.706251
28.637111
28.889526
28.799240
29.936502
30.141724
30.992324
31.623272
30.905263
30.022369
30.455698
29.845412
31.165332
33.130174
35.029376
36.009340
34.781276
32.280683
33.629141
35.449986
34.724825
36.856450
39.870437
41.771836
39.675881
42.468167
41.792373
40.583642
40.950066
43.524363
44.604138
46.155200
49.640505
48.066385
46.550621
49.835642
54.219199
53.506670
50.770213
49.573982
49.990497
49.311636
48.092236
48.094290
48.252592
45.800424
43.222677
44.407532
42.310564
40.241209
41.603133
40.568410
39.501204
37.141376
37.376194
34.284344
34.489635
33.816587
32.686164
32.056586
31.396134
33.491682
32.168403
33.351547
31.938474
29.656331
29.085237
29.950293
27.916872
26.816305
27.324856
28.327419
29.220194
29.808958
34.770302
38.019247
36.221989
41.802970
42.355485
38.221364
40.509290
41.773977
43.456648
42.909625
44.884868
41.781524
45.084829
43.586092
44.918909
43.267631
40.737310
41.479700
41.279608
40.627228
42.501271
48.264018
41.268882
44.667420
43.168665
42.693254
41.924002
42.050152
42.468902
37.161202
34.966428
34.319745
35.745076
36.842164
35.776758
35.463444
35.314614
39.392552
43.124310
41.642286
43.480168
45.328461
47.811763
48.975213
54.149049
57.241490
57.484012
56.497678
57.216899
54.793896
51.968706
55.539420
58.781915
57.657221
58.816420
60.058108
60.905239
59.665574
60.353555
57.098047
56.637152
51.589217
47.927516
49.174131
51.828313
51.844985
51.279395
46.270567
43.228151
43.713310
43.401196
41.492701
41.728201
38.039748
37.008824
39.480816
40.917420
44.903054
49.837457
49.645042
49.325000
49.477190
51.243041
56.690602
53.262901
50.467831
46.605211
47.248113
44.369697
43.267332
42.254786
41.671092
40.933263
41.219044
41.618860
40.149892
40.406540
40.447134
36.359279
34.011260
34.836270
35.651225
34.570755
35.260323
36.580375
35.558072
37.248714
40.439727
43.023903
44.028785
41.403889
39.821960
38.789152
38.057119
40.163287
41.547250
42.755685
40.120383
42.419498
44.389801
44.600484
47.758417
53.206502
51.962008
53.227978
50.954498
48.967505
47.469232
43.402861
42.744881
43.159235
41.859074
41.683578
44.144305
43.534704
41.229039
40.890152
40.626845
41.074017
41.991379
44.120342
40.788957
41.728364
43.032649
43.697782
44.291519
47.540923
46.882935
44.745604
42.176965
40.888709
39.676369
37.118965
34.207731
35.284843
35.803420
37.309980
38.274029
39.140682
40.822770
39.126692
34.836730
33.719171
32.265933
31.951957
29.735582
28.886063
28.215118
26.667208
26.431289
25.503061
26.500493
25.095283
26.359150
26.681942
26.411006
25.018525
25.315937
24.249087
23.458553
22.682928
22.115516
21.110084
21.328731
21.054301
21.089724
21.389882
20.653656
19.227671
18.980389
19.022047
19.233197
19.459196
18.071790
17.030096
17.229907
16.345068
16.449428
16.827480
17.470909
17.717426
17.588247
17.372640
16.311850
17.055276
15.841745
16.280643
16.074895
16.611543
16.493277
16.334274
16.056886
15.384349
15.465111
14.496577
14.210982
12.959886
13.293948
13.213270
12.041958
11.955406
11.674223
11.365427
11.295542
10.776123
10.928899
11.722761
12.105796
12.281299
11.552482
11.307626
11.516149
11.298216
10.705766
11.047274
11.364695
12.541225
14.330367
13.856027
13.767901
12.675027
12.074114
11.967477
11.038547
10.920725
10.557409
9.834349
10.424044
10.807952
11.120424
11.465215
11.411389
11.141469
11.207764
11.733864
11.997250
11.952944
12.055216
11.866332
11.441867
11.095925
11.057738
10.638582
11.213895
10.754584
10.394764
10.798622
10.617942
11.088414
10.867489
10.610144
10.400444
10.216839
10.203198
10.086461
10.479697
10.829506
12.406175
13.331206
14.701814
14.820575
16.022416
16.833330
16.589920
15.909176
15.860014
15.349676
15.865990
15.264405
15.312699
14.902859
15.059501
15.336155
15.828238
16.564565
18.455374
19.785295
21.026744
21.305590
21.933322
21.042674
22.106504
21.161405
20.012120
19.647235
18.495032
18.716376
18.697879
16.994009
15.709959
15.366282
15.066630
14.990094
14.355693
14.355098
14.261621
13.977158
13.264699
13.268827
13.467104
13.625343
13.793810
12.471046
11.990979
11.157265
10.999303
11.347171
11.075365
10.199830
10.102163
9.837041
9.553304
9.161080
9.271481
9.301888
9.366428
9.589045
9.184283
8.781236
9.074837
9.723056
9.633569
9.611776
9.465907
9.550411
9.412239
8.980798
9.071742
9.055790
9.504998
10.299933
9.462895
9.921553
10.061583
10.377586
10.376193
10.353021
10.681048
10.920527
11.805741
11.396678
11.124415
11.113618
10.374253
10.117327
10.334018
10.418049
10.541081
10.485758
10.646806
9.319979
9.043002
9.141591
9.400878
8.751686
8.997814
9.104663
8.864543
9.065541
9.209867
8.790368
9.053084
9.471689
9.063211
9.706772
9.784190
10.837508
11.000133
10.733115
10.907216
11.308582
11.108606
10.835311
11.030161
10.623851
9.726918
9.572371
9.722166
10.548555
9.960426
9.936478
10.043236
10.732494
10.994802
10.722270
10.866896
10.946090
10.184793
10.195151
10.167832
9.635530
9.565094
10.042222
9.793018
9.541245
9.220441
9.281561
8.692480
9.135331
8.528422
8.046521
8.629437
8.024094
7.739422
8.174346
8.247032
8.565838
9.285111
9.005132
8.830519
8.894098
9.720190
10.001692
9.477496
9.757702
10.274921
9.852487
9.903589
10.157305
10.058981
10.904369
11.441005
12.152466
12.196594
12.344704
12.635592
12.335882
12.137219
12.301320
12.796733
12.893762
12.785030
12.288195
12.784365
12.704421
13.368987
13.461548
12.514899
12.482815
13.166778
13.200973
13.881182
14.344140
14.767824
14.124812
13.338755
14.779846
15.921830
16.576185
16.324134
16.396720
18.366261
18.911512
18.702174
19.333834
22.591629
25.588949
26.357685
27.141999
21.930316
22.155057
20.425610
18.560773
18.398065
17.028607
17.316745
18.421111
18.026704
18.152623
19.447985
19.789141
21.753688
23.508871
24.703516
28.043804
28.369861
27.274825
25.953620
26.468351
27.361949
28.122680
30.323499
28.134619
29.496494
29.235873
28.105935
27.855441
26.296745
25.224832
24.376800
23.829816
24.375539
24.959104
25.443716
26.087898
26.097164
27.154774
29.591742
31.731497
29.132775
33.215031
32.060554
33.320520
37.238531
37.395198
35.594071
33.861013
30.733338
29.996693
30.658533
31.656658
30.950259
31.316872
32.466298
35.893413
37.380937
42.680322
43.741031
43.390887
45.480511
44.940241
46.819181
44.490348
43.432728
42.761295
39.576512
36.927534
34.261284
34.555613
33.727779
31.928472
31.447785
30.267210
29.198931
30.464521
31.235989
29.414728
30.065488
30.767250
32.988829
33.107227
33.444093
32.424301
32.498296
32.536707
31.346439
33.776131
32.896567
31.305564
30.101927
29.981756
29.758975
27.541939
26.494821
25.024307
26.036147
26.586158
25.919365
25.033889
25.198348
24.477395
25.321159
27.311981
26.792375
25.159206
24.146012
23.370629
22.598494
23.823456
24.834936
25.326431
23.980942
25.087177
26.719360
29.142871
30.059296
30.200426
32.078564
31.019323
30.729271
29.776415
29.813062
29.659288
30.059843
31.022090
32.230459
31.651127
31.290864
30.550842
30.432400
27.364186
28.333978
25.967623
24.337975
24.834359
26.216707
27.319285
27.664679
27.525213
27.522827
26.650949
26.248609
26.717626
26.004288
24.812274
24.776336
24.063247
23.551158
23.414894
23.507149
23.382880
23.662447
22.699603
21.753478
21.667021
23.112661
22.727034
22.642281
21.562278
20.425693
19.595127
18.507841
17.173038
17.910896
17.131836
17.556698
17.219172
16.500422
17.015960
16.003280
15.012401
14.681177
14.433957
14.463675
14.422144
14.151681
14.535348
14.306831
13.492403
13.321852
13.186041
12.759398
11.965243
12.311712
13.017311
12.410352
13.250321
13.577547
12.632432
13.366444
13.891580
13.376905
12.907273
12.900431
12.371852
13.107552
13.718682
13.464495
13.522543
14.369486
14.276653
14.132859
14.574498
14.147630
14.563657
15.656083
15.050152
14.582592
14.207695
14.307110
14.096004
13.561277
12.509197
11.957866
12.147952
12.858499
13.276128
13.225590
15.021578
15.427986
15.534159
15.554671
15.997021
16.532104
14.829047
14.986513
14.301923
14.525038
14.803880
15.231850
15.071445
14.301646
13.277464
12.412518
12.463610
11.313311
11.357516
11.332674
12.248953
11.714645
11.438697
10.509605
10.763180
10.214510
10.715857
10.925772
10.537606
10.928912
10.692963
10.584435
10.954077
11.249044
10.720188
11.066959
11.167251
10.303509
9.705268
9.978853
10.440228
10.365072
10.038740
10.010114
10.275011
10.905120
11.446036
11.774646
11.338763
11.505869
11.581928
11.532993
11.011453
10.992776
10.923524
11.139798
11.631016
12.325703
12.147594
13.008601
12.965361
12.434858
12.387625
11.855258
11.995533
10.768910
11.154283
11.031215
11.715114
11.762680
11.424851
11.212351
11.212040
11.381141
11.551635
11.750912
11.936893
11.758161
11.736529
11.673805
10.407378
9.247212
8.951003
8.913702
8.644651
8.911560
9.049863
8.803505
8.557540
7.896430
7.969824
8.015055
7.890444
7.881661
7.592926
7.644049
8.181393
8.419786
7.814234
7.413891
7.444221
7.474855
7.575920
7.677348
8.399548
9.028445
9.552552
9.786570
9.409075
9.060011
8.859780
8.716657
9.291562
9.228316
8.814410
8.876175
8.657941
8.522393
8.263670
8.584812
8.918055
9.228786
10.103426
10.157935
10.321173
9.796535
9.559469
10.466973
9.935338
9.232768
9.203919
8.653278
8.525863
8.544020
8.234287
8.344110
8.687747
8.350828
8.374987
8.636759
8.747222
8.937681
8.821736
8.864216
8.884467
9.879221
10.453693
10.584216
10.403654
10.454746
10.601832
10.846845
10.859983
10.417570
10.837169
10.809039
11.842219
12.379270
12.851509
13.506813
13.298847
13.662979
14.196958
14.711605
14.498984
13.510384
13.769048
12.607233
12.357893
11.796767
12.093244
12.659559
12.770946
13.191860
14.374292
15.105378
15.226243
15.497990
16.421619
16.258529
16.260879
15.892512
15.445770
14.946978
14.926147
14.902804
14.738319
15.764706
15.879987
16.681282
16.878438
15.734402
15.150169
14.056770
13.527610
14.189947
14.202263
13.334480
12.595000
12.127250
13.138961
13.191769
12.213585
11.771301
13.297480
14.077882
15.020336
13.831232
13.772805
15.172870
15.374578
15.273665
15.322356
15.536766
16.053798
16.103673
16.159626
16.491698
16.882310
16.179151
17.077741
17.314316
17.658014
17.771662
18.217170
15.975210
15.288595
14.150556
14.474544
14.838920
14.345934
13.532016
13.243310
13.719815
14.154158
14.554891
14.191520
13.988837
14.613240
14.938098
14.728007
16.398818
16.088386
15.047517
15.515277
14.487023
13.973028
12.677724
13.609461
13.986192
14.437772
14.819060
14.529886
14.267743
14.035814
15.060304
14.970231
15.414932
15.194292
14.010382
13.575283
15.141736
13.725717
13.299683
13.880550
13.709210
14.476186
14.130183
13.865067
13.964018
13.788540
12.596390
12.427362
12.009394
11.848290
11.474526
12.379637
11.928153
11.600974
12.413135
12.750598
12.882042
13.126251
13.379874
13.158236
12.866511
13.188810
12.446386
12.622133
12.484268
12.328717
13.166477
12.711598
12.778486
13.211010
13.593580
13.596622
13.160784
12.440077
11.937606
11.991148
11.646515
11.636369
12.093155
11.830851
11.892679
12.437543
13.020333
12.004381
12.546726
12.790327
13.430829
12.909302
12.404489
12.095675
11.839380
11.756252
12.426262
12.340035
12.261750
11.550899
11.476089
10.397840
9.586573
9.041808
9.098555
8.810170
8.957749
8.553033
7.969834
7.908205
8.117491
8.126135
7.749640
7.830025
7.781581
7.578992
7.978840
7.648777
7.356389
7.607084
7.383808
7.087673
6.903429
6.679539
6.286978
6.391900
6.358724
6.299499
6.165414
5.829844
5.970351
6.027909
6.228028
6.022190
6.588886
7.033908
7.350452
7.506989
7.262500
7.579167
6.917942
6.721389
6.352159
6.727600
6.328573
6.194835
6.426833
6.066117
6.169895
5.829960
5.784191
5.733138
5.676636
6.015493
5.974815
6.885243
7.123127
6.974759
6.878323
7.211433
7.266861
7.460467
7.244492
7.150393
7.158852
7.270794
7.638687
7.659151
8.579829
8.156184
7.923559
6.929708
6.821225
6.905881
6.634870
6.280635
6.090232
6.477510
7.035815
7.230719
7.097401
6.903835
6.704726
6.779886
7.130580
6.490612
6.905004
7.407332
7.952002
8.221171
9.171379
8.648651
8.716656
9.181212
8.918861
9.878951
10.333593
11.081773
10.963245
11.457851
11.243873
11.262457
10.698072
11.391149
11.163405
11.019519
11.586977
11.660149
12.861259
13.355363
13.984595
13.842477
13.293318
12.250620
12.037111
12.862085
13.347352
13.842551
13.356287
12.843173
12.170895
11.834712
11.351374
10.877393
10.920449
10.979144
11.216351
10.620111
10.672843
9.949518
9.520054
9.033035
9.081512
9.368368
9.582619
9.789232
9.022537
8.411220
8.103006
7.918050
7.827347
7.765442
7.991617
7.909751
7.669302
7.802032
7.598170
7.194942
7.136287
7.038839
7.514399
7.469992
7.710184
7.760702
7.472975
7.326444
7.441014
7.392279
7.827240
7.780213
7.889240
7.646331
7.368009
7.076697
7.177883
7.867933
8.175919
7.984305
7.386825
7.072478
7.255066
7.009899
6.953269
6.540858
6.270403
6.105238
6.437757
6.384280
6.317885
6.424866
6.509865
6.417392
6.327515
6.457947
6.881117
7.272222
7.602050
7.472421
7.122685
7.283743
7.227468
6.835829
6.810890
6.697554
6.670481
6.886436
6.552017
6.330001
6.471018
6.536080
6.733243
6.470772
7.557793
7.670434
7.898278
8.415284
8.795389
8.573004
8.745865
8.216221
8.193945
8.323747
8.255685
8.590749
8.624684
8.652212
8.985619
8.961133
9.442875
9.386632
8.976033
9.100241
9.236651
9.014582
8.639369
9.046077
9.203748
8.974928
8.669191
8.763706
8.976301
8.335700
8.215747
8.335027
8.084987
7.654795
7.524720
7.406446
7.108102
7.120388
6.769704
6.889464
6.926292
6.992094
6.804765
6.746832
7.009165
7.050167
7.108147
7.352953
6.987667
6.923277
6.824417
6.730379
6.554943
6.657691
6.969840
7.160607
7.474524
7.857464
8.004075
8.022156
7.639115
7.950543
7.636773
7.258530
7.229992
6.774345
6.952254
7.299890
7.213355
7.736817
8.214916
8.613778
8.789743
8.979882
9.175897
9.689813
10.086653
11.447591
11.863145
11.696373
12.631086
13.553075
15.772711
15.607321
16.059933
16.002119
16.154199
16.725200
17.406998
15.998848
16.077236
15.806470
16.072166
16.668427
17.855882
20.429905
20.571076
19.933223
21.029655
22.640342
23.166389
22.173775
20.161087
18.030946
17.219308
17.890014
17.770001
16.521812
16.107086
15.927624
16.241434
15.853061
16.175113
15.688985
14.657968
14.075529
13.948505
15.099288
15.620243
15.818425
16.426595
15.514509
16.371048
14.675727
15.171167
16.391020
16.959854
16.912031
15.559937
15.198303
15.012563
14.491228
14.302219
15.123488
14.035022
12.263945
11.731686
12.001294
11.895238
12.044362
11.647147
11.585668
10.624276
10.186817
9.837537
9.008035
9.634814
9.508800
9.693850
9.675720
8.772753
8.379994
7.962575
7.571441
8.031810
8.599771
9.230985
9.730074
10.697056
11.756768
11.171527
12.000728
11.507701
10.631911
9.788959
9.441422
8.992123
8.502796
8.299021
7.977738
7.747107
7.574131
7.772115
7.530903
7.200410
7.148450
7.044968
7.297900
7.513075
7.733498
8.143772
7.725550
7.401567
7.225746
6.798557
6.646055
6.283319
6.592798
6.555777
6.271592
6.201606
6.179070
6.083942
5.997903
5.874971
5.483542
5.698747
5.989665
6.093240
6.259863
6.307626
6.417663
6.492624
6.374630
6.273832
6.542956
6.886081
6.951133
7.252170
7.117401
6.903765
7.063076
7.196537
7.080579
6.857557
6.776539
6.815616
6.939512
7.039592
6.954528
7.358833
7.757164
7.510543
7.541319
6.964231
6.329488
6.184600
6.037023
5.910908
5.721867
5.698880
5.784216
6.053357
6.534983
6.716540
6.815260
6.677271
6.860966
7.231986
7.063150
6.690608
6.694428
6.902915
6.899292
6.552196
6.528942
6.496840
6.037832
5.986637
5.927204
6.035288
5.990442
5.922648
5.676969
5.591679
5.344956
5.537087
5.775879
6.159217
6.535707
6.818825
7.976373
8.699869
9.165647
9.026633
9.456368
9.329629
8.879541
8.959931
8.507940
8.250644
8.185796
7.867404
8.084488
7.915052
8.105007
7.942992
7.740087
7.368900
7.261661
7.000871
7.015117
7.043696
7.249325
7.466033
7.817320
7.465682
7.115214
6.617192
6.561139
6.667784
6.629746
6.812019
6.663837
6.662527
6.830798
7.577547
8.471933
8.232743
8.233183
8.093173
7.452001
7.612218
7.024381
6.672065
6.738493
6.470882
6.470031
6.276862
5.737974
5.755707
5.939315
5.660797
5.306777
5.485256
5.474860
5.266310
5.224618
5.341951
5.400504
5.210325
5.033589
5.274531
5.409259
5.368985
5.229394
5.070355
5.116125
5.024501
4.994605
4.718199
4.533367
4.411592
4.073251
3.970358
4.154699
4.060366
3.981071
4.140964
4.283786
4.183670
3.986192
4.324637
4.155240
3.984875
4.406412
4.282940
4.425578
4.567003
4.362910
4.337116
4.340683
4.281897
4.343621
4.122328
4.155405
4.207027
4.119294
3.778491
3.780167
3.700358
3.429735
3.528624
3.366412
3.455433
3.436772
3.338204
3.250161
3.187287
3.199765
3.063822
3.158010
3.328299
3.143242
3.200689
3.377447
3.357862
3.619414
3.669485
3.361435
3.273158
3.284726
3.189832
3.165612
2.992896
3.003194
2.963377
3.315570
3.227677
3.318118
3.447185
3.409244
3.521830
3.490518
3.567113
3.727674
3.780438
3.890526
3.852621
3.817997
3.911293
3.760369
3.411563
3.242102
3.176332
3.081436
3.112898
3.152042
3.364163
3.320344
3.645838
3.832372
4.059127
4.152317
4.427926
4.616867
4.753144
5.031879
4.977928
5.210540
5.249975
4.972087
4.919531
5.167736
5.249015
5.157284
4.916842
4.860062
4.890064
4.991374
4.770501
4.539444
4.712929
4.918331
5.142826
5.212413
4.957974
5.052904
5.300804
5.247345
5.479274
5.979935
5.822452
5.807456
5.831751
5.657210
5.671987
5.962718
5.713604
5.822139
5.675682
5.372057
5.256734
5.444144
5.637249
5.294752
5.259322
5.880816
6.307344
6.184480
6.023028
5.672220
5.747526
5.321339
5.610363
5.560720
5.522999
5.450903
5.577926
6.043630
6.082204
6.013645
5.965336
5.802108
5.994708
6.526764
6.554745
7.471586
8.380707
9.392974
10.545230
11.015595
10.717860
10.011284
9.651432
9.816755
9.539346
9.796826
9.385183
9.226016
8.992835
9.342745
9.049242
8.521433
8.630543
8.659981
8.624805
8.564194
8.818627
9.305276
9.684743
10.064458
9.947163
10.420418
10.513990
10.269635
10.751746
10.035229
9.685533
9.937706
9.408482
9.596293
9.899642
10.305386
11.344377
11.364330
10.902798
10.760557
10.587027
10.988063
11.462311
12.276878
13.088302
12.562338
12.406943
11.767758
11.876645
11.314298
11.426885
10.296073
9.635105
9.852429
9.601303
9.005647
9.105591
9.028253
8.446368
9.275703
9.817371
10.333119
11.315309
11.473143
10.649456
10.643134
10.941839
11.464028
10.666303
10.732119
10.210490
10.213837
9.422244
9.324193
9.296687
9.329625
8.877679
8.894078
8.480290
8.563311
8.767192
9.325163
9.172626
9.458156
9.449860
9.534909
9.862849
9.618510
10.255936
9.705270
9.513742
9.365789
9.216779
8.955848
8.363288
7.908450
8.430188
8.662806
8.839832
8.543111
8.434900
8.372047
8.124765
7.663400
7.449116
7.149036
6.976751
7.169720
7.291830
7.446993
7.704766
6.722451
6.585561
6.195900
6.069690
6.018193
5.757639
5.807578
5.911735
5.342666
5.373064
5.620323
5.897778
6.274433
6.452003
6.381263
5.774494
5.818981
5.453025
5.437468
5.287031
5.250374
5.091920
4.751461
4.762990
4.960361
4.650568
4.681899
4.400578
4.425869
4.618293
4.841377
4.910672
4.798088
5.210533
4.993414
5.301812
5.216910
5.493492
5.319197
5.280777
5.267534
5.219390
5.127497
5.318910
5.398865
4.974603
4.775028
4.452151
4.485541
4.470446
4.566525
4.890868
4.942246
4.812061
4.707102
4.522815
4.677840
4.647759
4.955382
5.058748
5.159862
5.043964
4.951136
4.814480
4.748596
4.612541
4.521823
4.496048
4.328915
4.255933
4.186560
4.197052
4.237175
4.490057
4.232836
4.393301
4.352621
4.536530
4.666780
4.765852
5.025884
5.215901
5.256724
5.172077
4.956238
4.707410
4.716576
4.699510
4.583115
4.670166
4.716582
5.063422
5.130012
5.354395
5.684503
5.970248
5.771185
5.897405
5.690179
6.125522
6.460024
6.503974
6.814349
7.193830
7.507780
7.260748
7.243016
7.757235
8.216496
8.226370
8.396918
8.131899
7.587520
7.605775
7.657713
7.902183
8.079153
8.004193
8.164776
8.137583
8.700643
8.482336
8.368237
8.866754
8.703376
8.487979
8.394633
7.964187
8.176064
8.412361
8.213173
8.974669
8.460449
7.696431
7.546300
7.783503
7.479633
7.477946
7.598943
7.501810
7.313816
7.241181
7.123623
6.975085
7.097630
7.462377
7.525998
7.311292
7.366930
7.064921
7.156426
7.260995
7.504490
7.751450
8.061816
8.034947
8.258996
8.289761
8.224699
8.055066
8.500099
8.003092
8.626951
8.623994
8.732693
8.713211
8.950793
8.683136
8.592996
8.204584
8.465417
8.274659
8.884553
8.744080
8.573706
8.303037
7.962372
7.687277
7.431930
7.195171
7.009492
6.960776
6.655351
6.360853
6.348966
6.361751
6.532597
6.220577
6.299787
6.252025
6.111883
6.150391
6.194743
6.079691
6.047298
5.909951
5.689675
5.069410
5.108717
5.022008
4.945026
4.833990
4.856017
4.810579
4.811938
4.714500
4.634110
4.660250
4.549394
4.309820
4.193201
3.958088
3.848416
3.838882
3.917115
4.004370
4.115554
4.070194
3.897595
3.764699
3.480697
3.612585
3.674726
3.959212
4.112697
4.071006
4.053192
3.972970
3.757232
3.787320
4.330562
4.521427
4.671368
4.570494
4.213822
4.352346
4.591994
4.674046
4.836317
5.195107
5.496002
5.655682
5.430888
5.354023
5.134311
5.000045
4.678314
4.585849
4.578595
4.348163
4.542000
4.428561
4.714442
4.885843
4.850492
4.783342
4.618353
4.481586
4.550968
4.785822
4.882030
5.098684
4.942401
4.944721
5.047576
5.024274
5.027552
4.884697
4.651686
4.493629
4.570595
4.328827
4.671318
4.467273
4.460022
4.785357
5.186795
4.993347
5.349822
5.507709
5.660820
5.684657
5.486593
5.395726
4.949914
4.810464
5.131213
4.947190
5.040311
4.925762
4.868953
4.828931
4.805561
4.523366
4.368637
4.530913
4.224929
4.119665
4.050114
4.094636
4.045275
4.090431
4.085841
3.854997
3.933011
3.618031
3.682174
3.726627
3.586222
3.637833
3.579282
3.430870
3.442720
3.547722
3.775192
3.995329
4.028936
4.327913
4.231921
4.140875
4.335557
4.192784
4.200188
4.505654
4.373228
4.543536
4.553134
4.530645
4.674280
4.685891
4.951457
5.272541
5.194086
4.932373
4.967634
4.862719
5.341551
4.963491
5.081043
5.339384
4.774357
4.749380
4.694471
4.838117
5.174434
5.377648
5.515588
5.272914
5.485751
5.598823
5.216603
5.426945
5.582768
5.716429
5.481607
5.437574
5.347817
5.523102
5.340005
5.028715
5.258403
5.636702
5.713942
6.122419
6.208592
6.113819
6.301165
6.018273
5.799076
5.662966
5.903062
5.891115
6.025501
5.754418
5.756337
5.437986
5.451884
5.432811
5.264844
5.183705
5.094599
5.335836
5.369274
5.586529
5.506429
5.372193
5.401519
5.406406
5.255801
5.300845
5.055750
4.789899
4.615551
4.723343
4.971731
4.812291
4.695158
4.687948
4.577566
4.516327
4.638522
4.848952
4.806850
5.089639
5.008254
4.764731
4.401343
4.474724
4.419969
4.194578
4.178938
4.058688
4.001954
4.133299
3.997809
4.152539
4.136172
4.461308
4.681793
4.550863
4.663651
4.831997
4.724288
4.707471
4.735158
4.800935
4.755187
4.931357
4.835527
4.856962
4.935734
5.065674
5.252537
5.416870
5.530242
5.686328
5.258792
5.438729
5.127295
5.277674
4.994417
4.952927
4.980380
4.865881
4.817217
4.872240
4.800488
4.631091
4.572961
4.820801
4.910152
4.953881
4.648438
4.693093
4.555640
4.614272
4.432273
4.682626
5.178075
5.220784
5.218907
5.279902
5.285369
5.504381
6.069801
5.993911
6.092064
6.274090
5.765571
5.861214
5.861372
6.032955
5.824790
6.255207
5.961935
5.899618
5.674325
5.614942
5.538038
5.411008
5.672725
5.892428
5.809900
5.706393
5.470867
5.402115
5.520517
5.621059
5.778570
5.343627
5.359620
5.243775
5.156848
5.416190
5.458237
5.361543
5.294010
5.464367
4.944860
4.915755
4.703088
4.692624
4.516284
4.657329
4.737152
4.706908
4.904731
4.884486
5.136315
4.933758
5.082874
5.366094
5.328814
5.189176
5.189555
5.532654
5.407434
5.524544
5.484174
5.187801
5.143343
5.402993
5.232954
5.398587
5.323736
5.549538
5.585856
5.602929
5.733923
5.580624
5.451130
5.185147
5.011662
4.647491
4.551085
4.511056
4.328407
4.498269
4.598826
4.571299
4.478922
4.566602
4.548712
4.657451
4.480533
4.669910
4.614077
4.736494
5.063062
5.113154
5.033538
5.101129
4.938280
5.047098
5.041261
5.162621
5.379834
5.590447
5.529943
5.364385
5.216043
5.810070
5.949714
5.953571
5.794188
5.578959
5.710459
5.618651
5.753040
6.182794
6.214470
6.508083
6.488077
6.550688
6.480647
6.729400
6.761052
7.121587
7.097803
7.563313
7.642431
8.016543
8.528798
8.944650
9.715055
9.780999
10.033887
10.633434
10.816454
11.382502
11.536070
12.070406
12.226667
12.280956
12.725537
12.451390
13.369637
14.747465
16.637814
15.631324
15.981133
15.297898
15.347317
16.209640
14.998077
15.593734
15.301936
14.997504
15.774940
15.686007
14.928758
14.649550
15.252551
15.159713
14.151375
13.594529
13.397245
13.167350
13.865975
15.631055
16.221029
16.288344
17.594024
18.309463
18.118058
17.215510
15.825239
14.837048
14.375100
14.018937
13.803224
13.482084
13.792450
13.270529
13.128724
11.670141
11.955902
11.811708
11.910102
12.248797
14.211771
14.283622
13.985679
14.609411
16.298171
16.783519
17.761793
17.130961
17.069856
16.977203
16.820583
16.567946
17.708890
17.115100
17.957775
19.242383
20.955137
22.277005
22.814276
24.129231
23.590020
22.313270
22.033718
21.269457
20.391778
20.981235
20.660176
20.266735
21.335404
21.262520
19.245551
20.886635
20.799536
19.957326
18.502190
18.531200
17.796003
18.122006
17.656181
17.114749
16.817436
14.950088
15.486446
14.392263
14.792229
14.770876
14.333233
15.252659
15.054501
14.875518
14.122628
14.035706
14.752871
14.001264
13.213911
13.490081
13.356645
12.683552
11.923993
12.496123
12.694901
12.958787
13.118733
13.002598
13.170834
13.492577
12.981279
13.089336
12.385620
12.013421
12.144411
11.499473
10.663587
10.021279
9.337194
9.177642
9.576753
9.921551
10.484158
10.377461
10.379285
10.427878
10.725021
10.518974
10.201233
10.179005
10.243858
9.412930
9.606673
9.272678
9.489867
9.626133
9.749835
9.302696
9.415662
9.276461
9.158543
8.779106
9.230726
9.942435
9.369815
9.233377
9.608816
10.080245
9.810048
9.449351
9.141483
9.257278
9.100638
8.765988
8.902574
8.518516
9.015158
9.360251
9.510334
9.481644
9.447029
9.704107
9.690074
9.630888
10.359061
10.765032
11.196029
10.152271
10.446757
10.899872
12.122932
13.721950
14.562982
14.953956
15.414961
16.474936
16.243862
15.651461
15.141742
15.416977
16.508401
16.573646
15.868294
14.675536
14.279967
13.168385
12.826523
12.154592
12.124490
11.752142
11.481140
10.855675
11.383529
11.447283
11.274450
11.115192
10.732329
10.343442
10.648717
10.629760
9.948285
9.646297
9.804759
9.545860
9.628170
9.334047
9.749091
9.893475
9.536904
8.983038
8.505530
8.585807
8.314143
8.088886
7.912641
7.816186
7.605831
7.399656
7.513030
7.358176
7.305999
7.021138
7.525092
7.148835
7.065461
6.913449
6.930171
6.850712
6.664731
6.602253
7.076714
6.943267
6.420140
6.451012
6.195651
5.984240
5.729994
5.937249
5.942221
5.779709
5.668641
5.566251
5.455042
5.426016
5.491703
5.994954
6.256247
6.204505
6.632089
6.444181
6.253945
6.146508
6.572644
6.481922
6.310468
6.102540
5.982287
5.862480
5.954070
6.302096
6.213323
5.962120
5.854769
6.051797
6.319431
6.365649
6.189070
6.506033
6.823444
6.584632
6.524243
6.240304
6.503763
6.735593
6.706029
7.101820
7.560867
7.126968
6.996968
7.465643
7.815407
7.175625
7.600058
7.773044
8.042016
8.091588
8.897544
9.315204
9.669915
9.551256
9.672261
9.231789
9.628818
9.262035
8.836005
8.589602
7.918746
8.177379
8.209609
8.146187
7.701139
8.102988
7.962696
8.175761
8.447924
8.859587
8.426169
8.407795
8.241795
7.307681
6.644589
6.324873
6.536274
6.630360
6.949580
7.236230
6.995648
7.047008
7.068166
6.925956
6.381530
6.295681
6.475107
6.487411
6.503173
6.791748
7.436257
7.581306
7.424412
7.431854
7.232432
6.739213
6.856594
7.036386
6.883380
6.937772
6.687516
6.518909
6.605120
6.313101
6.624123
6.688904
6.492535
6.490937
6.601481
6.248100
6.050533
5.750939
5.988488
5.995241
6.239139
6.308285
6.322331
6.575453
6.511982
6.505523
6.559248
6.261403
6.229305
6.593758
6.813203
6.718261
6.615811
6.501961
6.269632
6.415227
6.751363
6.906170
6.749340
6.514036
6.348212
6.224958
6.279798
6.285743
6.224469
6.068512
6.030007
5.840557
6.091760
5.981074
5.802422
5.716149
5.608178
5.709985
5.538540
5.937137
6.071227
5.860075
5.884921
5.815059
5.849004
5.706676
5.496974
5.609730
5.307387
5.045210
4.970617
4.600666
4.369099
4.360247
4.196978
4.281751
4.266064
4.307243
4.458436
4.551324
4.620609
4.488721
4.344866
4.603202
4.695971
4.650166
4.601951
4.801374
4.860228
4.804087
4.722885
4.526470
4.572632
4.496924
4.587411
4.507467
4.556532
4.603957
4.394720
4.451939
4.414776
4.323210
4.602189
4.399848
3.969854
4.070034
3.977557
3.799045
3.665089
3.686765
3.692871
3.701201
3.617227
3.623232
3.622658
3.451719
3.274603
3.206134
3.303143
3.469692
3.825847
3.815174
3.844552
3.978543
3.861660
4.010222
4.037924
4.148518
4.321133
4.264465
4.127184
3.901550
3.642741
3.695900
3.666400
3.516153
3.354484
3.420173
3.576575
3.645380
3.679582
3.858696
3.913802
3.683968
3.657088
3.685951
3.475289
3.441297
3.610618
3.470844
3.499262
3.329870
3.134836
3.273319
3.277290
3.176285
3.028436
3.004612
2.849769
2.910164
3.061961
3.325363
3.408286
3.502071
3.555587
3.569459
3.617214
3.392409
3.623407
3.771657
3.868665
3.930076
3.961779
4.354679
4.614080
4.579343
4.473982
4.391673
4.278042
4.277936
4.347480
4.965429
4.928845
4.920376
4.571570
4.658927
4.541852
4.682159
4.617871
4.655984
4.578093
4.156744
3.948867
3.751211
3.385757
3.225809
3.151705
3.020729
3.013321
2.997000
2.966434
2.902616
2.978479
3.124025
3.194230
3.256090
3.264457
3.031098
2.955517
2.999639
2.845901
2.830234
2.832490
2.794076
2.751765
2.734038
2.831545
2.893606
2.775937
2.696478
2.715742
2.948203
2.954627
3.032934
2.794981
2.792260
2.838978
2.807619
2.778424
2.708665
2.662282
2.844429
2.714153
3.015869
2.945176
2.942503
2.915408
2.908362
2.982416
2.903957
2.819813
2.718422
2.681996
2.689411
2.777432
2.642068
2.580214
2.448965
2.520589
2.597742
2.639143
2.832286
2.920073
3.093936
3.023610
3.068311
3.211127
3.176423
3.217157
3.372347
3.310015
3.239297
3.267360
3.161546
3.281264
3.258227
3.248485
2.828991
2.741896
2.702079
2.800680
2.977682
3.046737
2.916006
2.788587
2.758138
2.659198
2.580005
2.552056
2.643723
2.766986
2.943584
3.025201
2.939334
2.864926
2.922882
2.985905
2.951275
3.016951
3.225898
3.358031
3.618756
3.835869
3.524787
3.687106
4.029044
3.993854
3.998247
4.002039
4.038935
4.353294
4.376274
4.540305
4.550205
4.506126
4.460575
4.495792
4.137538
4.117521
4.099380
4.206830
4.197670
4.187781
4.123381
4.073553
3.823226
3.749884
3.724191
3.769095
3.559089
3.469187
3.499129
3.492030
3.471721
3.398547
3.493578
3.765062
3.648655
3.695448
3.783673
3.864160
3.992493
4.279714
4.189712
4.099934
4.065525
4.274200
4.149089
4.228574
4.327129
3.972954
3.872940
4.103523
4.428914
4.325600
4.326409
4.312422
4.781085
4.710472
5.208273
5.760148
5.827943
6.041742
6.116359
6.155569
5.964202
5.901510
6.117292
6.323576
6.001158
6.141166
6.483479
7.006891
7.353038
7.601292
8.278594
8.966801
9.624003
10.018234
9.730507
9.935223
10.107774
10.172656
11.905890
12.632960
13.058652
13.563557
13.465856
13.609239
14.097905
13.594619
13.065307
12.621303
12.209711
11.420239
11.314670
10.993483
10.543682
10.255731
9.892399
10.137683
10.343132
10.015023
9.862743
10.092527
10.308385
10.532182
10.826003
11.847679
11.658639
11.976506
12.250745
12.658059
13.003139
13.378826
13.260202
12.708356
12.872918
12.457327
12.538647
12.110926
11.495007
11.313568
11.395723
11.385749
11.039944
10.404019
9.909573
10.268698
9.493345
8.839203
9.078020
8.965791
8.693718
8.485462
9.041944
9.395427
9.112316
9.026212
9.545378
8.974652
9.119216
9.239932
9.529427
8.934132
10.053466
10.306879
10.734192
9.587052
9.320246
9.405489
9.540173
9.484035
9.584577
8.735662
9.471120
9.488250
8.996390
8.491660
8.478472
8.216678
8.446724
8.871679
9.269392
9.074412
8.948364
8.909320
9.004890
8.859408
8.462280
8.303972
8.416382
8.474448
9.129502
9.417160
9.116670
9.182397
9.685357
9.546741
9.539098
9.480368
9.607031
9.158512
8.672854
8.063977
7.615560
6.966675
6.793628
6.387429
6.185254
6.027479
5.543263
5.293390
5.132987
4.779620
5.097561
5.077137
5.171731
5.259563
5.184614
5.303181
5.240241
5.343632
5.426437
5.560324
5.685068
5.676912
5.741153
5.705275
5.660133
5.774755
5.642389
5.439608
5.464652
5.462372
5.289391
5.157311
4.967536
4.966520
4.593246
4.243955
4.195292
4.270566
4.100899
3.956557
3.860324
3.977744
3.835817
3.782059
3.802310
3.920490
4.098445
3.901157
4.000626
3.874911
3.596548
3.448518
3.332936
3.394713
3.431870
3.228539
3.369953
3.402823
3.538209
3.436928
3.166505
3.278477
3.290885
3.690756
3.703485
3.770344
3.688088
3.790702
3.636317
3.640213
3.608756
3.563820
3.549886
3.429787
3.201426
3.258968
3.252749
3.114167
3.087278
3.174668
3.064685
3.116405
2.975989
2.981733
2.985626
3.044201
3.017517
3.218842
3.283690
3.448255
3.462430
3.541551
3.645531
3.587515
3.544098
3.464165
3.816555
3.759137
3.683435
3.648508
3.630697
3.428206
3.293817
3.174443
3.111561
3.055381
3.201114
3.118109
3.167551
3.145513
3.232785
3.150690
3.140184
3.028003
3.016427
3.021095
3.047217
2.907737
2.787380
2.733522
2.694275
2.734184
2.810854
2.880258
2.913098
3.022357
3.228252
3.474603
3.302436
3.209921
3.088722
2.997475
3.014654
3.188626
3.153352
3.338629
3.534652
3.655013
3.803545
3.854543
3.835263
3.973121
3.988757
3.836898
3.651590
3.563496
3.564818
3.606079
3.840955
3.929550
3.998349
4.266736
4.292791
4.088427
4.136552
4.235236
4.147870
4.016860
4.022721
3.824791
3.808049
3.781573
3.683977
3.629807
3.643490
3.768894
3.609184
3.650976
3.523834
3.540917
3.495272
3.851449
3.761476
3.755537
3.908496
3.839717
3.808551
3.957936
4.020335
3.847084
3.748801
3.606911
3.587566
3.372562
3.703621
3.729043
3.773752
3.527866
3.393092
3.452059
3.511927
3.508731
3.579263
3.423315
3.440494
3.353845
3.306432
3.268653
3.327982
3.334725
3.191641
3.062403
2.964591
2.985121
2.972808
2.919680
2.874970
2.915347
3.013499
3.102087
3.090941
3.005445
2.845485
2.729234
2.708830
2.613759
2.577411
2.437613
2.371679
2.367918
2.323219
2.231138
2.244389
2.149471
2.034742
2.052068
2.056391
2.088281
2.045678
2.107490
2.082390
2.028220
2.001461
2.029444
2.156240
2.085293
2.049016
2.182630
2.171993
2.231196
2.177787
2.194696
2.026775
2.030788
2.111473
2.106959
2.114451
2.276546
2.140726
2.093740
2.318079
2.359401
2.355594
2.379550
2.428794
2.512322
2.315549
2.369054
2.352048
2.284650
2.278211
2.228039
2.300941
2.199012
2.348661
2.449240
2.418363
2.319390
2.301520
2.434832
2.510907
2.600329
2.533338
2.581262
2.609179
2.624551
2.722447
2.731490
2.644275
2.597300
2.450866
2.328413
2.421703
2.618088
2.786526
2.933457
2.881134
2.851405
2.794623
2.921429
2.965241
3.180434
3.267673
3.255444
3.177729
2.976994
2.822595
2.942636
2.956770
2.902849
2.950955
2.999078
3.007594
2.900126
2.885301
2.915219
2.761182
2.834736
2.811674
2.855156
2.680939
2.792905
2.757090
2.873178
2.908060
2.863885
2.727650
2.968866
3.232570
3.176471
3.394600
3.666869
3.670584
4.019560
4.296742
4.089220
4.087961
3.926538
3.905012
3.804643
3.823948
3.674225
3.616046
3.526230
3.394747
3.242977
3.124289
3.064421
3.189140
3.362955
3.396477
3.238342
3.087656
3.372387
3.385483
3.476638
3.376842
3.297312
3.333652
3.500775
3.646006
3.752290
3.844255
3.926598
3.954472
3.852520
3.890190
3.882541
3.533141
3.582125
3.653033
3.965805
4.085246
4.193570
4.183535
4.370067
4.494597
4.886686
5.558916
5.796941
6.253377
6.037341
5.991996
5.613654
5.673688
5.710696
5.518390
5.318127
4.946305
4.916440
4.675531
4.691475
4.504928
4.876361
5.145345
5.036000
5.210584
5.417780
5.464470
5.606077
5.974780
6.043259
6.196722
6.391673
6.524250
6.481171
6.402344
6.471258
7.348014
7.136393
6.916668
6.557086
6.428043
6.155558
6.264328
6.619872
7.095074
7.258942
7.207276
7.012447
7.174684
6.870159
6.766690
6.426472
6.304909
6.240173
5.992867
5.655362
5.361075
5.335370
5.477752
5.932146
6.414234
6.474423
6.148459
6.580541
6.858088
6.738609
7.054739
6.952201
6.896080
7.293566
7.332064
7.115125
6.956939
6.762731
7.003628
7.118681
7.333236
7.962356
7.412971
6.920421
6.734911
6.424899
6.436128
6.464793
6.753025
6.462438
6.569458
6.530052
6.324980
6.013154
5.503640
5.308311
5.287883
5.087077
5.150789
4.821320
4.939255
5.108640
5.170825
5.054277
5.140610
5.386863
5.014980
4.938370
5.481470
5.693770
6.248787
7.528915
7.886773
8.760320
9.233179
9.259777
9.297681
8.393115
7.555027
7.547143
7.572955
6.750286
6.022594
5.777528
5.966518
5.983873
6.187557
6.219143
6.178676
6.085708
6.168252
6.427487
6.193245
6.218994
6.160311
6.463749
6.677747
6.275847
6.335556
6.395342
5.857395
5.827505
6.030114
6.232415
6.138741
5.633843
5.540327
4.920578
5.485773
5.558434
6.033418
5.771114
6.037655
6.383562
6.086275
6.206687
5.979750
5.973813
6.111602
6.516481
7.106224
7.613791
7.381067
8.021382
8.957098
8.865453
8.617045
8.435041
8.986238
8.478524
8.170991
7.731568
7.602532
7.488980
7.409176
7.195803
6.896890
6.417122
6.661347
7.036917
7.047667
7.049771
6.602595
6.892366
7.187516
6.963410
7.023070
7.346341
7.618026
7.399674
7.283596
6.974215
6.545138
6.228529
6.180437
5.935503
5.907575
5.721748
5.728190
5.553606
5.682170
5.762989
5.699228
5.369557
5.367732
5.494799
5.578696
5.015942
4.892978
5.080327
5.077117
4.958203
4.808387
4.816502
4.769945
4.671341
4.622339
4.470604
4.785329
5.191913
5.128454
5.230840
5.199756
5.371828
5.133377
5.057406
4.962534
4.891969
4.802577
4.723110
4.347383
4.698176
4.453511
4.449813
4.511488
4.497467
4.605444
4.300833
4.174451
4.179722
4.269709
4.249946
4.138982
3.821529
3.690072
3.749329
3.678383
3.663941
3.634478
3.618243
3.657413
3.650840
3.514917
3.514380
3.681268
3.495650
3.671016
3.645297
3.690041
4.196661
4.289290
5.052464
5.282529
5.222630
4.948577
5.038698
5.286305
5.196756
4.660289
4.703866
4.791823
4.727201
4.883713
5.031173
5.382994
5.243275
5.101113
5.175217
5.427213
5.054614
4.733137
4.872466
4.591623
4.165373
4.132271
4.087213
3.975326
4.174498
4.033318
3.926752
4.066692
3.844196
4.114503
3.988035
3.916859
3.858531
3.889826
3.892269
4.057573
4.428494
4.639001
4.609104
4.693645
4.547998
4.309608
4.101438
4.039513
3.989409
4.108998
4.016359
3.966870
3.987257
4.275427
4.289240
4.281114
4.214702
4.452689
4.371056
4.494525
4.525640
4.236312
4.174667
4.460706
4.471703
4.556721
4.890177
4.998502
4.929908
4.760247
4.832579
4.881923
4.963759
5.017698
4.997770
5.559883
5.748619
6.105076
6.224793
6.546860
6.465636
6.416102
6.514881
6.496581
6.492349
6.505438
6.836214
6.602639
6.865651
7.201540
7.421930
7.371258
7.879639
8.568137
9.525091
9.863512
10.353420
11.076191
10.497773
11.513569
12.446507
12.786965
13.615039
14.573742
14.431108
13.648798
13.344440
13.292264
12.598641
13.659304
14.105530
14.638647
15.289050
14.500291
13.654979
12.331531
11.897999
11.576985
11.577898
11.421474
11.304222
11.030708
11.232624
10.374015
9.824251
9.832271
9.469357
9.362443
9.943592
10.176133
9.732018
9.189352
8.794055
8.780900
8.548671
8.531714
9.160519
9.091354
8.801522
8.425522
8.278303
9.146171
9.367360
9.253989
9.514791
10.199159
10.149597
10.547693
10.063219
9.949922
10.346233
10.827318
11.013397
11.429036
11.775066
11.404592
11.781162
12.226324
12.802030
13.711456
13.574362
12.968104
13.470825
14.897185
14.540814
14.553195
14.532401
15.092766
14.453560
13.882763
14.065290
13.784741
13.019304
12.814643
13.443185
12.833094
12.981980
12.307387
11.706536
11.417501
11.555041
10.758454
9.675616
9.335071
9.340185
9.405521
8.618950
8.155853
8.826213
8.507206
8.276423
8.619384
9.165948
9.393636
9.285679
9.490609
9.230853
8.831477
9.146374
9.136192
10.252743
10.388907
10.494237
11.040468
11.206008
10.497061
10.366526
9.885806
9.258003
9.021915
9.282439
9.378508
9.482470
9.014938
9.247154
9.319590
9.664303
9.502701
9.648404
9.661851
9.381502
9.207939
9.372335
9.093188
8.953597
8.515225
8.580864
8.438596
8.990382
10.157537
10.559542
10.398291
10.658748
10.109168
9.851691
11.093389
10.571518
11.001683
10.803064
10.810445
10.065061
9.825380
9.017598
9.731134
9.593023
9.475719
9.509600
10.253409
10.659969
11.036448
10.437613
10.620535
11.112674
9.037821
8.009902
8.454233
8.925665
8.837850
8.700134
8.823079
8.570251
7.802959
7.734720
7.310236
7.376790
7.660795
8.116475
7.533514
6.995746
6.907046
7.369420
7.724939
8.277097
8.011517
7.612488
7.512857
7.821682
7.275776
7.539154
6.795390
6.570294
6.857031
6.846670
6.504297
6.688406
6.235669
6.153233
6.087924
5.692073
6.028624
5.776615
5.949847
5.955508
5.781653
5.932427
5.859577
5.478219
5.128471
5.111600
5.051865
4.853077
4.709652
4.482078
4.399538
4.219883
3.975597
3.800592
3.594505
3.499645
3.762878
3.409191
3.499825
3.677220
3.718486
3.697361
3.602658
3.494019
3.449935
3.350240
3.409114
3.321461
3.441570
3.844390
4.034456
4.135261
4.262642
4.538970
4.499830
5.086525
5.237276
5.459429
5.503514
5.828522
6.068662
6.111143
6.156472
6.358893
6.566781
6.623335
7.108704
6.909368
6.432038
6.353189
6.239096
5.981036
6.062178
6.163787
6.003711
6.050935
5.850158
5.922821
5.876616
5.733617
6.139576
6.217018
6.257052
6.480735
6.342755
6.526200
6.651692
6.352620
6.051819
5.825798
6.020384
6.210767
6.153871
5.867869
5.899781
5.773355
5.470283
5.410134
5.625001
5.516408
5.590899
5.509141
5.041112
4.774064
5.213809
5.301308
5.120710
4.989397
5.350021
5.465787
5.646555
5.682148
5.614333
5.423495
5.534803
5.469706
5.259728
5.436777
5.566608
5.689860
6.139696
5.967254
6.002166
5.851173
5.962555
5.766082
5.425381
5.230152
5.294430
5.461742
5.118129
4.918811
4.729114
4.662411
4.735862
5.025579
5.115857
4.759668
4.676145
4.723613
4.527079
4.152269
4.046475
3.894038
3.984649
4.132347
4.036098
3.962042
3.934718
3.888504
3.829377
3.756263
3.755688
3.789653
3.838070
3.911937
4.007396
4.071354
4.156664
4.212335
4.228634
4.234551
4.752091
4.613719
4.746323
4.997409
4.900299
4.703908
5.152216
4.844209
5.116849
5.464168
6.160657
6.330400
6.505510
6.870447
7.439458
7.733128
7.110479
7.352350
7.093851
7.689108
8.695301
10.063415
10.895002
12.499102
14.969006
17.260650
18.751104
19.076041
17.260483
15.096542
13.804602
13.979466
13.393331
12.451395
13.104451
12.580359
12.398200
13.126798
12.700819
12.820846
11.966813
11.755003
11.580062
11.908894
11.601892
11.261775
11.619056
11.622638
11.693395
12.837563
13.319016
12.898342
13.120536
11.779278
12.083415
11.967187
11.750127
11.190751
10.996327
11.274804
11.121064
10.701031
9.877803
9.378852
9.526099
9.784693
9.872926
10.445858
10.142170
9.461202
9.444530
9.566218
9.399302
8.901560
8.857720
8.481417
8.257949
7.800859
8.043468
7.960202
7.505098
7.322971
6.909158
6.727664
6.439721
6.389395
5.903868
5.712871
5.486280
5.280371
5.167334
4.721520
4.493159
4.182428
4.063961
3.973662
3.825144
3.766006
3.761383
3.706321
3.538808
3.580231
3.556066
3.883171
3.923963
4.032658
3.841460
3.815884
3.811359
4.063522
3.972328
3.933951
3.957840
3.821751
3.900249
3.899229
3.577952
3.707777
3.777495
3.825114
3.963590
4.087509
4.042871
3.893553
4.016732
4.071637
4.149998
4.379478
4.343948
4.240812
4.202006
4.298612
4.262418
4.130800
4.161874
4.116327
4.377091
4.674533
4.718312
4.862284
4.735589
4.839877
4.915211
5.210357
5.339853
5.271837
5.111298
5.196621
5.366615
5.481446
5.429214
5.413855
5.432310
5.301028
5.326391
5.201625
5.198586
5.046098
5.140241
5.136397
5.362261
5.506436
5.318292
5.160122
5.401401
5.139359
5.143433
5.288985
5.077931
5.123906
5.092469
5.030098
5.064028
5.170200
5.586302
5.571700
5.607770
5.638051
5.733370
5.740769
5.862677
6.120345
6.082656
6.067902
6.534854
6.534945
6.465344
6.604600
6.376142
6.246273
6.484305
6.154717
5.834344
5.900711
5.849518
5.895962
5.876565
5.817911
5.857205
5.849215
5.956705
6.087594
6.075350
6.312423
7.006671
6.743065
6.717380
6.716759
6.961969
7.145247
7.272748
7.084037
7.068034
7.116977
6.998790
7.080849
7.394568
7.384721
7.210116
7.167944
6.603629
6.884545
6.974926
7.337332
7.231836
7.369846
7.206951
7.074674
7.296697
7.868687
7.619488
7.341385
6.982285
7.221950
7.446265
7.767402
7.971721
7.874270
8.083299
8.194532
8.476743
8.587586
8.457661
8.524689
9.332136
9.834022
10.284385
10.498714
11.195102
11.177699
11.261737
12.131961
12.570766
12.652840
12.842565
13.357201
14.192474
13.969163
14.526365
15.175639
14.663947
13.641443
15.336242
16.232284
16.921526
17.455032
18.982044
22.207323
23.428735
23.205858
23.945503
25.666796
22.535629
21.775884
21.247990
19.914698
19.654399
18.325664
16.794719
16.551460
15.531231
14.874954
14.952401
15.011733
15.021911
15.667022
15.477276
15.857928
16.805901
17.687002
18.096163
17.887243
18.093849
19.030505
20.280479
21.259639
21.659559
22.449767
24.092599
25.181592
26.373546
30.869617
33.122355
28.653570
29.000505
27.324301
26.259970
27.027137
24.418120
23.861785
24.219940
23.941178
23.172817
22.200469
20.621327
19.784432
19.372208
18.466775
18.162859
17.625169
17.620421
17.368286
15.619081
14.747061
14.486599
14.394046
14.229253
13.859633
12.869402
13.522938
13.366834
12.788856
12.781076
12.213809
12.482153
12.660409
12.106864
12.345099
12.025588
12.298379
12.691946
13.296320
14.184449
15.402205
15.813519
15.386894
15.426306
14.656837
14.378900
13.762363
12.966453
13.572471
13.746856
14.346833
14.278464
14.067762
14.228722
14.011692
14.116386
13.326302
13.130767
13.856692
14.063490
15.036849
15.647211
15.752922
16.095390
16.170780
15.966902
15.505276
15.896879
16.116847
16.274702
15.400732
15.271277
14.755686
14.003154
13.789659
13.709520
13.829785
13.181634
13.320779
13.123510
12.620412
12.826068
12.697929
12.355276
12.748983
13.333283
13.795872
13.397003
12.866540
12.274527
11.742817
11.172988
11.546631
11.067785
10.889966
10.470331
9.872062
9.703446
9.411004
9.102271
9.015230
9.024943
8.680081
8.547420
8.510176
8.277777
7.966788
7.450875
7.504855
7.310111
7.185046
6.935922
7.193696
6.811521
7.438002
7.637559
8.224049
7.819963
7.549481
7.696588
8.174552
8.154484
7.794824
7.877345
7.534650
7.134135
7.141774
6.880428
7.039011
7.194405
6.970632
6.727974
6.466616
6.265310
6.234676
6.374560
6.421070
6.667584
6.911658
6.824467
7.206463
7.631033
7.876647
8.225467
8.209706
8.048711
7.894224
6.850545
6.728149
6.400098
6.864737
6.387577
6.566744
6.237410
6.350194
6.282406
6.581273
7.592409
8.214540
7.946930
8.089562
7.627472
7.506577
7.863350
8.399971
9.141756
9.865169
10.014807
10.155813
10.816067
10.578229
10.219858
9.593275
9.010731
9.071961
9.259732
9.275427
9.454075
10.091807
9.749838
9.653483
9.747078
9.948853
9.815638
9.514312
9.173013
9.085345
8.991218
9.068252
8.890438
8.685314
8.077547
7.640443
7.432412
7.251267
6.954329
6.749330
6.621985
6.368933
6.297631
6.578832
6.643015
6.721225
6.946247
7.532386
8.060297
8.330024
8.096243
8.357263
8.592312
8.703308
8.477562
8.346006
8.245324
7.718383
7.608061
7.824852
8.227422
8.431010
8.145746
8.058802
8.016880
7.561899
7.411990
7.620493
8.449305
9.127517
8.658946
8.761090
9.324086
10.824810
11.089140
11.940915
11.173675
11.620434
11.575434
11.629445
12.402837
11.755599
11.949353
11.141024
11.557760
11.062252
11.316201
11.626069
11.805530
11.993547
11.584284
11.442225
11.624691
12.034711
12.833186
13.378098
13.404015
12.312611
11.228833
10.411498
10.302645
10.340046
11.080495
11.643244
11.386743
12.308513
12.245042
11.597737
12.406586
12.329997
11.952168
11.678202
10.864522
12.152234
12.879917
12.883912
14.291233
14.008514
13.885762
13.539518
13.274222
13.620485
13.440292
13.377344
12.662590
12.786253
13.241613
12.696302
12.092100
12.051724
11.302269
11.006045
10.806913
9.994021
9.905524
10.597454
10.530669
10.676463
10.043467
9.496224
9.705379
10.039540
10.426719
10.314633
9.617914
9.239382
10.437748
11.035919
10.670682
11.074938
12.576962
13.315065
13.362953
14.070256
15.295658
15.632086
15.093478
15.437474
16.163669
15.302449
15.246864
15.197904
14.367923
13.712314
14.261606
13.967216
14.418041
13.846189
13.496800
13.813901
13.181467
13.027837
12.632192
12.179149
11.605049
11.486696
11.846207
11.522032
11.523563
11.278118
11.186646
10.903190
11.848129
11.616702
11.531228
11.766808
12.165474
12.312396
12.490900
12.533554
12.679052
12.685020
12.932444
11.960419
11.699581
12.506307
12.295219
11.348119
11.537617
11.334624
11.987527
11.416665
10.861162
11.133796
10.845176
11.451095
11.768391
12.065675
11.787363
11.580514
12.687048
12.901516
12.970872
13.355090
13.554169
13.051781
12.990660
13.299183
13.507804
14.574109
15.553325
15.351902
17.696398
16.854399
18.136684
17.653554
17.986733
17.748397
18.464608
18.185326
19.067813
19.361917
18.725443
17.636391
17.768873
16.038537
16.301188
15.763866
16.142010
15.431331
15.110072
14.513841
14.494623
13.534450
13.628657
13.153471
12.936027
12.855966
12.356042
11.718053
11.558664
11.908734
11.816666
12.029636
12.610885
11.450031
11.081447
11.566371
11.713923
11.218134
11.409401
10.492092
10.619675
11.741587
11.621727
11.118584
10.685221
10.273323
10.076758
10.248000
10.055337
10.097830
10.028048
10.176617
9.543412
9.515198
8.954253
8.783837
9.315117
9.992782
10.228915
10.256960
9.852484
10.027256
9.963320
9.279567
9.064269
9.740770
9.894549
10.222245
10.867227
10.305744
10.301135
9.679013
9.086062
9.068904
8.901247
9.323843
9.247797
9.280507
9.383506
9.690278
9.101268
8.696296
8.495020
8.560269
8.391322
8.767607
8.994956
8.650884
8.493083
8.322449
8.023068
7.838261
8.069923
7.887173
7.252176
7.154989
7.088120
7.299144
7.423705
7.312133
7.365414
6.990548
7.065223
6.998548
7.171066
6.710675
6.764747
6.444514
6.440903
6.550221
6.497559
6.309604
6.366550
5.835856
5.787926
5.992394
6.379367
6.853213
7.201892
7.709334
7.743434
7.533266
7.566124
7.289848
6.985340
7.224695
7.130544
7.191788
7.441079
7.232384
7.495346
7.558039
7.010170
6.724670
6.878157
6.731624
7.090074
7.084792
7.444215
7.037492
6.605520
6.392834
6.225218
6.116824
6.049065
6.086476
6.227704
6.449974
6.883759
6.952781
7.593022
7.525299
8.060506
8.234254
8.174927
8.175355
8.361742
8.816953
8.793146
9.012667
10.056787
11.499398
12.800075
13.839942
14.726123
15.136070
14.902604
14.459305
13.860822
13.051214
12.531067
12.707902
12.289455
11.679069
11.694597
11.913258
11.656160
11.784287
10.941566
10.830077
10.763358
10.536324
10.209765
9.767981
10.095472
9.578614
9.395715
8.822953
9.220429
8.724918
8.603704
8.417648
8.220738
8.463218
8.227655
8.224611
7.965590
7.705872
7.613489
7.672463
7.615357
7.716408
7.779347
7.992452
8.017343
7.528561
7.137084
7.170048
6.845718
7.150993
7.149214
7.241522
6.923355
6.975733
7.026446
7.002215
6.816596
6.942072
7.357430
7.140421
7.019601
7.162145
7.303041
6.631487
6.789865
7.101154
6.985557
6.798239
6.791452
6.905056
7.335185
7.256144
6.871842
6.748848
6.756168
6.673284
6.346853
6.362372
6.101733
6.326759
6.605342
6.579271
6.330864
6.440137
6.239099
6.154898
6.001716
6.058072
5.819044
5.598805
5.316519
5.411600
5.150884
5.000339
5.083137
5.325636
5.146784
5.102325
5.134798
4.882817
5.275440
5.402344
5.368690
5.640455
5.921874
6.393744
6.229271
6.030530
6.145142
6.032263
6.089791
6.335687
6.294392
6.015673
5.674687
5.484856
5.237128
5.292275
5.208652
5.849186
5.843914
5.341663
5.010323
4.939121
4.610081
4.494199
4.664478
4.691761
4.538099
4.698265
4.593682
4.684969
4.333044
4.496793
4.547571
4.816343
4.650880
4.672882
4.166956
4.168251
4.459655
4.674165
4.702206
4.426328
4.484966
4.379120
4.371696
4.393697
4.347394
4.143422
4.348287
4.475833
4.301819
4.163823
4.008507
4.107704
3.858167
3.727364
3.772675
3.713799
3.828965
3.875833
3.937443
3.891182
4.080898
4.040525
3.895149
3.849784
3.901412
3.727022
3.479426
3.595787
3.503451
3.454861
3.306815
3.249457
3.139087
2.947472
2.937443
2.917949
2.875157
2.888856
3.253659
3.303641
3.403592
3.432485
3.395394
3.411223
3.217063
3.179422
3.289741
3.152560
3.139374
3.565883
3.790390
3.994826
4.158554
4.263296
4.493798
4.484028
4.473754
4.052189
3.923778
3.807518
3.805335
3.873181
3.725150
3.852156
4.067754
3.961332
3.970409
4.278894
4.351644
4.657262
4.669592
4.805360
4.711231
4.333798
4.414828
4.450046
4.493342
4.244348
4.458107
4.419259
4.492728
4.386926
4.509968
4.735341
4.455270
4.259674
4.532355
4.700134
5.008823
4.848461
4.479575
4.350951
4.319280
4.377739
4.538002
4.781374
5.127428
4.858036
4.944310
5.130165
5.244726
5.324164
5.309084
5.281655
5.159531
5.257310
5.052493
5.613462
5.705146
5.368471
5.184924
4.942903
4.795231
4.541916
4.660424
4.439534
4.299580
4.065955
3.931178
3.842935
3.696283
3.769806
3.774523
3.684206
3.507279
3.411259
3.671183
3.638535
3.997810
3.770134
3.649369
3.593884
3.479448
3.320049
3.408994
3.315473
3.278451
3.097142
3.068395
3.004863
2.999011
2.922105
2.868822
2.774817
2.962010
2.920291
2.857625
2.919266
2.885559
2.924157
2.803789
2.561473
2.379697
2.447881
2.343350
2.303821
2.183114
2.193560
2.159442
2.336025
2.306423
2.360203
2.381852
2.233740
2.264985
2.232461
2.274317
2.357266
2.353114
2.389433
2.292373
2.431907
2.799951
2.768753
2.872247
3.015825
3.037780
3.196921
3.263175
3.370252
3.600121
3.496727
3.572883
3.420015
3.402726
3.300947
3.342435
3.396714
3.326002
3.350778
3.251090
3.336003
3.434573
3.731678
3.686399
3.892999
3.926214
4.142720
4.134818
4.131467
4.236188
4.075663
4.029971
3.925006
4.199372
4.245528
4.456259
4.701193
4.714663
4.821941
5.033141
5.079518
4.944571
4.696557
4.704558
4.470189
4.787479
5.053907
5.249875
5.478438
5.483078
5.300249
5.402994
5.682776
5.852252
6.183430
6.435476
6.816365
6.405292
6.178684
5.919200
5.760692
5.482931
5.850586
5.815525
5.672475
5.525967
5.388099
5.035504
4.774983
4.933736
4.764396
4.825963
4.959023
5.125896
4.805420
4.622355
4.433906
4.232506
4.247112
4.252808
4.569322
4.545923
4.425390
4.339257
4.354821
4.774688
4.774194
5.146808
4.600734
4.294238
4.223290
4.174847
4.152928
4.320935
4.233570
4.247799
4.239420
4.548193
4.644885
4.453188
4.516969
4.502470
4.548289
4.470274
4.338438
4.365414
4.253332
4.261562
4.325277
4.499088
4.538636
4.853645
4.793133
5.070050
5.050177
4.887667
4.865228
5.014845
5.980591
6.104722
6.485815
6.337298
6.743043
6.579736
6.778918
6.449031
6.706162
6.461345
6.300545
6.470622
5.861073
5.458014
5.212381
5.229573
5.280096
5.161126
4.954030
4.474381
4.568008
4.599885
4.443546
4.393674
4.248154
4.241949
4.074789
3.943266
3.973689
3.932152
3.881560
3.741242
3.633311
3.596447
3.549865
3.612629
3.682164
3.705119
3.938702
4.225846
4.060749
4.088117
4.099227
3.877806
4.014106
4.216048
4.317226
4.625432
4.844004
4.533300
4.518807
4.278189
4.464619
4.400355
4.450661
4.477268
4.432126
4.472279
4.508823
4.571243
4.491606
4.446301
4.557636
4.997138
5.064043
5.230992
5.286865
5.088761
5.073319
5.049426
4.933336
4.539899
4.544411
4.651318
4.786512
4.923063
4.553173
4.433983
4.522278
4.498878
4.376914
4.384811
4.614762
4.235086
4.369344
3.981760
4.113328
4.113493
3.854293
3.924567
4.047621
4.237664
4.226194
4.128777
4.395318
4.151326
4.018468
3.989813
3.906393
4.070212
4.067585
3.947402
4.239894
4.383017
4.310963
4.294120
4.852240
5.305462
5.074503
4.792555
4.638622
4.648083
4.603532
4.211363
4.319822
3.955937
4.119118
3.857046
3.697799
3.666811
3.813015
3.767792
3.766180
3.739201
3.747326
3.570670
3.581558
3.422605
3.373159
3.207072
3.182665
3.279955
3.193666
3.277287
3.455488
3.559939
3.704309
3.683005
3.545649
3.606488
3.702992
3.459516
3.519684
3.569480
3.415020
3.035604
2.912715
2.935565
2.843089
2.787912
2.847459
2.916231
2.994015
2.980189
3.090591
3.150802
3.227453
3.186002
3.326781
3.489402
3.420785
3.543020
3.543589
3.758948
3.697765
3.693322
3.570663
3.538832
3.576096
3.557825
3.575210
3.456402
3.440297
3.218894
3.115528
3.081597
2.985156
2.970232
2.818528
2.901962
2.744171
2.747765
2.793163
2.633368
2.593649
2.645054
2.658492
2.703957
2.738506
2.760286
2.778870
2.798366
2.809350
2.894276
2.985229
2.821883
2.903149
2.885232
2.833338
2.682132
2.459598
2.465529
2.453055
2.441193
2.582164
2.663467
2.888616
3.052141
3.177966
3.304668
3.378034
3.449323
3.698436
3.803849
3.613194
3.471248
3.646691
3.864557
3.785329
3.742990
3.572082
3.512647
3.671882
3.745392
3.988246
3.739945
3.535363
3.511090
3.522807
3.377800
3.318120
3.328410
3.508202
3.499773
3.471033
3.575065
3.649400
3.433539
3.427881
3.354322
3.510780
3.423540
3.388497
3.323620
3.347701
3.256326
3.391176
3.144975
3.105203
3.257391
3.283485
3.156247
3.007366
2.815151
2.662676
2.652119
2.585021
2.516213
2.391459
2.355749
2.349369
2.296234
2.235194
2.319212
2.461517
2.313432
2.454657
2.313514
2.296530
2.258143
2.131389
2.070019
1.999219
1.885003
1.758405
1.673203
1.589426
1.590362
1.622836
1.651514
1.636962
1.645066
1.647200
1.587184
1.540581
1.606939
1.547092
1.581388
1.585228
1.616167
1.590499
1.582301
1.568613
1.637609
1.567917
1.492749
1.516654
1.509842
1.515425
1.479226
1.399574
1.403871
1.382761
1.410244
1.398169
1.454187
1.453485
1.573723
1.600478
1.551246
1.553914
1.488392
1.439820
1.474057
1.463662
1.367407
1.474034
1.566357
1.498345
1.531937
1.559424
1.556333
1.526770
1.593413
1.678390
1.763113
1.740500
1.852340
1.946805
1.874871
1.891276
1.936955
1.925432
2.039906
2.047419
2.064413
2.020125
1.975522
2.046962
2.301047
2.394072
2.466339
2.353126
2.134413
2.179144
2.168617
2.307523
2.359713
2.284313
2.248922
2.242409
2.201807
2.245921
2.218439
2.338996
2.539995
2.510976
2.452112
2.537898
2.374199
2.316714
2.394243
2.300435
2.148324
2.099937
2.231139
2.412649
2.431218
2.271241
2.216037
2.235652
2.200092
2.258170
2.292207
2.254696
2.255241
2.170308
2.010866
2.096958
2.088644
2.160140
2.189983
2.284333
2.337776
2.272785
2.280720
2.506887
2.501193
2.529179
2.547636
2.512577
2.616948
2.583785
2.576442
2.520177
2.588613
2.404386
2.498824
2.469831
2.595080
2.562689
2.529306
2.552898
2.433690
2.403530
2.293660
2.221478
2.190665
2.074865
2.017149
1.914848
1.816006
1.741751
1.702157
1.677938
1.638316
1.622216
1.541377
1.631593
1.588113
1.530432
1.535181
1.514964
1.506592
1.480033
1.423138
1.479868
1.554032
1.752938
1.942433
1.940285
1.788940
1.785654
1.858254
1.843674
1.850311
1.813998
1.817596
1.840256
1.870471
1.854191
1.817711
1.708558
1.633820
1.627652
1.776355
1.723954
1.614767
1.691019
1.785610
1.781964
1.840426
1.911209
1.873950
1.771392
1.693575
1.617559
1.600620
1.591348
1.597302
1.653427
1.592564
1.540435
1.630701
1.622248
1.647577
1.672337
1.653340
1.677827
1.809721
1.834700
1.811951
1.774750
1.717483
1.802935
1.717175
1.723328
1.769930
1.774398
1.766343
1.787692
1.815080
1.826749
1.812819
1.765701
1.706596
1.667223
1.569888
1.537068
1.533977
1.527466
1.631252
1.684077
1.801507
1.838882
1.818664
1.829794
1.860176
1.929891
1.972489
2.016919
2.037269
1.983180
1.993868
1.948774
1.973357
1.945475
1.896590
1.888460
1.911930
1.861606
1.887799
1.870013
1.930371
1.959079
1.888957
1.898681
1.991225
1.995939
2.108872
1.979988
2.170607
2.411551
2.555040
2.742708
2.686330
2.566671
2.472661
2.398860
2.462076
2.461594
2.461895
2.407477
2.434711
2.504355
2.323909
2.275339
2.291067
2.299502
2.241708
2.181059
2.092091
2.126168
2.081627
2.181952
2.105252
2.183751
2.282406
2.291895
2.329043
2.335111
2.434426
2.508393
2.675901
2.635063
2.705188
2.539432
2.456285
2.381958
2.230407
2.228558
2.275207
2.331920
2.275297
2.278528
2.286615
2.345351
2.275952
2.222953
2.218607
2.202373
2.255066
2.388467
2.548048
2.406827
2.280129
2.310904
2.362922
2.188027
2.282608
2.328414
2.439198
2.320900
2.365271
2.271483
2.270999
2.508562
2.400704
2.334921
2.432207
2.524471
2.590895
2.798710
2.824405
2.904283
2.726299
2.692159
2.785540
2.748369
2.721133
2.793292
2.860209
2.897095
2.824428
2.594680
2.692870
2.736995
2.719439
2.925480
2.897628
2.911377
3.104230
3.225743
3.287558
3.399537
3.333605
3.148004
3.043054
2.822289
2.830241
2.970180
2.922582
2.872254
2.918358
2.661771
2.603782
2.710604
2.660265
2.767422
2.978091
3.107877
2.997079
3.127647
2.898145
2.831660
2.656035
2.693366
2.708500
2.523897
2.551057
2.641801
2.891955
2.883221
2.756466
2.920081
2.813400
2.784520
2.653900
2.660624
2.612229
2.565680
2.415265
2.246737
2.337377
2.337182
2.499237
2.811436
2.965290
2.798284
2.990883
2.905616
2.956597
2.926241
2.764822
2.969156
3.053169
2.999690
2.892413
2.838024
2.905470
2.954103
2.964910
3.002806
2.858294
2.745954
2.767433
2.926654
2.888179
2.740873
2.773848
2.803515
2.697281
2.822982
2.908022
2.820788
2.661724
2.765462
2.807808
2.925964
3.063575
3.124216
3.055362
2.867495
2.793275
2.775960
2.757674
2.820299
3.003388
3.191097
3.165162
3.108307
3.252884
3.189618
3.309765
3.374751
3.412692
3.753860
3.585824
3.611273
3.669798
3.773339
3.798713
3.880139
3.809064
3.905835
3.873628
3.985009
3.828309
3.944785
4.144970
4.064018
3.853619
3.767583
4.142735
4.309237
4.085527
4.291290
4.608864
4.664264
4.535523
4.349191
4.018718
3.956110
4.135920
4.222094
4.113240
4.021348
4.158855
4.155456
4.208967
4.360235
4.554496
4.548712
4.579076
4.619994
4.795191
4.884722
4.894302
5.081187
4.969667
5.485627
5.759672
6.113355
5.844674
5.925150
5.882308
6.513041
6.700521
6.968080
7.332088
7.499698
7.199243
7.208691
6.914349
6.926432
7.425857
6.984102
6.634805
6.352336
5.879625
5.366980
5.708896
6.025559
6.275426
5.782165
5.289890
5.216636
5.079267
5.177400
5.265647
5.591197
5.620739
5.566796
5.564561
5.462387
5.227312
5.115897
5.232970
5.293408
5.242150
5.058428
4.729465
4.654635
4.739897
4.721963
4.838983
4.784701
4.668584
4.696138
4.583994
4.656598
4.587756
5.102603
5.285693
5.271042
5.234777
5.404128
5.588812
5.253922
5.429397
5.215187
5.270709
4.983678
4.885411
4.896010
4.893143
4.814773
4.861873
4.763010
4.664463
4.479548
4.513164
4.376932
4.364424
4.394758
4.398413
4.434975
4.401821
4.041258
4.168679
4.173219
3.934910
3.753381
3.629967
3.533345
3.364090
3.325268
3.344549
3.214644
3.028097
3.175679
3.380278
3.364649
3.263733
3.191242
3.028822
2.893644
2.984486
3.109846
3.191267
3.217739
3.065895
3.101542
3.124367
3.188795
3.091856
3.025110
3.024004
3.005769
2.938204
2.780731
2.856970
2.769968
2.778074
2.856622
2.859303
2.747227
2.818915
2.599640
2.574601
2.489718
2.382328
2.352627
2.381275
2.362969
2.277313
2.269782
2.326959
2.434229
2.362762
2.418975
2.388009
2.461394
2.403634
2.412496
2.313848
2.562412
2.469895
2.359137
2.347468
2.524368
2.718732
2.693224
2.676930
2.733209
2.771480
2.665596
2.582187
2.597727
2.589420
2.603820
2.586605
2.468215
2.501926
2.557640
2.463928
2.508797
2.437350
2.368506
2.418139
2.371019
2.223311
2.140799
2.161269
2.130866
2.066201
2.001019
1.997336
1.956740
1.852988
1.849859
1.779132
1.693246
1.720815
1.809506
1.869928
2.093693
1.989911
2.021189
2.020888
1.997150
2.036071
1.991393
2.077942
2.042934
2.259653
2.391348
2.471367
2.731007
3.032053
3.534762
3.586830
4.046737
3.876639
4.320202
4.696088
5.039299
5.073722
4.981383
5.289521
6.027941
6.574184
7.459470
7.078076
6.850818
6.048500
6.086484
5.740570
5.406602
5.616700
5.673985
5.843063
6.292038
5.885131
5.793763
5.626643
5.615964
5.346791
5.227810
5.355522
5.564077
5.233226
4.969570
5.186953
5.349641
4.882179
5.129509
5.098779
4.823887
4.650009
4.626011
4.447984
3.940029
3.691949
3.406687
3.316447
3.466844
3.634738
3.566702
3.396476
3.542662
3.460775
3.445857
3.410962
3.702701
3.586054
3.782584
3.970157
3.989846
4.126990
3.721794
3.622032
3.536953
3.400874
3.328953
3.060752
2.951734
2.936283
2.875258
2.978670
3.093042
2.861351
2.799840
3.027038
3.210429
3.375443
3.120662
3.051230
3.000710
3.170083
3.178447
3.045574
2.935354
2.894719
2.806693
2.795606
3.046712
3.079691
3.060569
3.200861
3.277603
3.459109
3.365481
3.387917
3.362617
3.435208
3.473454
3.540936
3.598741
3.479354
3.406241
3.466654
3.426202
3.247464
3.190321
3.197192
3.074801
2.884667
2.904100
2.861988
2.833156
2.745687
2.677683
2.608706
2.590614
2.621902
2.556986
2.431255
2.349007
2.409829
2.463684
2.411827
2.348194
2.280546
2.327890
2.305376
2.218194
2.264185
2.301503
2.275786
2.244746
2.311990
2.252885
2.067293
2.142856
2.156774
2.134590
2.105883
2.129264
2.109342
1.998756
1.964098
1.927538
1.915621
1.809790
1.823870
1.781693
1.710181
1.670072
1.663762
1.705605
1.728957
1.769013
1.734856
1.882502
1.877006
1.898620
1.915788
1.949241
1.945965
1.797759
1.800699
1.798226
1.820966
1.864031
1.849966
1.758451
1.683169
1.684784
1.776559
1.842700
1.845733
1.861107
1.797811
1.856798
2.021372
2.128826
2.052512
1.994897
2.050664
1.920210
1.899316
1.851198
1.759176
1.763996
1.660249
1.659124
1.619282
1.558004
1.507203
1.567385
1.532132
1.444808
1.426547
1.410746
1.366393
1.455401
1.486181
1.650143
1.748298
1.692444
1.717106
1.774331
1.640577
1.601797
1.683761
1.772271
1.821000
1.833717
1.853070
1.824133
1.859121
1.779207
1.832994
1.829880
1.725450
1.769247
1.791156
1.828042
1.814583
1.797118
1.719774
1.652176
1.525834
1.473348
1.439355
1.436702
1.500131
1.512195
1.543543
1.511262
1.514836
1.604826
1.573119
1.673095
1.677100
1.656159
1.597763
1.614276
1.741532
1.768392
1.679702
1.672193
1.597764
1.581116
1.549946
1.596374
1.550527
1.653959
1.689947
1.782264
1.888654
1.757941
1.842593
1.789368
1.788336
1.908056
1.878979
1.891203
1.858451
1.939789
2.184840
2.405708
2.859011
2.892006
2.850016
2.662023
2.852215
2.917060
2.943929
3.045191
2.965511
3.076849
3.652676
3.581436
3.453787
3.404054
3.370762
3.145171
2.987732
2.763809
2.931530
3.021969
3.141089
3.290149
3.245018
3.129148
3.073856
3.104317
3.030548
3.144889
3.429415
3.269433
3.354098
3.468651
3.500752
3.440858
3.649284
3.415751
3.637576
4.063115
3.988058
4.116708
4.036543
3.951074
4.040150
4.265132
4.531332
4.913535
5.157609
5.544219
5.714651
6.032477
6.115877
6.037037
5.883943
5.903355
5.905119
5.540479
5.514487
5.242148
5.229917
5.185745
5.099096
5.313954
5.032243
5.022398
5.231869
5.919971
5.637159
5.453182
5.598034
5.492348
5.388861
5.340542
5.249264
5.065254
5.095304
5.097139
4.984660
4.671571
4.523405
4.801501
4.797461
4.757148
4.630080
4.593952
4.693758
4.530106
4.526905
4.642191
4.503065
4.363614
4.392465
4.515133
4.434530
4.430910
4.411388
4.376394
4.689731
5.097029
4.936294
5.059451
5.141434
5.144964
5.497936
5.443165
5.152456
4.946662
5.637559
5.880998
5.872464
6.059683
5.851923
5.784008
5.661206
5.531839
5.197795
5.254979
5.188281
5.077717
5.206572
5.181137
5.175382
5.555943
5.948818
5.900880
6.105756
5.830911
5.702464
5.988436
6.075819
6.023623
6.211802
5.929630
5.440363
4.793082
4.658682
4.530905
4.330670
4.365628
4.364380
4.426546
4.691043
4.647146
4.670494
4.594002
4.511675
4.439692
4.438137
4.255928
4.173805
4.160041
4.109119
4.014540
4.043571
4.159539
3.949149
4.264696
4.536821
4.682675
4.926998
5.123040
5.033599
5.096307
4.859292
4.662998
4.471308
4.797112
5.171509
4.962873
4.900784
4.956584
5.054471
5.211400
5.240993
4.952655
4.762098
4.531814
4.486616
4.035842
3.735303
3.757447
3.759935
3.661203
3.626155
3.669438
3.605430
3.600006
3.491583
3.580322
3.676357
3.872004
4.251138
4.364047
4.437030
4.400444
4.671077
4.864295
5.324846
5.724423
5.976888
5.620451
5.635505
5.471148
5.516763
5.555335
5.458965
6.143985
7.737452
8.520385
8.588027
8.591627
9.093433
9.194557
8.627940
8.371020
7.900084
7.878040
8.326533
8.200480
7.992097
8.119320
7.702517
7.254795
6.912180
7.002130
7.214533
6.802845
6.596095
6.528214
6.497354
6.337212
6.460000
6.179685
6.166614
6.217408
6.659664
6.858633
7.328266
7.586030
7.777839
8.609087
8.181956
8.279936
8.206920
8.455966
8.241190
8.743082
9.265139
9.242422
9.311484
8.888657
8.902649
8.615880
9.106628
8.486778
7.946675
7.618538
7.095331
7.195142
7.025269
6.982776
7.933015
7.273191
8.189770
8.261778
8.447605
8.620717
8.173850
8.411646
8.263073
7.957638
8.171930
8.419879
8.731139
8.558629
8.080482
7.766204
7.867353
7.778231
7.624161
7.879656
8.427525
8.336525
8.152442
8.131618
7.760505
7.760893
8.166944
7.844245
8.703595
9.665222
9.696932
9.511446
8.979451
8.668923
8.017518
7.718388
7.738071
7.781918
7.504623
7.313323
6.663939
7.214046
6.865553
6.716508
6.697326
6.705534
6.489377
6.638608
6.549914
6.841743
6.804141
7.171877
7.496492
7.931018
8.522007
9.190969
9.646396
10.127483
10.506017
9.946451
9.815008
9.697747
9.979650
9.458051
9.482606
8.924953
8.675422
8.579760
8.863366
8.918560
9.304000
9.514578
9.582784
9.411376
9.428779
9.576748
9.176449
9.452464
8.766876
9.551387
9.018373
8.678803
8.652751
8.198471
7.840697
7.359571
6.926463
6.932337
6.984421
6.977361
6.804048
7.202782
7.648444
8.283300
7.871843
8.605247
8.758240
9.329691
9.734622
10.361143
11.446006
11.665704
11.539832
11.514699
11.385023
10.693138
10.627396
10.365865
9.869808
9.793618
9.741019
9.743660
9.915746
9.553812
9.907924
10.202300
10.042775
9.473933
9.347252
8.845191
8.437943
8.367468
7.914483
7.651660
7.792368
7.884545
7.630619
7.358333
7.324719
7.279515
6.795157
7.021451
6.972419
6.978267
6.856382
7.049576
6.861984
6.500841
6.611948
6.669067
6.441002
5.902926
5.647391
5.512654
5.125748
5.151662
5.353433
5.103039
4.940590
4.826920
4.754602
4.585788
4.465590
4.765183
4.535502
4.450873
4.522989
4.473030
4.678023
4.992776
4.976967
5.091004
5.533226
5.677898
5.779934
5.511290
5.551266
5.246763
5.051129
4.935343
4.811479
4.872380
4.584153
4.485513
4.478804
4.780584
4.917756
5.067096
5.530008
5.760906
5.629067
5.688849
5.252025
5.278548
5.283646
5.006528
4.849139
4.878473
4.953544
5.110569
4.933340
4.974684
4.859151
4.791333
4.938700
4.879063
5.125511
5.057246
5.122338
5.631360
5.684566
5.325145
5.244759
5.187560
5.414491
5.183621
5.462800
5.057427
5.254587
5.521067
5.266277
5.211191
4.817603
4.757424
4.561147
4.583345
4.881586
4.948490
4.949275
5.139535
5.648311
5.656018
5.697609
5.335382
5.883789
5.373109
5.361628
4.982618
5.004470
4.773021
4.691617
4.932298
5.360865
5.486299
6.091475
6.641093
6.426573
6.374476
6.644616
6.813123
6.804828
7.153512
7.246559
7.065610
6.958368
6.627739
6.335375
6.074494
5.963608
5.960054
5.750632
5.713211
5.419650
5.439037
5.312098
5.076605
5.203652
5.271216
5.687324
5.794571
5.835906
6.129901
6.802400
6.901772
6.287751
6.180623
6.125005
5.748331
5.905589
6.128236
5.901991
5.316363
5.161718
5.481126
5.772238
5.548076
5.568537
5.660517
5.671280
5.587779
5.601892
5.501649
5.342863
5.221015
5.393351
5.650907
5.503395
5.549447
5.364745
5.134737
5.114413
5.175398
5.216208
5.366094
5.357682
5.521611
5.802864
5.931806
6.022755
6.094545
5.753080
5.489707
5.219815
4.972485
5.078752
4.887565
4.908515
4.844972
4.860316
4.933485
4.800259
4.679351
4.421342
4.365953
4.333719
4.359217
4.305902
4.338193
4.531947
4.623407
4.886573
4.850067
4.833025
5.015990
4.917928
4.877556
4.704336
4.289734
4.314562
4.123691
3.923186
3.958920
3.830520
3.940217
3.635275
3.920357
3.984031
3.806206
3.463454
3.404713
3.408378
3.309866
3.213090
3.315007
3.559582
3.666375
3.645146
3.577404
3.528055
3.420114
3.457924
3.483194
3.735103
3.630194
3.748754
3.720533
3.825455
3.645881
3.848562
3.879602
3.883183
4.001049
3.938857
3.903568
3.558346
3.525068
3.589730
3.597915
3.470551
3.284107
3.242609
3.209380
3.049630
3.056963
2.945725
2.941858
2.890580
2.732553
2.728848
2.773418
2.911696
2.933460
2.954861
3.021159
2.960486
2.979787
3.045323
3.261011
3.522174
3.536803
3.612249
3.638771
3.574970
3.585403
3.344951
3.177795
3.128969
3.175242
2.974208
3.092422
3.145392
3.400230
3.442854
3.167435
3.090951
3.236403
3.244649
3.332457
3.260031
3.120965
2.996708
2.963591
2.866460
2.731399
2.832145
3.011076
3.083095
3.033437
3.023911
2.953515
2.999722
3.001019
2.965688
2.924292
2.831137
2.830330
2.702576
2.687662
2.567936
2.630425
2.448287
2.390381
2.423989
2.492669
2.439084
2.422571
2.491522
2.526254
2.456663
2.446198
2.402190
2.338067
2.294584
2.125525
2.145965
1.972601
1.864159
1.761806
1.759423
1.748107
1.783908
1.788745
1.668518
1.666028
1.655725
1.713227
1.718334
1.594687
1.573096
1.500929
1.477471
1.598542
1.652629
1.765166
1.832775
1.754994
1.819796
1.854915
1.916421
1.936714
2.009455
2.058038
2.011176
2.019843
2.043573
2.025396
1.969272
2.031736
1.982173
1.911618
1.920651
1.932887
1.913143
1.833880
1.848581
1.849127
1.822411
1.812093
1.792497
1.831848
1.986979
1.949448
1.937607
1.912626
1.935634
2.034229
2.019845
2.044177
2.090056
2.248501
2.048628
2.015841
1.956757
1.996365
1.998776
2.170345
2.173186
2.161253
2.357796
2.489710
2.810494
2.762160
2.627831
2.624884
2.741060
2.852498
2.830986
2.760139
2.607259
2.470162
2.557616
2.709640
2.639731
2.624006
2.791567
2.912564
2.974731
2.935812
2.752133
2.645623
2.658179
2.696436
2.636745
2.731085
2.665290
2.930563
3.016100
3.077191
3.050776
3.117635
3.037659
2.921455
2.781976
2.770762
2.744438
2.397176
2.391141
2.312076
2.359002
2.284277
2.195034
2.085802
2.133558
2.155124
2.213451
2.234346
2.096318
1.951636
1.943955
2.016803
1.991750
2.108113
2.171344
2.175785
2.123818
2.107376
1.891925
1.988081
2.140276
2.161303
2.213313
2.228240
2.283488
2.297514
2.286389
2.222938
2.332936
2.359462
2.467357
2.517873
2.533563
2.481648
2.506230
2.454430
2.528991
2.589100
2.511369
2.539155
2.439972
2.521252
2.475449
2.514190
2.332379
2.283891
2.270205
2.210994
2.260006
2.385429
2.414008
2.412332
2.350661
2.490138
2.788365
2.873341
2.877870
2.848917
2.793424
2.783713
2.955789
2.962572
3.034478
3.199797
3.071660
3.124295
3.113290
3.362555
3.423904
3.355429
3.291586
3.176603
3.191569
3.269483
3.383820
3.440906
3.686974
3.890368
3.864078
3.476477
3.578475
3.742821
3.840486
3.880676
3.859555
3.919248
3.765005
3.699497
3.695732
3.964209
4.351008
4.540827
4.361477
4.291279
4.146499
4.120947
3.909599
4.054023
3.861352
3.949243
3.832179
3.867389
3.931024
3.974303
3.990415
4.057910
4.150205
4.334989
4.444983
4.729182
4.646336
4.348342
4.106220
4.047027
4.060539
3.887276
3.695380
3.437461
3.311375
3.234799
3.241260
3.193357
3.035835
3.002061
2.976726
2.662711
2.581286
2.517738
2.331387
2.324872
2.307527
2.371607
2.394685
2.471144
2.473412
2.172798
2.135954
2.060576
2.035579
2.215043
2.199763
2.244586
2.146243
2.174061
2.299885
2.282871
2.503766
2.484260
2.472688
2.376541
2.221038
2.172112
2.176095
2.254592
2.119387
2.260876
2.249635
2.182032
2.160289
2.135244
2.252679
2.253450
2.259701
2.141669
2.013653
2.048205
2.051739
1.982320
2.199925
2.214196
2.189758
2.165698
2.324177
2.339264
2.360536
2.221720
2.180920
2.315871
2.195107
2.287813
2.166727
2.113159
2.154310
2.189118
2.210478
2.183227
2.227832
2.370881
2.303230
2.197666
2.279413
2.432476
2.522277
2.504773
2.457278
2.429655
2.346378
2.370595
2.356614
2.432449
2.350659
2.311455
2.348731
2.414551
2.329850
2.281560
2.348326
2.303780
2.139753
2.192798
2.142592
2.201074
2.316414
2.276485
2.272848
2.275907
2.159511
2.188529
2.249119
2.231962
2.392689
2.517939
2.451496
2.325250
2.493821
2.624685
2.546525
2.499840
2.625262
2.636186
2.667441
2.640733
2.694451
2.549419
2.541870
2.641629
2.525037
2.507488
2.614759
2.743008
2.725933
2.845002
2.699166
2.669836
2.620839
2.691798
2.782502
2.774338
3.113055
3.199520
3.307079
3.213385
3.246130
3.222940
3.344515
3.218095
3.225745
2.985093
2.895200
2.783247
2.568850
2.524516
2.448945
2.355334
2.447567
2.372798
2.400304
2.379587
2.317155
2.190201
2.262381
2.354287
2.264706
2.356739
2.321158
2.262941
2.278976
2.400846
2.404850
2.228368
2.159063
2.074418
2.201543
2.205192
2.253553
2.212150
2.125796
2.150024
2.203767
2.164263
2.300430
2.309211
2.315611
2.246448
2.183087
2.231687
2.205666
2.350434
2.320477
2.433015
2.491561
2.339483
2.374817
2.260082
2.313820
2.214808
2.230771
2.254010
2.279885
2.279786
2.409576
2.482532
2.672962
2.763896
2.671859
2.627461
2.545267
2.689196
2.677064
2.836743
2.872650
2.995382
2.835654
2.852422
2.749476
2.619110
2.581073
2.490607
2.315817
2.323334
2.427683
2.294291
2.402282
2.290314
2.287799
2.261173
2.323257
2.305141
2.206305
2.267631
2.252593
2.179364
2.147694
2.134476
2.015607
1.974880
1.927226
1.820354
1.790418
1.755785
1.735423
1.760904
1.802338
1.787812
1.805379
1.772288
1.855529
1.764528
1.725906
1.663857
1.658462
1.696675
1.736118
1.675921
1.688094
1.703679
1.768442
1.827356
1.784992
1.871446
1.793990
1.714702
1.747095
1.662706
1.584584
1.605161
1.630526
1.633955
1.697483
1.717088
1.851385
2.040603
1.961101
1.988645
1.947687
1.988570
1.893300
2.007828
1.697508
1.782316
1.937356
2.132185
2.178104
2.277113
2.335064
2.344020
2.324386
2.460070
2.559957
2.610805
2.564716
2.617010
2.646792
2.581044
2.741002
2.832231
2.991766
3.133834
2.935693
2.892636
2.668854
2.350778
2.368545
2.234603
2.266313
2.172963
2.018214
2.065132
2.111040
2.018015
1.924647
1.991360
2.147807
2.089372
2.157334
2.201619
2.131790
2.122041
2.149359
2.158293
2.055870
2.012287
1.916015
1.846108
1.940333
2.018896
1.980648
1.895575
1.813901
1.851587
1.901854
2.080057
2.193596
2.199100
2.213430
2.074898
2.092450
2.151024
2.099683
2.157437
2.254103
2.023113
2.139173
2.168989
2.148750
2.103067
2.140399
2.282486
2.539493
2.522343
2.702519
3.110790
3.280971
3.154205
3.051627
2.933866
2.898066
2.852422
2.746337
2.744717
2.767092
2.799338
2.777320
2.916169
2.906940
2.986230
3.211434
3.259325
3.459868
3.248574
3.053047
2.841748
2.964576
2.920372
2.935438
2.930434
3.019921
3.034651
3.007864
2.950171
2.934229
2.779547
2.666077
2.721469
2.746553
2.699513
2.656154
2.434120
2.401047
2.384524
2.482321
2.600290
2.600362
2.565803
2.672317
2.777567
2.775358
2.707711
2.666931
2.490259
2.609863
2.775624
2.777231
2.848217
2.892271
2.764013
2.860489
2.748191
2.595873
2.725114
2.739971
2.851784
2.654938
2.645416
2.712640
2.735591
2.862209
2.823326
2.720532
2.614637
2.595109
2.548293
2.562908
2.464148
2.524692
2.702441
2.727473
2.590141
2.807201
2.805290
2.983941
2.981876
2.814801
2.795107
2.945784
2.980645
3.090469
3.205763
3.106235
3.116884
3.079868
3.059470
3.050004
2.981677
3.054592
3.019211
3.044451
2.993735
3.060467
3.080431
2.963545
3.028762
2.967463
3.078571
3.034723
2.863443
2.990235
2.916837
2.946980
3.038817
2.940788
2.971212
2.881362
2.869549
2.847533
2.713621
2.743162
2.734623
2.727006
2.827630
3.005888
3.080904
3.133034
2.988568
2.863003
2.867250
2.917511
2.781079
2.738843
2.668452
2.609479
2.608130
2.583454
2.571664
2.644128
2.463357
2.436877
2.380674
2.246555
2.155732
2.134404
2.232372
2.168301
2.048449
2.038808
2.098033
2.199040
2.245951
2.333702
2.284705
2.292650
2.251576
2.215726
2.410070
2.214323
2.112893
2.169677
2.130248
2.101721
2.060444
2.016758
1.993164
2.007285
1.951829
1.969379
1.994509
1.923509
1.875800
1.897628
1.858215
1.886939
1.848062
1.863579
1.854767
1.994490
2.047901
2.186080
2.119620
2.205000
2.253529
2.094072
1.979781
1.939348
2.011495
1.952171
1.923323
1.865924
1.875660
1.810126
1.776061
1.821643
1.852149
1.853311
1.830006
1.873086
1.833001
1.850104
1.855533
1.823740
1.919591
1.936967
1.834968
1.866684
1.833105
1.822229
1.806040
1.698827
1.616858
1.597492
1.631294
1.598943
1.553206
1.512331
1.437793
1.489997
1.525780
1.481776
1.454171
1.426401
1.297351
1.268989
1.340754
1.336624
1.309476
1.275346
1.278326
1.382048
1.344552
1.382931
1.432862
1.374846
1.448957
1.462929
1.563829
1.545388
1.620869
1.646766
1.569216
1.636131
1.618578
1.654652
1.820167
1.964925
2.016331
1.952643
1.952751
1.859412
1.926897
1.906963
1.900503
1.830877
1.733137
1.702694
1.687335
1.622539
1.625047
1.606564
1.663210
1.761875
1.887799
2.251277
2.222068
2.154276
2.178715
2.244368
2.177434
2.088897
2.036694
1.921120
1.920779
1.946247
1.950795
2.015430
1.927059
1.851754
1.805383
1.881587
1.880355
1.910206
1.860155
1.771968
1.805141
1.771952
1.669431
1.646108
1.611312
1.621464
1.682348
1.512246
1.546527
1.618753
1.652321
1.549174
1.557528
1.520679
1.454964
1.375207
1.389002
1.507795
1.510910
1.544339
1.522589
1.588259
1.659972
1.629700
1.676838
1.710020
1.758244
1.913742
1.941519
1.990254
1.963524
1.896895
1.951281
2.008177
2.352685
2.333733
2.199800
2.176528
2.139327
2.121613
2.025788
1.946665
1.858416
1.771885
1.768530
1.814473
1.889854
1.882269
1.932918
1.888329
1.845308
1.789796
1.858626
1.906953
1.810424
1.746682
1.700128
1.689262
1.648375
1.623188
1.601565
1.655273
1.721970
1.767411
1.817152
1.721906
1.717333
1.604287
1.571711
1.490630
1.553180
1.559271
1.584601
1.539242
1.527024
1.561569
1.476871
1.448443
1.416284
1.408936
1.311315
1.296984
1.393641
1.392975
1.339792
1.291202
1.197014
1.319751
1.397796
1.383930
1.330001
1.353308
1.298612
1.259073
1.304291
1.350554
1.398143
1.465132
1.470045
1.428512
1.452258
1.417746
1.435201
1.445064
1.466556
1.423885
1.453233
1.385875
1.365651
1.410017
1.323650
1.319449
1.306304
1.368937
1.403349
1.400693
1.320896
1.386793
1.352077
1.375530
1.353269
1.337307
1.345252
1.335493
1.352046
1.373939
1.454751
1.453911
1.563073
1.639551
1.588818
1.508347
1.470919
1.313507
1.229568
1.277208
1.312607
1.354051
1.385209
1.350505
1.336490
1.336342
1.371868
1.389465
1.382770
1.284937
1.193926
1.256622
1.427580
1.589184
1.614183
1.648012
1.590641
1.516603
1.642298
1.604508
1.599188
1.581509
1.574659
1.554929
1.494114
1.552715
1.545867
1.592490
1.570718
1.601028
1.710513
1.758592
1.707847
1.883299
1.887402
1.884216
1.788522
1.720295
1.730797
1.734000
1.740307
1.671937
1.630121
1.647947
1.584550
1.612607
1.721714
1.772118
1.722728
1.677376
1.751129
1.810563
1.855428
1.879906
1.933465
1.898535
1.921925
2.042718
2.013899
1.946162
1.961809
1.944803
2.013956
2.037055
2.092951
2.204816
2.164381
2.225021
2.300677
2.412776
2.402038
2.504189
2.376983
2.332094
2.291051
2.372929
2.279328
2.102188
2.185361
2.215631
2.186084
2.257283
2.178964
2.371322
2.540266
2.632461
2.630152
2.640939
2.985754
2.860124
2.946920
3.159668
3.266531
3.180782
3.076575
3.123917
3.121484
2.966576
2.865958
2.824858
2.837840
2.686649
2.595517
2.530799
2.603014
2.755910
2.774735
2.701972
2.836988
2.759933
2.652400
2.686005
2.781138
2.675622
2.549061
2.654780
2.745482
2.671802
2.661951
2.884816
2.836122
2.737325
2.771422
2.837058
2.885416
2.875668
2.885470
2.763207
2.730916
2.752435
2.766542
2.697469
2.750536
3.024883
3.118012
2.957622
3.007884
2.929436
2.713978
2.713714
2.752625
2.848817
2.903007
2.842170
2.943357
3.623164
3.799386
4.689105
4.953696
5.007621
5.974632
7.624167
9.208269
10.067622
10.165918
9.770926
10.059852
8.838872
8.254523
7.197454
7.327781
7.050490
6.827633
6.723499
6.446581
6.373038
6.054142
5.987359
5.777251
5.908035
6.028312
5.781508
6.111106
5.668249
5.452959
5.168073
4.872081
4.973759
5.469656
5.515119
5.894749
5.872129
5.740614
5.703700
5.619496
5.464618
5.195704
4.987083
4.910843
5.121870
5.047797
4.769784
4.861059
4.775598
4.551736
4.354988
4.204907
3.918145
3.793295
3.741455
3.738334
3.658634
3.490051
3.438009
3.383743
3.372932
3.368073
3.569346
3.904076
4.350954
4.404153
4.410516
4.909151
4.930453
4.505509
4.204099
4.265244
4.266183
4.129272
4.327955
4.083010
4.339881
4.267751
4.204362
4.517597
4.448071
4.248994
4.342917
4.248135
4.174037
3.985915
4.056999
4.226474
4.352917
4.525771
4.487496
4.269570
3.983311
4.217659
4.222519
4.146564
4.300027
4.454644
4.773980
4.814264
4.526421
4.333848
4.395166
4.498652
4.582130
4.567736
4.561520
4.640067
4.996693
4.949182
4.962648
4.983343
5.165488
4.842764
4.850602
5.041448
4.700262
4.626399
4.691790
4.735494
4.574864
4.301415
4.105924
3.904904
3.892644
3.682573
3.517467
3.458075
3.523146
3.554660
3.533435
3.562689
3.561672
3.732217
3.817341
3.856173
3.886755
3.956348
3.803735
4.079752
4.246416
3.902324
3.628874
3.380366
3.277507
3.084238
3.233028
3.207634
3.128978
3.375412
3.356038
3.548774
3.737359
3.911907
3.840234
3.863626
3.902349
3.829224
3.755628
3.628835
3.673763
3.623425
3.595101
3.633455
3.634692
3.530378
3.254062
3.286903
3.128018
3.179121
3.168162
3.336846
3.249637
3.258810
3.222179
3.410800
3.362036
3.230942
3.352028
3.219467
3.110431
3.181792
3.101890
3.104948
3.022448
3.002789
2.876945
2.886263
3.060250
3.261434
3.138199
3.185736
3.243301
3.015182
3.042127
3.016132
3.061945
3.038900
3.046014
2.988596
3.182129
3.329173
3.268758
3.300890
3.353397
3.435236
3.272469
3.431260
3.388720
3.320328
3.258522
3.580193
3.628332
3.494803
3.702618
3.633045
3.967010
4.344440
4.223078
4.027586
4.243058
4.247249
4.039611
4.301754
4.470923
4.242758
4.488659
4.584498
4.824431
4.937698
4.895678
4.829666
5.020341
5.085072
5.023084
4.963021
4.940514
5.060617
4.744548
4.317858
4.388662
4.333121
4.321767
4.174415
4.285863
4.127775
3.959018
4.006812
3.682977
3.435672
3.698685
3.927720
3.994989
3.818920
3.674287
3.786315
3.442216
3.318514
3.252342
3.280353
3.107438
2.967930
2.786461
2.924259
3.201718
3.521458
3.340753
3.220004
2.990917
2.754347
2.701143
2.737452
2.689598
2.610312
2.368612
2.415050
2.520873
2.521236
2.637498
2.837860
2.829133
3.128490
3.020595
3.123715
3.070511
2.938245
3.224549
3.225943
3.229938
3.294430
3.536265
3.304194
3.018981
2.835762
2.749569
2.792096
2.627361
2.811914
2.947771
2.949927
3.031503
2.978750
2.955223
2.815212
2.547126
2.473143
2.385189
2.362984
2.312925
2.227796
2.364407
2.404841
2.388350
2.394265
2.305657
2.270302
2.373779
2.368560
2.340060
2.173097
2.156497
1.992015
2.014709
1.991327
1.905028
1.807223
1.765936
1.827877
1.891501
1.945953
1.961255
1.862985
1.902912
1.918182
2.101639
2.152714
2.246751
2.330081
2.183210
2.227305
2.369485
2.526393
2.494147
2.605318
2.632869
2.458782
2.430345
2.411151
2.243133
2.232340
2.266405
2.178659
2.114049
2.009046
2.026150
2.070586
2.039898
2.040907
1.936035
1.901912
2.087124
1.950653
1.870839
1.875648
1.857147
1.883836
1.797311
1.702079
1.701232
1.710187
1.700859
1.691367
1.662116
1.628691
1.622833
1.593046
1.586454
1.583929
1.519151
1.523462
1.477568
1.466746
1.419767
1.368496
1.432974
1.448851
1.426718
1.389699
1.387586
1.308892
1.305713
1.314261
1.297516
1.255279
1.185873
1.167335
1.114453
1.101514
1.070421
1.048708
1.096380
1.011391
1.050801
1.071369
1.086138
1.202374
1.213422
1.284512
1.355459
1.348000
1.362104
1.369280
1.381413
1.396765
1.367980
1.409638
1.408608
1.461701
1.569015
1.633912
1.584723
1.487185
1.561578
1.529752
1.696029
1.651165
1.630690
1.688378
1.777989
1.833575
1.676987
1.734072
1.814501
1.740747
1.824535
1.914131
2.005560
1.899587
1.811892
1.886520
1.974145
1.876438
1.959336
1.909753
1.867033
1.797763
1.687569
1.798598
1.802809
1.823393
2.030810
2.034631
1.988839
2.058003
1.998566
2.087424
2.043881
2.051029
2.085154
2.290860
2.329292
2.275244
2.323112
2.343388
2.475292
2.433633
2.380647
2.371905
2.327655
2.109300
2.143365
2.242245
2.189191
2.193858
2.145120
2.126898
2.100307
2.029640
2.031451
1.970035
2.008891
2.141810
2.091822
2.079644
1.922749
1.999068
2.008451
1.915480
1.758417
1.727976
1.716262
1.596013
1.506017
1.547993
1.510468
1.618978
1.558636
1.544539
1.549409
1.462679
1.417380
1.373452
1.278770
1.353311
1.383538
1.392933
1.336191
1.414471
1.368428
1.307168
1.353014
1.444323
1.462318
1.541174
1.580031
1.645852
1.589756
1.524123
1.462447
1.529195
1.430315
1.542264
1.513597
1.622239
1.634824
1.725692
1.938884
1.920947
1.866152
1.874047
1.881447
1.978110
2.060916
2.136355
2.021008
2.170390
2.137671
2.017267
2.030616
1.881466
1.910266
1.929671
1.884706
1.856547
1.942108
1.907404
2.071700
2.204656
2.367510
2.490421
2.365144
2.552468
2.596269
2.679285
2.774808
2.840619
2.892170
2.898203
2.940578
2.798387
2.832197
2.777736
2.759709
2.614812
2.694077
2.677370
2.618389
2.591590
2.501407
2.468687
2.400165
2.491696
2.695847
2.744567
2.660593
2.580281
2.521305
2.474344
2.432885
2.428335
2.509822
2.449244
2.505914
2.529438
2.490216
2.641476
2.659746
2.511942
2.416182
2.390178
2.338343
2.218591
2.177572
2.147286
2.210858
2.203855
2.214489
2.244789
2.270993
2.305613
2.361715
2.456563
2.604893
2.651201
2.844329
2.964304
3.273162
3.066388
3.016580
3.167294
3.261845
3.232673
3.005845
3.012872
2.652323
2.679612
2.631980
2.608822
2.665141
2.696538
2.620995
2.625769
2.642884
2.789704
2.986753
3.203289
3.192889
3.190227
3.012970
3.003900
3.114840
2.979765
2.984152
3.088750
3.178228
3.122788
3.178732
3.283430
3.602266
3.868442
3.726734
3.668598
3.857943
4.026210
4.168427
4.187869
4.313640
4.449027
4.181364
4.576713
4.899060
4.848945
5.085491
5.559103
5.912617
5.977719
5.815030
5.527695
5.462543
5.747624
5.576788
5.777485
5.624267
5.543956
5.267483
5.042314
4.895962
4.777598
4.714350
4.649186
4.612030
4.402333
4.310661
4.331861
4.402758
4.471494
5.199065
5.857649
5.891808
5.994911
6.428553
7.188856
8.068270
7.796331
7.949831
7.681504
7.979448
7.865312
7.729700
7.644054
7.798494
7.866425
7.658662
7.293575
7.246782
7.120838
6.967406
6.655513
6.062347
5.891023
5.663815
5.775024
5.906508
5.884803
5.879398
6.108310
6.292725
6.151435
5.753387
5.679830
6.167963
6.510398
5.858016
6.436387
6.009353
5.922992
5.750715
5.782505
5.139568
4.891701
4.857470
4.822903
4.964700
5.171971
5.632756
5.825553
6.107939
5.748362
5.392627
5.257107
5.110107
5.190938
5.462691
5.274811
5.037846
4.806363
4.840005
4.621272
4.789196
4.739468
4.501778
4.684360
4.606080
4.739651
4.768481
4.795723
4.671563
4.584400
4.312672
4.267994
4.152527
4.154759
4.124354
4.133559
4.016259
3.954250
3.785747
3.746324
3.614729
3.538281
3.565399
3.259830
3.343292
3.049745
3.055356
3.039825
3.125400
2.981734
3.156809
3.254447
3.341384
3.230052
3.290518
3.240764
3.382312
3.332392
3.244360
3.364807
3.381689
3.265019
3.154809
3.091437
3.164622
3.099378
2.851347
2.757277
2.638321
2.529688
2.269743
2.229417
2.212133
2.307968
2.241279
2.200864
2.145812
2.195955
2.077108
2.016587
2.000558
2.050290
2.157511
2.299549
2.379897
2.563282
2.487497
2.350607
2.384075
2.312763
2.252962
2.165851
2.192990
2.005826
2.012381
2.081208
2.039923
2.178345
2.330379
2.400642
2.331856
2.310673
2.289519
2.245127
2.218864
2.156279
2.010585
1.976146
1.904301
1.949883
1.877649
1.934781
1.949901
1.878133
2.016694
1.976125
1.938040
1.834830
1.717894
1.692091
1.804359
1.860498
1.866628
1.854500
1.903266
1.906855
1.895217
1.859353
1.913716
2.005447
1.965302
1.900380
1.827271
1.790842
1.721160
1.786324
1.690693
1.718901
1.741265
1.679170
1.643374
1.542295
1.595580
1.646251
1.666220
1.625598
1.629199
1.662384
1.697046
1.765736
1.838412
1.889611
2.073768
2.215722
2.146685
2.084532
2.106069
2.158045
2.300557
2.347978
2.341243
2.511070
2.428112
2.337443
2.369826
2.301515
2.365918
2.415317
2.439505
2.350383
2.198611
2.168538
2.189703
2.303907
2.441289
2.504280
2.579864
2.518031
2.499655
2.324036
2.400965
2.222394
2.236952
2.175078
2.150550
2.120338
2.186684
2.222911
2.179388
2.222812
2.399421
2.447094
2.577696
2.631836
2.685457
2.789493
2.863551
3.051294
3.187258
3.041110
2.808972
2.832189
2.779629
2.765104
2.768027
2.789879
2.837600
2.815282
2.768639
2.812071
2.676829
2.663643
2.666839
2.594024
2.794520
2.735085
2.723944
2.655335
2.645335
2.686604
2.565350
2.702598
2.565057
2.645882
2.763171
2.575078
2.503196
2.574987
2.488965
2.486639
2.686623
3.030687
2.963698
2.918732
2.928652
3.034319
2.971597
2.850655
2.917648
2.981020
2.959628
3.037066
3.018608
3.140817
3.029537
2.976654
2.881042
2.662643
2.670744
2.639000
2.534962
2.411816
2.367407
2.321899
2.221055
2.150142
2.120842
2.114721
1.912205
1.818694
1.762605
1.672578
1.669113
1.671882
1.700784
1.625778
1.597276
1.670038
1.572838
1.500511
1.419506
1.374237
1.306841
1.279553
1.241642
1.290836
1.272102
1.351272
1.396773
1.265351
1.270595
1.236291
1.215619
1.259596
1.204465
1.238319
1.188001
1.149626
1.127030
1.206829
1.273788
1.362399
1.363500
1.358048
1.458379
1.514368
1.521309
1.478664
1.534994
1.535266
1.512497
1.636032
1.564830
1.586673
1.605719
1.772622
1.779584
1.828386
1.853518
1.967756
1.986786
2.060493
1.924731
1.959301
1.969571
2.089934
1.985997
1.849633
1.908647
1.984780
2.010261
2.095229
2.105300
2.158463
2.041134
1.956925
1.908420
2.109743
2.194047
2.232057
2.129688
1.968316
1.900004
1.762690
1.786657
1.760913
1.806714
1.848025
1.736538
1.792372
1.819101
1.857006
1.854815
1.908731
1.845838
1.875190
1.979041
2.053695
2.231518
2.443471
2.320214
2.419666
2.452936
2.453839
2.513985
2.389150
2.356766
2.232474
2.352415
2.325621
2.409734
2.327823
2.221121
2.178325
2.214755
2.181873
2.183056
2.134115
2.113606
2.118438
2.070620
2.155572
2.002310
1.978435
1.988264
1.942771
1.924268
1.842234
1.950999
1.951660
1.986256
1.938124
2.049732
1.908610
1.844830
1.798157
1.749063
1.832162
1.837631
1.936635
1.960412
1.893520
1.983547
2.075032
2.078620
2.228667
2.190346
2.319513
2.303991
2.224837
2.222505
2.407986
2.461449
2.466440
2.389601
2.296791
2.362435
2.268618
2.122038
2.036690
2.058477
2.052327
2.207638
2.252363
2.534443
2.602995
2.620820
2.443615
2.386233
2.680023
2.806146
3.041280
3.169038
3.076819
3.122097
3.390367
3.240222
3.273382
3.033689
2.963699
3.213303
3.251689
3.227674
3.214612
3.029612
2.936593
2.817098
2.794093
2.775341
2.865287
2.774138
2.792115
2.814078
2.733798
2.578363
2.540326
2.473973
2.404174
2.384314
2.322036
2.350838
2.369888
2.380122
2.404114
2.415695
2.374141
2.261718
2.355158
2.294113
2.178705
2.185363
2.150066
2.047664
1.995077
2.045433
2.100620
2.091733
2.037101
2.002653
1.936273
1.733369
1.713920
1.704133
1.662153
1.630238
1.578217
1.530369
1.519507
1.556596
1.569972
1.586605
1.536427
1.423339
1.470545
1.435152
1.392894
1.399776
1.310115
1.382483
1.395474
1.424195
1.507232
1.522892
1.483665
1.548282
1.553914
1.621362
1.716456
1.671516
1.660901
1.750337
1.709396
1.743566
1.697253
1.682132
1.717711
1.712854
1.664201
1.745085
1.695260
1.722406
1.796532
1.746703
1.683595
1.709189
1.728278
1.633690
1.572439
1.532534
1.439495
1.426876
1.455656
1.411402
1.357151
1.356897
1.369327
1.403942
1.324940
1.301708
1.275639
1.294195
1.349536
1.423769
1.396800
1.363018
1.367012
1.318752
1.318953
1.296230
1.262885
1.235929
1.198783
1.173383
1.121359
1.124844
1.099982
1.164088
1.181701
1.139341
1.118034
1.066061
1.116687
1.092477
1.193198
1.205503
1.159481
1.098720
1.144632
1.136813
1.167780
1.215672
1.123004
1.072995
1.238086
1.176686
1.217307
1.260744
1.170524
1.147820
1.227606
1.250969
1.199060
1.141014
1.060847
1.040433
1.044791
1.081855
1.150313
1.197978
1.086674
1.043978
1.033569
1.037858
1.044849
1.112602
1.147220
1.188433
1.233108
1.227297
1.318921
1.279824
1.250480
1.297683
1.330711
1.341430
1.351031
1.359099
1.388868
1.476806
1.460640
1.434177
1.470700
1.525634
1.419983
1.458480
1.501159
1.476695
1.504416
1.510114
1.482212
1.587511
1.651523
1.689527
1.750334
1.819159
1.839784
1.763248
1.788801
1.729330
1.778306
1.805922
1.913649
1.912414
1.930808
1.884200
1.926576
1.930923
1.884603
1.932284
2.063085
1.918124
1.851840
1.978413
1.921574
1.963683
1.949721
1.823789
1.721332
1.684810
1.723598
1.738529
1.814109
1.903732
1.834438
1.913766
1.974187
2.146313
2.029130
1.983840
2.033603
2.060431
2.201562
2.004892
2.000255
1.940871
1.931690
1.850331
1.932350
1.992534
2.005233
2.009963
2.000402
1.961377
1.930635
1.786119
1.673673
1.601285
1.575887
1.615856
1.565686
1.549696
1.593151
1.556152
1.604691
1.550660
1.555702
1.586229
1.539503
1.449587
1.408888
1.385078
1.338836
1.361938
1.437078
1.447478
1.388536
1.375763
1.460190
1.388382
1.382379
1.349855
1.412951
1.440428
1.515345
1.435972
1.525169
1.450411
1.392938
1.431486
1.515815
1.553302
1.464760
1.358552
1.363132
1.305183
1.257828
1.227672
1.346895
1.387177
1.436588
1.461300
1.510204
1.450182
1.407351
1.381677
1.375947
1.361716
1.356042
1.366871
1.282923
1.248634
1.258754
1.326506
1.274885
1.252096
1.203608
1.223526
1.276319
1.233334
1.234864
1.235112
1.223112
1.148591
1.093479
1.079573
1.026963
1.017770
1.020648
1.059100
1.053727
1.024134
1.108838
1.167166
1.169008
1.176505
1.240104
1.202475
1.154183
1.154154
1.120578
1.133215
1.084934
1.155592
1.222491
1.254581
1.195005
1.265875
1.387649
1.378166
1.358714
1.522691
1.488621
1.513591
1.449081
1.432061
1.391372
1.496528
1.438997
1.500746
1.551155
1.596746
1.476897
1.597797
1.480513
1.419439
1.352914
1.377989
1.465153
1.572515
1.567995
1.538044
1.607355
1.683056
1.592715
1.524013
1.437172
1.472993
1.522316
1.470320
1.436777
1.399546
1.330432
1.272316
1.259869
1.258952
1.212373
1.240661
1.156437
1.158839
1.272496
1.258398
1.283247
1.354131
1.361504
1.473339
1.457706
1.652982
1.573513
1.538068
1.498511
1.440560
1.520311
1.557248
1.657179
1.794979
1.887222
1.799720
1.801257
1.706026
1.750087
1.835852
1.784316
1.699812
1.657980
1.702594
1.579244
1.568227
1.649329
1.512208
1.605382
1.701259
1.720557
1.691016
1.698476
1.697151
1.762187
1.734973
1.747583
1.755149
1.669453
1.657619
1.550994
1.624785
1.739642
1.810668
1.754983
1.639919
1.599092
1.572197
1.514164
1.492737
1.526845
1.475395
1.571492
1.538448
1.499656
1.519274
1.556139
1.511587
1.416833
1.471310
1.419806
1.403409
1.401594
1.343910
1.523820
1.458896
1.475908
1.500713
1.507784
1.569479
1.663372
1.670422
1.606705
1.632646
1.577052
1.518217
1.538469
1.518930
1.481571
1.457865
1.477642
1.454660
1.468044
1.530778
1.489464
1.510754
1.472886
1.580020
1.604945
1.663795
1.618078
1.659520
1.676782
1.640782
1.631327
1.659618
1.687593
1.593869
1.672173
1.647336
1.860193
1.739055
1.741823
1.751443
1.544811
1.488448
1.489908
1.427619
1.499172
1.492419
1.542807
1.486587
1.500285
1.460818
1.545131
1.542350
1.545890
1.577036
1.561269
1.531933
1.502515
1.520838
1.567747
1.571363
1.645072
1.650480
1.752011
1.779559
1.741159
1.839804
1.892543
1.931959
1.992524
1.987393
1.959032
1.893308
1.937450
1.885809
1.816029
1.793649
1.860442
1.779814
1.669806
1.729250
1.718330
1.665306
1.638720
1.557825
1.581678
1.669595
1.579347
1.508272
1.483619
1.481182
1.533405
1.441994
1.492209
1.447239
1.441039
1.448977
1.422789
1.414541
1.517892
1.552029
1.612350
1.646109
1.651738
1.652719
1.856295
1.931476
1.878138
1.880273
1.843833
1.890861
1.878137
1.905708
1.801632
1.780977
1.693604
1.663069
1.529384
1.605635
1.703902
1.816831
1.861953
1.829770
1.750599
1.662076
1.702121
1.722034
1.754031
1.758221
1.792937
1.849726
1.887919
1.832085
1.772385
1.727632
1.740778
1.813182
1.836174
1.864604
1.897437
1.846181
1.913423
1.892544
2.051878
2.175277
2.330972
2.418706
2.491788
2.366478
2.335156
2.301026
2.260627
2.301365
2.175748
2.125747
2.198510
2.202725
2.150118
2.273912
2.321258
2.361852
2.395130
2.348415
2.378701
2.294770
2.352882
2.402087
2.399104
2.350566
2.297773
2.222533
2.164770
2.264700
2.367851
2.291948
2.256747
2.147543
2.103732
2.087522
2.044107
1.926280
2.111486
2.077255
2.141733
2.167419
2.213708
2.126735
2.132139
2.194805
2.205066
2.262061
1.999856
1.853995
1.993967
2.046929
2.124874
2.119819
2.225906
2.208917
2.255414
2.477350
2.585422
2.732581
2.757944
2.994759
3.213197
3.450660
3.459301
3.613531
3.496744
3.430979
3.438149
3.424489
3.855776
3.899553
4.048338
4.111244
4.030356
3.928848
3.834588
3.524359
3.464111
3.772346
3.905826
3.689255
3.754140
3.567149
3.593141
3.701429
3.698783
3.365331
3.191477
3.256827
3.295982
3.410559
3.255692
3.436207
3.837006
4.138597
4.063128
3.987523
4.300871
4.407413
4.697758
5.282359
5.603455
6.171602
5.774922
5.834167
7.083568
7.615339
7.070264
7.317724
6.923952
6.864631
6.787175
6.340377
5.681151
5.887354
5.992465
6.233633
5.780651
5.726512
5.797412
6.253390
5.997806
6.010163
5.995212
6.060899
6.465370
6.386002
6.345846
6.187487
6.116992
6.298959
6.808557
6.570495
6.755986
6.779080
7.100830
7.173650
7.169328
6.789972
6.428804
7.226174
7.330470
7.317826
7.495395
7.527187
8.071111
9.033013
9.573410
10.554278
9.664391
9.676018
9.853523
10.510149
9.584954
9.148914
8.774514
8.452172
8.222772
8.439255
7.704451
7.857701
8.006641
7.481542
6.599632
6.452239
6.037870
6.476070
6.180633
6.147669
5.546491
5.551007
5.642487
5.440057
5.428058
5.222226
4.648007
4.606408
4.486849
4.203777
4.245126
4.394884
4.384312
4.215758
4.024038
4.072010
3.973558
4.107871
3.843537
3.643080
3.437869
3.381033
3.351586
3.139831
3.185364
3.323747
3.368250
3.039364
2.955546
2.950967
3.023405
2.890827
2.799673
3.094717
3.112445
3.064610
2.880562
2.728408
2.556930
2.528112
2.465188
2.428015
2.391144
2.506425
2.377236
2.335891
2.381914
2.372702
2.124009
2.086881
2.056264
2.042183
1.887215
1.832569
1.722451
1.743511
1.761233
1.812860
1.693115
1.703077
1.642223
1.742324
1.794806
1.803934
1.770574
1.703294
1.668344
1.704202
1.750695
1.583711
1.546855
1.583760
1.576831
1.597334
1.671371
1.769085
1.948809
2.158425
2.080072
2.156394
2.111758
2.103572
2.113605
2.014292
1.931686
1.879309
1.754942
1.712352
1.624876
1.712570
1.780639
1.719595
1.665413
1.648345
1.666934
1.688441
1.756974
1.869974
1.889772
1.842584
1.904243
1.843482
1.812802
1.800115
1.795904
1.839909
1.768646
1.715941
1.749933
1.762852
1.824663
1.810232
1.788145
1.835533
1.915263
1.926249
1.936337
2.011236
2.066348
2.021435
2.090056
2.078177
2.124265
2.199332
2.300550
2.591597
2.633281
2.918818
3.071373
2.973234
2.942791
2.754769
2.758481
3.067433
2.923075
2.895302
2.883118
2.982221
2.907141
3.188519
2.801619
2.948836
2.901373
3.050475
2.965948
2.794404
2.718455
2.633622
2.570443
2.573309
2.567424
2.488554
2.342633
2.347972
2.183697
2.237490
2.252159
2.327448
2.331040
2.261819
2.192895
2.154806
2.202972
2.148381
2.170826
2.288524
2.123005
2.233445
2.368939
2.653796
2.811408
2.974605
3.083306
2.816427
2.689744
2.763810
2.776851
2.640146
2.427287
2.545499
2.411670
2.346675
2.307740
2.308129
2.174655
2.250705
2.198192
2.052316
2.148625
2.119171
2.179250
2.212899
2.246799
2.482999
2.465072
2.593728
2.685393
2.685178
2.824797
3.004082
2.906644
2.948422
2.991295
2.971094
3.135466
3.221735
3.168706
3.210657
3.456900
3.823717
3.752533
4.024034
4.087132
4.010162
3.899120
3.910600
3.810042
3.737595
3.648535
3.575870
3.577684
3.683435
3.868308
3.764374
3.577313
3.886471
3.758756
3.629184
3.584493
3.515881
3.300549
3.297261
3.644106
3.757158
3.721371
3.590579
3.508894
3.660128
3.772794
3.869586
3.738443
4.016061
3.957144
3.871712
3.927816
3.704123
3.785253
4.132355
4.120537
4.284291
4.554065
4.719959
4.550393
4.559802
4.360753
4.506327
4.877844
4.867904
5.089898
4.880158
4.919590
5.088638
5.152089
5.421128
5.156158
5.262320
5.848935
6.205216
5.938587
5.948306
5.970363
6.438858
6.483784
6.099693
5.949547
5.976539
5.841049
6.210379
6.776351
6.639659
7.021786
7.360456
7.520597
7.528728
7.935638
8.226395
7.939340
7.668272
7.960477
7.862773
8.062233
8.193249
8.232765
8.159621
7.821192
7.985109
8.068566
8.433270
8.519425
9.137679
10.377920
11.170792
11.297184
10.971662
11.910461
13.641050
13.154347
12.557093
12.153351
11.397070
10.283094
10.212172
11.420407
13.726895
13.039168
12.642771
11.374635
10.966119
11.787772
11.670500
11.543536
11.904990
12.694228
12.408556
12.760346
12.784983
14.053488
13.543163
13.278758
13.560907
14.309149
13.933816
13.624311
13.380738
13.097992
13.366265
13.429211
13.988296
14.271262
14.288907
14.157797
14.730083
15.290415
16.535560
17.338549
17.339659
17.532665
16.346738
15.556359
15.195143
15.356649
15.230973
14.851349
14.511781
14.558675
14.308329
14.048083
13.924988
13.951640
14.268949
14.351004
14.074880
13.965847
14.524568
14.189394
13.609183
12.673836
12.614928
12.944351
12.503711
12.124597
12.218436
11.520356
10.844382
10.342391
9.766801
9.252380
8.739660
9.107892
9.402360
8.956381
9.029540
9.324533
8.995941
8.627317
8.698037
9.164855
9.548228
9.085350
9.027232
9.125504
9.827160
10.413497
10.535001
11.249253
11.490675
12.109934
12.277501
12.459361
12.627076
13.269342
13.575658
14.374091
13.971007
13.694786
12.408748
13.067774
12.672250
12.764028
12.710413
12.012768
11.508656
12.223870
12.444345
11.706784
10.910802
10.853584
10.701438
10.488632
10.418714
9.739972
9.443025
8.832851
8.889446
8.450942
8.330721
8.186874
8.548522
8.815452
8.453941
8.663491
8.226869
8.167030
8.085396
8.248855
7.444150
7.071680
6.936227
6.657380
6.778346
7.043512
6.914166
7.001726
7.041200
6.898788
6.953481
6.729451
6.262587
6.732474
7.213226
7.473437
7.406541
7.112598
7.347241
6.895861
6.874961
6.821183
7.398850
7.552020
7.424065
7.368262
7.720546
7.348540
7.013844
6.255630
6.125471
6.248615
6.804329
7.015403
6.750723
6.678313
6.724755
6.522814
6.043799
6.188943
6.138858
6.372659
6.361422
7.066164
7.724289
7.685653
7.685768
7.453221
6.886242
7.078804
7.569852
7.591169
7.303072
7.152877
6.880111
6.759815
6.406734
6.503582
6.373062
6.606877
7.030052
7.003925
7.469680
7.630814
7.134244
7.599408
7.982333
7.554934
7.485039
7.132468
7.714819
7.556185
7.994294
8.647600
8.929350
9.545690
9.494872
9.612470
8.981809
8.325675
7.874076
7.282928
7.479891
7.984947
7.856991
7.829322
8.086028
8.439778
8.745958
8.702228
8.808644
8.419503
8.630509
7.982012
7.823394
7.812104
7.538420
7.301663
6.403545
6.122149
5.701665
5.944583
6.245288
7.207793
7.105506
7.064828
6.859711
6.792390
6.404767
6.628908
6.880247
6.235906
6.817455
6.664467
6.379991
5.906978
5.971397
6.358721
6.005922
6.215608
5.970239
5.922202
6.045413
5.716873
5.733247
6.010978
5.842645
5.642373
5.414974
5.644949
4.998688
4.566695
4.325534
4.478806
4.495359
4.518688
4.360155
4.490785
4.069731
4.033197
3.973684
4.114838
4.186914
4.036337
4.171343
4.027708
3.898446
3.971297
4.714127
4.984237
4.903233
4.884645
4.702389
4.355555
4.345031
4.354621
4.210396
4.491221
4.413691
4.628673
4.944131
5.111782
4.982574
5.060241
4.728305
4.898839
4.709497
4.502836
4.153130
4.017466
3.967824
3.848816
3.710305
3.643077
3.433426
3.441189
3.052568
2.985756
2.889957
2.762398
2.612099
2.666771
2.501966
2.498771
2.545587
2.566879
2.458855
2.400104
2.539792
2.433570
2.592670
2.643782
2.621871
2.628832
2.551104
2.490824
2.527681
2.716509
3.027880
3.108671
2.997790
2.933254
2.740821
2.651944
2.658418
2.757834
2.752670
2.809843
2.711883
2.689818
2.516657
2.614243
2.487555
2.384358
2.350425
2.356687
2.299993
2.476198
2.690881
2.854904
2.723533
2.692406
2.757115
2.589981
2.755224
2.846736
2.760465
2.823585
2.878645
2.973053
3.013796
2.955156
2.991307
3.141514
3.113183
3.201350
3.265879
3.156848
3.068969
3.029632
3.079578
3.050728
3.149926
3.197323
3.529554
3.618020
3.824919
3.899078
3.714556
3.390878
3.196916
2.995022
2.828456
2.717747
2.559137
2.596949
2.314000
2.372207
2.445774
2.525031
2.616258
2.577231
2.583014
2.422722
2.261101
2.325055
2.399185
2.281304
2.184133
2.319872
2.303503
2.313874
2.293300
2.294543
2.407329
2.536047
2.553898
2.541778
2.602840
2.608297
2.421911
2.330053
2.401279
2.349951
2.283341
2.480719
2.584237
2.593198
2.463136
2.241686
2.181542
2.198958
2.110176
2.092392
2.166486
2.224222
2.225295
2.263754
2.316261
2.351345
2.245013
2.236579
2.140280
2.081829
1.956461
2.049363
2.181324
2.261443
2.323260
2.465854
2.509633
2.523820
2.483769
2.480254
2.472981
2.397260
2.393097
2.371093
2.260370
2.225603
2.133698
2.170280
2.052114
2.088724
1.905615
1.919771
1.943168
1.880383
1.969773
2.074440
2.062800
1.985002
1.874110
1.851260
1.823358
1.813910
1.721077
1.679595
1.700152
1.778108
1.688274
1.691268
1.680472
1.868773
1.995808
2.047135
2.124437
2.133357
2.139742
2.059044
1.906143
1.887197
1.917153
1.890143
1.870830
1.864947
1.877198
2.023988
2.137333
2.074774
2.062622
2.074457
2.141986
2.164263
2.053336
2.051775
2.083880
2.372442
2.316467
2.276308
2.193751
2.172436
2.234018
2.290682
2.313072
2.534787
2.602489
2.816537
2.873866
2.842060
2.859377
2.907504
2.785547
2.853607
2.753611
2.616839
2.560085
2.595437
2.400854
2.448770
2.490729
2.515356
2.565389
2.562051
2.640971
2.560796
2.502273
2.413510
2.510641
2.519038
2.571634
2.549956
2.559343
2.515568
2.430347
2.420077
2.347614
2.224141
2.206611
2.125648
2.113424
2.277968
2.368073
2.510108
2.442483
2.372287
2.462144
2.441522
2.506356
2.506168
2.525437
2.601937
2.525696
2.585802
2.568226
2.409508
2.399943
2.374040
2.400388
2.380124
2.397606
2.529199
2.728094
2.897962
2.892856
2.688213
2.681542
2.651561
2.550685
2.430146
2.463821
2.495005
2.397402
2.293411
2.245719
2.063614
1.995751
2.005486
1.971373
1.886084
1.820682
1.741371
1.815468
1.862258
1.808415
1.833721
1.976077
2.023310
2.047915
2.066537
2.227005
2.395253
2.529516
2.497387
2.595588
2.698571
2.666193
2.733788
2.697174
2.813727
2.735314
2.680676
2.775952
2.693978
2.686236
2.687507
2.704262
2.693983
2.569904
2.420620
2.269628
2.187344
2.150245
2.075538
2.055752
2.001122
1.876835
1.812866
1.803969
1.672739
1.652367
1.696426
1.652870
1.678222
1.721408
1.814115
1.843519
1.825610
1.935840
1.989248
1.920879
1.865811
1.877463
1.949343
1.975658
1.870494
2.073967
2.000222
2.078111
2.113761
2.275895
2.263000
2.251798
2.339608
2.316975
2.306241
2.277620
2.161747
2.127371
2.190383
2.361338
2.305598
2.535551
2.481678
2.785154
2.734814
2.805192
2.711261
2.695090
2.710215
2.725795
2.731541
2.993243
3.183512
3.285802
3.432279
3.390256
3.575093
3.494782
3.376235
3.522083
3.359972
3.176129
3.095131
3.065665
3.279655
3.471932
3.436024
3.391014
3.349961
3.264208
3.300179
3.361145
3.314923
3.463405
3.752612
3.982873
3.870736
3.698524
3.344161
3.271804
3.278976
3.194734
2.990921
3.047233
3.039593
3.053289
2.913034
2.917741
2.894529
2.865158
2.689787
2.920804
2.845266
2.918869
2.965672
3.197938
3.281471
3.257302
3.118007
2.989527
3.132643
3.179053
3.210333
3.403667
3.278060
3.241550
3.225853
3.233448
3.112062
3.030179
3.128071
3.229540
3.032841
2.963179
2.901698
2.975338
2.944913
3.048102
2.839210
2.762090
2.662798
2.782908
2.803535
2.780091
3.048317
3.105424
3.016607
2.896043
2.838729
2.613519
2.758205
2.585424
2.564575
2.361075
2.391168
2.296834
2.295893
2.245843
2.191473
2.165297
2.195741
2.261274
2.371231
2.326851
2.242185
2.183017
2.150217
2.254049
2.307154
2.357852
2.691470
2.746671
2.745298
2.909739
2.709356
2.623526
2.535095
2.320604
2.213440
2.327768
2.273526
2.203028
2.297829
2.294724
2.375981
2.476633
2.655001
2.784102
2.731826
2.726775
2.974393
3.016161
2.898313
2.860398
2.592286
2.708823
2.784907
2.805052
2.685767
2.532332
2.310679
2.311118
2.261093
2.243955
2.288929
2.288197
2.241882
2.279657
2.220985
2.087731
2.125602
2.137077
2.028812
2.080092
2.169913
2.167755
2.335266
2.427779
2.483514
2.514756
2.280158
2.321296
2.222398
2.404096
2.501082
2.582347
2.739848
2.707272
2.815745
2.778915
2.602327
2.731367
2.657322
2.590065
2.648513
2.803312
2.721870
2.566693
2.446540
2.355951
2.334051
2.410575
2.340580
2.432282
2.404353
2.300631
2.203825
2.275922
2.205535
2.285166
2.407241
2.419927
2.309969
2.295025
2.103858
2.197769
2.165468
2.011239
1.951717
1.876516
1.803786
1.785709
1.717100
1.610283
1.603057
1.669673
1.578786
1.541145
1.455081
1.565542
1.516387
1.480840
1.484439
1.540838
1.522979
1.497850
1.534427
1.516947
1.512355
1.525692
1.549319
1.516416
1.496136
1.551605
1.691207
1.702044
1.870273
1.876792
1.842674
1.735837
1.768480
1.834520
1.788680
1.690002
1.637060
1.634907
1.536013
1.633471
1.621631
1.694919
1.772872
1.624639
1.480594
1.469605
1.452910
1.544337
1.515746
1.560534
1.561118
1.530391
1.492722
1.491143
1.458358
1.453748
1.536563
1.589128
1.602703
1.683160
1.763366
1.867659
1.914031
1.879199
1.817916
1.849738
1.845259
1.900611
1.958007
2.053430
2.291788
2.291598
2.157976
2.091727
2.062164
2.260726
2.292957
2.314246
2.343027
2.385878
2.323587
2.468673
2.622317
2.751255
2.794072
2.848737
3.047661
2.871589
2.875594
2.687023
2.573988
2.573272
2.628641
2.501752
2.448808
2.354684
2.404754
2.320186
2.349687
2.364911
2.352967
2.395751
2.410155
2.249359
2.177370
2.059905
1.974311
1.878042
1.808117
1.709169
1.765846
1.687448
1.754912
1.812686
1.864617
1.783901
1.763881
1.746072
1.847436
1.905200
1.758454
1.698858
1.557110
1.620347
1.645229
1.672780
1.843670
2.006591
2.017092
1.925423
1.964047
1.909851
1.784735
1.679349
1.610493
1.637033
1.547717
1.584375
1.610812
1.577573
1.567833
1.563232
1.516563
1.452228
1.453495
1.421920
1.446239
1.436656
1.430641
1.426395
1.518262
1.475286
1.499073
1.475108
1.487049
1.461766
1.468359
1.478793
1.398574
1.369629
1.460206
1.353701
1.360430
1.347006
1.354736
1.354568
1.433200
1.514332
1.435102
1.346011
1.456685
1.504118
1.516613
1.663701
1.710444
1.688598
1.682163
1.721652
1.855168
1.857912
1.837912
1.825101
1.827838
1.795299
1.722568
1.690652
1.684160
1.690848
1.853630
1.889232
1.900512
1.834087
1.758175
1.814147
1.800117
1.753403
1.815837
1.996583
1.976474
1.996821
2.012453
1.960331
1.951727
1.953839
1.962023
1.979412
2.072475
1.997922
2.140756
2.143259
2.159349
2.188448
2.192014
2.079214
1.986669
1.898964
1.972477
2.028874
1.963455
1.839593
1.780468
1.816803
1.870450
1.777580
1.758572
1.656380
1.731333
1.769914
1.782347
1.820532
1.871402
1.798925
1.943548
1.869292
2.175942
2.392508
2.525204
2.727965
2.813449
2.701016
2.749753
2.819483
2.732708
2.697445
3.031406
3.309188
3.454791
3.395475
3.349896
3.227162
2.922443
3.128436
3.575924
3.446896
3.689498
3.717768
3.953600
4.050917
4.094689
4.271370
4.480664
4.511492
4.626540
4.825455
4.786827
4.868103
4.728279
4.780989
4.464451
4.518816
4.878457
4.833951
5.099536
5.390346
5.341180
5.029564
4.936719
4.567777
4.576083
4.542633
4.355760
4.470255
4.361186
4.670396
4.860679
4.556362
4.485651
4.302739
4.431606
4.438381
4.128315
3.997701
3.962192
4.220537
4.341166
4.215602
4.039310
4.199687
3.898388
3.938464
4.001594
4.122963
4.106921
4.296479
4.157444
4.215811
4.348429
4.371909
4.101508
4.118832
4.034993
3.887126
3.836301
3.640258
3.864853
3.489513
3.357253
3.538817
3.314845
3.223919
3.153877
3.197308
3.330771
3.290500
3.290114
3.247338
3.375711
3.473110
3.447325
3.350911
3.483736
3.464470
3.518570
3.528879
3.525549
3.314438
3.267256
3.313415
3.245315
3.247381
3.150918
3.243855
3.234252
3.249463
3.492969
3.471662
3.346213
3.107587
3.227671
3.367041
3.558157
3.608009
3.612401
3.444049
3.392827
3.315656
3.232048
3.197326
3.121337
2.982961
2.960623
2.934924
2.962785
2.749202
2.870836
2.984368
3.188885
3.335519
3.326624
3.386046
3.371840
3.385970
3.456214
3.470296
3.329068
3.214601
3.309932
3.195378
3.364581
3.437742
3.492648
3.539627
3.299244
3.487253
3.309026
3.038794
3.103474
3.222093
3.182091
3.225609
3.161846
2.837713
2.691675
2.667661
2.539481
2.865606
2.735768
2.806142
2.780084
2.837359
2.866739
2.742409
2.643814
2.647991
2.652672
2.665208
2.684065
2.370594
2.211550
2.280934
2.632491
2.872351
2.832730
2.867072
2.734386
2.862513
2.847348
2.852196
2.862961
2.732869
2.674819
2.846270
2.672694
2.523842
2.334407
2.286539
2.288684
2.212264
2.140016
2.083977
2.058526
1.976840
1.944801
2.012640
1.992389
2.037242
2.012165
2.033724
2.011897
1.880857
1.956009
1.959996
1.863846
1.790627
1.780412
1.779743
1.779842
1.827358
1.827466
1.931025
1.952239
1.902433
1.758946
1.772971
1.749229
1.611306
1.562184
1.605465
1.612464
1.698128
1.818273
1.750594
1.793036
1.723255
1.824156
1.937020
1.877141
1.928769
1.880182
2.016494
2.097758
2.120487
2.134478
2.118622
2.089357
1.851126
1.690233
1.620144
1.501398
1.451689
1.416396
1.347523
1.352068
1.321889
1.308366
1.284144
1.247371
1.274568
1.312382
1.321751
1.272902
1.224017
1.345835
1.268730
1.265063
1.286830
1.296885
1.297256
1.336925
1.302256
1.341176
1.360764
1.318400
1.337128
1.246186
1.232210
1.219200
1.209850
1.214589
1.186028
1.285634
1.247061
1.242958
1.246863
1.293065
1.433538
1.445807
1.360992
1.375751
1.357174
1.456062
1.480859
1.487385
1.423222
1.490625
1.472233
1.526096
1.566554
1.642244
1.740028
1.669616
1.693965
1.886209
1.900814
1.831153
1.971840
1.941332
1.948777
1.860642
1.838832
1.848742
1.932765
1.907930
1.845074
1.823409
1.990984
2.019236
1.993673
2.127094
2.077245
2.032972
1.942895
1.899099
1.904951
1.948118
1.900979
1.957028
1.854218
1.889945
1.761135
1.734267
1.699464
1.706035
1.678366
1.785625
1.785958
1.849327
1.679830
1.647688
1.672430
1.608705
1.644708
1.799625
1.820172
1.834261
1.767794
1.698898
1.798609
1.862890
1.859395
1.830470
1.825549
1.835892
2.039032
2.049397
2.029282
1.972292
2.023319
2.146495
2.122163
2.116853
2.077630
2.015615
1.939093
1.867776
1.845910
1.877991
1.845561
1.902934
1.896674
1.900770
1.853840
1.940430
1.923766
2.011267
2.036367
1.922704
2.079528
2.054820
1.982491
1.917123
1.878273
1.939362
1.881832
1.890373
1.823820
1.863595
1.827091
1.823439
1.887403
1.849511
1.886053
1.884996
1.897568
1.967865
2.042988
2.001365
1.968738
1.978263
1.888354
1.891128
1.877742
1.869022
1.823360
1.741800
1.910144
1.989770
2.026101
2.149791
2.056401
2.011592
1.814310
1.781570
1.869622
1.825102
1.880182
1.861840
1.931027
1.993346
1.988558
1.971942
2.049752
1.992904
1.956312
2.028302
1.987916
1.893236
1.808068
1.740060
1.773313
1.747805
1.811420
1.959862
1.888556
1.923254
1.926174
2.001483
1.933987
1.882863
1.951659
1.994138
1.907778
2.080580
2.126194
2.136981
1.961514
1.892825
1.814849
1.788738
1.802534
1.848117
1.827399
1.876488
1.890709
1.801275
1.661737
1.580767
1.529588
1.501044
1.598967
1.701463
1.724589
1.701034
1.751105
1.704107
1.702916
1.588395
1.597339
1.531509
1.471246
1.455039
1.315307
1.392185
1.391492
1.432620
1.416166
1.464958
1.480698
1.477740
1.541786
1.581013
1.568749
1.559607
1.508283
1.557341
1.612152
1.590719
1.591354
1.538030
1.586856
1.551816
1.509749
1.566058
1.564307
1.474957
1.370114
1.334282
1.272172
1.311616
1.338891
1.324601
1.354760
1.223650
1.198296
1.147118
1.077611
1.102416
1.180307
1.222820
1.244471
1.262939
1.313983
1.406154
1.394915
1.389900
1.370951
1.409657
1.505847
1.588474
1.528006
1.488082
1.383759
1.342337
1.341086
1.460234
1.419059
1.383001
1.344149
1.402610
1.466317
1.532751
1.560130
1.558719
1.506192
1.667105
1.900951
1.981187
1.977834
1.872214
1.868883
1.769396
1.825108
1.733348
1.708257
1.575713
1.470133
1.435203
1.433538
1.417411
1.423633
1.394341
1.442353
1.363373
1.319711
1.373215
1.448686
1.510811
1.648238
1.689255
1.829230
1.754553
1.679209
1.489667
1.505647
1.470874
1.416190
1.391043
1.418831
1.412126
1.422756
1.423161
1.511019
1.501438
1.473034
1.395662
1.485053
1.423690
1.387119
1.368241
1.316560
1.245265
1.362996
1.451263
1.508391
1.646635
1.711911
1.723203
1.641419
1.606882
1.536892
1.518425
1.515162
1.527316
1.516128
1.635487
1.663973
1.763218
1.789533
1.845964
1.807893
1.716000
1.734259
1.625684
1.571992
1.455780
1.415768
1.373752
1.403459
1.560350
1.566117
1.522255
1.466958
1.498286
1.459073
1.461193
1.420639
1.385434
1.463664
1.480278
1.503364
1.456575
1.446752
1.400317
1.463060
1.450409
1.391272
1.388934
1.464352
1.539696
1.622100
1.583005
1.575530
1.579950
1.562769
1.446333
1.373712
1.354098
1.320217
1.420233
1.402215
1.417634
1.417334
1.405718
1.396384
1.294900
1.290768
1.207524
1.171358
1.269486
1.377142
1.381164
1.446800
1.426855
1.450834
1.273814
1.247102
1.214835
1.272163
1.309664
1.343849
1.377398
1.457158
1.490984
1.494251
1.470256
1.555413
1.521513
1.381380
1.288801
1.256112
1.279663
1.209990
1.346699
1.483315
1.550231
1.578853
1.577052
1.546209
1.578517
1.596711
1.669593
1.676302
1.577705
1.651153
1.699157
1.681471
1.825545
1.897427
1.753364
1.673110
1.614193
1.609863
1.528253
1.573847
1.583854
1.550284
1.592920
1.567740
1.466655
1.515261
1.570428
1.519710
1.502955
1.485546
1.566902
1.704774
1.679958
1.567140
1.566678
1.519504
1.593957
1.555393
1.550247
1.443352
1.391266
1.426928
1.447487
1.407857
1.405242
1.365289
1.470112
1.398214
1.388339
1.396243
1.404445
1.315397
1.307574
1.256107
1.299844
1.216690
1.163084
1.232195
1.199065
1.208273
1.254705
1.250727
1.317671
1.312122
1.224320
1.243094
1.206002
1.181855
1.216252
1.227405
1.251403
1.292168
1.375558
1.350638
1.289119
1.248396
1.242422
1.203997
1.166692
1.158472
1.134645
1.123703
1.137725
1.136034
1.163822
1.226893
1.258280
1.302258
1.290480
1.323086
1.274967
1.295723
1.328228
1.322790
1.391697
1.368145
1.354609
1.304576
1.271523
1.214160
1.171555
1.193078
1.145115
1.234473
1.284588
1.283916
1.303709
1.279411
1.256903
1.256206
1.173768
1.153540
1.165296
1.142025
1.169247
1.184241
1.220611
1.205799
1.214506
1.269203
1.287847
1.294915
1.271673
1.228327
1.148274
1.150140
1.235972
1.236458
1.285316
1.308660
1.361432
1.295847
1.263875
1.343826
1.410326
1.389934
1.527139
1.476306
1.433188
1.407712
1.430626
1.435168
1.475094
1.490456
1.399343
1.343474
1.332644
1.310108
1.284843
1.235429
1.235697
1.196958
1.189474
1.218754
1.242333
1.213777
1.167279
1.162524
1.173475
1.208109
1.210231
1.309701
1.313758
1.268188
1.232776
1.200028
1.217747
1.211475
1.267055
1.249461
1.246341
1.232726
1.231469
1.280048
1.292014
1.275082
1.245146
1.251508
1.263375
1.217590
1.359452
1.396634
1.391684
1.345803
1.371247
1.352225
1.397479
1.385188
1.371452
1.367018
1.410398
1.445250
1.415823
1.447792
1.359132
1.334839
1.297560
1.245174
1.226401
1.311792
1.429470
1.410638
1.399641
1.394980
1.388905
1.345226
1.349988
1.437135
1.459733
1.465230
1.397309
1.475939
1.500330
1.505711
1.449672
1.331520
1.315665
1.315889
1.244803
1.156660
1.174536
1.192370
1.215865
1.267059
1.246477
1.216220
1.076069
1.124614
1.121853
1.170246
1.184845
1.129727
1.095972
1.128402
1.115913
1.149583
1.168119
1.103767
1.160527
1.197128
1.212446
1.245001
1.317571
1.366325
1.388154
1.380883
1.445156
1.476842
1.584792
1.548164
1.578565
1.576934
1.558635
1.608473
1.573969
1.535436
1.416833
1.438423
1.627531
1.600910
1.550454
1.470736
1.543461
1.585518
1.614098
1.656228
1.678067
1.697099
1.774443
1.847728
1.802560
1.719417
1.716401
1.721771
1.802713
1.754562
1.683694
1.662313
1.593857
1.653255
1.670783
1.792065
1.798063
1.761069
1.900209
2.092256
2.064516
2.031142
2.066977
2.016660
1.981003
1.987732
1.893186
1.824617
1.829060
1.770316
1.667785
1.669944
1.663184
1.583746
1.543901
1.587574
1.592508
1.547416
1.526497
1.513616
1.509684
1.532392
1.486546
1.570019
1.638080
1.595111
1.547852
1.585981
1.524538
1.667477
1.720785
1.676623
1.730692
1.709815
1.702746
1.735755
1.784512
1.846061
1.793209
1.805793
1.834260
1.907979
1.890749
1.889751
1.896512
1.920223
1.945876
1.908329
1.898257
1.881596
1.900716
1.901017
1.927077
1.855002
1.803855
1.753859
1.727628
1.699780
1.649329
1.650542
1.715426
1.729672
1.775453
1.782502
1.708828
1.688272
1.599106
1.563549
1.443610
1.462547
1.539077
1.468792
1.492393
1.458480
1.457089
1.369859
1.382739
1.319582
1.362381
1.292979
1.297084
1.251921
1.261329
1.214363
1.259123
1.240728
1.226927
1.178531
1.141034
1.181180
1.163900
1.133673
1.109117
1.257498
1.267336
1.280747
1.286210
1.283021
1.274871
1.264449
1.314452
1.333984
1.332773
1.251271
1.322267
1.336653
1.335892
1.253996
1.264536
1.245528
1.281694
1.216803
1.201267
1.213940
1.233856
1.201599
1.263071
1.219395
1.218376
1.219362
1.151500
1.143227
1.098598
1.093569
1.076606
1.076482
1.043333
1.144854
1.151273
1.093138
1.130755
1.148463
1.204096
1.223142
1.236999
1.249429
1.236356
1.250612
1.314401
1.344745
1.333777
1.388449
1.398659
1.388471
1.367261
1.349013
1.458301
1.469821
1.386763
1.356141
1.354962
1.388700
1.332965
1.301643
1.254946
1.234112
1.230327
1.234793
1.174022
1.173792
1.123461
1.114203
1.159870
1.158734
1.280589
1.323636
1.328040
1.340757
1.366896
1.391328
1.326553
1.309396
1.325891
1.327905
1.288065
1.446917
1.443586
1.388335
1.401906
1.354333
1.315821
1.298337
1.323111
1.372008
1.437439
1.373648
1.391894
1.395540
1.292058
1.341987
1.300421
1.306374
1.399665
1.442344
1.388667
1.355974
1.354577
1.304941
1.369801
1.353074
1.352950
1.408956
1.389718
1.305669
1.463677
1.460124
1.603192
1.534698
1.563993
1.558727
1.528633
1.604461
1.653328
1.545169
1.562454
1.523325
1.467435
1.390634
1.321900
1.212366
1.260059
1.185379
1.211550
1.209981
1.155410
1.195432
1.218495
1.235625
1.193998
1.159803
1.156858
1.214737
1.192559
1.197665
1.165179
1.152336
1.225672
1.273311
1.239641
1.318059
1.312630
1.411861
1.525881
1.608213
1.615976
1.621884
1.672619
1.666089
1.685350
1.614821
1.657273
1.574833
1.525259
1.536634
1.572902
1.636646
1.606792
1.635651
1.692293
1.663725
1.679620
1.686800
1.726082
1.690551
1.623950
1.587003
1.570331
1.561451
1.462973
1.428550
1.394139
1.423557
1.537404
1.540993
1.558483
1.580545
1.558489
1.446510
1.442545
1.393995
1.435569
1.416670
1.394576
1.400832
1.360881
1.315559
1.261301
1.229956
1.194192
1.200018
1.246620
1.237915
1.183922
1.131012
1.220403
1.221218
1.275875
1.226404
1.273016
1.253121
1.180296
1.137665
1.147971
1.173398
1.149936
1.148349
1.174088
1.158476
1.102233
1.096494
1.030515
1.072664
1.119248
1.110112
1.116331
1.153587
1.222462
1.188639
1.195662
1.195018
1.256375
1.239411
1.248770
1.238347
1.245735
1.173958
1.137816
1.170071
1.119961
1.207040
1.242740
1.230507
1.269813
1.339789
1.302737
1.270581
1.301404
1.288125
1.279983
1.278429
1.272405
1.245520
1.267113
1.200031
1.158300
1.180761
1.146506
1.063490
1.067587
1.101107
1.123989
1.012967
1.013298
1.048724
1.091629
1.162169
1.141212
1.047044
1.064499
1.111979
1.208663
1.232791
1.244195
1.292920
1.383337
1.360657
1.449260
1.412486
1.445746
1.501439
1.524575
1.612884
1.593510
1.536141
1.500259
1.474382
1.509611
1.478473
1.430708
1.461133
1.494508
1.534117
1.472382
1.613225
1.596631
1.578626
1.634248
1.660038
1.670977
1.679439
1.561092
1.510864
1.707983
1.672901
1.805896
1.735905
1.737176
1.827833
1.911485
1.813633
1.807880
1.794490
1.815073
1.826997
1.786536
1.821442
1.809373
1.759124
1.692942
1.697679
1.752672
1.838581
1.973435
1.921091
1.918744
1.888873
1.863207
1.886246
1.842058
1.822784
1.817357
1.845595
1.848216
1.860771
1.799911
1.791588
1.909137
2.052091
2.107703
2.124464
1.968085
1.957023
1.986371
2.052605
2.049167
1.968931
1.947531
1.892946
1.850591
1.818932
1.738920
1.712076
1.691169
1.789461
1.703967
1.713817
1.783822
1.908455
1.863895
1.807785
1.806553
1.800550
1.809889
1.798935
1.812744
1.899691
1.886120
1.870778
1.826214
1.957218
2.010553
1.991017
2.015081
2.120689
2.201160
2.435319
2.440818
2.408846
2.310961
2.324492
2.349418
2.223923
2.327973
2.344325
2.220211
2.282309
2.219699
2.280489
2.591287
2.526448
2.498698
2.608525
2.587118
2.538672
2.670939
2.629402
2.606041
2.714978
2.592981
2.677281
2.648556
2.537896
2.552764
2.622014
2.605692
2.899471
3.140680
3.250297
3.444965
3.459166
3.164362
3.290891
3.291649
3.460996
3.299035
3.386906
3.449389
3.398430
3.451809
3.345324
3.341597
3.131939
2.971276
3.094205
3.112375
3.139924
3.089288
3.161379
3.100245
3.285526
3.099722
3.127591
2.994283
2.914073
3.005528
2.868134
2.921552
2.938990
3.004208
2.990561
2.883632
2.796777
2.857393
3.020781
2.937755
2.854888
2.967644
2.893881
2.887372
2.963771
2.995774
3.084138
3.141258
3.364040
3.448459
3.534518
3.630783
3.532976
3.409418
3.470740
3.387846
3.337274
3.464909
3.540155
3.668700
3.525743
3.503569
3.384849
3.284636
3.157458
3.335613
3.407812
3.468831
3.545641
3.465829
3.523147
3.561745
3.550436
3.561423
3.487988
3.481877
3.472241
3.415110
3.402726
3.351745
3.388345
3.361992
3.406908
3.428468
3.721053
3.773643
3.500155
3.561459
3.280612
3.246699
3.432970
3.594653
3.534649
3.741074
3.929088
4.316718
4.301676
4.248149
4.049655
3.709489
3.447364
3.483543
3.536406
3.435435
3.253835
3.133163
3.002983
2.920742
2.941397
2.991326
3.132089
3.155699
3.215473
3.243962
3.113414
3.047255
2.939506
2.726404
2.744206
2.765838
2.714478
2.854090
2.970069
2.941296
2.949948
2.892871
2.875206
2.735714
2.811347
2.725966
2.767902
2.820418
2.721312
2.604929
2.548477
2.489940
2.510714
2.320271
2.293934
2.244715
2.254588
2.246691
2.160755
2.226697
2.283234
2.300907
2.335639
2.397596
2.708131
3.186280
3.386978
3.246191
3.023434
2.967053
2.838720
2.826511
2.781074
2.648449
2.764383
3.024650
3.082435
2.848056
2.888653
3.042391
3.343034
3.606605
3.709025
3.786459
3.769869
3.996265
4.151829
3.948893
4.166437
4.420655
4.753500
4.619176
4.501316
4.585986
4.404278
4.399431
4.218403
4.042588
3.881864
3.660731
3.656184
3.479898
3.517128
3.568324
3.622919
3.555691
3.521171
3.540662
3.689638
3.505479
3.388682
3.479123
3.462461
3.347377
3.298896
3.246965
3.238911
3.171900
3.212037
3.268114
3.298520
3.101435
3.085254
2.967015
3.221087
3.292374
3.348833
3.206501
3.116934
3.049725
3.010057
3.093111
3.131343
3.164123
3.126533
3.342282
3.237425
3.252192
3.380704
3.292674
3.324681
3.309060
3.230516
3.337838
3.301158
3.281233
3.436571
3.409785
3.572957
3.526441
3.370100
3.152977
3.330752
3.369939
3.294380
3.191416
3.240577
3.245321
3.314811
3.265152
3.328144
3.184135
3.392775
3.377706
3.619120
3.617551
3.855641
3.524110
3.852955
3.932693
3.906051
3.866000
3.881684
3.711239
3.629671
3.501164
3.466726
3.436361
3.480483
3.497537
3.455771
3.358342
3.529636
3.283422
3.145530
3.049092
3.026081
3.057292
3.062672
2.935343
2.827502
2.909226
2.859090
2.813655
2.838451
2.837617
2.787798
2.781905
2.714168
2.529626
2.600293
2.586991
2.553488
2.462747
2.536862
2.628568
2.840631
2.778867
2.850974
2.790154
2.591526
2.465947
2.447744
2.398737
2.283363
2.188575
2.178763
2.106876
2.030044
2.079732
2.032714
2.054795
2.019077
2.037836
2.089459
1.984067
1.942754
1.924865
1.929778
2.064785
1.938922
2.031683
2.139041
2.129143
2.125951
2.301924
2.556157
2.482343
2.459663
2.629846
2.588444
2.838077
2.832833
2.799062
2.882486
2.687439
2.634862
2.787738
2.793773
2.630425
2.581909
2.518053
2.445777
2.315741
2.083123
2.081930
2.190014
2.154915
2.030615
1.975885
1.898417
1.989012
2.020711
2.110082
2.093605
2.042399
2.035658
2.105857
2.049667
2.064865
2.060771
2.247348
2.263114
2.372115
2.670725
2.614855
2.584609
2.587512
2.505716
2.468716
2.386609
2.524748
2.607404
2.819647
2.901431
2.864844
2.830613
2.834654
2.899982
2.769899
2.939419
2.929825
2.894748
2.993014
2.867476
2.726133
2.752053
2.754668
2.603505
2.571422
2.522111
2.258579
2.175804
2.074645
2.112053
2.310005
2.401807
2.347237
2.249569
2.294383
2.417654
2.469819
2.489805
2.413601
2.261505
2.260820
2.141260
1.937732
1.862791
1.860709
1.871201
1.741898
1.705239
1.665070
1.616729
1.626163
1.568457
1.523397
1.531753
1.485956
1.504474
1.473513
1.435378
1.502122
1.534391
1.474207
1.463327
1.467445
1.423820
1.462799
1.495795
1.582852
1.524662
1.417770
1.525759
1.499481
1.536951
1.532792
1.574056
1.534285
1.467526
1.538142
1.483264
1.523739
1.458361
1.422172
1.399757
1.395161
1.392551
1.444805
1.326571
1.321019
1.204116
1.217507
1.158353
1.190541
1.230637
1.253263
1.334247
1.341480
1.321866
1.249699
1.264602
1.231077
1.182344
1.139464
1.107915
1.111956
1.107628
1.130022
1.278525
1.352429
1.379387
1.332268
1.331797
1.304633
1.346903
1.298503
1.242769
1.271390
1.294950
1.376012
1.377216
1.356744
1.393031
1.379085
1.386399
1.466782
1.507109
1.598081
1.493678
1.643924
1.652255
1.825242
1.869471
1.885308
1.811556
1.849513
1.893275
1.865901
1.785741
1.900239
1.888765
1.904927
1.916022
2.030103
1.973056
1.953199
1.945237
1.958950
1.902281
1.869208
1.820931
1.759272
1.714751
1.680940
1.621922
1.545798
1.568354
1.455957
1.462112
1.441532
1.360871
1.403691
1.427216
1.448703
1.444156
1.465308
1.497194
1.486626
1.454836
1.480753
1.544496
1.559028
1.629177
1.687246
1.657716
1.642180
1.684307
1.586327
1.528076
1.581481
1.558373
1.493509
1.534814
1.534501
1.570112
1.636450
1.598367
1.587949
1.560979
1.480190
1.512926
1.523988
1.615165
1.518195
1.573889
1.559811
1.756391
1.836986
1.939655
1.943403
2.107562
2.083873
2.240594
2.366033
2.271942
2.192081
2.217966
2.253264
2.103637
2.173728
2.063727
2.015363
2.102457
2.112962
2.258718
2.260397
2.291839
2.336165
2.471573
2.535248
2.667812
2.723931
2.844540
2.839916
2.664211
2.736801
2.940578
2.959927
3.145079
3.086080
2.883835
2.837243
2.941952
2.791442
2.691065
2.690508
2.623060
2.857740
2.999323
3.292760
3.277794
3.363341
3.401865
3.324629
3.164687
3.094494
2.862050
2.936703
2.873045
2.947741
3.146059
3.377238
3.387277
3.347375
3.334505
3.334675
3.140774
3.293015
3.443946
3.485309
3.311087
3.552092
3.588164
3.606332
3.634733
3.550960
3.518403
3.454826
3.575284
3.536415
3.674919
3.466262
3.360235
3.303953
3.251437
3.216001
3.266721
3.037607
3.032216
3.095183
3.080261
3.068977
3.072042
3.140007
3.393024
3.327232
3.506618
3.514447
3.353206
3.305845
3.499839
3.341124
3.449441
3.402221
3.509731
3.372724
3.364034
3.350279
3.538811
3.541814
3.440648
3.725482
3.549325
3.470451
3.553591
3.680980
3.853706
4.042983
4.086894
4.125168
3.993037
3.944865
3.795349
4.138135
4.276599
4.429144
5.109992
5.839170
6.311870
6.104688
5.929127
5.640032
6.024266
6.722332
7.978463
9.575115
9.396856
9.154122
9.231707
9.002720
9.386446
8.789010
9.608707
10.022251
9.959094
9.871591
9.383589
9.216101
8.864208
9.077954
9.212470
8.333553
8.434967
8.163641
7.647671
7.605535
7.631259
7.304369
7.040840
7.040011
7.093798
7.380938
7.447669
7.339855
7.598073
8.319433
8.374190
8.720886
9.213251
9.642986
10.234301
10.653731
12.050483
12.762574
12.754742
12.655701
12.746078
12.618153
12.877505
13.207520
12.677675
13.067290
12.858437
13.503885
13.470585
13.024316
12.226190
11.156043
10.994589
11.084909
10.718650
10.709982
10.845982
10.717477
9.996262
9.476120
9.183195
9.383752
9.119231
8.720104
8.998687
8.454947
8.159460
8.028233
7.535863
7.269082
7.281029
7.435804
7.134730
7.700853
7.713651
7.661911
7.795323
7.622110
8.055149
7.527975
7.648640
7.667056
7.893090
8.135870
8.657105
8.930085
8.505014
8.186958
7.735196
7.141082
6.762693
6.739297
6.702920
6.431145
6.319195
5.919185
5.497100
5.605987
5.546431
5.211972
5.019341
5.210434
5.140888
5.246554
5.414002
5.439888
5.358712
5.827768
5.460490
5.148065
4.807477
5.001553
4.857370
4.978791
4.980619
5.121775
5.108922
5.397143
5.241751
5.119366
4.991459
4.862787
4.714365
4.479740
4.398233
4.349018
4.330822
4.032187
4.039475
3.752264
4.060627
4.088853
4.013769
3.960177
3.682683
3.618574
3.448371
3.243909
3.331328
3.283475
3.428110
3.595853
3.706009
4.192744
4.903603
4.828810
4.940397
5.443662
6.096248
6.025352
6.294190
6.239062
6.047273
5.293856
5.179614
4.943552
5.233913
5.269914
5.456713
5.585212
5.623734
5.574051
5.010349
4.733066
4.498362
4.515688
4.290133
4.163915
3.919840
3.935990
4.114268
3.894367
3.955566
3.639677
3.494518
3.228867
3.231966
3.405163
3.456621
3.451216
3.584565
3.553190
3.651168
3.644389
3.665938
3.611847
3.853293
3.868048
4.035510
3.938045
4.282740
4.346830
4.240107
3.921216
3.831152
3.608405
3.640891
3.445058
3.314433
3.099928
2.938652
2.910540
2.687124
2.890842
2.949435
2.917714
2.811578
2.742277
2.868731
2.908194
2.884931
3.030209
2.796200
2.790934
2.890786
2.793726
2.743661
2.938053
2.941216
2.869747
2.797856
2.775027
2.693905
2.772648
2.733832
2.684936
2.499217
2.433834
2.305319
2.078164
2.025483
1.957364
1.853634
1.793641
1.861140
1.878494
1.846297
1.816172
1.733073
1.753080
1.827563
1.886106
1.979489
2.005764
2.015058
1.977696
2.036262
1.983226
1.962005
1.946759
2.201780
2.237935
2.224901
2.310649
2.299939
2.341551
2.452565
2.538236
2.460236
2.403024
2.437152
2.547134
2.615781
2.539827
2.589123
2.545786
2.507588
2.492875
2.485230
2.404743
2.296393
2.136581
2.084166
2.166436
2.106314
2.117383
2.149313
2.122343
2.114167
2.128956
2.131716
1.978274
1.826490
1.809665
1.784214
1.669837
1.713504
1.812696
1.694076
1.642448
1.651838
1.771268
1.776897
1.792668
1.824590
1.821031
1.863362
1.787329
1.756753
1.620915
1.669790
1.660436
1.615520
1.578865
1.554489
1.635165
1.727561
1.675109
1.640315
1.616668
1.620600
1.519258
1.566588
1.474625
1.574176
1.548576
1.752441
1.897647
2.005205
2.098010
1.955972
1.845599
1.941488
1.956177
1.973886
1.974481
2.026639
2.153524
2.084771
2.026038
2.013098
1.878603
1.849110
1.900992
1.867219
1.771912
1.838024
1.790109
1.884270
1.995542
2.071624
2.063507
2.108306
2.018922
1.992031
1.982723
1.935532
1.942827
1.910555
1.951469
1.855229
1.952591
2.016184
2.077343
2.229774
2.225330
2.203724
2.151715
2.115966
2.137487
2.222964
2.164543
2.036394
1.938224
1.898570
2.023827
1.894032
1.735541
1.746084
1.826956
1.792017
1.896995
1.964492
1.927008
1.989878
2.012699
2.039667
2.032300
2.050480
1.958741
2.027873
2.103762
2.258040
2.207790
2.042689
2.092718
2.088292
2.030244
2.071787
2.272603
2.344294
2.271699
2.342910
2.395610
2.393100
2.145160
2.209041
2.226574
2.313924
2.209406
2.109355
2.013085
2.048577
2.079241
2.072455
1.960840
2.021612
2.156683
2.164637
2.216218
2.179216
2.274308
2.278710
2.256838
2.261142
2.292877
2.191494
2.251813
2.257153
2.081444
2.045736
1.983345
2.066749
2.095724
2.030227
1.985567
2.273714
2.219238
2.044272
2.085981
1.985644
2.016648
2.028627
2.009877
2.080654
1.952566
1.905642
1.965375
2.057635
2.101825
2.082526
2.048862
2.021417
1.896816
1.834646
1.983467
2.094467
2.213463
2.655460
2.859581
2.720555
2.673746
2.458967
2.478242
2.440538
2.426869
2.276805
2.329078
2.376299
2.607900
2.701943
2.696840
2.717355
2.715204
2.679408
3.079527
3.214684
3.018107
3.034431
3.069635
2.880073
2.559831
2.497379
2.345530
2.269445
2.285404
2.224480
2.228727
2.249374
2.382121
2.431649
2.233558
2.195153
2.294427
2.249631
2.113398
2.003355
1.833879
1.893123
2.006476
2.070386
2.129156
2.061577
2.040049
1.961604
2.128765
2.070561
2.152827
2.043931
1.986331
2.021870
2.210021
2.258587
2.302405
2.328527
2.337259
2.298929
2.564304
2.469044
2.626771
2.824783
2.740623
2.602995
2.684543
2.692009
2.711867
2.599631
2.539286
2.622432
2.515282
2.499259
2.444687
2.459494
2.588420
2.661440
2.718530
2.569312
2.507974
2.465347
2.494397
2.521131
2.634211
2.542828
2.474330
2.309326
2.298658
2.336705
2.465211
2.362481
2.320263
2.366201
2.407739
2.530370
2.385510
2.512774
2.557243
2.710644
2.813941
2.901334
3.072580
3.161034
3.072273
3.069945
3.073006
3.445947
3.151535
3.206242
3.099976
2.912191
2.806499
2.757543
2.666688
2.539674
2.511190
2.464702
2.437428
2.451445
2.494121
2.437480
2.573239
2.792658
2.799129
2.846561
3.087673
3.151603
3.255503
3.174441
3.216933
3.162270
3.207872
3.361894
3.213814
3.106502
3.028028
3.092174
3.042805
3.015391
2.973807
2.958261
2.853607
2.764118
2.770929
2.914253
2.946280
3.064190
3.224231
3.085449
2.992402
3.062199
3.273208
3.577280
3.562696
3.410309
3.295457
3.222322
3.230186
3.417743
3.491285
3.514376
3.628109
3.326409
3.266785
3.387955
3.212417
3.149507
3.248207
3.114473
3.323375
3.455082
3.375513
3.411833
3.309872
3.258607
3.056096
3.047702
3.118901
2.910379
3.033317
3.032054
3.194063
3.235369
3.185165
2.997552
2.733905
2.822463
3.088560
3.218284
3.035976
3.146778
2.967007
2.931515
2.852196
2.807789
3.069499
3.162678
3.210985
3.465032
3.493562
3.569715
3.396574
3.516427
3.634225
3.787033
3.770710
3.870986
4.054961
3.924911
3.942467
3.896715
4.285798
4.199254
4.356149
4.368811
4.407374
4.144305
4.367731
4.197330
4.047236
4.146296
4.242356
4.437523
4.504100
4.171049
4.030301
4.031439
3.789747
3.881392
4.024701
4.416257
4.195875
4.260159
4.109678
4.365883
4.656397
4.790491
5.012640
4.916825
4.739128
5.006311
5.122085
4.909438
4.871745
5.023334
5.046850
4.627590
4.675459
4.349539
4.322505
4.041988
4.100380
3.960604
3.947908
3.938610
4.172133
4.245134
4.388770
4.585130
4.487820
4.311887
4.157857
4.105915
4.266410
4.324153
4.054286
4.133975
4.244966
4.312437
4.225857
4.135239
4.140062
4.192486
4.432889
4.391457
4.309767
3.986132
3.907562
3.619531
3.536457
3.412724
3.487367
3.522536
3.364027
3.171034
3.142843
3.241379
3.139899
3.250385
3.078417
3.174245
2.968293
2.958061
3.173936
3.250222
3.051300
3.201863
3.193056
3.021884
3.272185
3.345393
3.179935
3.142755
3.216826
3.352173
3.312521
3.285448
3.093137
3.432454
3.517029
3.380266
3.484912
3.507473
3.779824
3.798443
3.654561
3.762925
3.899136
3.884302
3.882682
3.651389
3.725884
3.907232
3.774928
3.726323
3.892873
4.038113
3.960392
4.081805
4.169475
3.981042
4.013870
3.748545
3.662743
3.626868
3.497893
3.437197
3.279690
3.139453
3.082875
3.026246
2.820790
3.033436
3.033551
3.046798
3.172276
3.282556
3.260699
3.154674
3.018828
2.908908
2.696288
2.818978
2.944674
2.843831
2.887345
2.918309
3.064577
2.968252
2.850177
2.759879
2.766772
3.026867
3.216100
3.289153
3.022957
2.958570
3.162507
2.996419
2.863250
2.786578
2.912543
3.068565
3.018093
3.167593
3.308049
3.247750
3.094703
3.146110
3.108993
3.137644
3.140231
3.100652
3.267866
3.302696
3.385280
3.310560
3.374847
3.185722
3.250031
3.019199
2.928912
2.796107
2.727492
2.756592
2.849063
2.876270
2.967107
2.803318
2.829865
2.757221
2.758946
2.797726
2.808295
2.960083
2.796182
2.664723
2.711285
2.746538
2.682994
2.738922
2.977997
2.793954
2.649266
2.531108
2.431422
2.348761
2.273242
2.257476
2.258024
2.365332
2.424368
2.354106
2.362125
2.366835
2.239253
2.243146
2.323005
2.234734
2.227595
2.430553
2.441075
2.276384
2.286524
2.230140
2.292306
2.122533
1.985105
2.016409
2.041938
2.013075
2.046273
1.995266
2.052617
2.053289
2.140226
2.179995
2.240598
2.211082
2.205307
2.210381
2.138675
2.182596
2.138619
2.049629
2.011446
1.931895
1.960176
1.959051
1.916855
1.884376
1.927137
1.889735
1.948215
1.988562
1.979755
2.020787
2.031519
2.051202
2.059475
2.137949
2.128916
2.087011
2.109275
2.127099
1.945485
2.012031
2.017685
2.054756
1.964075
1.966215
1.966436
2.070036
2.209979
2.204757
2.195031
2.201936
2.176063
2.128231
2.238634
2.235233
2.161283
2.103216
2.043319
2.033637
2.099483
2.254269
2.188416
2.288702
2.444507
2.534085
2.585474
2.506964
2.506041
2.610155
2.589640
2.579003
2.514727
2.406202
2.312824
2.482989
2.613250
2.559477
2.334507
2.465356
2.638529
2.644076
2.672242
2.543174
2.639830
2.503496
2.317059
2.295142
2.285370
2.040005
1.978237
1.992109
2.049689
1.960747
1.869991
1.972343
1.991468
1.915092
1.889607
1.787189
1.758066
1.782626
1.820048
1.772613
1.696306
1.630319
1.669132
1.619680
1.725185
1.692760
1.714095
1.617809
1.657181
1.739844
2.053212
2.085037
2.155971
2.254437
2.379228
2.325088
2.312162
2.317457
2.282482
2.265759
2.265169
2.173931
2.071761
2.019730
1.999971
2.079240
2.041235
2.095233
2.029249
1.987798
1.984982
2.432714
2.453480
2.371790
2.247546
2.148724
2.092629
2.112174
2.052961
1.958344
1.937366
1.974555
2.037848
2.041041
2.066863
2.115460
2.146006
2.155646
2.141251
2.007355
1.983415
1.984803
1.971896
1.933398
1.789483
1.714515
1.842792
1.822555
1.784743
1.761987
1.758438
1.844865
1.918519
1.830039
1.866178
1.907931
1.837107
1.751069
1.682986
1.660108
1.756210
1.825121
1.841735
1.808558
1.722356
1.681303
1.648328
1.706724
1.659577
1.671276
1.646681
1.531489
1.495399
1.585650
1.570553
1.529870
1.576776
1.475369
1.586030
1.711772
1.780555
1.827296
1.844935
1.826201
1.850688
1.916611
1.963350
1.940838
2.011802
1.922687
1.848764
1.914333
1.826067
1.865413
1.796536
1.786504
1.885639
1.864708
1.858696
1.801651
1.670804
1.640453
1.595049
1.574674
1.567836
1.555149
1.533308
1.517875
1.566592
1.454938
1.436534
1.457854
1.466170
1.480296
1.508399
1.613619
1.690218
1.612918
1.828310
1.965694
1.929644
2.029741
2.169803
2.294723
2.159059
2.006817
1.868152
1.923850
1.987211
1.894503
1.807144
1.837053
1.748074
1.763066
1.730612
1.735872
1.786924
1.880135
1.835261
1.813393
1.759899
1.708244
1.752896
1.818656
1.952259
1.891427
1.981868
2.018210
1.927442
1.972289
1.950627
1.946418
2.018460
2.006632
1.992997
2.142621
2.240235
2.360171
2.405221
2.464714
2.528441
2.494350
2.432508
2.395551
2.313517
2.316744
2.277888
2.302913
2.362105
2.289055
2.308211
2.302384
2.191663
2.159705
2.257452
2.219675
2.172000
2.105112
2.031926
2.121541
2.094556
2.012966
2.051381
2.159638
2.074054
2.110768
2.167848
2.385199
2.450666
2.316950
2.374621
2.275705
2.288910
2.177968
2.221901
2.224791
2.317632
2.320334
2.334859
2.209341
2.204236
2.216507
2.205746
2.270392
2.131178
2.364136
2.431628
2.560764
2.546095
2.732396
2.680136
2.724409
2.693090
2.705369
2.677744
2.866174
2.877556
2.997486
2.929126
3.142761
3.248026
3.444873
3.467522
3.384349
3.471737
3.647296
3.774135
3.611485
3.450939
3.352289
3.466787
3.596183
3.560190
3.088917
2.957231
3.098469
3.111231
3.193313
3.055953
3.188144
3.243915
3.248659
3.135444
2.978893
2.901494
2.642527
2.480312
2.420104
2.354493
2.346446
2.409728
2.374988
2.379295
2.575495
2.525675
2.487654
2.381352
2.275582
2.160575
2.248036
2.151374
2.091498
2.143747
2.117733
2.129405
2.184920
2.288449
2.296703
2.307498
2.149953
2.211215
2.073500
1.973248
1.890886
1.859279
1.794999
1.617912
1.655257
1.652984
1.718673
1.762846
1.767354
1.639200
1.544376
1.383345
1.334251
1.238257
1.230213
1.239366
1.261060
1.302563
1.344421
1.378393
1.374757
1.318572
1.342503
1.297037
1.258249
1.221677
1.160739
1.106383
1.091724
1.093714
1.120575
1.080069
1.112019
1.168773
1.149719
1.152525
1.103445
1.095922
1.055310
1.006914
1.018714
0.988265
0.989122
0.961943
0.964590
0.935956
0.919556
0.946439
1.056775
1.134836
1.260675
1.256202
1.374194
1.355492
1.387124
1.432051
1.341071
1.349078
1.240161
1.141722
1.127506
1.064364
0.998756
0.969817
0.970099
0.891960
0.878542
0.858885
0.842863
0.883963
0.930305
1.033231
1.070009
1.157192
1.231094
1.225518
1.168137
1.168216
1.336718
1.392388
1.370133
1.342450
1.408920
1.412594
1.416802
1.458227
1.416776
1.465438
1.494080
1.640558
1.585189
1.593555
1.573596
1.733198
1.734042
1.721980
1.578556
1.690973
1.694781
1.557518
1.543117
1.655598
1.683237
1.759745
1.641336
1.642812
1.546273
1.621770
1.716638
1.690106
1.709510
1.788010
1.790018
1.736440
1.775340
1.666720
1.658221
1.726642
1.783851
1.783137
1.820134
1.795768
1.776058
1.776424
1.948456
1.891317
1.783106
1.679221
1.628601
1.658864
1.570624
1.529210
1.605836
1.652916
1.778205
1.743674
1.712351
1.689943
1.723312
1.580544
1.545538
1.501434
1.628133
1.686926
1.747646
1.765994
1.632164
1.624036
1.597010
1.597519
1.671832
1.613633
1.616439
1.588771
1.506855
1.518285
1.584003
1.553033
1.505692
1.523296
1.491964
1.570946
1.641916
1.746784
1.743016
1.626948
1.557577
1.669911
1.706852
1.639406
1.602620
1.618405
1.739086
1.733902
1.893190
1.982132
2.102930
2.397599
2.357325
2.661497
3.003667
2.880859
3.046714
3.184176
3.380216
3.112884
2.995448
2.909023
3.094736
3.232688
3.158902
3.358821
3.535717
3.641169
3.739651
3.756505
3.884450
3.744347
3.920007
4.414606
4.488278
4.916995
5.185071
5.090502
5.025493
4.822144
4.929471
4.977264
4.928654
5.149647
5.531248
5.569995
5.489202
5.619935
5.266996
5.391126
5.069199
4.810778
4.760562
4.753329
4.554516
4.379916
4.134606
4.076373
4.109314
3.888081
4.205690
4.278183
4.312152
4.625005
4.799158
4.766512
5.083982
5.164374
5.225459
5.246245
5.029751
4.807898
4.815389
4.521306
4.264531
4.279929
4.078929
4.083269
4.137058
4.026470
3.939026
3.980603
4.000019
4.129602
4.171611
4.443629
4.509877
4.305668
4.337928
4.155244
4.288545
4.139870
4.232379
4.277871
4.533322
4.544534
4.430679
4.277033
4.260624
3.994681
4.157086
4.085850
3.919890
3.743617
3.625088
3.518473
3.432152
3.524457
3.652090
3.587980
3.465780
3.537967
3.493887
3.427739
3.286724
3.280787
3.439306
3.423890
3.273536
3.143326
3.110062
3.159432
2.933943
2.832823
2.813014
2.769406
2.687957
2.782851
2.818575
2.780727
2.646110
2.571829
2.583281
2.613908
2.416072
2.438798
2.523941
2.466593
2.501891
2.429553
2.429993
2.434126
2.559878
2.571819
2.591440
2.866016
2.813736
2.720846
2.598510
2.319407
2.223891
2.200796
1.941790
1.897889
1.806159
1.866257
1.913409
1.908786
2.057135
2.148997
2.179023
2.143787
2.145276
2.103527
1.995262
1.998458
2.115051
2.062367
2.189395
2.077750
2.113579
1.989527
1.924582
1.913460
1.898392
1.896742
2.016328
2.074014
2.137233
2.135182
2.195277
2.367071
2.396000
2.335973
2.230692
2.332602
2.358608
2.287365
2.345690
2.270345
2.145687
2.068966
2.096084
2.000231
1.999253
1.988650
1.835306
1.932645
1.947231
1.940692
2.062392
2.098558
2.066948
2.075828
2.126273
2.028560
2.034792
1.997998
1.860772
1.816556
1.803235
1.796125
1.914609
1.984806
1.937366
1.985695
1.980383
1.978081
1.989418
1.874213
1.895349
1.861731
2.021479
2.087734
2.033255
2.105059
2.066917
2.014659
1.982487
1.897112
1.968890
1.924222
1.957101
2.040657
2.013535
2.059035
2.001771
2.000716
1.967802
2.221558
2.172667
2.353601
2.513357
2.604392
2.752357
2.892214
2.853411
3.063566
3.190010
3.240346
3.289092
3.314711
3.462740
3.679832
3.910353
3.841783
3.660183
3.675655
3.509769
3.329212
3.180113
2.969314
2.988188
2.966938
3.078214
3.054171
2.904836
2.911094
3.068937
2.954826
3.012467
2.938635
2.931922
2.921664
3.087628
2.968486
3.104683
3.013564
2.932288
2.832932
3.257121
3.520703
3.826777
4.066858
4.263497
4.380628
4.321977
4.110361
4.097071
4.171061
4.269702
4.299817
4.340429
3.782401
3.672105
3.571820
3.823978
3.822848
3.707516
3.515392
3.432159
3.557142
3.444594
3.362359
3.170446
3.042785
3.209479
3.277671
3.306373
3.185191
3.188284
3.166961
3.134854
3.135331
2.933320
3.213052
3.270397
3.558238
3.673934
3.579157
3.782412
4.056644
4.106431
4.136402
4.095735
4.030712
4.047705
4.179016
4.415792
4.453894
4.457466
4.451297
4.660716
4.789044
4.951981
5.203529
5.403040
5.594851
5.600906
5.611248
5.586328
5.299381
5.244502
5.191324
5.268223
5.058036
5.038891
5.072805
4.878808
5.231751
4.963872
4.874077
4.674252
4.533296
4.535196
4.611585
4.709428
4.715367
4.713136
4.869537
5.123826
5.218403
5.263052
5.023584
4.900607
4.800790
4.990195
4.704122
4.521796
4.766068
4.866109
4.848248
5.028234
5.347686
6.030639
6.070790
5.993804
6.089756
6.410777
6.794211
6.980324
6.860693
6.887454
6.696211
6.160593
6.317547
6.044415
6.090880
5.804573
5.447545
5.668692
5.383202
5.275093
5.487251
5.600807
5.749195
6.011010
5.992865
5.639018
5.539237
5.791368
5.750553
5.973211
6.085301
6.008494
5.915351
5.551545
5.485441
5.269422
5.143272
4.965372
5.092949
5.111030
4.879495
4.680169
4.516181
4.465878
4.840743
5.166920
4.892366
4.788704
4.613860
4.566492
4.427698
4.264050
4.055310
4.039065
4.159072
3.713228
3.619576
3.984066
3.775877
3.788833
3.814226
3.725200
3.670314
3.784243
4.046504
4.096164
4.472671
4.216602
4.402841
4.579683
4.767869
5.227172
5.132954
5.316849
5.344189
4.779891
4.941343
4.750924
5.104518
4.878717
4.692898
4.494229
4.803183
5.008783
5.409646
5.285945
5.285020
4.869324
5.250527
5.120687
4.797564
4.741405
4.722012
5.295308
5.445958
5.424541
5.724564
6.149159
6.365046
6.435636
6.851561
6.940229
6.644047
6.529221
6.659425
6.983821
6.424128
6.286434
6.213275
6.254712
6.313652
5.933184
6.119648
6.147492
5.739404
5.270084
5.185764
5.238446
5.337328
6.239886
5.940643
6.445124
6.200254
6.546864
6.646724
7.228376
7.350982
6.677302
6.785911
6.705837
6.821444
6.612502
6.720833
6.629642
6.114487
5.669551
6.000798
5.531540
5.684824
5.358693
5.451975
5.451246
5.698198
5.736231
5.355360
5.600204
5.598597
5.247546
4.905791
5.149379
4.898386
4.624090
4.479295
4.579611
4.884075
4.902117
5.564198
6.210157
6.782797
6.840631
6.683075
6.723608
6.738942
7.064041
6.117282
6.229972
6.315945
5.692715
5.310383
5.379154
5.071116
4.864760
4.679781
4.591615
4.611875
4.929622
5.105690
5.458074
5.613874
6.035075
5.944905
5.657394
6.015938
5.985680
5.749216
6.388925
6.293037
6.483635
6.696953
6.772049
6.458579
6.806312
6.619131
6.222391
6.794491
7.041382
7.353685
8.734023
9.544840
9.876296
9.502567
9.419347
9.587089
9.923792
11.059081
11.534867
11.634058
10.501371
10.309100
10.889813
10.795033
10.659883
11.150533
11.661335
11.763487
11.606540
11.976110
12.336087
12.551654
11.889794
11.557930
11.358792
11.593014
10.998346
10.762914
9.659537
9.871631
9.329646
9.454503
9.691519
9.934565
10.126795
10.569604
10.288594
10.687782
10.364993
10.308301
10.291398
9.473541
9.431933
9.476866
9.014092
8.765422
8.743384
8.703846
8.675006
7.990793
7.423843
7.133305
7.405979
7.672806
7.317184
6.662604
6.474141
6.634433
6.974067
7.049439
7.143155
6.963661
6.808942
6.983984
7.327296
7.824697
8.265434
8.335498
8.633722
8.472459
8.968005
8.693797
8.308174
8.528283
8.618927
8.819099
9.108638
9.752020
10.035891
10.774532
10.794240
11.878845
11.139435
10.128272
9.418551
9.143961
9.034546
8.930204
8.896391
7.974923
8.387074
8.049483
8.231939
7.822891
7.800768
7.730829
8.047654
7.670775
7.887494
7.461522
7.332374
7.273539
7.159500
6.798733
6.441835
6.430338
6.789705
6.232007
6.746434
8.255775
8.930209
8.679456
8.334522
7.709542
7.961754
7.407258
7.692458
7.465527
7.146936
6.747043
6.403079
5.865052
5.870026
5.869406
6.217890
6.076905
5.822085
5.748849
6.000667
5.682853
5.886302
6.123116
5.817794
6.031331
6.544318
6.743205
7.285175
7.031234
7.315819
8.024411
7.351689
7.810825
7.741956
8.604975
9.598360
9.005927
9.465627
9.916470
9.985217
10.085164
10.826612
11.147311
10.813070
9.679613
9.406856
8.509637
7.894122
7.706142
7.469752
7.071707
6.711669
6.527912
6.258781
6.051475
5.468021
5.409723
5.219424
4.965594
4.711592
4.155730
3.932131
4.075679
4.017369
4.061879
4.258558
4.421634
4.595308
4.754686
5.065427
5.090536
4.804450
4.781585
4.698737
4.547097
4.432227
4.559795
4.604792
4.734892
4.439188
4.505323
4.534600
4.606529
4.409732
4.213534
4.274282
4.285639
3.842233
3.835009
3.780365
3.617274
3.567815
3.492739
3.513885
3.394561
3.591806
3.255737
3.265687
3.135984
3.216386
3.023948
2.903624
2.844611
2.658615
2.527194
2.511124
2.610624
2.606743
2.642015
2.626611
2.592600
2.641825
2.804643
2.863296
2.982191
3.070302
3.178593
3.050480
3.166876
2.944921
2.994051
3.083579
3.117171
3.263444
3.313935
3.446749
3.390280
3.529913
3.643930
3.646346
3.623069
3.544662
3.654024
3.717241
3.710199
3.487940
3.505526
3.562478
3.767514
3.839322
3.865395
4.066475
4.076028
4.162211
4.149062
4.385396
4.380492
4.372292
4.597784
4.389385
4.244258
4.396443
4.315642
4.404133
4.385970
4.285052
4.202901
4.453457
4.389065
4.914439
4.858361
4.921839
4.933317
5.069459
5.026596
5.114799
5.242998
5.232473
4.852763
4.766335
4.936678
5.007451
5.025605
5.061850
4.914766
4.659191
4.572955
4.197306
3.822954
3.926978
3.954029
4.137421
4.064736
3.929019
3.877972
4.013455
3.784018
3.688577
3.412704
3.308688
3.303565
3.132544
3.337268
3.420460
3.389104
3.422424
3.331411
3.100758
3.178329
3.108088
3.175795
3.120448
3.221960
3.154375
3.188467
3.159612
3.278374
3.264319
3.209482
3.180143
3.055422
3.091597
3.215670
3.361288
3.174166
3.183231
3.341049
3.294656
3.538777
3.845035
3.897504
3.949474
3.783066
3.855944
3.693615
3.671849
3.639945
3.677302
3.586286
3.493569
3.262288
3.141899
3.143182
2.883278
2.920529
2.886741
2.741315
2.717609
2.747278
2.644032
2.792071
2.747365
2.884358
3.050012
3.127019
3.469649
3.344276
3.256723
3.274625
3.232074
3.127344
3.051991
3.124696
3.102045
3.005188
2.916260
2.956059
3.094875
3.251901
2.938957
2.971252
3.116062
2.915338
2.815970
2.785525
2.807828
2.605296
2.537976
2.394462
2.374941
2.367645
2.312021
2.303819
2.230849
2.190097
2.104295
2.169538
2.287945
2.221267
2.190931
2.262938
2.108355
2.003834
1.955854
1.923905
1.855371
1.815950
1.757976
1.707981
1.692315
1.679975
1.756035
1.764909
1.879259
1.909558
1.887407
1.881375
1.803388
1.786792
1.757751
1.685980
1.675806
1.657735
1.650861
1.693238
1.658408
1.749752
1.773528
1.712943
1.715814
1.664497
1.676587
1.679761
1.696216
1.630400
1.606795
1.669607
1.714459
1.716464
1.681315
1.773061
1.745209
1.773572
1.825718
1.905064
1.919105
1.897177
1.977667
1.987604
1.868845
1.861776
1.792413
1.793685
1.772676
1.827076
1.800640
1.769652
1.790653
1.680849
1.763316
1.704310
1.707877
1.657327
1.738529
1.635684
1.608107
1.756311
1.749248
1.769372
1.821629
1.866598
1.705833
1.627016
1.566171
1.519787
1.446173
1.458856
1.433938
1.374714
1.469255
1.484347
1.504903
1.483679
1.508191
1.485513
1.502987
1.462788
1.488428
1.491815
1.463038
1.605376
1.533224
1.557618
1.509189
1.471805
1.427475
1.342431
1.367396
1.380606
1.367603
1.363789
1.378025
1.375224
1.371155
1.337459
1.332718
1.340478
1.339702
1.342585
1.299705
1.306342
1.279672
1.355731
1.412186
1.444264
1.450168
1.439487
1.480689
1.441736
1.441050
1.472065
1.420452
1.405513
1.458714
1.474139
1.471716
1.471195
1.491455
1.424106
1.419352
1.467987
1.410992
1.369256
1.297429
1.277568
1.260740
1.326124
1.299265
1.270829
1.251353
1.277928
1.319076
1.384712
1.453770
1.510338
1.474308
1.533740
1.574516
1.560813
1.518538
1.455551
1.531325
1.476544
1.494810
1.420117
1.413326
1.444985
1.441752
1.493011
1.502276
1.500678
1.491111
1.489286
1.511749
1.457561
1.404965
1.357856
1.344819
1.374248
1.407231
1.322070
1.294731
1.249368
1.268147
1.241362
1.226191
1.206674
1.250589
1.245518
1.222594
1.226924
1.230532
1.238029
1.235356
1.228872
1.102737
1.142613
1.149270
1.178040
1.202874
1.244681
1.253728
1.271392
1.285936
1.332225
1.316541
1.255490
1.274352
1.284243
1.302194
1.305582
1.371894
1.449081
1.466516
1.415404
1.472128
1.524671
1.508931
1.525262
1.513994
1.593234
1.614337
1.579954
1.579343
1.727890
1.698535
1.800486
1.838379
1.905355
1.931595
1.811576
1.835550
1.813849
1.754163
1.685958
1.709818
1.605293
1.577307
1.527923
1.469030
1.451828
1.470870
1.470724
1.481124
1.410189
1.494940
1.566621
1.500061
1.540888
1.547721
1.468882
1.523833
1.549264
1.635138
1.653332
1.675676
1.663140
1.660371
1.695939
1.676423
1.757126
1.922581
2.007450
2.014738
2.022585
2.115215
2.285357
2.433066
2.419517
2.634189
2.589045
2.702935
2.792508
2.829785
2.660506
2.615041
2.582248
2.478458
2.420120
2.473102
2.468373
2.363781
2.413753
2.440192
2.454880
2.332465
2.262959
2.209734
2.145650
2.162085
2.179163
2.126094
2.067853
2.225217
2.358169
2.481347
2.518357
2.456368
2.488122
2.466661
2.508859
2.475092
2.475230
2.414029
2.401646
2.412381
2.359059
2.378693
2.406764
2.417544
2.519267
2.601619
2.692447
2.662160
2.704667
2.889698
2.979117
2.967142
2.948636
2.799225
2.740473
2.646076
2.570155
2.618908
2.534284
2.598174
2.743856
2.812580
2.772430
2.809741
2.695108
2.758677
2.901932
2.948519
2.968612
2.912582
3.010497
3.108170
3.168465
2.962787
2.983814
2.955771
2.871610
2.821785
2.771219
2.893822
2.845888
2.823999
2.781706
2.975522
2.888191
2.837125
2.947427
3.039571
3.138505
3.125905
3.143804
3.153255
2.954902
2.740428
2.745089
2.641028
2.507693
2.512402
2.406014
2.333879
2.376240
2.233369
2.156382
2.194186
2.169394
2.300791
2.332388
2.342674
2.309048
2.350504
2.446302
2.345238
2.346932
2.506089
2.555833
2.749294
2.668916
2.818889
2.912375
3.065828
3.055258
3.163082
3.323548
3.343919
3.434380
3.731842
3.688116
3.806208
3.931646
4.029234
3.855116
3.727239
3.820424
3.780783
3.587706
3.638165
3.767511
3.971963
4.076691
4.083597
4.106835
4.136351
4.317543
4.459996
4.684529
4.734266
4.892058
5.050056
5.418365
5.549935
5.375996
5.300352
5.088908
4.982710
4.815421
4.888419
5.041888
4.703673
4.631699
4.481077
4.569374
4.318672
4.381985
4.502200
4.803529
4.948041
4.683354
4.544121
4.176234
4.342346
4.466862
4.195788
4.035314
3.912652
4.051814
4.197238
4.202447
4.046606
4.022893
4.141459
4.487799
4.712296
4.806221
5.045636
5.150279
5.161188
5.526034
5.518786
5.570732
5.400149
5.519598
5.484648
5.485719
5.495170
5.600888
5.703982
5.672438
5.688752
6.026920
5.851319
6.248933
6.154175
6.289628
5.969752
5.890084
5.802010
5.697274
5.566730
5.729942
5.914009
5.981708
5.816465
5.775453
5.735930
6.146939
5.542582
5.244351
5.019430
4.721166
4.604270
4.447937
4.096162
4.069826
4.231193
4.218068
4.294420
4.197839
3.991095
3.969255
3.894786
4.175110
4.264237
4.234807
4.233421
4.096278
3.852092
3.527178
3.499436
3.630677
3.765931
3.644546
3.690095
3.922480
3.992569
3.883928
4.030301
4.010492
4.309070
4.435922
4.516423
4.509874
4.695230
4.956718
4.952702
4.985035
4.946117
4.902102
4.944705
4.827477
4.871248
4.584383
4.656876
4.545319
4.379306
4.467671
4.275164
4.064277
4.035983
3.678804
3.610811
3.462608
3.307465
3.256832
3.067383
3.041715
2.881454
2.717050
2.639341
2.648169
2.573186
2.602979
2.545723
2.477716
2.476827
2.384755
2.269509
2.180317
2.032778
1.965729
1.928514
1.860229
1.939507
1.975019
1.957727
1.966349
1.985371
2.032305
2.075677
2.118256
2.137904
2.046247
1.970933
1.928214
1.898257
1.952300
2.072553
2.034828
2.090802
2.085408
2.172707
2.229005
2.278386
2.245880
2.308556
2.466170
2.482810
2.493950
2.496485
2.547245
2.717599
2.856469
2.914717
3.211719
3.348058
3.157024
2.991903
2.734620
2.923664
2.831240
3.061988
2.986506
2.762676
2.727959
2.644974
2.478133
2.484696
2.473718
2.345138
2.318027
2.246857
2.132765
2.067488
2.007968
1.897907
1.942449
1.926320
1.865842
1.817786
1.788531
1.723950
1.658594
1.756183
1.805636
1.919762
1.957283
2.063157
2.201306
2.335978
2.535633
2.486509
2.574123
2.565607
2.635897
2.606371
2.445956
2.339846
2.318881
2.276367
2.379272
2.531805
2.633358
2.804664
2.954461
3.103744
3.026108
3.118223
3.243944
3.252007
3.251937
3.174924
3.117023
3.151474
3.216977
3.113405
3.293991
3.415544
3.310626
3.378331
3.359638
3.311981
3.214151
3.116781
2.920506
2.980176
3.014598
3.048927
3.104822
2.965965
2.818765
2.674094
2.576965
2.550607
2.665238
2.614423
2.631475
2.608155
2.445273
2.324795
2.233296
2.186996
2.135769
2.077572
2.068768
1.968560
1.898635
1.886149
1.893028
1.869650
1.888034
1.832539
1.902194
1.953008
2.005846
2.103651
2.084548
1.999354
1.982151
2.222592
2.143771
2.176266
2.063642
2.131221
2.094426
2.181645
2.053379
2.041221
2.054548
2.002701
2.004103
2.017455
2.032140
1.963645
1.918385
1.909438
1.709619
1.627716
1.486473
1.447167
1.480411
1.605549
1.618573
1.644072
1.589660
1.565429
1.617986
1.569413
1.612965
1.687360
1.636249
1.758478
1.655988
1.771148
1.804789
1.753398
1.712358
1.676338
1.692548
1.675539
1.549244
1.540232
1.524976
1.493858
1.449138
1.429588
1.449434
1.434174
1.457762
1.403700
1.349876
1.322964
1.347827
1.274736
1.277891
1.251897
1.266871
1.213906
1.261506
1.255016
1.276124
1.234921
1.225803
1.238838
1.251283
1.253695
1.246816
1.304459
1.343926
1.403006
1.342948
1.329648
1.304177
1.269845
1.261598
1.276035
1.282671
1.306763
1.390945
1.338588
1.343884
1.258788
1.296193
1.271556
1.264638
1.292673
1.305065
1.247699
1.255889
1.242735
1.213232
1.293117
1.223761
1.184887
1.160064
1.165975
1.191336
1.216336
1.267859
1.402753
1.322199
1.356476
1.338377
1.451886
1.477569
1.596593
1.683309
1.748070
1.715558
1.780360
1.680712
1.646051
1.583570
1.530531
1.598902
1.663903
1.690520
1.746828
1.856322
1.806317
1.800224
1.805955
1.856785
1.768121
1.855906
1.896362
1.845051
1.861059
1.846136
1.851512
1.863173
1.960094
2.004279
1.930043
1.967014
1.998525
1.931227
1.919069
2.043024
2.048815
2.100499
2.033703
1.970046
1.934772
1.950837
1.983671
2.095073
2.061370
2.026330
2.053513
2.042950
1.975732
2.058516
2.041042
2.075583
2.014773
2.020851
2.078069
2.396461
2.446070
2.363705
2.399267
2.485788
2.521523
2.654188
2.606826
2.550537
2.490312
2.291399
2.311485
2.382776
2.546856
2.579475
2.405243
2.347540
2.253069
2.070204
2.092583
2.178221
2.239493
2.270667
2.266593
2.154313
2.150342
2.178887
2.058283
2.103124
2.063061
2.096798
1.967511
1.961849
1.938465
2.050826
2.012058
1.964491
1.941315
1.992367
1.912774
1.895164
1.880445
1.910890
1.931610
1.895091
1.889106
1.918779
1.879255
1.909269
1.833921
1.828811
1.785044
1.762344
1.832824
1.995211
2.264711
2.214770
2.351936
2.486726
2.624242
2.701330
2.791198
2.569423
2.654039
2.559976
2.459179
2.475538
2.425042
2.355203
2.182631
2.190460
2.090130
2.057168
1.976049
2.079185
2.150989
2.282003
2.258651
2.210995
2.296803
2.315333
2.474011
2.441190
2.389964
2.267802
2.354398
2.397462
2.264216
2.252551
2.151140
2.190767
2.209112
2.163840
2.047531
2.011114
1.943686
1.870071
1.810874
1.766793
1.743419
1.778010
1.810176
1.777858
1.837347
1.844904
1.852769
1.868862
1.914124
1.907890
1.935503
2.040486
1.948231
1.943537
1.964330
1.944966
1.845523
1.740017
1.770602
1.752974
1.762927
1.771092
1.672857
1.689584
1.649919
1.650748
1.673643
1.609696
1.649120
1.615388
1.639840
1.651979
1.625797
1.548449
1.455757
1.526730
1.636378
1.618747
1.682519
1.772890
1.647072
1.653843
1.546902
1.546838
1.562938
1.617482
1.664305
1.669621
1.674514
1.590135
1.679382
1.635526
1.652904
1.650338
1.677272
1.594324
1.512200
1.625047
1.586144
1.585499
1.611636
1.624330
1.535051
1.561003
1.595893
1.477939
1.489960
1.468030
1.459019
1.381454
1.374284
1.335187
1.326970
1.347345
1.317564
1.370760
1.367187
1.280971
1.243936
1.316953
1.322281
1.344854
1.354877
1.370888
1.309675
1.270172
1.318128
1.330788
1.404786
1.449772
1.437812
1.316823
1.247034
1.232125
1.260531
1.298159
1.337887
1.294688
1.180023
1.148886
1.108999
1.069500
1.055313
1.098666
1.104882
1.148575
1.169911
1.195980
1.264462
1.234806
1.259572
1.275052
1.354897
1.410937
1.517666
1.595460
1.685221
1.737736
1.711256
1.463951
1.567084
1.587598
1.647911
1.791545
1.725362
1.791327
1.902219
1.909862
1.780740
1.857360
1.965518
1.888003
1.900296
1.979963
1.988164
2.162000
2.125816
1.980695
1.992446
1.983841
1.973002
1.869285
1.993615
1.918651
1.787989
1.884276
1.982466
1.999012
1.999691
1.889286
1.946998
1.795587
1.706056
1.675775
1.640588
1.641279
1.550450
1.534508
1.507337
1.504173
1.491746
1.409539
1.354624
1.372899
1.311725
1.213862
1.280652
1.326121
1.323962
1.280631
1.296258
1.320213
1.340468
1.349456
1.339697
1.327744
1.360275
1.317953
1.372830
1.488063
1.468080
1.585983
1.603712
1.583774
1.545683
1.550455
1.568946
1.562003
1.550068
1.541817
1.528942
1.590251
1.547737
1.519962
1.550861
1.616424
1.640421
1.562321
1.584778
1.559097
1.542178
1.495075
1.441015
1.541214
1.499637
1.600068
1.620859
1.634690
1.697403
1.568344
1.554807
1.565850
1.497027
1.480637
1.434600
1.382805
1.258579
1.216765
1.211695
1.247766
1.246251
1.283605
1.265427
1.255504
1.325841
1.391763
1.361244
1.372707
1.390849
1.419171
1.494008
1.576838
1.583220
1.613251
1.503228
1.486026
1.581844
1.537682
1.488490
1.553529
1.723539
1.873908
1.785552
1.845344
1.927075
1.884052
2.014635
2.129564
2.146611
2.264192
2.407496
2.523250
2.364908
2.451452
2.502201
2.284374
2.218804
2.067786
2.126987
2.019779
2.015868
1.975502
1.879218
1.928363
1.831878
1.826540
1.775536
1.796942
1.856636
1.840480
1.784843
1.925180
1.948178
1.963310
2.036060
1.901996
1.978071
2.024040
2.028717
1.940913
1.879953
1.817131
1.848545
1.774594
1.842251
1.785893
1.787914
1.808006
1.856355
1.892383
1.845383
1.904564
1.990413
1.881083
1.922806
1.977064
1.935181
1.883372
1.789686
1.947664
1.909950
1.941756
2.006724
2.109530
2.008050
2.142181
2.413113
2.432950
2.454749
2.420250
2.502312
2.561186
2.523381
2.574692
2.710422
2.680604
2.623701
2.547470
2.467735
2.270074
2.283686
2.232119
2.132278
2.069068
2.035604
2.093801
2.128618
2.162133
2.053840
1.899990
1.824716
1.946824
1.931206
2.068125
2.049000
2.088684
2.186857
2.158938
2.029991
1.977154
1.958055
1.789124
1.812255
1.828241
1.646764
1.705330
1.637103
1.610013
1.598600
1.583286
1.604213
1.505496
1.456229
1.580632
1.637849
1.671175
1.715944
1.770888
1.674353
1.631342
1.720524
1.651475
1.564868
1.563380
1.590286
1.693828
1.672820
1.753422
1.731094
1.568313
1.481895
1.378111
1.307794
1.321365
1.351243
1.312520
1.422986
1.366648
1.401059
1.484891
1.534268
1.571632
1.582862
1.630204
1.578479
1.586242
1.607907
1.630868
1.596727
1.617555
1.511204
1.531994
1.589373
1.537320
1.416987
1.366218
1.384349
1.351915
1.385943
1.361858
1.277723
1.310662
1.343730
1.270268
1.255160
1.232715
1.270050
1.298562
1.199001
1.242368
1.188716
1.236562
1.219512
1.305779
1.336428
1.326391
1.447886
1.515723
1.613531
1.672616
1.872415
1.902559
1.913466
1.929592
1.845187
1.882840
1.909217
1.935181
1.999776
1.948719
1.995333
1.921388
1.819065
1.796328
1.768290
1.778057
1.805175
1.723647
1.738951
1.663408
1.654050
1.688905
1.654775
1.690700
1.634667
1.693726
1.702364
1.824670
1.920775
1.942916
1.857388
1.865602
1.913398
1.865292
1.744716
1.654701
1.599114
1.666017
1.675744
1.754496
1.848766
1.816757
1.830379
1.862471
1.818354
1.843537
1.831644
1.901694
1.805597
1.841348
1.840863
2.064127
2.015529
1.925476
1.756337
1.705521
1.769410
1.913257
2.043700
1.998730
1.919139
1.855579
1.898519
1.963485
1.965576
1.810725
1.809027
1.853888
1.760412
1.797812
1.917007
1.972403
1.914871
1.914176
2.058838
2.056542
1.871609
1.841290
1.810810
1.864196
1.868464
1.845266
1.812231
1.874571
1.791877
1.798794
1.709019
1.653804
1.672288
1.645594
1.608508
1.642229
1.616786
1.670903
1.625143
1.737306
1.639564
1.566756
1.622167
1.560859
1.571678
1.524025
1.592564
1.560358
1.547356
1.529016
1.569045
1.553968
1.569638
1.560736
1.673590
1.690566
1.685109
1.769222
1.871952
1.805263
1.767833
1.711443
1.663559
1.612195
1.628674
1.568138
1.567009
1.563478
1.536854
1.590558
1.540971
1.486490
1.487499
1.390448
1.368244
1.429734
1.427318
1.350247
1.440412
1.382152
1.375954
1.542669
1.569383
1.489185
1.410890
1.336225
1.373966
1.385300
1.472853
1.430720
1.439713
1.513764
1.513737
1.488742
1.514662
1.493383
1.453881
1.540349
1.604923
1.728254
1.739424
1.807168
1.883581
1.817285
1.826229
1.662445
1.556844
1.539553
1.482944
1.525590
1.499914
1.494217
1.307453
1.377656
1.341650
1.345623
1.383769
1.448294
1.492355
1.523269
1.523484
1.489942
1.483225
1.510588
1.494728
1.507067
1.489008
1.422006
1.367343
1.320393
1.256120
1.317930
1.313111
1.282822
1.361238
1.348344
1.384427
1.319354
1.206557
1.230679
1.253308
1.406910
1.498400
1.603843
1.596552
1.597888
1.594835
1.731994
1.739582
1.757249
1.720273
1.620006
1.545122
1.536905
1.566668
1.500066
1.463133
1.418633
1.433494
1.438180
1.600437
1.588486
1.564039
1.526205
1.498772
1.530258
1.512798
1.485740
1.460860
1.473132
1.508554
1.540313
1.555659
1.543581
1.541660
1.428110
1.474997
1.397260
1.467766
1.409324
1.465653
1.344522
1.357696
1.347752
1.322265
1.345440
1.353419
1.376968
1.349568
1.404778
1.461920
1.522570
1.563533
1.519252
1.454660
1.410935
1.428931
1.325924
1.268053
1.265424
1.242108
1.258167
1.267794
1.208206
1.163982
1.163224
1.133858
1.091652
1.073427
1.007876
1.010966
1.007995
0.996329
0.937892
0.931519
0.901618
0.847214
0.853704
0.830456
0.854623
0.885461
0.875962
0.875618
0.819350
0.828711
0.792310
0.887089
0.928882
0.922826
0.897674
0.818310
0.815175
0.806990
0.846436
0.815116
0.844728
0.872852
0.819829
0.843963
0.785127
0.787096
0.786324
0.762081
0.726037
0.729648
0.723935
0.668373
0.600744
0.607536
0.645970
0.616834
0.628888
0.647753
0.652394
0.647519
0.685143
0.700365
0.686443
0.706152
0.764727
0.777372
0.829490
0.848986
0.947905
0.950446
0.945650
0.969225
0.980730
0.924193
0.859541
0.809260
0.781160
0.830980
0.846486
0.836473
0.817508
0.801472
0.781602
0.822085
0.813719
0.855738
0.883379
0.904905
0.960185
0.951150
0.993449
0.999066
1.037941
1.165388
1.145629
1.110359
1.098938
1.074352
1.066239
1.151562
1.214328
1.199496
1.229563
1.156965
1.242220
1.228154
1.357591
1.325198
1.358921
1.309141
1.286060
1.300531
1.402395
1.473977
1.566546
1.595879
1.669832
1.580746
1.684255
1.595350
1.557235
1.545436
1.513238
1.530469
1.580306
1.529904
1.565550
1.627954
1.674247
1.757466
1.783291
1.887315
1.920195
1.847989
1.998933
1.995548
2.012091
1.969504
1.979291
1.914716
1.875869
1.808080
1.763948
1.783286
1.809699
1.802245
1.863411
1.798980
1.747972
1.729243
1.651566
1.582501
1.500664
1.468510
1.394426
1.420505
1.440671
1.454684
1.408831
1.445706
1.406372
1.483752
1.502281
1.482072
1.464696
1.426645
1.404489
1.372973
1.339449
1.262914
1.179879
1.169009
1.120314
1.061570
1.046126
1.054528
1.066229
1.050465
1.062993
1.040013
1.041415
1.090272
1.054006
1.051891
1.117296
1.130395
1.154733
1.124340
1.126263
1.148608
1.146143
1.126949
1.115139
1.152317
1.155341
1.126911
