810.244072
810.244072
810.244072
810.244072
777.338334
777.338334
777.338334
777.338334
777.338334
777.338334
777.338334
777.338334
777.338334
777.338334
777.338334
777.338334
777.338334
777.338334
777.338334
777.338334
738.857300
738.857300
623.078994
623.078994
623.078994
623.078994
623.078994
623.078994
623.078994
623.078994
623.078994
623.078994
623.078994
623.078994
623.078994
623.078994
623.078994
614.104843
614.104843
614.104843
614.104843
604.135395
601.671911
601.671911
601.671911
601.671911
601.671911
601.671911
601.671911
601.671911
601.671911
601.671911
587.776899
587.776899
587.776899
587.776899
587.776899
587.776899
587.776899
587.776899
587.776899
587.776899
587.776899
587.776899
587.776899
568.627707
568.627707
568.627707
568.627707
568.627707
568.627707
568.627707
568.627707
568.627707
568.627707
568.627707
568.627707
568.627707
568.627707
557.590110
557.590110
557.590110
557.590110
557.590110
557.590110
557.590110
557.590110
557.590110
557.590110
499.486783
499.486783
499.486783
499.486783
499.486783
499.486783
499.486783
499.486783
499.486783
499.486783
487.711367
487.711367
487.711367
487.711367
487.711367
487.711367
487.711367
487.711367
487.711367
487.711367
487.711367
487.711367
487.711367
487.711367
487.711367
487.711367
487.711367
487.711367
487.711367
487.711367
487.711367
487.711367
487.711367
487.711367
487.711367
487.711367
487.711367
487.711367
487.711367
487.711367
487.711367
487.711367
487.711367
487.711367
487.711367
487.711367
487.711367
487.711367
487.711367
461.672683
448.364840
448.364840
448.364840
448.364840
448.364840
448.364840
448.364840
448.364840
448.364840
448.364840
448.364840
448.364840
448.364840
448.364840
448.364840
448.364840
448.364840
448.364840
448.364840
448.364840
448.364840
448.364840
448.364840
409.723666
409.723666
409.723666
409.723666
409.723666
409.723666
409.723666
409.723666
409.723666
409.723666
409.723666
409.723666
409.723666
409.723666
409.723666
409.723666
387.995854
387.995854
387.995854
387.995854
387.995854
387.995854
387.995854
387.995854
387.995854
387.995854
387.995854
387.995854
387.995854
387.995854
387.995854
387.995854
387.995854
387.995854
387.995854
387.995854
387.995854
387.995854
387.995854
387.995854
387.995854
387.995854
387.995854
385.035158
385.035158
385.035158
385.035158
385.035158
385.035158
385.035158
385.035158
385.035158
385.035158
385.035158
385.035158
385.035158
385.035158
385.035158
385.035158
385.035158
385.035158
385.035158
385.035158
385.035158
385.035158
385.035158
385.035158
385.035158
385.035158
385.035158
385.035158
385.035158
385.035158
385.035158
385.035158
385.035158
385.035158
385.035158
385.035158
385.035158
385.035158
385.035158
385.035158
385.035158
385.035158
385.035158
349.421365
349.421365
349.421365
344.977839
344.977839
344.977839
344.977839
344.977839
344.977839
344.977839
344.977839
344.977839
344.977839
339.772420
339.772420
339.772420
339.772420
339.772420
339.772420
339.772420
339.772420
339.772420
339.772420
339.772420
339.772420
339.772420
339.772420
339.772420
339.772420
339.772420
339.772420
339.772420
339.772420
339.772420
339.772420
339.772420
339.772420
339.772420
339.772420
339.772420
339.772420
339.772420
339.772420
339.772420
339.772420
339.772420
339.772420
339.772420
339.772420
339.772420
339.772420
339.772420
339.772420
339.772420
339.772420
339.772420
339.772420
339.772420
339.772420
339.772420
339.772420
339.772420
339.772420
339.772420
339.772420
339.772420
339.772420
339.772420
339.772420
339.772420
339.772420
339.772420
339.772420
339.772420
339.772420
339.772420
339.772420
339.772420
339.772420
339.772420
339.772420
339.772420
339.772420
339.772420
339.772420
339.772420
339.772420
339.772420
339.772420
339.772420
339.772420
339.772420
339.772420
339.772420
339.772420
339.772420
339.772420
339.772420
339.772420
339.772420
339.772420
339.772420
339.772420
339.772420
339.772420
339.772420
339.772420
339.772420
339.772420
339.772420
339.772420
339.772420
339.772420
339.772420
339.772420
339.772420
339.772420
317.744879
317.744879
317.744879
317.744879
317.744879
317.744879
317.744879
317.744879
317.744879
317.744879
317.744879
317.744879
317.744879
317.744879
317.744879
317.744879
317.744879
317.744879
317.744879
317.744879
317.744879
317.744879
317.744879
317.744879
317.744879
317.744879
317.744879
317.744879
317.744879
317.744879
317.744879
317.744879
317.744879
317.744879
317.744879
317.744879
317.744879
317.744879
317.744879
317.744879
317.744879
317.744879
317.744879
317.744879
317.744879
317.744879
317.744879
317.744879
317.744879
317.744879
317.744879
317.744879
317.744879
317.744879
317.744879
317.744879
317.744879
317.744879
317.744879
317.744879
317.744879
317.744879
317.744879
317.744879
317.744879
317.744879
317.744879
317.744879
317.744879
317.744879
317.744879
317.744879
317.744879
317.744879
317.744879
317.744879
317.744879
317.744879
317.744879
317.744879
317.744879
317.744879
317.744879
317.744879
317.744879
317.744879
317.744879
317.744879
317.744879
317.744879
317.744879
317.744879
317.744879
317.744879
317.744879
317.744879
317.744879
317.744879
317.744879
317.744879
317.744879
317.744879
317.744879
317.744879
317.744879
317.744879
317.744879
317.744879
317.744879
317.744879
317.744879
317.744879
317.744879
317.744879
317.744879
317.744879
317.744879
317.744879
317.744879
317.744879
317.744879
317.744879
317.744879
317.744879
317.744879
317.744879
317.744879
317.744879
317.744879
317.744879
317.744879
317.744879
317.744879
317.744879
317.744879
317.744879
317.744879
317.744879
317.744879
317.744879
317.744879
317.744879
317.744879
317.744879
317.744879
317.744879
317.744879
317.744879
317.744879
317.744879
317.744879
317.744879
317.744879
317.744879
317.744879
317.744879
317.744879
317.744879
317.744879
317.744879
317.744879
317.744879
317.744879
317.744879
317.744879
317.744879
317.744879
317.744879
317.744879
317.744879
317.744879
317.744879
317.744879
317.744879
317.744879
317.744879
317.744879
317.744879
317.744879
317.744879
317.744879
317.744879
317.744879
317.744879
317.744879
317.744879
317.744879
317.744879
317.744879
317.744879
317.744879
317.744879
317.744879
317.744879
317.744879
317.744879
317.744879
317.744879
317.744879
317.744879
317.744879
317.744879
317.744879
317.744879
317.744879
317.744879
317.744879
317.744879
317.744879
317.744879
317.744879
317.744879
317.744879
317.744879
317.744879
317.744879
317.744879
317.744879
317.744879
317.744879
317.744879
317.744879
317.744879
317.744879
317.744879
317.744879
317.744879
317.744879
317.744879
317.744879
317.744879
317.744879
317.744879
317.744879
317.744879
317.744879
317.744879
317.744879
317.744879
317.744879
317.744879
317.744879
317.744879
317.744879
317.744879
317.744879
317.744879
317.744879
317.744879
317.744879
317.744879
317.744879
317.744879
317.744879
317.744879
317.744879
317.744879
317.744879
317.744879
317.744879
317.744879
317.744879
317.744879
317.744879
317.744879
317.744879
317.744879
317.744879
317.744879
317.744879
317.744879
317.744879
317.744879
317.744879
317.744879
317.744879
317.744879
317.744879
317.744879
317.744879
317.744879
317.744879
317.744879
317.744879
317.744879
317.744879
317.744879
317.744879
317.744879
317.744879
317.744879
317.744879
317.744879
317.744879
317.744879
317.744879
317.744879
317.744879
317.744879
317.744879
317.744879
317.744879
317.744879
317.744879
317.744879
317.744879
317.744879
317.744879
317.744879
317.744879
317.744879
317.744879
317.744879
317.744879
317.744879
317.744879
317.744879
317.744879
317.744879
317.744879
317.744879
317.744879
317.744879
317.744879
317.744879
317.744879
317.744879
317.744879
317.744879
317.744879
317.744879
317.744879
317.744879
317.744879
317.744879
317.744879
317.744879
317.744879
317.744879
317.744879
317.744879
317.744879
317.744879
317.744879
317.744879
317.744879
317.744879
317.744879
317.744879
317.744879
317.744879
317.744879
317.744879
317.744879
317.744879
317.744879
317.744879
317.744879
317.744879
317.744879
317.744879
317.744879
317.744879
317.744879
317.744879
317.744879
317.744879
317.744879
317.744879
317.744879
317.744879
317.744879
317.744879
317.744879
317.744879
317.744879
317.744879
317.744879
317.744879
317.744879
317.744879
317.744879
317.744879
317.744879
317.744879
317.744879
317.744879
317.744879
317.744879
317.744879
317.744879
317.744879
317.744879
317.744879
317.744879
317.744879
317.744879
317.744879
317.744879
317.744879
317.744879
317.744879
317.744879
317.744879
317.744879
317.744879
317.744879
317.744879
317.744879
317.744879
317.744879
317.744879
317.744879
317.744879
317.744879
317.744879
317.744879
317.744879
317.744879
317.744879
317.744879
317.744879
317.744879
317.744879
317.744879
317.744879
317.744879
317.744879
317.744879
317.744879
317.744879
317.744879
317.744879
317.744879
317.744879
317.744879
317.744879
317.744879
317.744879
317.744879
317.744879
317.744879
317.744879
317.744879
317.744879
317.744879
317.744879
317.744879
317.744879
317.744879
317.744879
317.744879
317.744879
317.744879
317.744879
317.744879
317.744879
317.744879
317.744879
317.744879
317.744879
317.744879
317.744879
317.744879
317.744879
317.744879
317.744879
317.744879
317.744879
317.744879
317.744879
317.744879
317.744879
317.744879
317.744879
317.744879
317.744879
317.744879
317.744879
317.744879
317.744879
317.744879
317.744879
317.744879
317.744879
317.744879
317.744879
317.744879
317.744879
317.744879
317.744879
317.744879
317.744879
317.744879
317.744879
317.744879
317.744879
317.744879
317.744879
317.744879
317.744879
317.744879
317.744879
317.744879
317.744879
317.744879
317.744879
317.744879
317.744879
317.744879
317.744879
317.744879
317.744879
317.744879
317.744879
317.744879
317.744879
317.744879
317.744879
317.744879
317.744879
317.744879
317.744879
317.744879
317.744879
317.744879
317.744879
317.744879
317.744879
317.744879
317.744879
317.744879
317.744879
317.744879
317.744879
317.744879
317.744879
317.744879
317.744879
317.744879
317.744879
317.744879
317.744879
317.744879
317.744879
317.744879
317.744879
317.744879
317.744879
317.744879
317.744879
317.744879
317.744879
317.744879
317.744879
317.744879
317.744879
317.744879
317.744879
317.744879
317.744879
317.744879
317.744879
317.744879
317.744879
317.744879
317.744879
317.744879
317.744879
317.744879
317.744879
317.744879
317.744879
317.744879
317.744879
317.744879
317.744879
317.744879
317.744879
317.744879
317.744879
317.744879
317.744879
317.744879
317.744879
317.744879
317.744879
317.744879
317.744879
317.744879
317.744879
317.744879
317.744879
317.744879
317.744879
317.744879
317.744879
317.744879
317.744879
317.744879
317.744879
317.744879
317.744879
317.744879
317.744879
317.744879
317.744879
317.744879
317.744879
317.744879
317.744879
317.744879
317.744879
317.744879
317.744879
317.744879
317.744879
317.744879
317.744879
317.744879
317.744879
317.744879
317.744879
317.744879
317.744879
317.744879
317.744879
317.744879
317.744879
317.744879
317.744879
317.744879
317.744879
317.744879
317.744879
317.744879
317.744879
317.744879
317.744879
317.744879
317.744879
317.744879
317.744879
317.744879
317.744879
317.744879
317.744879
317.744879
317.744879
317.744879
317.744879
317.744879
317.744879
317.744879
317.744879
317.744879
317.744879
317.744879
317.744879
317.744879
317.744879
317.744879
317.744879
317.744879
317.744879
317.744879
317.744879
317.744879
317.744879
317.744879
317.744879
317.744879
317.744879
317.744879
317.744879
317.744879
317.744879
317.744879
317.744879
317.744879
317.744879
317.744879
317.744879
317.744879
317.744879
317.744879
317.744879
317.744879
317.744879
317.744879
317.744879
317.744879
317.744879
317.744879
317.744879
317.744879
317.744879
317.744879
317.744879
317.744879
317.744879
317.744879
317.744879
317.744879
317.744879
317.744879
317.744879
317.744879
317.744879
317.744879
317.744879
317.744879
317.744879
317.744879
317.744879
317.744879
317.744879
317.744879
317.744879
317.744879
317.744879
317.744879
317.744879
317.744879
317.744879
317.744879
317.744879
317.744879
317.744879
317.744879
317.744879
317.744879
317.744879
317.744879
317.744879
317.744879
317.744879
317.744879
317.744879
317.744879
317.744879
317.744879
317.744879
317.744879
317.744879
317.744879
317.744879
317.744879
317.744879
317.744879
317.744879
317.744879
317.744879
317.744879
317.744879
317.744879
317.744879
317.744879
317.744879
317.744879
317.744879
317.744879
317.744879
317.744879
317.744879
317.744879
317.744879
317.744879
317.744879
317.744879
317.744879
317.744879
317.744879
317.744879
317.744879
317.744879
317.744879
317.744879
317.744879
317.744879
317.744879
317.744879
317.744879
317.744879
317.744879
317.744879
317.744879
317.744879
317.744879
317.744879
317.744879
317.744879
317.744879
317.744879
317.744879
317.744879
317.744879
317.744879
317.744879
317.744879
317.744879
317.744879
317.744879
317.744879
317.744879
317.744879
317.744879
317.744879
317.744879
317.744879
317.744879
317.744879
317.744879
317.744879
317.744879
317.744879
317.744879
317.744879
317.744879
317.744879
317.744879
317.744879
317.744879
317.744879
317.744879
317.744879
317.744879
317.744879
317.744879
317.744879
317.744879
317.744879
317.744879
317.744879
317.744879
317.744879
317.744879
317.744879
317.744879
317.744879
317.744879
317.744879
317.744879
317.744879
317.744879
317.744879
317.744879
317.744879
317.744879
317.744879
317.744879
317.744879
317.744879
317.744879
317.744879
317.744879
317.744879
317.744879
317.744879
317.744879
317.744879
317.744879
317.744879
317.744879
317.744879
317.744879
317.744879
317.744879
317.744879
317.744879
317.744879
317.744879
317.744879
317.744879
317.744879
317.744879
317.744879
317.744879
317.744879
317.744879
317.744879
317.744879
317.744879
317.744879
317.744879
317.744879
317.744879
317.744879
317.744879
317.744879
317.744879
317.744879
317.744879
317.744879
317.744879
317.744879
317.744879
317.744879
317.744879
317.744879
317.744879
317.744879
317.744879
317.744879
317.744879
317.744879
317.744879
317.744879
317.744879
317.744879
317.744879
317.744879
317.744879
317.744879
317.744879
317.744879
317.744879
317.744879
317.744879
317.744879
317.744879
317.744879
317.744879
317.744879
317.744879
317.744879
317.744879
317.744879
317.744879
317.744879
317.744879
317.744879
317.744879
317.744879
317.744879
317.744879
317.744879
317.744879
317.744879
317.744879
317.744879
317.744879
317.744879
317.744879
317.744879
317.744879
317.744879
317.744879
317.744879
317.744879
317.744879
317.744879
317.744879
317.744879
317.744879
317.744879
317.744879
317.744879
317.744879
317.744879
317.744879
317.744879
317.744879
317.744879
317.744879
317.744879
317.744879
317.744879
317.744879
317.744879
317.744879
317.744879
317.744879
317.744879
317.744879
317.744879
317.744879
317.744879
317.744879
317.744879
317.744879
317.744879
317.744879
317.744879
317.744879
317.744879
317.744879
317.744879
317.744879
317.744879
317.744879
317.744879
317.744879
317.744879
317.744879
317.744879
317.744879
317.744879
317.744879
317.744879
317.744879
317.744879
317.744879
317.744879
317.744879
317.744879
317.744879
317.744879
317.744879
317.744879
317.744879
317.744879
317.744879
317.744879
317.744879
317.744879
317.744879
317.744879
317.744879
317.744879
317.744879
317.744879
317.744879
317.744879
317.744879
317.744879
317.744879
317.744879
317.744879
317.744879
317.744879
317.744879
317.744879
317.744879
317.744879
317.744879
317.744879
317.744879
317.744879
317.744879
317.744879
317.744879
317.744879
317.744879
317.744879
317.744879
317.744879
317.744879
317.744879
317.744879
317.744879
317.744879
317.744879
317.744879
317.744879
317.744879
317.744879
317.744879
317.744879
317.744879
317.744879
317.744879
317.744879
317.744879
317.744879
317.744879
317.744879
317.744879
317.744879
317.744879
317.744879
317.744879
317.744879
317.744879
317.744879
317.744879
317.744879
317.744879
317.744879
317.744879
317.744879
317.744879
317.744879
317.744879
317.744879
317.744879
317.744879
317.744879
317.744879
317.744879
317.744879
317.744879
317.744879
317.744879
317.744879
317.744879
317.744879
317.744879
317.744879
317.744879
317.744879
317.744879
317.744879
317.744879
317.744879
317.744879
317.744879
317.744879
317.744879
317.744879
317.744879
317.744879
317.744879
317.744879
317.744879
317.744879
317.744879
317.744879
317.744879
317.744879
317.744879
317.744879
317.744879
317.744879
317.744879
317.744879
317.744879
317.744879
317.744879
317.744879
317.744879
317.744879
317.744879
317.744879
317.744879
317.744879
317.744879
317.744879
317.744879
317.744879
317.744879
317.744879
317.744879
317.744879
317.744879
317.744879
317.744879
317.744879
317.744879
317.744879
317.744879
317.744879
317.744879
317.744879
317.744879
317.744879
317.744879
317.744879
317.744879
317.744879
317.744879
317.744879
317.744879
317.744879
317.744879
317.744879
317.744879
317.744879
317.744879
317.744879
317.744879
317.744879
317.744879
317.744879
317.744879
317.744879
317.744879
317.744879
317.744879
317.744879
317.744879
317.744879
317.744879
317.744879
317.744879
317.744879
317.744879
317.744879
317.744879
317.744879
317.744879
317.744879
317.744879
317.744879
317.744879
317.744879
317.744879
317.744879
317.744879
317.744879
317.744879
317.744879
317.744879
317.744879
317.744879
307.656467
307.656467
307.656467
307.656467
307.656467
307.656467
307.656467
307.656467
307.656467
307.656467
307.656467
307.656467
307.656467
307.656467
307.656467
307.656467
307.656467
307.656467
307.656467
307.656467
307.656467
307.656467
307.656467
307.656467
307.656467
307.656467
307.656467
307.656467
307.656467
307.656467
307.656467
307.656467
307.656467
307.656467
307.656467
307.656467
307.656467
307.656467
307.656467
307.656467
307.656467
307.656467
307.656467
307.656467
307.656467
307.656467
307.656467
307.656467
307.656467
307.656467
307.656467
307.656467
307.656467
307.656467
307.656467
307.656467
307.656467
307.656467
307.656467
307.656467
307.656467
307.656467
307.656467
307.656467
307.656467
307.656467
307.656467
307.656467
307.656467
307.656467
307.656467
307.656467
307.656467
307.656467
307.656467
307.656467
307.656467
307.656467
307.656467
307.656467
307.656467
307.656467
307.656467
307.656467
307.656467
307.656467
307.656467
307.656467
307.656467
307.656467
307.656467
307.656467
307.656467
307.656467
307.656467
307.656467
307.656467
307.656467
307.656467
307.656467
307.656467
307.656467
307.656467
307.656467
307.656467
307.656467
307.656467
307.656467
307.656467
307.656467
307.656467
307.656467
307.656467
307.656467
307.656467
307.656467
307.656467
307.656467
307.656467
307.656467
307.656467
307.656467
307.656467
307.656467
307.656467
307.656467
307.656467
307.656467
307.656467
307.656467
307.656467
307.656467
307.656467
307.656467
307.656467
307.656467
307.656467
307.656467
307.656467
307.656467
307.656467
307.656467
307.656467
307.656467
307.656467
307.656467
307.656467
307.656467
307.656467
307.656467
307.656467
307.656467
307.656467
307.656467
307.656467
307.656467
307.656467
307.656467
307.656467
307.656467
307.656467
307.656467
307.656467
307.656467
307.656467
307.656467
307.656467
307.656467
307.656467
307.656467
307.656467
307.656467
307.656467
307.656467
307.656467
307.656467
307.656467
307.656467
307.656467
307.656467
307.656467
307.656467
307.656467
307.656467
307.656467
307.656467
307.656467
307.656467
307.656467
307.656467
307.656467
307.656467
307.656467
307.656467
307.656467
307.656467
307.656467
307.656467
307.656467
307.656467
307.656467
307.656467
307.656467
307.656467
307.656467
307.656467
307.656467
307.656467
307.656467
307.656467
307.656467
307.656467
307.656467
307.656467
307.656467
307.656467
307.656467
307.656467
307.656467
307.656467
307.656467
307.656467
307.656467
307.656467
307.656467
307.656467
307.656467
307.656467
307.656467
307.656467
307.656467
307.656467
307.656467
307.656467
307.656467
307.656467
307.656467
307.656467
307.656467
307.656467
307.656467
307.656467
307.656467
307.656467
307.656467
307.656467
307.656467
307.656467
307.656467
307.656467
307.656467
307.656467
307.656467
307.656467
307.656467
307.656467
307.656467
307.656467
307.656467
307.656467
307.656467
307.656467
307.656467
307.656467
307.656467
307.656467
307.656467
307.656467
307.656467
307.656467
307.656467
307.656467
307.656467
307.656467
307.656467
307.656467
307.656467
307.656467
307.656467
307.656467
307.656467
307.656467
307.656467
307.656467
307.656467
307.656467
307.656467
307.656467
307.656467
307.656467
307.656467
307.656467
307.656467
307.656467
307.656467
307.656467
307.656467
307.656467
307.656467
307.656467
307.656467
307.656467
307.656467
307.656467
307.656467
307.656467
307.656467
307.656467
307.656467
307.656467
307.656467
307.656467
307.656467
307.656467
307.656467
307.656467
307.656467
307.656467
307.656467
307.656467
307.656467
307.656467
307.656467
307.656467
307.656467
307.656467
307.656467
307.656467
307.656467
307.656467
307.656467
307.656467
307.656467
307.656467
307.656467
307.656467
307.656467
307.656467
307.656467
307.656467
307.656467
307.656467
307.656467
307.656467
307.656467
307.656467
307.656467
307.656467
307.656467
307.656467
307.656467
307.656467
307.656467
307.656467
307.656467
307.656467
307.656467
307.656467
307.656467
307.656467
307.656467
307.656467
307.656467
307.656467
307.656467
307.656467
307.656467
307.656467
307.656467
307.656467
307.656467
307.656467
307.656467
307.656467
307.656467
307.656467
307.656467
307.656467
307.656467
307.656467
307.656467
307.656467
307.656467
307.656467
307.656467
307.656467
307.656467
307.656467
307.656467
307.656467
307.656467
307.656467
307.656467
307.656467
307.656467
307.656467
307.656467
307.656467
307.656467
307.656467
307.656467
307.656467
307.656467
307.656467
307.656467
307.656467
307.656467
307.656467
307.656467
307.656467
307.656467
307.656467
307.656467
307.656467
307.656467
307.656467
307.656467
307.656467
307.656467
307.656467
307.656467
307.656467
307.656467
307.656467
307.656467
307.656467
307.656467
307.656467
307.656467
307.656467
307.656467
307.656467
307.656467
307.656467
307.656467
307.656467
307.656467
307.656467
307.656467
307.656467
307.656467
307.656467
307.656467
307.656467
307.656467
307.656467
307.656467
307.656467
307.656467
307.656467
307.656467
307.656467
307.656467
307.656467
307.656467
307.656467
307.656467
307.656467
307.656467
307.656467
307.656467
307.656467
307.656467
307.656467
307.656467
307.656467
307.656467
307.656467
307.656467
307.656467
307.656467
307.656467
307.656467
307.656467
307.656467
307.656467
307.656467
307.656467
307.656467
307.656467
307.656467
307.656467
307.656467
307.656467
307.656467
307.656467
307.656467
307.656467
307.656467
307.656467
307.656467
307.656467
307.656467
307.656467
307.656467
307.656467
307.656467
307.656467
307.656467
307.656467
307.656467
307.656467
307.656467
307.656467
307.656467
307.656467
307.656467
307.656467
307.656467
307.656467
307.656467
307.656467
307.656467
307.656467
307.656467
307.656467
307.656467
307.656467
307.656467
307.656467
307.656467
307.656467
307.656467
307.656467
307.656467
307.656467
307.656467
307.656467
307.656467
307.656467
307.656467
307.656467
307.656467
307.656467
307.656467
307.656467
307.656467
307.656467
307.656467
307.656467
307.656467
307.656467
307.656467
307.656467
307.656467
307.656467
307.656467
307.656467
307.656467
307.656467
307.656467
307.656467
307.656467
307.656467
307.656467
307.656467
307.656467
307.656467
307.656467
307.656467
307.656467
307.656467
307.656467
307.656467
307.656467
307.656467
307.656467
307.656467
307.656467
307.656467
307.656467
307.656467
307.656467
307.656467
307.656467
307.656467
307.656467
307.656467
307.656467
307.656467
307.656467
307.656467
307.656467
307.656467
307.656467
307.656467
307.656467
307.656467
307.656467
307.656467
307.656467
307.656467
307.656467
307.656467
307.656467
307.656467
307.656467
307.656467
307.656467
307.656467
307.656467
307.656467
307.656467
307.656467
307.656467
307.656467
307.656467
307.656467
307.656467
307.656467
307.656467
307.656467
307.656467
307.656467
307.656467
307.656467
307.656467
307.656467
307.656467
307.656467
307.656467
307.656467
307.656467
307.656467
307.656467
307.656467
307.656467
307.656467
307.656467
307.656467
307.656467
307.656467
307.656467
307.656467
307.656467
307.656467
307.656467
307.656467
307.656467
307.656467
307.656467
307.656467
307.656467
307.656467
307.656467
307.656467
307.656467
307.656467
307.656467
307.656467
307.656467
307.656467
307.656467
307.656467
307.656467
307.656467
307.656467
307.656467
307.656467
307.656467
307.656467
307.656467
307.656467
307.656467
307.656467
307.656467
307.656467
307.656467
307.656467
307.656467
307.656467
307.656467
307.656467
307.656467
307.656467
307.656467
307.656467
307.656467
307.656467
307.656467
307.656467
307.656467
307.656467
307.656467
307.656467
307.656467
307.656467
307.656467
307.656467
307.656467
307.656467
307.656467
307.656467
307.656467
307.656467
307.656467
307.656467
307.656467
307.656467
307.656467
307.656467
307.656467
307.656467
307.656467
307.656467
307.656467
307.656467
307.656467
307.656467
307.656467
307.656467
307.656467
307.656467
307.656467
307.656467
307.656467
307.656467
307.656467
307.656467
307.656467
307.656467
307.656467
307.656467
307.656467
307.656467
307.656467
307.656467
307.656467
307.656467
307.656467
307.656467
307.656467
307.656467
307.656467
307.656467
307.656467
307.656467
307.656467
307.656467
307.656467
307.656467
307.656467
307.656467
307.656467
307.656467
307.656467
307.656467
307.656467
307.656467
307.656467
307.656467
307.656467
307.656467
307.656467
307.656467
307.656467
307.656467
307.656467
307.656467
307.656467
307.656467
307.656467
307.656467
307.656467
307.656467
307.656467
307.656467
307.656467
307.656467
307.656467
307.656467
307.656467
307.656467
307.656467
307.656467
307.656467
307.656467
307.656467
307.656467
307.656467
307.656467
307.656467
307.656467
307.656467
307.656467
307.656467
307.656467
307.656467
307.656467
307.656467
307.656467
307.656467
307.656467
307.656467
307.656467
307.656467
307.656467
307.656467
307.656467
307.656467
307.656467
307.656467
307.656467
307.656467
307.656467
307.656467
307.656467
307.656467
307.656467
307.656467
307.656467
307.656467
307.656467
307.656467
307.656467
307.656467
307.656467
307.656467
307.656467
307.656467
307.656467
307.656467
307.656467
307.656467
307.656467
307.656467
307.656467
307.656467
307.656467
307.656467
307.656467
307.656467
307.656467
307.656467
307.656467
307.656467
307.656467
307.656467
307.656467
307.656467
307.656467
307.656467
307.656467
307.656467
307.656467
307.656467
307.656467
307.656467
307.656467
307.656467
307.656467
307.656467
307.656467
307.656467
307.656467
307.656467
307.656467
307.656467
307.656467
307.656467
307.656467
307.656467
294.975553
294.975553
294.975553
294.975553
294.975553
294.975553
294.975553
294.975553
294.975553
294.975553
294.975553
294.975553
294.975553
294.975553
294.975553
294.975553
294.975553
294.975553
294.975553
294.975553
294.975553
294.975553
294.975553
294.975553
294.975553
294.975553
294.975553
294.975553
294.975553
294.975553
294.975553
294.975553
294.975553
294.975553
294.975553
294.975553
294.975553
294.975553
294.975553
294.975553
294.975553
294.975553
294.975553
294.975553
294.975553
294.975553
294.975553
294.975553
294.975553
294.975553
294.975553
294.975553
294.975553
294.975553
294.975553
294.975553
294.975553
294.975553
294.975553
294.975553
294.975553
294.975553
294.975553
294.975553
294.975553
294.975553
294.975553
294.975553
294.975553
294.975553
294.975553
294.975553
294.975553
294.975553
294.975553
294.975553
294.975553
294.975553
294.975553
294.975553
294.975553
294.975553
286.224092
286.224092
286.224092
286.224092
286.224092
286.224092
286.224092
286.224092
286.224092
286.224092
286.224092
286.224092
286.224092
286.224092
286.224092
286.224092
286.224092
286.224092
286.224092
286.224092
286.224092
286.224092
286.224092
286.224092
286.224092
286.224092
286.224092
286.224092
286.224092
286.224092
286.224092
286.224092
286.224092
286.224092
286.224092
286.224092
286.224092
286.224092
286.224092
286.224092
256.319272
256.319272
256.319272
256.319272
256.319272
256.319272
256.319272
256.319272
256.319272
256.319272
256.319272
256.319272
256.319272
256.319272
256.319272
256.319272
256.319272
256.319272
256.319272
256.319272
256.319272
256.319272
256.319272
256.319272
256.319272
256.319272
256.319272
256.319272
256.319272
256.319272
256.319272
256.319272
256.319272
256.319272
256.319272
256.319272
256.319272
256.319272
256.319272
256.319272
256.319272
256.319272
256.319272
256.319272
256.319272
256.319272
256.319272
256.319272
256.319272
256.319272
256.319272
256.319272
256.319272
256.319272
256.319272
256.319272
256.319272
256.319272
256.319272
256.319272
256.319272
256.319272
256.319272
256.319272
256.319272
256.319272
256.319272
256.319272
256.319272
256.319272
256.319272
256.319272
256.319272
256.319272
256.319272
256.319272
256.319272
256.319272
256.319272
256.319272
256.319272
256.319272
256.319272
256.319272
256.319272
256.319272
256.319272
256.319272
256.319272
256.319272
256.319272
256.319272
256.319272
256.319272
256.319272
256.319272
256.319272
256.319272
256.319272
256.319272
256.319272
256.319272
256.319272
256.319272
256.319272
256.319272
256.319272
256.319272
256.319272
256.319272
256.319272
256.319272
256.319272
256.319272
256.319272
256.319272
256.319272
256.319272
256.319272
256.319272
256.319272
256.319272
256.319272
256.319272
256.319272
256.319272
256.319272
256.319272
256.319272
256.319272
256.319272
256.319272
256.319272
256.319272
256.319272
256.319272
256.319272
256.319272
256.319272
256.319272
256.319272
256.319272
256.319272
256.319272
256.319272
256.319272
256.319272
256.319272
256.319272
256.319272
256.319272
256.319272
256.319272
256.319272
256.319272
256.319272
256.319272
256.319272
256.319272
256.319272
256.319272
256.319272
256.319272
256.319272
256.319272
256.319272
256.319272
256.319272
256.319272
256.319272
256.319272
256.319272
256.319272
256.319272
256.319272
256.319272
256.319272
256.319272
256.319272
256.319272
256.319272
256.319272
256.319272
256.319272
256.319272
256.319272
256.319272
256.319272
256.319272
256.319272
256.319272
256.319272
256.319272
256.319272
256.319272
256.319272
256.319272
256.319272
256.319272
256.319272
256.319272
256.319272
256.319272
256.319272
256.319272
256.319272
256.319272
256.319272
256.319272
256.319272
256.319272
256.319272
256.319272
256.319272
256.319272
256.319272
256.319272
256.319272
256.319272
256.319272
256.319272
256.319272
256.319272
256.319272
256.319272
256.319272
256.319272
256.319272
256.319272
256.319272
256.319272
256.319272
256.319272
256.319272
256.319272
256.319272
256.319272
256.319272
256.319272
256.319272
256.319272
256.319272
256.319272
256.319272
256.319272
256.319272
256.319272
256.319272
256.319272
256.319272
256.319272
256.319272
256.319272
256.319272
256.319272
256.319272
256.319272
256.319272
256.319272
256.319272
256.319272
256.319272
256.319272
256.319272
256.319272
256.319272
256.319272
256.319272
256.319272
256.319272
256.319272
256.319272
256.319272
256.319272
256.319272
256.319272
256.319272
256.319272
256.319272
256.319272
256.319272
256.319272
256.319272
256.319272
256.319272
256.319272
256.319272
256.319272
256.319272
256.319272
256.319272
256.319272
256.319272
256.319272
256.319272
256.319272
256.319272
256.319272
256.319272
256.319272
256.319272
256.319272
256.319272
256.319272
256.319272
256.319272
256.319272
256.319272
256.319272
256.319272
256.319272
256.319272
256.319272
256.319272
256.319272
256.319272
256.319272
256.319272
256.319272
256.319272
256.319272
256.319272
256.319272
256.319272
256.319272
256.319272
256.319272
256.319272
256.319272
256.319272
256.319272
256.319272
256.319272
256.319272
256.319272
256.319272
256.319272
256.319272
256.319272
256.319272
256.319272
256.319272
256.319272
256.319272
256.319272
256.319272
256.319272
256.319272
256.319272
256.319272
256.319272
256.319272
256.319272
256.319272
256.319272
256.319272
256.319272
256.319272
256.319272
256.319272
256.319272
256.319272
256.319272
256.319272
256.319272
256.319272
256.319272
256.319272
256.319272
256.319272
256.319272
256.319272
256.319272
256.319272
256.319272
256.319272
256.319272
256.319272
256.319272
256.319272
256.319272
256.319272
256.319272
256.319272
256.319272
256.319272
256.319272
256.319272
256.319272
256.319272
256.319272
256.319272
256.319272
256.319272
256.319272
256.319272
256.319272
256.319272
256.319272
256.319272
256.319272
256.319272
256.319272
256.319272
256.319272
256.319272
256.319272
256.319272
256.319272
256.319272
256.319272
256.319272
256.319272
256.319272
256.319272
256.319272
256.319272
256.319272
256.319272
256.319272
256.319272
256.319272
256.319272
256.319272
256.319272
256.319272
256.319272
256.319272
256.319272
256.319272
256.319272
256.319272
256.319272
256.319272
256.319272
256.319272
256.319272
256.319272
256.319272
256.319272
256.319272
256.319272
256.319272
256.319272
256.319272
256.319272
256.319272
256.319272
256.319272
256.319272
256.319272
256.319272
256.319272
256.319272
256.319272
256.319272
256.319272
256.319272
256.319272
256.319272
256.319272
256.319272
256.319272
256.319272
256.319272
256.319272
256.319272
256.319272
256.319272
256.319272
256.319272
256.319272
256.319272
256.319272
256.319272
256.319272
256.319272
256.319272
256.319272
256.319272
256.319272
256.319272
256.319272
256.319272
256.319272
256.319272
256.319272
256.319272
256.319272
256.319272
256.319272
256.319272
256.319272
256.319272
256.319272
256.319272
256.319272
256.319272
256.319272
256.319272
256.319272
256.319272
256.319272
256.319272
256.319272
256.319272
256.319272
256.319272
256.319272
256.319272
256.319272
256.319272
256.319272
256.319272
256.319272
256.319272
256.319272
256.319272
256.319272
256.319272
256.319272
256.319272
256.319272
256.319272
256.319272
256.319272
256.319272
256.319272
256.319272
256.319272
256.319272
256.319272
256.319272
256.319272
256.319272
256.319272
256.319272
256.319272
256.319272
256.319272
256.319272
256.319272
256.319272
256.319272
256.319272
256.319272
256.319272
256.319272
256.319272
256.319272
256.319272
256.319272
256.319272
256.319272
256.319272
256.319272
256.319272
256.319272
256.319272
256.319272
256.319272
256.319272
256.319272
256.319272
256.319272
256.319272
256.319272
256.319272
256.319272
256.319272
256.319272
256.319272
256.319272
256.319272
256.319272
256.319272
256.319272
256.319272
256.319272
256.319272
256.319272
256.319272
256.319272
256.319272
256.319272
256.319272
256.319272
256.319272
256.319272
256.319272
256.319272
256.319272
256.319272
256.319272
256.319272
256.319272
256.319272
256.319272
256.319272
256.319272
256.319272
256.319272
256.319272
256.319272
256.319272
256.319272
256.319272
256.319272
256.319272
256.319272
256.319272
256.319272
256.319272
256.319272
256.319272
256.319272
256.319272
256.319272
256.319272
256.319272
256.319272
256.319272
256.319272
256.319272
256.319272
256.319272
256.319272
256.319272
256.319272
256.319272
256.319272
256.319272
256.319272
256.319272
256.319272
256.319272
256.319272
256.319272
256.319272
256.319272
256.319272
256.319272
256.319272
256.319272
256.319272
256.319272
256.319272
256.319272
256.319272
256.319272
256.319272
256.319272
256.319272
256.319272
256.319272
256.319272
256.319272
256.319272
256.319272
256.319272
256.319272
256.319272
256.319272
256.319272
256.319272
256.319272
256.319272
256.319272
256.319272
256.319272
256.319272
256.319272
256.319272
256.319272
256.319272
256.319272
256.319272
256.319272
256.319272
256.319272
256.319272
256.319272
256.319272
256.319272
256.319272
256.319272
256.319272
256.319272
256.319272
256.319272
256.319272
256.319272
256.319272
256.319272
256.319272
256.319272
256.319272
256.319272
256.319272
256.319272
256.319272
256.319272
256.319272
256.319272
256.319272
256.319272
256.319272
256.319272
256.319272
256.319272
256.319272
256.319272
256.319272
256.319272
256.319272
256.319272
256.319272
256.319272
256.319272
256.319272
256.319272
256.319272
256.319272
256.319272
256.319272
256.319272
256.319272
256.319272
256.319272
256.319272
256.319272
256.319272
256.319272
256.319272
256.319272
256.319272
256.319272
256.319272
256.319272
256.319272
256.319272
256.319272
256.319272
256.319272
256.319272
256.319272
256.319272
256.319272
256.319272
256.319272
256.319272
256.319272
256.319272
256.319272
256.319272
256.319272
256.319272
256.319272
256.319272
256.319272
256.319272
256.319272
256.319272
256.319272
256.319272
256.319272
256.319272
256.319272
256.319272
256.319272
256.319272
256.319272
256.319272
256.319272
256.319272
256.319272
256.319272
256.319272
256.319272
256.319272
256.319272
256.319272
256.319272
256.319272
256.319272
256.319272
256.319272
256.319272
256.319272
256.319272
256.319272
256.319272
256.319272
256.319272
256.319272
256.319272
256.319272
256.319272
256.319272
256.319272
256.319272
256.319272
256.319272
256.319272
256.319272
256.319272
256.319272
256.319272
256.319272
256.319272
256.319272
256.319272
256.319272
256.319272
256.319272
256.319272
256.319272
256.319272
256.319272
256.319272
256.319272
256.319272
256.319272
256.319272
256.319272
256.319272
256.319272
256.319272
256.319272
256.319272
256.319272
256.319272
256.319272
256.319272
256.319272
256.319272
256.319272
256.319272
256.319272
256.319272
256.319272
256.319272
256.319272
256.319272
256.319272
256.319272
256.319272
256.319272
256.319272
256.319272
256.319272
256.319272
256.319272
256.319272
256.319272
256.319272
256.319272
256.319272
256.319272
256.319272
256.319272
256.319272
256.319272
256.319272
256.319272
256.319272
256.319272
256.319272
256.319272
256.319272
256.319272
256.319272
256.319272
256.319272
256.319272
256.319272
256.319272
256.319272
256.319272
256.319272
256.319272
256.319272
256.319272
256.319272
256.319272
256.319272
256.319272
256.319272
256.319272
256.319272
256.319272
256.319272
256.319272
256.319272
256.319272
256.319272
256.319272
256.319272
256.319272
256.319272
256.319272
256.319272
256.319272
256.319272
256.319272
256.319272
256.319272
256.319272
256.319272
256.319272
256.319272
256.319272
256.319272
256.319272
256.319272
256.319272
256.319272
256.319272
256.319272
256.319272
256.319272
256.319272
256.319272
256.319272
256.319272
256.319272
256.319272
256.319272
256.319272
256.319272
256.319272
256.319272
256.319272
256.319272
256.319272
256.319272
256.319272
256.319272
256.319272
256.319272
256.319272
256.319272
256.319272
256.319272
256.319272
256.319272
256.319272
256.319272
256.319272
256.319272
256.319272
256.319272
256.319272
256.319272
256.319272
256.319272
256.319272
256.319272
256.319272
256.319272
256.319272
256.319272
256.319272
256.319272
256.319272
256.319272
256.319272
256.319272
256.319272
256.319272
256.319272
256.319272
256.319272
256.319272
256.319272
256.319272
256.319272
256.319272
256.319272
256.319272
256.319272
256.319272
256.319272
256.319272
256.319272
256.319272
256.319272
256.319272
256.319272
256.319272
256.319272
256.319272
256.319272
256.319272
256.319272
256.319272
256.319272
256.319272
256.319272
256.319272
256.319272
256.319272
256.319272
256.319272
256.319272
256.319272
256.319272
256.319272
256.319272
256.319272
256.319272
256.319272
256.319272
256.319272
256.319272
256.319272
256.319272
256.319272
256.319272
256.319272
256.319272
256.319272
256.319272
256.319272
256.319272
256.319272
256.319272
256.319272
256.319272
256.319272
256.319272
256.319272
256.319272
256.319272
256.319272
256.319272
256.319272
256.319272
256.319272
256.319272
256.319272
256.319272
256.319272
256.319272
256.319272
256.319272
256.319272
256.319272
256.319272
256.319272
256.319272
256.319272
256.319272
256.319272
256.319272
256.319272
256.319272
256.319272
256.319272
256.319272
256.319272
256.319272
256.319272
256.319272
256.319272
256.319272
256.319272
256.319272
256.319272
256.319272
256.319272
256.319272
256.319272
256.319272
256.319272
256.319272
256.319272
256.319272
256.319272
256.319272
256.319272
256.319272
256.319272
256.319272
256.319272
256.319272
256.319272
256.319272
256.319272
256.319272
256.319272
256.319272
256.319272
256.319272
256.319272
256.319272
256.319272
256.319272
256.319272
256.319272
256.319272
256.319272
256.319272
256.319272
256.319272
256.319272
256.319272
256.319272
256.319272
256.319272
256.319272
256.319272
256.319272
256.319272
256.319272
256.319272
256.319272
256.319272
256.319272
256.319272
256.319272
256.319272
256.319272
256.319272
256.319272
256.319272
256.319272
256.319272
256.319272
256.319272
256.319272
256.319272
256.319272
256.319272
256.319272
256.319272
256.319272
256.319272
256.319272
256.319272
256.319272
256.319272
256.319272
256.319272
256.319272
256.319272
256.319272
256.319272
256.319272
256.319272
256.319272
256.319272
256.319272
256.319272
256.319272
256.319272
256.319272
256.319272
256.319272
256.319272
256.319272
256.319272
256.319272
256.319272
256.319272
256.319272
256.319272
256.319272
256.319272
256.319272
256.319272
256.319272
256.319272
256.319272
256.319272
256.319272
256.319272
256.319272
256.319272
256.319272
256.319272
256.319272
256.319272
256.319272
256.319272
256.319272
256.319272
256.319272
256.319272
256.319272
256.319272
256.319272
256.319272
256.319272
256.319272
256.319272
256.319272
256.319272
256.319272
256.319272
256.319272
256.319272
256.319272
256.319272
256.319272
256.319272
256.319272
256.319272
256.319272
256.319272
256.319272
256.319272
256.319272
256.319272
256.319272
256.319272
256.319272
256.319272
256.319272
256.319272
256.319272
256.319272
256.319272
256.319272
256.319272
256.319272
256.319272
256.319272
256.319272
256.319272
256.319272
256.319272
256.319272
256.319272
256.319272
256.319272
256.319272
256.319272
256.319272
256.319272
256.319272
256.319272
256.319272
256.319272
256.319272
256.319272
256.319272
256.319272
256.319272
256.319272
256.319272
256.319272
256.319272
256.319272
256.319272
256.319272
256.319272
256.319272
256.319272
256.319272
256.319272
256.319272
256.319272
256.319272
256.319272
256.319272
256.319272
256.319272
256.319272
256.319272
256.319272
256.319272
256.319272
256.319272
256.319272
256.319272
256.319272
256.319272
256.319272
256.319272
256.319272
256.319272
256.319272
256.319272
256.319272
256.319272
256.319272
256.319272
256.319272
256.319272
256.319272
256.319272
256.319272
256.319272
256.319272
256.319272
256.319272
256.319272
256.319272
256.319272
256.319272
256.319272
256.319272
256.319272
256.319272
256.319272
256.319272
256.319272
256.319272
256.319272
256.319272
256.319272
256.319272
256.319272
256.319272
256.319272
256.319272
256.319272
256.319272
256.319272
256.319272
256.319272
256.319272
256.319272
256.319272
256.319272
256.319272
256.319272
256.319272
256.319272
256.319272
256.319272
256.319272
256.319272
256.319272
256.319272
256.319272
256.319272
256.319272
256.319272
256.319272
256.319272
256.319272
256.319272
256.319272
256.319272
256.319272
256.319272
256.319272
256.319272
256.319272
256.319272
256.319272
256.319272
256.319272
256.319272
256.319272
256.319272
256.319272
256.319272
256.319272
256.319272
256.319272
256.319272
256.319272
256.319272
256.319272
256.319272
256.319272
256.319272
256.319272
256.319272
256.319272
256.319272
256.319272
256.319272
256.319272
256.319272
256.319272
256.319272
256.319272
256.319272
256.319272
256.319272
256.319272
256.319272
256.319272
256.319272
256.319272
256.319272
256.319272
256.319272
256.319272
256.319272
256.319272
256.319272
256.319272
256.319272
256.319272
256.319272
256.319272
256.319272
256.319272
256.319272
256.319272
256.319272
256.319272
256.319272
256.319272
256.319272
256.319272
256.319272
256.319272
256.319272
256.319272
256.319272
256.319272
256.319272
256.319272
256.319272
256.319272
256.319272
256.319272
256.319272
256.319272
256.319272
256.319272
256.319272
256.319272
256.319272
256.319272
256.319272
256.319272
256.319272
256.319272
256.319272
256.319272
256.319272
256.319272
256.319272
256.319272
256.319272
256.319272
256.319272
256.319272
256.319272
256.319272
256.319272
256.319272
256.319272
256.319272
256.319272
256.319272
256.319272
256.319272
256.319272
256.319272
256.319272
256.319272
256.319272
256.319272
256.319272
256.319272
256.319272
256.319272
256.319272
256.319272
256.319272
256.319272
256.319272
256.319272
256.319272
256.319272
256.319272
256.319272
256.319272
256.319272
256.319272
256.319272
256.319272
256.319272
256.319272
256.319272
256.319272
256.319272
256.319272
256.319272
256.319272
256.319272
256.319272
256.319272
256.319272
256.319272
256.319272
256.319272
256.319272
256.319272
256.319272
256.319272
256.319272
256.319272
256.319272
256.319272
256.319272
256.319272
256.319272
256.319272
256.319272
256.319272
256.319272
256.319272
256.319272
256.319272
256.319272
256.319272
256.319272
256.319272
256.319272
256.319272
256.319272
256.319272
256.319272
256.319272
256.319272
256.319272
256.319272
256.319272
256.319272
256.319272
256.319272
256.319272
256.319272
256.319272
256.319272
256.319272
256.319272
256.319272
256.319272
256.319272
256.319272
256.319272
256.319272
256.319272
256.319272
256.319272
256.319272
256.319272
256.319272
256.319272
256.319272
256.319272
256.319272
256.319272
256.319272
256.319272
256.319272
256.319272
256.319272
256.319272
256.319272
256.319272
256.319272
256.319272
256.319272
256.319272
256.319272
256.319272
256.319272
256.319272
256.319272
256.319272
256.319272
256.319272
256.319272
256.319272
256.319272
256.319272
256.319272
256.319272
256.319272
256.319272
256.319272
256.319272
256.319272
256.319272
256.319272
256.319272
256.319272
256.319272
256.319272
256.319272
256.319272
256.319272
256.319272
256.319272
256.319272
256.319272
256.319272
256.319272
256.319272
256.319272
256.319272
256.319272
256.319272
256.319272
256.319272
256.319272
256.319272
256.319272
256.319272
256.319272
256.319272
256.319272
256.319272
256.319272
256.319272
256.319272
256.319272
256.319272
256.319272
256.319272
256.319272
256.319272
256.319272
256.319272
256.319272
256.319272
256.319272
256.319272
256.319272
256.319272
256.319272
256.319272
256.319272
256.319272
256.319272
256.319272
256.319272
256.319272
256.319272
256.319272
256.319272
256.319272
256.319272
256.319272
256.319272
256.319272
256.319272
256.319272
256.319272
256.319272
256.319272
256.319272
256.319272
256.319272
256.319272
256.319272
256.319272
256.319272
256.319272
256.319272
256.319272
256.319272
256.319272
256.319272
256.319272
256.319272
256.319272
256.319272
256.319272
256.319272
256.319272
256.319272
256.319272
256.319272
256.319272
256.319272
256.319272
256.319272
256.319272
256.319272
256.319272
256.319272
256.319272
256.319272
256.319272
256.319272
256.319272
256.319272
256.319272
256.319272
256.319272
256.319272
256.319272
256.319272
256.319272
256.319272
256.319272
256.319272
256.319272
256.319272
256.319272
256.319272
256.319272
256.319272
256.319272
256.319272
256.319272
256.319272
256.319272
256.319272
256.319272
256.319272
256.319272
256.319272
256.319272
256.319272
256.319272
256.319272
256.319272
256.319272
256.319272
256.319272
256.319272
256.319272
256.319272
256.319272
256.319272
256.319272
256.319272
256.319272
256.319272
256.319272
256.319272
256.319272
256.319272
256.319272
256.319272
256.319272
256.319272
256.319272
256.319272
256.319272
256.319272
256.319272
256.319272
256.319272
256.319272
256.319272
256.319272
256.319272
256.319272
256.319272
256.319272
256.319272
256.319272
256.319272
256.319272
256.319272
256.319272
256.319272
256.319272
256.319272
256.319272
256.319272
256.319272
256.319272
256.319272
256.319272
256.319272
256.319272
256.319272
256.319272
256.319272
256.319272
256.319272
256.319272
256.319272
256.319272
256.319272
256.319272
256.319272
256.319272
256.319272
256.319272
256.319272
256.319272
256.319272
256.319272
256.319272
256.319272
256.319272
256.319272
256.319272
256.319272
256.319272
256.319272
256.319272
256.319272
256.319272
256.319272
256.319272
256.319272
256.319272
256.319272
256.319272
256.319272
256.319272
256.319272
256.319272
256.319272
256.319272
256.319272
256.319272
256.319272
256.319272
256.319272
256.319272
256.319272
256.319272
256.319272
256.319272
256.319272
256.319272
256.319272
256.319272
256.319272
256.319272
256.319272
256.319272
256.319272
256.319272
256.319272
256.319272
256.319272
256.319272
256.319272
256.319272
256.319272
256.319272
256.319272
256.319272
256.319272
256.319272
256.319272
256.319272
256.319272
256.319272
256.319272
256.319272
256.319272
256.319272
256.319272
256.319272
256.319272
256.319272
256.319272
256.319272
256.319272
256.319272
256.319272
256.319272
256.319272
256.319272
256.319272
256.319272
256.319272
256.319272
256.319272
256.319272
256.319272
256.319272
256.319272
256.319272
256.319272
256.319272
256.319272
256.319272
256.319272
256.319272
256.319272
256.319272
256.319272
256.319272
256.319272
256.319272
256.319272
256.319272
256.319272
256.319272
256.319272
256.319272
256.319272
256.319272
256.319272
256.319272
256.319272
256.319272
256.319272
256.319272
256.319272
256.319272
256.319272
256.319272
256.319272
256.319272
256.319272
256.319272
256.319272
256.319272
256.319272
256.319272
256.319272
256.319272
256.319272
256.319272
256.319272
256.319272
256.319272
256.319272
256.319272
256.319272
256.319272
256.319272
256.319272
256.319272
256.319272
256.319272
256.319272
256.319272
256.319272
256.319272
256.319272
256.319272
256.319272
256.319272
256.319272
256.319272
256.319272
256.319272
256.319272
256.319272
256.319272
256.319272
256.319272
256.319272
256.319272
256.319272
256.319272
256.319272
256.319272
256.319272
256.319272
256.319272
256.319272
256.319272
256.319272
256.319272
256.319272
256.319272
256.319272
256.319272
256.319272
256.319272
256.319272
256.319272
256.319272
256.319272
256.319272
256.319272
256.319272
256.319272
256.319272
256.319272
256.319272
256.319272
256.319272
256.319272
256.319272
256.319272
256.319272
256.319272
256.319272
256.319272
256.319272
256.319272
256.319272
256.319272
256.319272
256.319272
256.319272
256.319272
256.319272
256.319272
256.319272
256.319272
256.319272
256.319272
256.319272
256.319272
256.319272
256.319272
256.319272
256.319272
256.319272
256.319272
256.319272
256.319272
256.319272
256.319272
256.319272
256.319272
256.319272
256.319272
256.319272
256.319272
256.319272
256.319272
256.319272
256.319272
256.319272
256.319272
256.319272
256.319272
256.319272
256.319272
256.319272
256.319272
256.319272
256.319272
256.319272
256.319272
256.319272
256.319272
256.319272
256.319272
256.319272
256.319272
256.319272
256.319272
256.319272
256.319272
256.319272
256.319272
256.319272
256.319272
256.319272
256.319272
256.319272
256.319272
256.319272
256.319272
256.319272
256.319272
256.319272
256.319272
256.319272
256.319272
256.319272
256.319272
256.319272
256.319272
256.319272
256.319272
256.319272
256.319272
256.319272
256.319272
256.319272
256.319272
256.319272
256.319272
256.319272
256.319272
256.319272
256.319272
256.319272
256.319272
256.319272
256.319272
256.319272
256.319272
256.319272
256.319272
256.319272
256.319272
256.319272
256.319272
256.319272
256.319272
256.319272
256.319272
256.319272
256.319272
256.319272
256.319272
256.319272
256.319272
256.319272
256.319272
256.319272
256.319272
256.319272
256.319272
256.319272
256.319272
256.319272
256.319272
256.319272
256.319272
256.319272
256.319272
256.319272
256.319272
256.319272
256.319272
256.319272
256.319272
256.319272
256.319272
256.319272
256.319272
256.319272
256.319272
256.319272
256.319272
256.319272
256.319272
256.319272
256.319272
256.319272
256.319272
256.319272
256.319272
256.319272
256.319272
256.319272
256.319272
256.319272
256.319272
256.319272
256.319272
256.319272
256.319272
256.319272
256.319272
256.319272
256.319272
256.319272
256.319272
256.319272
256.319272
256.319272
256.319272
256.319272
256.319272
256.319272
256.319272
256.319272
256.319272
256.319272
256.319272
256.319272
256.319272
256.319272
256.319272
256.319272
256.319272
256.319272
256.319272
256.319272
256.319272
256.319272
256.319272
256.319272
256.319272
256.319272
256.319272
256.319272
256.319272
256.319272
256.319272
256.319272
256.319272
256.319272
256.319272
256.319272
256.319272
256.319272
256.319272
256.319272
256.319272
256.319272
256.319272
256.319272
256.319272
256.319272
256.319272
256.319272
256.319272
256.319272
256.319272
256.319272
256.319272
256.319272
256.319272
256.319272
256.319272
256.319272
256.319272
256.319272
256.319272
256.319272
256.319272
256.319272
256.319272
256.319272
256.319272
256.319272
256.319272
256.319272
256.319272
256.319272
256.319272
256.319272
256.319272
256.319272
256.319272
256.319272
256.319272
256.319272
256.319272
256.319272
256.319272
256.319272
256.319272
256.319272
256.319272
256.319272
256.319272
256.319272
256.319272
256.319272
256.319272
256.319272
256.319272
256.319272
256.319272
256.319272
256.319272
256.319272
256.319272
256.319272
256.319272
256.319272
256.319272
256.319272
256.319272
256.319272
256.319272
256.319272
256.319272
256.319272
256.319272
256.319272
256.319272
256.319272
256.319272
256.319272
256.319272
256.319272
256.319272
256.319272
256.319272
256.319272
256.319272
256.319272
256.319272
256.319272
256.319272
256.319272
256.319272
256.319272
256.319272
256.319272
256.319272
256.319272
256.319272
256.319272
256.319272
256.319272
256.319272
256.319272
256.319272
256.319272
256.319272
256.319272
256.319272
256.319272
256.319272
256.319272
256.319272
256.319272
256.319272
256.319272
256.319272
256.319272
256.319272
256.319272
256.319272
256.319272
256.319272
256.319272
256.319272
256.319272
256.319272
256.319272
256.319272
256.319272
256.319272
256.319272
256.319272
256.319272
256.319272
256.319272
256.319272
256.319272
256.319272
256.319272
256.319272
256.319272
256.319272
256.319272
256.319272
256.319272
256.319272
256.319272
256.319272
256.319272
256.319272
256.319272
256.319272
256.319272
256.319272
256.319272
256.319272
256.319272
256.319272
256.319272
256.319272
256.319272
256.319272
256.319272
256.319272
256.319272
256.319272
256.319272
256.319272
256.319272
256.319272
256.319272
256.319272
256.319272
256.319272
256.319272
256.319272
256.319272
256.319272
256.319272
256.319272
256.319272
256.319272
256.319272
256.319272
256.319272
256.319272
256.319272
256.319272
256.319272
256.319272
256.319272
256.319272
256.319272
256.319272
256.319272
256.319272
256.319272
256.319272
256.319272
256.319272
256.319272
256.319272
256.319272
256.319272
256.319272
256.319272
256.319272
256.319272
256.319272
256.319272
256.319272
256.319272
256.319272
256.319272
256.319272
256.319272
256.319272
256.319272
256.319272
256.319272
256.319272
256.319272
256.319272
256.319272
256.319272
256.319272
256.319272
256.319272
256.319272
256.319272
256.319272
256.319272
256.319272
256.319272
256.319272
256.319272
256.319272
256.319272
256.319272
256.319272
256.319272
256.319272
256.319272
256.319272
256.319272
256.319272
256.319272
256.319272
256.319272
256.319272
256.319272
256.319272
256.319272
256.319272
256.319272
256.319272
256.319272
256.319272
256.319272
256.319272
256.319272
256.319272
256.319272
256.319272
256.319272
256.319272
256.319272
256.319272
256.319272
256.319272
256.319272
256.319272
256.319272
256.319272
256.319272
256.319272
256.319272
256.319272
256.319272
256.319272
256.319272
256.319272
256.319272
256.319272
256.319272
256.319272
256.319272
256.319272
256.319272
256.319272
256.319272
256.319272
256.319272
256.319272
256.319272
256.319272
256.319272
256.319272
256.319272
256.319272
256.319272
256.319272
256.319272
256.319272
256.319272
256.319272
256.319272
256.319272
256.319272
256.319272
256.319272
256.319272
256.319272
256.319272
256.319272
256.319272
256.319272
256.319272
256.319272
256.319272
256.319272
256.319272
256.319272
256.319272
256.319272
256.319272
256.319272
256.319272
256.319272
256.319272
256.319272
256.319272
256.319272
256.319272
256.319272
256.319272
256.319272
256.319272
256.319272
256.319272
256.319272
256.319272
256.319272
256.319272
256.319272
256.319272
256.319272
256.319272
256.319272
256.319272
256.319272
256.319272
256.319272
256.319272
256.319272
256.319272
256.319272
256.319272
256.319272
256.319272
256.319272
256.319272
256.319272
256.319272
256.319272
256.319272
256.319272
256.319272
256.319272
256.319272
256.319272
256.319272
256.319272
256.319272
256.319272
256.319272
256.319272
256.319272
256.319272
256.319272
256.319272
256.319272
256.319272
256.319272
256.319272
256.319272
256.319272
256.319272
256.319272
256.319272
256.319272
256.319272
256.319272
256.319272
256.319272
256.319272
256.319272
256.319272
256.319272
256.319272
256.319272
256.319272
256.319272
256.319272
256.319272
256.319272
256.319272
256.319272
256.319272
256.319272
256.319272
256.319272
256.319272
256.319272
256.319272
256.319272
256.319272
256.319272
256.319272
256.319272
256.319272
256.319272
256.319272
256.319272
256.319272
256.319272
256.319272
256.319272
256.319272
256.319272
256.319272
256.319272
256.319272
256.319272
256.319272
256.319272
256.319272
256.319272
256.319272
256.319272
256.319272
256.319272
256.319272
256.319272
256.319272
256.319272
256.319272
256.319272
256.319272
256.319272
256.319272
256.319272
256.319272
256.319272
256.319272
256.319272
256.319272
256.319272
256.319272
256.319272
256.319272
256.319272
256.319272
256.319272
256.319272
256.319272
256.319272
256.319272
256.319272
256.319272
256.319272
256.319272
256.319272
256.319272
256.319272
256.319272
256.319272
256.319272
256.319272
256.319272
256.319272
256.319272
256.319272
256.319272
256.319272
256.319272
256.319272
256.319272
256.319272
256.319272
256.319272
256.319272
256.319272
256.319272
256.319272
256.319272
256.319272
256.319272
256.319272
256.319272
256.319272
256.319272
256.319272
256.319272
256.319272
256.319272
256.319272
256.319272
256.319272
256.319272
256.319272
256.319272
256.319272
256.319272
256.319272
256.319272
256.319272
256.319272
256.319272
256.319272
256.319272
256.319272
256.319272
256.319272
256.319272
256.319272
256.319272
256.319272
256.319272
256.319272
256.319272
256.319272
256.319272
256.319272
256.319272
256.319272
256.319272
256.319272
256.319272
256.319272
256.319272
256.319272
256.319272
256.319272
256.319272
256.319272
256.319272
256.319272
256.319272
256.319272
256.319272
256.319272
256.319272
256.319272
256.319272
256.319272
256.319272
256.319272
256.319272
256.319272
256.319272
256.319272
256.319272
256.319272
256.319272
256.319272
256.319272
256.319272
256.319272
256.319272
256.319272
256.319272
256.319272
256.319272
256.319272
256.319272
256.319272
256.319272
256.319272
256.319272
256.319272
256.319272
256.319272
256.319272
256.319272
256.319272
256.319272
256.319272
256.319272
256.319272
256.319272
256.319272
256.319272
256.319272
256.319272
256.319272
256.319272
256.319272
256.319272
256.319272
256.319272
256.319272
256.319272
256.319272
256.319272
256.319272
256.319272
256.319272
256.319272
256.319272
256.319272
256.319272
256.319272
256.319272
256.319272
256.319272
256.319272
256.319272
256.319272
256.319272
256.319272
256.319272
256.319272
256.319272
256.319272
256.319272
256.319272
256.319272
256.319272
256.319272
256.319272
256.319272
256.319272
256.319272
256.319272
256.319272
256.319272
256.319272
256.319272
256.319272
256.319272
256.319272
256.319272
256.319272
256.319272
256.319272
256.319272
256.319272
256.319272
256.319272
256.319272
256.319272
256.319272
256.319272
256.319272
256.319272
256.319272
256.319272
256.319272
256.319272
256.319272
256.319272
256.319272
256.319272
256.319272
256.319272
256.319272
256.319272
256.319272
256.319272
256.319272
256.319272
256.319272
256.319272
256.319272
256.319272
256.319272
256.319272
256.319272
256.319272
256.319272
256.319272
256.319272
256.319272
256.319272
256.319272
256.319272
256.319272
256.319272
256.319272
256.319272
256.319272
256.319272
256.319272
256.319272
256.319272
256.319272
256.319272
256.319272
256.319272
256.319272
256.319272
256.319272
256.319272
256.319272
256.319272
256.319272
256.319272
256.319272
256.319272
256.319272
256.319272
256.319272
256.319272
256.319272
256.319272
256.319272
256.319272
256.319272
256.319272
256.319272
256.319272
256.319272
256.319272
256.319272
256.319272
256.319272
256.319272
256.319272
256.319272
256.319272
256.319272
256.319272
256.319272
256.319272
256.319272
256.319272
256.319272
256.319272
256.319272
256.319272
256.319272
256.319272
256.319272
256.319272
256.319272
256.319272
256.319272
256.319272
256.319272
256.319272
256.319272
256.319272
256.319272
256.319272
256.319272
256.319272
256.319272
256.319272
256.319272
256.319272
256.319272
256.319272
256.319272
256.319272
256.319272
256.319272
256.319272
256.319272
256.319272
256.319272
256.319272
256.319272
256.319272
256.319272
256.319272
256.319272
256.319272
256.319272
256.319272
256.319272
256.319272
256.319272
256.319272
256.319272
256.319272
256.319272
256.319272
256.319272
256.319272
256.319272
256.319272
256.319272
256.319272
256.319272
256.319272
256.319272
256.319272
256.319272
256.319272
256.319272
256.319272
256.319272
256.319272
256.319272
256.319272
256.319272
256.319272
256.319272
256.319272
256.319272
256.319272
256.319272
256.319272
256.319272
256.319272
256.319272
256.319272
256.319272
256.319272
256.319272
256.319272
256.319272
256.319272
256.319272
256.319272
256.319272
256.319272
256.319272
256.319272
256.319272
256.319272
256.319272
256.319272
256.319272
256.319272
256.319272
256.319272
256.319272
256.319272
256.319272
256.319272
256.319272
256.319272
256.319272
256.319272
256.319272
256.319272
256.319272
256.319272
256.319272
256.319272
256.319272
256.319272
256.319272
256.319272
256.319272
256.319272
256.319272
256.319272
256.319272
256.319272
256.319272
256.319272
256.319272
256.319272
256.319272
256.319272
256.319272
256.319272
256.319272
256.319272
256.319272
256.319272
256.319272
256.319272
256.319272
256.319272
256.319272
256.319272
256.319272
256.319272
256.319272
256.319272
256.319272
256.319272
256.319272
256.319272
256.319272
256.319272
256.319272
256.319272
256.319272
256.319272
256.319272
256.319272
256.319272
256.319272
256.319272
256.319272
256.319272
256.319272
256.319272
256.319272
256.319272
256.319272
256.319272
256.319272
256.319272
256.319272
256.319272
256.319272
256.319272
256.319272
256.319272
256.319272
256.319272
256.319272
256.319272
256.319272
256.319272
256.319272
256.319272
256.319272
256.319272
256.319272
256.319272
256.319272
256.319272
256.319272
256.319272
256.319272
256.319272
256.319272
256.319272
256.319272
256.319272
256.319272
256.319272
256.319272
256.319272
256.319272
256.319272
256.319272
256.319272
256.319272
256.319272
256.319272
256.319272
256.319272
256.319272
256.319272
256.319272
256.319272
256.319272
256.319272
256.319272
256.319272
256.319272
256.319272
256.319272
256.319272
256.319272
256.319272
256.319272
256.319272
256.319272
256.319272
256.319272
256.319272
256.319272
256.319272
256.319272
256.319272
256.319272
256.319272
256.319272
256.319272
256.319272
256.319272
256.319272
256.319272
256.319272
256.319272
256.319272
256.319272
256.319272
256.319272
256.319272
256.319272
256.319272
256.319272
256.319272
256.319272
256.319272
256.319272
256.319272
256.319272
256.319272
256.319272
256.319272
256.319272
256.319272
256.319272
256.319272
256.319272
256.319272
256.319272
256.319272
256.319272
256.319272
256.319272
256.319272
256.319272
256.319272
256.319272
256.319272
256.319272
256.319272
256.319272
256.319272
256.319272
256.319272
256.319272
256.319272
256.319272
256.319272
256.319272
256.319272
256.319272
256.319272
256.319272
256.319272
256.319272
256.319272
256.319272
256.319272
256.319272
256.319272
256.319272
256.319272
256.319272
256.319272
256.319272
256.319272
256.319272
256.319272
256.319272
256.319272
256.319272
256.319272
256.319272
256.319272
256.319272
256.319272
256.319272
256.319272
256.319272
256.319272
256.319272
256.319272
256.319272
256.319272
256.319272
256.319272
256.319272
256.319272
256.319272
256.319272
256.319272
256.319272
256.319272
256.319272
256.319272
256.319272
256.319272
256.319272
256.319272
256.319272
256.319272
256.319272
256.319272
256.319272
256.319272
256.319272
256.319272
256.319272
256.319272
256.319272
256.319272
256.319272
256.319272
256.319272
256.319272
256.319272
256.319272
256.319272
256.319272
256.319272
256.319272
256.319272
256.319272
256.319272
256.319272
256.319272
256.319272
256.319272
256.319272
256.319272
256.319272
256.319272
256.319272
256.319272
256.319272
256.319272
256.319272
256.319272
256.319272
256.319272
256.319272
256.319272
256.319272
256.319272
256.319272
256.319272
256.319272
256.319272
256.319272
256.319272
256.319272
256.319272
256.319272
256.319272
256.319272
256.319272
256.319272
256.319272
256.319272
256.319272
256.319272
256.319272
256.319272
256.319272
256.319272
256.319272
256.319272
256.319272
256.319272
256.319272
256.319272
256.319272
256.319272
256.319272
256.319272
256.319272
256.319272
256.319272
256.319272
256.319272
256.319272
256.319272
256.319272
256.319272
256.319272
256.319272
256.319272
256.319272
256.319272
256.319272
256.319272
256.319272
256.319272
256.319272
256.319272
256.319272
256.319272
256.319272
256.319272
256.319272
256.319272
256.319272
256.319272
256.319272
256.319272
256.319272
256.319272
256.319272
256.319272
256.319272
256.319272
256.319272
256.319272
256.319272
256.319272
256.319272
256.319272
256.319272
256.319272
256.319272
256.319272
256.319272
256.319272
256.319272
256.319272
256.319272
256.319272
256.319272
256.319272
256.319272
256.319272
256.319272
256.319272
256.319272
256.319272
256.319272
256.319272
256.319272
256.319272
256.319272
256.319272
256.319272
256.319272
256.319272
256.319272
256.319272
256.319272
256.319272
256.319272
256.319272
256.319272
256.319272
256.319272
256.319272
256.319272
256.319272
256.319272
256.319272
256.319272
256.319272
256.319272
256.319272
256.319272
256.319272
256.319272
256.319272
256.319272
256.319272
256.319272
256.319272
256.319272
256.319272
256.319272
256.319272
256.319272
256.319272
256.319272
256.319272
256.319272
256.319272
256.319272
256.319272
256.319272
256.319272
256.319272
256.319272
256.319272
256.319272
256.319272
256.319272
256.319272
256.319272
256.319272
256.319272
256.319272
256.319272
256.319272
256.319272
256.319272
256.319272
256.319272
256.319272
256.319272
256.319272
256.319272
256.319272
256.319272
256.319272
256.319272
256.319272
256.319272
256.319272
256.319272
256.319272
256.319272
256.319272
256.319272
256.319272
256.319272
256.319272
256.319272
256.319272
256.319272
256.319272
256.319272
256.319272
256.319272
256.319272
256.319272
256.319272
256.319272
256.319272
256.319272
256.319272
256.319272
256.319272
256.319272
256.319272
256.319272
256.319272
256.319272
256.319272
256.319272
256.319272
256.319272
256.319272
256.319272
256.319272
256.319272
256.319272
256.319272
256.319272
256.319272
256.319272
256.319272
256.319272
256.319272
256.319272
256.319272
256.319272
256.319272
256.319272
256.319272
256.319272
256.319272
256.319272
256.319272
256.319272
256.319272
256.319272
256.319272
256.319272
256.319272
256.319272
256.319272
256.319272
256.319272
256.319272
256.319272
256.319272
256.319272
256.319272
256.319272
256.319272
256.319272
256.319272
256.319272
256.319272
256.319272
256.319272
256.319272
256.319272
256.319272
256.319272
256.319272
256.319272
256.319272
256.319272
256.319272
256.319272
256.319272
256.319272
256.319272
256.319272
256.319272
256.319272
256.319272
256.319272
256.319272
256.319272
256.319272
256.319272
256.319272
256.319272
256.319272
256.319272
256.319272
256.319272
256.319272
256.319272
256.319272
256.319272
256.319272
256.319272
256.319272
256.319272
256.319272
256.319272
256.319272
256.319272
256.319272
256.319272
256.319272
256.319272
256.319272
256.319272
256.319272
256.319272
256.319272
256.319272
256.319272
256.319272
256.319272
256.319272
256.319272
256.319272
256.319272
256.319272
256.319272
256.319272
256.319272
256.319272
256.319272
256.319272
256.319272
256.319272
256.319272
256.319272
256.319272
256.319272
256.319272
256.319272
256.319272
256.319272
256.319272
256.319272
256.319272
256.319272
256.319272
256.319272
256.319272
256.319272
256.319272
256.319272
256.319272
256.319272
256.319272
256.319272
256.319272
256.319272
256.319272
256.319272
256.319272
256.319272
256.319272
256.319272
256.319272
256.319272
256.319272
256.319272
256.319272
256.319272
256.319272
256.319272
256.319272
256.319272
256.319272
256.319272
256.319272
256.319272
256.319272
256.319272
256.319272
256.319272
256.319272
256.319272
256.319272
256.319272
256.319272
256.319272
256.319272
256.319272
256.319272
256.319272
256.319272
256.319272
256.319272
256.319272
256.319272
256.319272
256.319272
256.319272
256.319272
256.319272
256.319272
256.319272
256.319272
256.319272
256.319272
256.319272
256.319272
256.319272
256.319272
256.319272
256.319272
256.319272
256.319272
256.319272
256.319272
256.319272
256.319272
256.319272
256.319272
256.319272
256.319272
256.319272
256.319272
256.319272
256.319272
256.319272
256.319272
256.319272
256.319272
256.319272
256.319272
256.319272
256.319272
256.319272
256.319272
256.319272
256.319272
256.319272
256.319272
256.319272
256.319272
256.319272
256.319272
256.319272
256.319272
256.319272
256.319272
256.319272
256.319272
256.319272
256.319272
256.319272
256.319272
256.319272
256.319272
256.319272
256.319272
256.319272
256.319272
256.319272
256.319272
256.319272
256.319272
256.319272
256.319272
256.319272
256.319272
256.319272
256.319272
256.319272
256.319272
256.319272
256.319272
256.319272
256.319272
256.319272
256.319272
256.319272
256.319272
256.319272
256.319272
256.319272
256.319272
256.319272
256.319272
256.319272
256.319272
256.319272
256.319272
256.319272
256.319272
256.319272
256.319272
256.319272
256.319272
256.319272
256.319272
256.319272
256.319272
256.319272
256.319272
256.319272
256.319272
256.319272
256.319272
256.319272
256.319272
256.319272
256.319272
256.319272
256.319272
256.319272
256.319272
256.319272
256.319272
256.319272
256.319272
256.319272
256.319272
256.319272
256.319272
256.319272
256.319272
256.319272
256.319272
256.319272
256.319272
256.319272
256.319272
256.319272
256.319272
256.319272
256.319272
256.319272
256.319272
256.319272
256.319272
254.332153
254.332153
254.332153
254.332153
254.332153
254.332153
254.332153
254.332153
254.332153
254.332153
254.332153
254.332153
254.332153
254.332153
254.332153
254.332153
254.332153
254.332153
254.332153
254.332153
254.332153
254.332153
254.332153
254.332153
254.332153
254.332153
254.332153
254.332153
254.332153
254.332153
254.332153
254.332153
254.332153
254.332153
254.332153
254.332153
254.332153
254.332153
254.332153
254.332153
254.332153
254.332153
254.332153
254.332153
254.332153
254.332153
254.332153
254.332153
254.332153
254.332153
254.332153
254.332153
254.332153
254.332153
254.332153
254.332153
254.332153
254.332153
254.332153
254.332153
254.332153
254.332153
254.332153
254.332153
254.332153
254.332153
254.332153
254.332153
254.332153
254.332153
254.332153
254.332153
254.332153
254.332153
254.332153
254.332153
254.332153
254.332153
254.332153
254.332153
254.332153
254.332153
254.332153
254.332153
254.332153
254.332153
254.332153
254.332153
254.332153
254.332153
254.332153
254.332153
254.332153
254.332153
254.332153
254.332153
254.332153
254.332153
254.332153
254.332153
254.332153
254.332153
254.332153
254.332153
254.332153
254.332153
254.332153
254.332153
254.332153
254.332153
254.332153
254.332153
254.332153
254.332153
254.332153
254.332153
254.332153
254.332153
254.332153
254.332153
254.332153
254.332153
254.332153
254.332153
254.332153
254.332153
254.332153
254.332153
254.332153
254.332153
254.332153
254.332153
254.332153
254.332153
254.332153
254.332153
254.332153
254.332153
254.332153
254.332153
254.332153
254.332153
254.332153
254.332153
254.332153
254.332153
254.332153
254.332153
254.332153
254.332153
254.332153
254.332153
254.332153
254.332153
254.332153
254.332153
254.332153
254.332153
254.332153
254.332153
254.332153
254.332153
254.332153
254.332153
254.332153
254.332153
254.332153
254.332153
254.332153
254.332153
254.332153
254.332153
254.332153
254.332153
254.332153
254.332153
254.332153
254.332153
254.332153
254.332153
254.332153
254.332153
254.332153
254.332153
254.332153
254.332153
254.332153
254.332153
254.332153
254.332153
254.332153
254.332153
254.332153
254.332153
254.332153
254.332153
254.332153
254.332153
254.332153
254.332153
254.332153
254.332153
254.332153
254.332153
254.332153
254.332153
254.332153
254.332153
254.332153
254.332153
254.332153
254.332153
254.332153
254.332153
254.332153
254.332153
254.332153
254.332153
254.332153
254.332153
254.332153
254.332153
254.332153
254.332153
254.332153
254.332153
254.332153
254.332153
254.332153
254.332153
254.332153
254.332153
254.332153
254.332153
254.332153
254.332153
254.332153
254.332153
254.332153
254.332153
254.332153
254.332153
254.332153
254.332153
254.332153
254.332153
254.332153
254.332153
254.332153
254.332153
254.332153
254.332153
254.332153
254.332153
254.332153
254.332153
254.332153
254.332153
254.332153
254.332153
254.332153
254.332153
254.332153
254.332153
254.332153
254.332153
254.332153
254.332153
254.332153
254.332153
254.332153
254.332153
254.332153
254.332153
254.332153
254.332153
254.332153
254.332153
254.332153
254.332153
254.332153
254.332153
254.332153
254.332153
254.332153
254.332153
254.332153
254.332153
254.332153
254.332153
254.332153
254.332153
254.332153
254.332153
254.332153
254.332153
254.332153
254.332153
254.332153
254.332153
254.332153
254.332153
254.332153
254.332153
254.332153
254.332153
254.332153
254.332153
254.332153
254.332153
254.332153
254.332153
254.332153
254.332153
254.332153
254.332153
254.332153
254.332153
254.332153
254.332153
254.332153
254.332153
254.332153
254.332153
254.332153
254.332153
254.332153
254.332153
254.332153
254.332153
254.332153
254.332153
254.332153
254.332153
254.332153
254.332153
254.332153
254.332153
254.332153
254.332153
254.332153
254.332153
254.332153
254.332153
254.332153
254.332153
254.332153
254.332153
254.332153
254.332153
254.332153
254.332153
254.332153
254.332153
254.332153
254.332153
254.332153
254.332153
254.332153
254.332153
254.332153
254.332153
254.332153
254.332153
254.332153
254.332153
254.332153
254.332153
254.332153
254.332153
254.332153
254.332153
254.332153
254.332153
254.332153
254.332153
254.332153
254.332153
254.332153
254.332153
254.332153
254.332153
254.332153
254.332153
254.332153
254.332153
254.332153
254.332153
254.332153
254.332153
254.332153
254.332153
254.332153
254.332153
254.332153
254.332153
254.332153
254.332153
254.332153
254.332153
254.332153
254.332153
254.332153
254.332153
254.332153
254.332153
254.332153
254.332153
254.332153
254.332153
254.332153
254.332153
254.332153
254.332153
254.332153
254.332153
254.332153
254.332153
254.332153
254.332153
254.332153
254.332153
254.332153
254.332153
254.332153
254.332153
254.332153
254.332153
254.332153
254.332153
254.332153
254.332153
254.332153
254.332153
254.332153
254.332153
254.332153
254.332153
254.332153
254.332153
254.332153
254.332153
254.332153
254.332153
254.332153
254.332153
254.332153
254.332153
254.332153
254.332153
254.332153
254.332153
254.332153
254.332153
254.332153
254.332153
254.332153
254.332153
254.332153
254.332153
254.332153
254.332153
254.332153
254.332153
254.332153
254.332153
254.332153
254.332153
254.332153
254.332153
254.332153
254.332153
254.332153
254.332153
254.332153
254.332153
254.332153
254.332153
254.332153
254.332153
254.332153
254.332153
254.332153
254.332153
254.332153
254.332153
254.332153
254.332153
254.332153
254.332153
254.332153
254.332153
254.332153
254.332153
254.332153
254.332153
254.332153
254.332153
254.332153
254.332153
254.332153
254.332153
254.332153
254.332153
254.332153
254.332153
254.332153
254.332153
254.332153
254.332153
254.332153
254.332153
254.332153
254.332153
254.332153
254.332153
254.332153
254.332153
254.332153
254.332153
254.332153
254.332153
254.332153
254.332153
254.332153
254.332153
254.332153
254.332153
254.332153
254.332153
254.332153
254.332153
254.332153
254.332153
254.332153
254.332153
254.332153
254.332153
254.332153
254.332153
254.332153
254.332153
254.332153
254.332153
254.332153
254.332153
254.332153
254.332153
254.332153
254.332153
254.332153
254.332153
254.332153
254.332153
254.332153
254.332153
254.332153
254.332153
254.332153
254.332153
254.332153
254.332153
254.332153
254.332153
254.332153
254.332153
254.332153
254.332153
254.332153
254.332153
254.332153
254.332153
254.332153
254.332153
254.332153
254.332153
254.332153
254.332153
254.332153
254.332153
254.332153
254.332153
254.332153
254.332153
254.332153
254.332153
254.332153
254.332153
254.332153
254.332153
254.332153
254.332153
254.332153
254.332153
254.332153
254.332153
254.332153
254.332153
254.332153
254.332153
254.332153
254.332153
254.332153
254.332153
254.332153
254.332153
254.332153
254.332153
254.332153
254.332153
254.332153
254.332153
254.332153
254.332153
254.332153
254.332153
254.332153
254.332153
254.332153
254.332153
254.332153
254.332153
254.332153
254.332153
254.332153
254.332153
254.332153
254.332153
254.332153
254.332153
254.332153
254.332153
254.332153
254.332153
254.332153
254.332153
254.332153
254.332153
254.332153
254.332153
254.332153
254.332153
254.332153
254.332153
254.332153
254.332153
254.332153
254.332153
254.332153
254.332153
254.332153
254.332153
254.332153
254.332153
254.332153
254.332153
254.332153
254.332153
254.332153
254.332153
254.332153
254.332153
254.332153
254.332153
254.332153
254.332153
254.332153
254.332153
254.332153
254.332153
254.332153
254.332153
254.332153
254.332153
254.332153
254.332153
254.332153
254.332153
254.332153
254.332153
254.332153
254.332153
254.332153
254.332153
254.332153
254.332153
254.332153
254.332153
254.332153
254.332153
254.332153
254.332153
254.332153
254.332153
254.332153
254.332153
254.332153
254.332153
254.332153
254.332153
254.332153
254.332153
254.332153
254.332153
254.332153
254.332153
254.332153
254.332153
254.332153
254.332153
254.332153
254.332153
254.332153
254.332153
254.332153
254.332153
254.332153
254.332153
254.332153
254.332153
254.332153
254.332153
254.332153
254.332153
254.332153
254.332153
254.332153
254.332153
254.332153
254.332153
254.332153
254.332153
254.332153
254.332153
254.332153
254.332153
254.332153
254.332153
254.332153
254.332153
254.332153
254.332153
254.332153
254.332153
254.332153
254.332153
254.332153
254.332153
254.332153
254.332153
254.332153
254.332153
254.332153
254.332153
254.332153
254.332153
254.332153
254.332153
254.332153
254.332153
254.332153
254.332153
254.332153
254.332153
254.332153
254.332153
254.332153
254.332153
254.332153
254.332153
254.332153
254.332153
254.332153
254.332153
254.332153
254.332153
254.332153
254.332153
254.332153
254.332153
254.332153
254.332153
254.332153
254.332153
254.332153
254.332153
254.332153
254.332153
254.332153
254.332153
254.332153
254.332153
254.332153
254.332153
254.332153
254.332153
254.332153
254.332153
254.332153
254.332153
254.332153
254.332153
254.332153
254.332153
254.332153
254.332153
254.332153
254.332153
254.332153
254.332153
254.332153
254.332153
254.332153
254.332153
254.332153
254.332153
254.332153
254.332153
254.332153
254.332153
254.332153
254.332153
254.332153
254.332153
254.332153
254.332153
254.332153
254.332153
254.332153
254.332153
254.332153
254.332153
254.332153
254.332153
254.332153
254.332153
254.332153
254.332153
254.332153
254.332153
254.332153
254.332153
254.332153
254.332153
254.332153
254.332153
254.332153
254.332153
254.332153
254.332153
254.332153
254.332153
254.332153
254.332153
254.332153
254.332153
254.332153
254.332153
254.332153
254.332153
254.332153
254.332153
254.332153
254.332153
254.332153
254.332153
254.332153
254.332153
254.332153
254.332153
254.332153
254.332153
254.332153
254.332153
254.332153
254.332153
254.332153
254.332153
254.332153
254.332153
254.332153
254.332153
254.332153
254.332153
254.332153
254.332153
254.332153
254.332153
254.332153
254.332153
254.332153
254.332153
254.332153
254.332153
254.332153
254.332153
254.332153
254.332153
254.332153
254.332153
254.332153
254.332153
254.332153
254.332153
254.332153
254.332153
254.332153
254.332153
254.332153
254.332153
254.332153
254.332153
254.332153
254.332153
254.332153
254.332153
254.332153
254.332153
254.332153
254.332153
254.332153
254.332153
254.332153
254.332153
254.332153
254.332153
254.332153
254.332153
254.332153
254.332153
254.332153
254.332153
254.332153
254.332153
254.332153
254.332153
254.332153
254.332153
254.332153
254.332153
254.332153
254.332153
254.332153
254.332153
254.332153
254.332153
254.332153
254.332153
254.332153
254.332153
254.332153
254.332153
254.332153
254.332153
254.332153
254.332153
254.332153
254.332153
254.332153
254.332153
254.332153
254.332153
254.332153
254.332153
254.332153
254.332153
254.332153
254.332153
254.332153
254.332153
254.332153
254.332153
254.332153
254.332153
254.332153
254.332153
254.332153
254.332153
254.332153
254.332153
254.332153
254.332153
254.332153
254.332153
254.332153
254.332153
254.332153
254.332153
254.332153
254.332153
254.332153
254.332153
254.332153
254.332153
254.332153
254.332153
254.332153
254.332153
254.332153
254.332153
254.332153
254.332153
254.332153
254.332153
254.332153
254.332153
254.332153
254.332153
254.332153
254.332153
254.332153
254.332153
254.332153
254.332153
254.332153
254.332153
254.332153
254.332153
254.332153
254.332153
254.332153
254.332153
254.332153
254.332153
254.332153
254.332153
254.332153
254.332153
254.332153
254.332153
254.332153
254.332153
254.332153
254.332153
254.332153
254.332153
254.332153
254.332153
254.332153
254.332153
254.332153
254.332153
254.332153
254.332153
254.332153
254.332153
254.332153
254.332153
254.332153
254.332153
254.332153
254.332153
254.332153
254.332153
254.332153
254.332153
254.332153
254.332153
254.332153
254.332153
254.332153
254.332153
254.332153
254.332153
254.332153
254.332153
254.332153
254.332153
254.332153
254.332153
254.332153
254.332153
254.332153
254.332153
254.332153
254.332153
254.332153
254.332153
254.332153
254.332153
254.332153
254.332153
254.332153
254.332153
254.332153
254.332153
254.332153
254.332153
254.332153
254.332153
254.332153
254.332153
254.332153
254.332153
254.332153
254.332153
254.332153
254.332153
254.332153
254.332153
254.332153
254.332153
254.332153
254.332153
254.332153
254.332153
254.332153
254.332153
254.332153
254.332153
254.332153
254.332153
254.332153
254.332153
254.332153
254.332153
254.332153
254.332153
254.332153
254.332153
254.332153
254.332153
254.332153
254.332153
254.332153
254.332153
254.332153
254.332153
254.332153
254.332153
254.332153
254.332153
254.332153
254.332153
254.332153
254.332153
254.332153
254.332153
254.332153
254.332153
254.332153
254.332153
254.332153
254.332153
254.332153
254.332153
254.332153
254.332153
254.332153
254.332153
254.332153
254.332153
254.332153
254.332153
254.332153
254.332153
254.332153
254.332153
254.332153
254.332153
254.332153
254.332153
254.332153
254.332153
254.332153
254.332153
254.332153
254.332153
254.332153
254.332153
254.332153
254.332153
254.332153
254.332153
254.332153
254.332153
254.332153
254.332153
254.332153
254.332153
254.332153
254.332153
254.332153
254.332153
254.332153
254.332153
254.332153
254.332153
254.332153
254.332153
254.332153
254.332153
254.332153
254.332153
254.332153
254.332153
254.332153
254.332153
254.332153
254.332153
254.332153
254.332153
254.332153
254.332153
254.332153
254.332153
254.332153
254.332153
254.332153
254.332153
254.332153
254.332153
254.332153
254.332153
254.332153
254.332153
254.332153
254.332153
254.332153
254.332153
254.332153
254.332153
254.332153
254.332153
254.332153
254.332153
254.332153
254.332153
254.332153
254.332153
254.332153
254.332153
254.332153
254.332153
254.332153
254.332153
254.332153
254.332153
254.332153
254.332153
254.332153
254.332153
254.332153
254.332153
254.332153
254.332153
254.332153
254.332153
254.332153
254.332153
254.332153
254.332153
254.332153
254.332153
254.332153
254.332153
254.332153
254.332153
254.332153
254.332153
254.332153
254.332153
254.332153
254.332153
254.332153
254.332153
254.332153
254.332153
254.332153
254.332153
254.332153
254.332153
254.332153
254.332153
254.332153
254.332153
254.332153
254.332153
254.332153
254.332153
254.332153
254.332153
254.332153
254.332153
254.332153
254.332153
254.332153
254.332153
254.332153
254.332153
254.332153
254.332153
254.332153
254.332153
254.332153
254.332153
254.332153
254.332153
254.332153
254.332153
254.332153
254.332153
254.332153
254.332153
254.332153
254.332153
254.332153
254.332153
254.332153
254.332153
254.332153
254.332153
254.332153
254.332153
254.332153
254.332153
254.332153
254.332153
254.332153
254.332153
254.332153
254.332153
254.332153
254.332153
254.332153
254.332153
254.332153
254.332153
254.332153
254.332153
254.332153
254.332153
254.332153
254.332153
254.332153
254.332153
254.332153
254.332153
254.332153
254.332153
254.332153
254.332153
254.332153
254.332153
254.332153
254.332153
254.332153
254.332153
254.332153
254.332153
254.332153
254.332153
254.332153
254.332153
254.332153
254.332153
254.332153
254.332153
254.332153
254.332153
254.332153
254.332153
254.332153
254.332153
254.332153
254.332153
254.332153
254.332153
254.332153
254.332153
254.332153
254.332153
254.332153
254.332153
254.332153
254.332153
254.332153
254.332153
254.332153
254.332153
254.332153
254.332153
254.332153
254.332153
254.332153
254.332153
254.332153
254.332153
254.332153
254.332153
254.332153
254.332153
254.332153
254.332153
254.332153
254.332153
254.332153
254.332153
254.332153
254.332153
254.332153
254.332153
254.332153
254.332153
254.332153
254.332153
254.332153
254.332153
254.332153
254.332153
254.332153
254.332153
254.332153
254.332153
254.332153
254.332153
254.332153
254.332153
254.332153
254.332153
254.332153
254.332153
254.332153
254.332153
254.332153
254.332153
254.332153
254.332153
254.332153
254.332153
254.332153
254.332153
254.332153
254.332153
254.332153
254.332153
254.332153
254.332153
254.332153
254.332153
254.332153
254.332153
254.332153
254.332153
254.332153
254.332153
254.332153
254.332153
254.332153
254.332153
254.332153
254.332153
254.332153
254.332153
254.332153
254.332153
254.332153
254.332153
254.332153
254.332153
254.332153
254.332153
254.332153
254.332153
254.332153
254.332153
254.332153
254.332153
254.332153
254.332153
254.332153
254.332153
254.332153
254.332153
254.332153
254.332153
254.332153
254.332153
254.332153
254.332153
254.332153
254.332153
254.332153
254.332153
254.332153
254.332153
254.332153
254.332153
254.332153
254.332153
254.332153
254.332153
254.332153
254.332153
254.332153
254.332153
254.332153
254.332153
254.332153
254.332153
254.332153
254.332153
254.332153
254.332153
254.332153
254.332153
254.332153
254.332153
254.332153
254.332153
254.332153
254.332153
254.332153
254.332153
254.332153
254.332153
254.332153
254.332153
254.332153
254.332153
254.332153
254.332153
254.332153
254.332153
254.332153
254.332153
254.332153
254.332153
254.332153
254.332153
254.332153
254.332153
254.332153
254.332153
254.332153
254.332153
254.332153
254.332153
254.332153
254.332153
254.332153
254.332153
254.332153
254.332153
254.332153
254.332153
254.332153
254.332153
254.332153
254.332153
254.332153
254.332153
254.332153
254.332153
254.332153
254.332153
254.332153
254.332153
254.332153
254.332153
254.332153
254.332153
254.332153
254.332153
254.332153
254.332153
254.332153
254.332153
254.332153
254.332153
254.332153
254.332153
254.332153
254.332153
254.332153
254.332153
254.332153
254.332153
254.332153
254.332153
254.332153
254.332153
254.332153
254.332153
254.332153
254.332153
254.332153
254.332153
254.332153
254.332153
254.332153
254.332153
254.332153
254.332153
254.332153
254.332153
254.332153
254.332153
254.332153
254.332153
254.332153
254.332153
254.332153
254.332153
254.332153
254.332153
254.332153
254.332153
254.332153
254.332153
254.332153
254.332153
254.332153
254.332153
254.332153
254.332153
254.332153
254.332153
254.332153
254.332153
254.332153
254.332153
254.332153
254.332153
254.332153
254.332153
254.332153
254.332153
254.332153
254.332153
254.332153
254.332153
254.332153
254.332153
254.332153
254.332153
254.332153
254.332153
254.332153
254.332153
254.332153
254.332153
254.332153
254.332153
254.332153
254.332153
254.332153
254.332153
254.332153
254.332153
254.332153
254.332153
254.332153
254.332153
254.332153
254.332153
254.332153
254.332153
254.332153
254.332153
254.332153
254.332153
254.332153
254.332153
254.332153
254.332153
254.332153
254.332153
254.332153
254.332153
254.332153
254.332153
254.332153
254.332153
254.332153
254.332153
254.332153
254.332153
254.332153
254.332153
254.332153
254.332153
254.332153
254.332153
254.332153
254.332153
254.332153
254.332153
254.332153
254.332153
254.332153
254.332153
254.332153
254.332153
254.332153
254.332153
254.332153
254.332153
254.332153
254.332153
254.332153
254.332153
254.332153
254.332153
254.332153
254.332153
254.332153
254.332153
254.332153
254.332153
254.332153
254.332153
254.332153
254.332153
254.332153
254.332153
254.332153
254.332153
254.332153
254.332153
254.332153
254.332153
254.332153
254.332153
254.332153
254.332153
254.332153
254.332153
254.332153
254.332153
254.332153
254.332153
254.332153
254.332153
254.332153
254.332153
254.332153
254.332153
254.332153
254.332153
254.332153
254.332153
254.332153
254.332153
254.332153
254.332153
254.332153
254.332153
254.332153
254.332153
254.332153
254.332153
254.332153
254.332153
254.332153
254.332153
254.332153
254.332153
254.332153
254.332153
254.332153
254.332153
254.332153
254.332153
254.332153
254.332153
254.332153
254.332153
254.332153
254.332153
254.332153
254.332153
254.332153
254.332153
254.332153
254.332153
254.332153
254.332153
254.332153
236.732358
236.732358
236.732358
236.732358
236.732358
236.732358
236.732358
236.732358
236.732358
236.732358
236.732358
236.732358
236.732358
236.732358
236.732358
236.732358
236.732358
236.732358
236.732358
236.732358
236.732358
236.732358
236.732358
236.732358
236.732358
236.732358
236.732358
236.732358
236.732358
236.732358
236.732358
236.732358
236.732358
236.732358
236.732358
236.732358
236.732358
236.732358
236.732358
236.732358
236.732358
236.732358
236.732358
236.732358
236.732358
236.732358
236.732358
236.732358
236.732358
236.732358
236.732358
236.732358
236.732358
236.732358
236.732358
236.732358
236.732358
236.732358
236.732358
236.732358
236.732358
236.732358
236.732358
236.732358
236.732358
236.732358
236.732358
236.732358
236.732358
236.732358
236.732358
236.732358
236.732358
236.732358
236.732358
236.732358
236.732358
236.732358
236.732358
236.732358
236.732358
236.732358
236.732358
236.732358
236.732358
236.732358
236.732358
236.732358
236.732358
236.732358
236.732358
236.732358
236.732358
236.732358
236.732358
236.732358
236.732358
236.732358
236.732358
236.732358
236.732358
236.732358
236.732358
236.732358
236.732358
236.732358
236.732358
236.732358
236.732358
236.732358
236.732358
236.732358
236.732358
236.732358
236.732358
236.732358
236.732358
236.732358
236.732358
236.732358
236.732358
236.732358
236.732358
236.732358
236.732358
236.732358
236.732358
236.732358
236.732358
236.732358
236.732358
236.732358
236.732358
236.732358
236.732358
236.732358
236.732358
236.732358
236.732358
236.732358
236.732358
236.732358
236.732358
236.732358
236.732358
236.732358
236.732358
236.732358
236.732358
236.732358
236.732358
236.732358
236.732358
236.732358
236.732358
236.732358
236.732358
236.732358
236.732358
236.732358
228.691140
228.691140
228.691140
228.691140
228.691140
228.691140
228.691140
228.691140
228.691140
228.691140
228.691140
228.691140
228.691140
228.691140
228.691140
228.691140
228.691140
228.691140
228.691140
228.691140
228.691140
228.691140
228.691140
228.691140
228.691140
228.691140
228.691140
228.691140
228.691140
228.691140
228.691140
228.691140
228.691140
228.691140
228.691140
228.691140
228.691140
228.691140
228.691140
228.691140
228.691140
228.691140
228.691140
228.691140
228.691140
228.691140
228.691140
228.691140
228.691140
228.691140
228.691140
228.691140
228.691140
228.691140
228.691140
228.691140
228.691140
228.691140
228.691140
228.691140
228.691140
228.691140
228.691140
228.691140
228.691140
228.691140
228.691140
228.691140
228.691140
228.691140
228.691140
228.691140
228.691140
228.691140
228.691140
228.691140
228.691140
228.691140
228.691140
228.691140
228.691140
228.691140
228.691140
228.691140
228.691140
228.691140
228.691140
228.691140
228.691140
228.691140
228.691140
228.691140
228.691140
228.691140
228.691140
228.691140
228.691140
228.691140
228.691140
228.691140
228.691140
228.691140
228.691140
228.691140
228.691140
228.691140
228.691140
228.691140
228.691140
228.691140
228.691140
228.691140
228.691140
228.691140
228.691140
228.691140
228.691140
228.691140
228.691140
228.691140
228.691140
228.691140
228.691140
228.691140
228.691140
228.691140
228.691140
228.691140
228.691140
228.691140
228.691140
228.691140
228.691140
228.691140
228.691140
228.691140
228.691140
228.691140
228.691140
228.691140
228.691140
228.691140
228.691140
228.691140
228.691140
228.691140
228.691140
228.691140
228.691140
228.691140
228.691140
228.691140
228.691140
228.691140
228.691140
228.691140
228.691140
228.691140
228.691140
228.691140
228.691140
228.691140
228.691140
228.691140
228.691140
228.691140
228.691140
228.691140
228.691140
228.691140
228.691140
228.691140
228.691140
228.691140
228.691140
228.691140
228.691140
228.691140
228.691140
228.691140
228.691140
228.691140
228.691140
228.691140
228.691140
228.691140
228.691140
228.691140
228.691140
228.691140
228.691140
228.691140
228.691140
228.691140
228.691140
228.691140
228.691140
228.691140
228.691140
228.691140
228.691140
228.691140
228.691140
228.691140
228.691140
228.691140
228.691140
228.691140
228.691140
228.691140
228.691140
228.691140
228.691140
228.691140
228.691140
228.691140
228.691140
228.691140
228.691140
228.691140
228.691140
228.691140
228.691140
228.691140
228.691140
228.691140
228.691140
228.691140
228.691140
228.691140
228.691140
228.691140
228.691140
228.691140
228.691140
228.691140
228.691140
228.691140
228.691140
228.691140
228.691140
228.691140
228.691140
228.691140
228.691140
228.691140
228.691140
228.691140
228.691140
228.691140
228.691140
228.691140
228.691140
228.691140
228.691140
228.691140
228.691140
228.691140
228.691140
228.691140
228.691140
228.691140
228.691140
228.691140
228.691140
228.691140
228.691140
228.691140
228.691140
228.691140
228.691140
228.691140
228.691140
228.691140
228.691140
228.691140
228.691140
228.691140
228.691140
228.691140
228.691140
228.691140
228.691140
228.691140
228.691140
228.691140
228.691140
228.691140
228.691140
228.691140
228.691140
228.691140
228.691140
228.691140
228.691140
228.691140
228.691140
228.691140
228.691140
228.691140
228.691140
228.691140
228.691140
228.691140
228.691140
228.691140
228.691140
228.691140
228.691140
228.691140
228.691140
228.691140
228.691140
228.691140
228.691140
228.691140
228.691140
228.691140
228.691140
228.691140
228.691140
228.691140
228.691140
228.691140
228.691140
228.691140
228.691140
228.691140
228.691140
228.691140
228.691140
228.691140
228.691140
228.691140
228.691140
228.691140
228.691140
228.691140
228.691140
228.691140
228.691140
228.691140
228.691140
228.691140
228.691140
228.691140
228.691140
228.691140
228.691140
228.691140
228.691140
228.691140
228.691140
228.691140
228.691140
228.691140
228.691140
228.691140
228.691140
228.691140
228.691140
228.691140
228.691140
228.691140
228.691140
228.691140
228.691140
228.691140
228.691140
228.691140
228.691140
228.691140
228.691140
228.691140
228.691140
228.691140
228.691140
228.691140
228.691140
228.691140
228.691140
228.691140
228.691140
228.691140
228.691140
228.691140
228.691140
228.691140
228.691140
228.691140
228.691140
228.691140
228.691140
228.691140
228.691140
228.691140
228.691140
228.691140
228.691140
228.691140
228.691140
228.691140
228.691140
228.691140
228.691140
228.691140
228.691140
228.691140
228.691140
228.691140
228.691140
228.691140
228.691140
228.691140
228.691140
228.691140
228.691140
228.691140
228.691140
228.691140
228.691140
228.691140
228.691140
228.691140
228.691140
228.691140
228.691140
228.691140
228.691140
228.691140
228.691140
228.691140
228.691140
228.691140
228.691140
228.691140
228.691140
228.691140
228.691140
228.691140
228.691140
228.691140
228.691140
228.691140
228.691140
228.691140
228.691140
228.691140
228.691140
228.691140
228.691140
228.691140
228.691140
228.691140
228.691140
228.691140
228.691140
228.691140
228.691140
228.691140
228.691140
228.691140
228.691140
228.691140
228.691140
228.691140
228.691140
228.691140
228.691140
228.691140
228.691140
228.691140
228.691140
228.691140
228.691140
228.691140
228.691140
228.691140
228.691140
228.691140
228.691140
228.691140
228.691140
228.691140
228.691140
228.691140
228.691140
228.691140
228.691140
228.691140
228.691140
228.691140
228.691140
228.691140
228.691140
228.691140
228.691140
228.691140
228.691140
228.691140
228.691140
228.691140
228.691140
228.691140
228.691140
228.691140
228.691140
228.691140
228.691140
228.691140
228.691140
228.691140
228.691140
228.691140
228.691140
228.691140
228.691140
228.691140
228.691140
228.691140
228.691140
228.691140
228.691140
228.691140
228.691140
228.691140
228.691140
228.691140
228.691140
228.691140
228.691140
228.691140
228.691140
228.691140
228.691140
228.691140
228.691140
228.691140
228.691140
228.691140
228.691140
228.691140
228.691140
228.691140
228.691140
228.691140
228.691140
228.691140
228.691140
228.691140
228.691140
228.691140
228.691140
228.691140
228.691140
228.691140
228.691140
228.691140
228.691140
228.691140
228.691140
228.691140
228.691140
228.691140
228.691140
228.691140
228.691140
228.691140
228.691140
228.691140
228.691140
228.691140
228.691140
228.691140
228.691140
228.691140
228.691140
228.691140
228.691140
228.691140
228.691140
228.691140
228.691140
228.691140
228.691140
228.691140
228.691140
228.691140
228.691140
228.691140
228.691140
228.691140
228.691140
228.691140
228.691140
228.691140
228.691140
228.691140
228.691140
228.691140
228.691140
228.691140
228.691140
228.691140
228.691140
228.691140
228.691140
228.691140
228.691140
228.691140
228.691140
228.691140
228.691140
228.691140
228.691140
228.691140
228.691140
228.691140
228.691140
228.691140
228.691140
228.691140
228.691140
228.691140
228.691140
228.691140
228.691140
228.691140
228.691140
228.691140
228.691140
228.691140
228.691140
228.691140
228.691140
228.691140
228.691140
228.691140
228.691140
228.691140
228.691140
228.691140
228.691140
228.691140
228.691140
228.691140
228.691140
228.691140
228.691140
228.691140
228.691140
228.691140
228.691140
228.691140
228.691140
228.691140
228.691140
228.691140
228.691140
228.691140
228.691140
228.691140
228.691140
228.691140
228.691140
228.691140
228.691140
228.691140
228.691140
228.691140
228.691140
228.691140
228.691140
228.691140
228.691140
228.691140
228.691140
228.691140
228.691140
228.691140
228.691140
228.691140
228.691140
228.691140
228.691140
228.691140
228.691140
228.691140
228.691140
228.691140
228.691140
228.691140
228.691140
228.691140
228.691140
228.691140
228.691140
228.691140
228.691140
228.691140
228.691140
228.691140
228.691140
228.691140
228.691140
228.691140
228.691140
228.691140
228.691140
228.691140
228.691140
228.691140
228.691140
228.691140
228.691140
228.691140
228.691140
228.691140
228.691140
228.691140
228.691140
228.691140
228.691140
228.691140
228.691140
228.691140
228.691140
228.691140
228.691140
228.691140
228.691140
228.691140
228.691140
228.691140
228.691140
228.691140
228.691140
228.691140
228.691140
228.691140
228.691140
228.691140
228.691140
228.691140
228.691140
228.691140
228.691140
228.691140
228.691140
228.691140
228.691140
228.691140
228.691140
228.691140
228.691140
228.691140
228.691140
228.691140
228.691140
228.691140
228.691140
228.691140
228.691140
228.691140
228.691140
228.691140
228.691140
228.691140
228.691140
228.691140
228.691140
228.691140
228.691140
228.691140
228.691140
228.691140
228.691140
228.691140
228.691140
228.691140
228.691140
228.691140
228.691140
228.691140
228.691140
228.691140
228.691140
228.691140
228.691140
228.691140
228.691140
228.691140
228.691140
228.691140
228.691140
228.691140
228.691140
228.691140
228.691140
228.691140
228.691140
228.691140
228.691140
228.691140
228.691140
228.691140
228.691140
228.691140
228.691140
228.691140
228.691140
228.691140
228.691140
228.691140
228.691140
228.691140
228.691140
228.691140
228.691140
228.691140
228.691140
228.691140
228.691140
228.691140
228.691140
228.691140
228.691140
228.691140
228.691140
228.691140
228.691140
228.691140
228.691140
228.691140
228.691140
228.691140
228.691140
228.691140
228.691140
228.691140
228.691140
228.691140
228.691140
228.691140
228.691140
228.691140
228.691140
228.691140
228.691140
228.691140
228.691140
228.691140
228.691140
228.691140
228.691140
228.691140
228.691140
228.691140
228.691140
228.691140
228.691140
228.691140
228.691140
228.691140
228.691140
228.691140
228.691140
228.691140
228.691140
228.691140
228.691140
228.691140
228.691140
228.691140
228.691140
228.691140
228.691140
228.691140
228.691140
228.691140
228.691140
228.691140
228.691140
228.691140
228.691140
228.691140
228.691140
228.691140
228.691140
228.691140
228.691140
228.691140
228.691140
228.691140
228.691140
228.691140
228.691140
228.691140
228.691140
228.691140
228.691140
228.691140
228.691140
228.691140
228.691140
228.691140
228.691140
228.691140
228.691140
228.691140
228.691140
228.691140
228.691140
228.691140
228.691140
228.691140
228.691140
228.691140
228.691140
228.691140
228.691140
228.691140
228.691140
228.691140
228.691140
228.691140
228.691140
228.691140
228.691140
228.691140
228.691140
228.691140
228.691140
228.691140
228.691140
228.691140
228.691140
228.691140
228.691140
228.691140
228.691140
228.691140
228.691140
228.691140
228.691140
228.691140
228.691140
228.691140
228.691140
228.691140
228.691140
228.691140
228.691140
228.691140
228.691140
228.691140
228.691140
228.691140
228.691140
228.691140
228.691140
228.691140
228.691140
228.691140
228.691140
228.691140
228.691140
228.691140
228.691140
228.691140
228.691140
228.691140
228.691140
228.691140
228.691140
228.691140
228.691140
228.691140
228.691140
228.691140
228.691140
228.691140
228.691140
228.691140
228.691140
228.691140
228.691140
228.691140
228.691140
228.691140
228.691140
228.691140
228.691140
228.691140
228.691140
228.691140
228.691140
228.691140
228.691140
228.691140
228.691140
228.691140
228.691140
228.691140
228.691140
228.691140
228.691140
228.691140
228.691140
228.691140
228.691140
228.691140
228.691140
228.691140
228.691140
228.691140
228.691140
228.691140
228.691140
228.691140
228.691140
228.691140
228.691140
228.691140
228.691140
228.691140
228.691140
228.691140
228.691140
228.691140
228.691140
228.691140
228.691140
228.691140
228.691140
228.691140
228.691140
228.691140
228.691140
228.691140
228.691140
228.691140
228.691140
228.691140
228.691140
228.691140
228.691140
228.691140
228.691140
228.691140
228.691140
228.691140
228.691140
228.691140
228.691140
228.691140
228.691140
228.691140
228.691140
228.691140
228.691140
228.691140
228.691140
228.691140
228.691140
228.691140
228.691140
228.691140
228.691140
228.691140
228.691140
228.691140
228.691140
228.691140
228.691140
228.691140
228.691140
228.691140
228.691140
228.691140
228.691140
228.691140
228.691140
228.691140
228.691140
228.691140
228.691140
228.691140
228.691140
228.691140
228.691140
228.691140
228.691140
228.691140
228.691140
228.691140
228.691140
228.691140
228.691140
228.691140
228.691140
228.691140
228.691140
228.691140
228.691140
228.691140
228.691140
228.691140
228.691140
228.691140
228.691140
228.691140
228.691140
228.691140
228.691140
228.691140
228.691140
228.691140
228.691140
228.691140
228.691140
228.691140
228.691140
228.691140
228.691140
228.691140
228.691140
228.691140
228.691140
228.691140
228.691140
228.691140
228.691140
228.691140
228.691140
228.691140
228.691140
228.691140
228.691140
228.691140
228.691140
228.691140
228.691140
228.691140
228.691140
228.691140
228.691140
228.691140
228.691140
228.691140
228.691140
228.691140
228.691140
228.691140
228.691140
228.691140
228.691140
228.691140
228.691140
228.691140
228.691140
228.691140
228.691140
228.691140
228.691140
228.691140
228.691140
228.691140
228.691140
228.691140
228.691140
228.691140
228.691140
228.691140
228.691140
228.691140
228.691140
228.691140
228.691140
228.691140
228.691140
228.691140
228.691140
228.691140
228.691140
228.691140
228.691140
228.691140
228.691140
228.691140
228.691140
228.691140
228.691140
228.691140
228.691140
228.691140
228.691140
228.691140
228.691140
228.691140
228.691140
228.691140
228.691140
228.691140
228.691140
228.691140
228.691140
228.691140
228.691140
228.691140
228.691140
228.691140
228.691140
228.691140
228.691140
228.691140
228.691140
228.691140
228.691140
228.691140
228.691140
228.691140
228.691140
228.691140
228.691140
228.691140
228.691140
228.691140
228.691140
228.691140
228.691140
228.691140
228.691140
228.691140
228.691140
228.691140
228.691140
228.691140
228.691140
228.691140
228.691140
228.691140
228.691140
228.691140
228.691140
228.691140
228.691140
228.691140
228.691140
228.691140
228.691140
228.691140
228.691140
228.691140
228.691140
228.691140
228.691140
228.691140
228.691140
228.691140
228.691140
228.691140
228.691140
228.691140
228.691140
228.691140
228.691140
228.691140
228.691140
228.691140
228.691140
228.691140
228.691140
228.691140
228.691140
228.691140
228.691140
228.691140
228.691140
228.691140
228.691140
228.691140
228.691140
228.691140
228.691140
228.691140
228.691140
228.691140
228.691140
228.691140
228.691140
228.691140
228.691140
228.691140
228.691140
228.691140
228.691140
228.691140
228.691140
228.691140
228.691140
228.691140
228.691140
228.691140
228.691140
228.691140
228.691140
228.691140
228.691140
228.691140
228.691140
228.691140
228.691140
228.691140
228.691140
228.691140
228.691140
228.691140
228.691140
228.691140
228.691140
228.691140
228.691140
228.691140
228.691140
228.691140
228.691140
228.691140
228.691140
228.691140
228.691140
228.691140
228.691140
228.691140
228.691140
228.691140
228.691140
228.691140
228.691140
228.691140
228.691140
228.691140
228.691140
228.691140
228.691140
228.691140
228.691140
228.691140
228.691140
228.691140
228.691140
228.691140
228.691140
228.691140
228.691140
228.691140
228.691140
228.691140
228.691140
228.691140
228.691140
228.691140
228.691140
228.691140
228.691140
228.691140
228.691140
228.691140
228.691140
228.691140
228.691140
228.691140
228.691140
228.691140
228.691140
228.691140
228.691140
228.691140
228.691140
228.691140
228.691140
228.691140
228.691140
228.691140
228.691140
228.691140
228.691140
228.691140
228.691140
228.691140
228.691140
228.691140
228.691140
228.691140
228.691140
228.691140
228.691140
228.691140
228.691140
228.691140
228.691140
228.691140
228.691140
228.691140
228.691140
228.691140
228.691140
228.691140
228.691140
228.691140
228.691140
228.691140
228.691140
228.691140
228.691140
228.691140
228.691140
228.691140
228.691140
228.691140
228.691140
228.691140
228.691140
228.691140
228.691140
228.691140
228.691140
228.691140
228.691140
228.691140
228.691140
228.691140
228.691140
228.691140
228.691140
228.691140
228.691140
228.691140
228.691140
228.691140
228.691140
228.691140
228.691140
228.691140
228.691140
228.691140
228.691140
228.691140
228.691140
228.691140
228.691140
228.691140
228.691140
228.691140
228.691140
228.691140
228.691140
228.691140
228.691140
228.691140
228.691140
228.691140
228.691140
228.691140
228.691140
228.691140
228.691140
228.691140
228.691140
228.691140
228.691140
228.691140
228.691140
228.691140
228.691140
228.691140
228.691140
228.691140
228.691140
228.691140
228.691140
228.691140
228.691140
228.691140
228.691140
228.691140
228.691140
228.691140
228.691140
228.691140
228.691140
228.691140
228.691140
228.691140
228.691140
228.691140
228.691140
228.691140
228.691140
228.691140
228.691140
228.691140
228.691140
228.691140
228.691140
228.691140
228.691140
228.691140
228.691140
228.691140
228.691140
228.691140
228.691140
228.691140
228.691140
228.691140
228.691140
228.691140
228.691140
228.691140
228.691140
228.691140
228.691140
228.691140
228.691140
228.691140
228.691140
228.691140
228.691140
228.691140
228.691140
228.691140
228.691140
228.691140
228.691140
228.691140
228.691140
228.691140
228.691140
228.691140
228.691140
228.691140
228.691140
228.691140
228.691140
228.691140
228.691140
228.691140
228.691140
228.691140
228.691140
228.691140
228.691140
228.691140
228.691140
228.691140
228.691140
228.691140
228.691140
228.691140
228.691140
228.691140
228.691140
228.691140
228.691140
228.691140
228.691140
228.691140
228.691140
228.691140
228.691140
228.691140
228.691140
228.691140
228.691140
228.691140
228.691140
228.691140
228.691140
228.691140
228.691140
228.691140
228.691140
228.691140
228.691140
228.691140
228.691140
228.691140
228.691140
228.691140
228.691140
228.691140
228.691140
228.691140
228.691140
228.691140
228.691140
228.691140
228.691140
228.691140
228.691140
228.691140
228.691140
228.691140
228.691140
228.691140
228.691140
228.691140
228.691140
228.691140
228.691140
228.691140
228.691140
228.691140
228.691140
228.691140
228.691140
228.691140
228.691140
228.691140
228.691140
228.691140
228.691140
228.691140
228.691140
228.691140
228.691140
228.691140
228.691140
228.691140
228.691140
228.691140
228.691140
228.691140
228.691140
228.691140
228.691140
228.691140
228.691140
228.691140
228.691140
228.691140
228.691140
228.691140
228.691140
228.691140
228.691140
228.691140
228.691140
228.691140
228.691140
228.691140
228.691140
228.691140
228.691140
228.691140
228.691140
228.691140
228.691140
228.691140
228.691140
228.691140
228.691140
228.691140
228.691140
228.691140
228.691140
228.691140
228.691140
228.691140
228.691140
228.691140
228.691140
228.691140
228.691140
228.691140
228.691140
228.691140
228.691140
228.691140
228.691140
228.691140
228.691140
228.691140
228.691140
228.691140
228.691140
228.691140
228.691140
228.691140
228.691140
228.691140
228.691140
228.691140
228.691140
228.691140
228.691140
228.691140
228.691140
228.691140
228.691140
228.691140
228.691140
228.691140
228.691140
228.691140
228.691140
228.691140
228.691140
228.691140
228.691140
228.691140
228.691140
228.691140
228.691140
228.691140
228.691140
228.691140
228.691140
228.691140
228.691140
228.691140
228.691140
228.691140
228.691140
228.691140
228.691140
228.691140
228.691140
228.691140
228.691140
228.691140
228.691140
228.691140
228.691140
228.691140
228.691140
228.691140
228.691140
228.691140
228.691140
228.691140
228.691140
228.691140
228.691140
228.691140
228.691140
228.691140
228.691140
228.691140
228.691140
228.691140
228.691140
228.691140
228.691140
228.691140
228.691140
228.691140
228.691140
228.691140
228.691140
228.691140
228.691140
228.691140
228.691140
228.691140
228.691140
228.691140
228.691140
228.691140
228.691140
228.691140
228.691140
228.691140
228.691140
228.691140
228.691140
228.691140
228.691140
228.691140
228.691140
228.691140
228.691140
228.691140
228.691140
228.691140
228.691140
228.691140
228.691140
228.691140
228.691140
228.691140
228.691140
228.691140
228.691140
228.691140
228.691140
228.691140
228.691140
228.691140
228.691140
228.691140
228.691140
228.691140
228.691140
228.691140
228.691140
228.691140
228.691140
228.691140
228.691140
228.691140
228.691140
228.691140
228.691140
228.691140
228.691140
228.691140
228.691140
228.691140
228.691140
228.691140
228.691140
228.691140
228.691140
228.691140
228.691140
228.691140
228.691140
228.691140
228.691140
228.691140
228.691140
228.691140
228.691140
228.691140
228.691140
228.691140
228.691140
228.691140
228.691140
228.691140
228.691140
228.691140
228.691140
228.691140
228.691140
228.691140
228.691140
228.691140
228.691140
228.691140
228.691140
228.691140
228.691140
228.691140
228.691140
228.691140
228.691140
228.691140
228.691140
228.691140
228.691140
228.691140
228.691140
228.691140
228.691140
228.691140
228.691140
228.691140
228.691140
228.691140
228.691140
228.691140
228.691140
228.691140
228.691140
228.691140
228.691140
228.691140
228.691140
228.691140
228.691140
228.691140
228.691140
228.691140
228.691140
228.691140
228.691140
228.691140
228.691140
228.691140
228.691140
228.691140
228.691140
228.691140
228.691140
228.691140
228.691140
228.691140
228.691140
228.691140
228.691140
228.691140
228.691140
228.691140
228.691140
228.691140
228.691140
228.691140
228.691140
228.691140
228.691140
228.691140
228.691140
228.691140
228.691140
228.691140
228.691140
228.691140
228.691140
228.691140
228.691140
228.691140
228.691140
228.691140
228.691140
228.691140
228.691140
228.691140
228.691140
228.691140
228.691140
228.691140
228.691140
228.691140
228.691140
228.691140
228.691140
228.691140
228.691140
228.691140
228.691140
228.691140
228.691140
228.691140
228.691140
228.691140
228.691140
228.691140
228.691140
228.691140
228.691140
228.691140
228.691140
228.691140
228.691140
228.691140
228.691140
228.691140
228.691140
228.691140
228.691140
228.691140
228.691140
228.691140
228.691140
228.691140
228.691140
228.691140
228.691140
228.691140
228.691140
228.691140
228.691140
228.691140
228.691140
228.691140
228.691140
228.691140
228.691140
228.691140
228.691140
228.691140
228.691140
228.691140
228.691140
228.691140
228.691140
228.691140
228.691140
228.691140
228.691140
228.691140
228.691140
228.691140
228.691140
228.691140
228.691140
228.691140
228.691140
228.691140
228.691140
228.691140
228.691140
228.691140
228.691140
228.691140
228.691140
228.691140
228.691140
228.691140
228.691140
228.691140
228.691140
228.691140
228.691140
228.691140
228.691140
228.691140
228.691140
228.691140
228.691140
228.691140
228.691140
228.691140
228.691140
228.691140
228.691140
228.691140
228.691140
228.691140
228.691140
228.691140
228.691140
228.691140
228.691140
228.691140
228.691140
228.691140
228.691140
228.691140
228.691140
228.691140
228.691140
228.691140
228.691140
228.691140
228.691140
228.691140
228.691140
228.691140
228.691140
228.691140
228.691140
228.691140
228.691140
228.691140
228.691140
228.691140
228.691140
228.691140
228.691140
228.691140
228.691140
228.691140
228.691140
228.691140
228.691140
228.691140
228.691140
228.691140
228.691140
228.691140
228.691140
228.691140
228.691140
228.691140
228.691140
228.691140
228.691140
228.691140
228.691140
228.691140
228.691140
228.691140
228.691140
228.691140
228.691140
228.691140
228.691140
228.691140
228.691140
228.691140
228.691140
228.691140
228.691140
228.691140
228.691140
228.691140
228.691140
228.691140
228.691140
228.691140
228.691140
228.691140
228.691140
228.691140
228.691140
228.691140
228.691140
228.691140
228.691140
228.691140
228.691140
228.691140
228.691140
228.691140
228.691140
228.691140
228.691140
228.691140
228.691140
228.691140
228.691140
228.691140
228.691140
228.691140
228.691140
228.691140
228.691140
228.691140
228.691140
228.691140
228.691140
228.691140
228.691140
228.691140
228.691140
228.691140
228.691140
228.691140
228.691140
228.691140
228.691140
228.691140
228.691140
228.691140
228.691140
228.691140
228.691140
228.691140
228.691140
228.691140
228.691140
228.691140
228.691140
228.691140
228.691140
228.691140
228.691140
228.691140
228.691140
228.691140
228.691140
228.691140
228.691140
228.691140
228.691140
228.691140
228.691140
228.691140
228.691140
228.691140
228.691140
228.691140
228.691140
228.691140
228.691140
228.691140
228.691140
228.691140
228.691140
228.691140
228.691140
228.691140
228.691140
228.691140
228.691140
228.691140
228.691140
228.691140
228.691140
228.691140
228.691140
228.691140
228.691140
228.691140
228.691140
228.691140
228.691140
228.691140
228.691140
228.691140
228.691140
228.691140
228.691140
228.691140
228.691140
228.691140
228.691140
228.691140
228.691140
228.691140
228.691140
228.691140
228.691140
228.691140
228.691140
228.691140
228.691140
228.691140
228.691140
228.691140
228.691140
228.691140
228.691140
228.691140
228.691140
228.691140
228.691140
228.691140
228.691140
228.691140
228.691140
228.691140
228.691140
228.691140
228.691140
228.691140
228.691140
228.691140
228.691140
228.691140
228.691140
228.691140
228.691140
228.691140
228.691140
228.691140
228.691140
228.691140
228.691140
228.691140
228.691140
228.691140
228.691140
228.691140
228.691140
228.691140
228.691140
228.691140
228.691140
228.691140
228.691140
228.691140
228.691140
228.691140
228.691140
228.691140
228.691140
228.691140
228.691140
228.691140
228.691140
228.691140
228.691140
228.691140
228.691140
228.691140
228.691140
228.691140
228.691140
228.691140
228.691140
228.691140
228.691140
228.691140
228.691140
228.691140
228.691140
228.691140
228.691140
228.691140
228.691140
228.691140
228.691140
228.691140
228.691140
228.691140
228.691140
228.691140
228.691140
228.691140
228.691140
228.691140
228.691140
228.691140
228.691140
228.691140
228.691140
228.691140
228.691140
228.691140
228.691140
228.691140
228.691140
228.691140
228.691140
228.691140
228.691140
228.691140
228.691140
228.691140
228.691140
228.691140
228.691140
228.691140
228.691140
228.691140
228.691140
228.691140
228.691140
228.691140
228.691140
228.691140
228.691140
228.691140
228.691140
228.691140
228.691140
228.691140
228.691140
228.691140
228.691140
228.691140
228.691140
228.691140
228.691140
228.691140
228.691140
228.691140
228.691140
228.691140
228.691140
228.691140
228.691140
228.691140
228.691140
228.691140
228.691140
228.691140
228.691140
228.691140
228.691140
228.691140
228.691140
228.691140
228.691140
228.691140
228.691140
228.691140
228.691140
228.691140
228.691140
228.691140
228.691140
228.691140
228.691140
228.691140
228.691140
228.691140
228.691140
228.691140
228.691140
228.691140
228.691140
228.691140
228.691140
228.691140
228.691140
228.691140
228.691140
228.691140
228.691140
228.691140
228.691140
228.691140
228.691140
228.691140
228.691140
228.691140
228.691140
228.691140
228.691140
228.691140
228.691140
228.691140
228.691140
228.691140
228.691140
228.691140
228.691140
228.691140
228.691140
228.691140
228.691140
228.691140
228.691140
228.691140
228.691140
228.691140
228.691140
228.691140
228.691140
228.691140
228.691140
228.691140
228.691140
228.691140
228.691140
228.691140
228.691140
228.691140
228.691140
228.691140
228.691140
228.691140
228.691140
228.691140
228.691140
228.691140
228.691140
228.691140
228.691140
228.691140
228.691140
228.691140
228.691140
228.691140
228.691140
228.691140
228.691140
228.691140
228.691140
228.691140
228.691140
228.691140
228.691140
228.691140
228.691140
228.691140
228.691140
228.691140
228.691140
228.691140
228.691140
228.691140
228.691140
228.691140
228.691140
228.691140
228.691140
228.691140
228.691140
228.691140
228.691140
228.691140
228.691140
228.691140
228.691140
228.691140
228.691140
228.691140
228.691140
228.691140
228.691140
228.691140
228.691140
228.691140
228.691140
228.691140
228.691140
228.691140
228.691140
228.691140
228.691140
228.691140
228.691140
228.691140
228.691140
228.691140
228.691140
228.691140
228.691140
228.691140
228.691140
228.691140
228.691140
228.691140
228.691140
228.691140
228.691140
228.691140
228.691140
228.691140
228.691140
228.691140
228.691140
228.691140
228.691140
228.691140
228.691140
228.691140
228.691140
228.691140
228.691140
228.691140
228.691140
228.691140
228.691140
228.691140
228.691140
228.691140
228.691140
228.691140
228.691140
228.691140
228.691140
228.691140
228.691140
228.691140
228.691140
228.691140
228.691140
228.691140
228.691140
228.691140
228.691140
228.691140
228.691140
228.691140
228.691140
228.691140
228.691140
228.691140
228.691140
228.691140
228.691140
228.691140
228.691140
228.691140
228.691140
228.691140
228.691140
228.691140
228.691140
228.691140
228.691140
228.691140
228.691140
228.691140
228.691140
228.691140
228.691140
228.691140
228.691140
228.691140
228.691140
228.691140
228.691140
228.691140
228.691140
228.691140
228.691140
228.691140
228.691140
228.691140
228.691140
228.691140
228.691140
228.691140
228.691140
228.691140
228.691140
228.691140
228.691140
228.691140
228.691140
228.691140
228.691140
228.691140
228.691140
228.691140
228.691140
228.691140
228.691140
228.691140
228.691140
228.691140
228.691140
228.691140
228.691140
228.691140
228.691140
228.691140
228.691140
228.691140
228.691140
228.691140
228.691140
228.691140
228.691140
228.691140
228.691140
228.691140
228.691140
228.691140
228.691140
228.691140
228.691140
228.691140
228.691140
228.691140
228.691140
228.691140
228.691140
228.691140
228.691140
228.691140
228.691140
228.691140
228.691140
228.691140
228.691140
228.691140
228.691140
228.691140
228.691140
228.691140
228.691140
228.691140
228.691140
228.691140
228.691140
228.691140
228.691140
228.691140
228.691140
228.691140
228.691140
228.691140
228.691140
228.691140
228.691140
228.691140
228.691140
228.691140
228.691140
228.691140
228.691140
228.691140
228.691140
228.691140
228.691140
228.691140
228.691140
228.691140
228.691140
228.691140
228.691140
228.691140
228.691140
228.691140
228.691140
228.691140
228.691140
228.691140
228.691140
228.691140
228.691140
228.691140
228.691140
228.691140
228.691140
228.691140
228.691140
228.691140
228.691140
228.691140
228.691140
228.691140
228.691140
228.691140
228.691140
228.691140
228.691140
228.691140
228.691140
228.691140
228.691140
228.691140
228.691140
228.691140
228.691140
228.691140
228.691140
228.691140
228.691140
228.691140
228.691140
228.691140
228.691140
228.691140
228.691140
228.691140
228.691140
228.691140
228.691140
228.691140
228.691140
228.691140
228.691140
228.691140
228.691140
228.691140
228.691140
228.691140
228.691140
228.691140
228.691140
228.691140
228.691140
228.691140
228.691140
228.691140
228.691140
228.691140
228.691140
228.691140
228.691140
228.691140
228.691140
228.691140
228.691140
228.691140
228.691140
228.691140
228.691140
228.691140
228.691140
228.691140
228.691140
228.691140
228.691140
228.691140
228.691140
228.691140
228.691140
228.691140
228.691140
228.691140
228.691140
228.691140
228.691140
228.691140
228.691140
228.691140
228.691140
228.691140
228.691140
228.691140
228.691140
228.691140
228.691140
228.691140
228.691140
228.691140
228.691140
228.691140
228.691140
228.691140
228.691140
228.691140
228.691140
228.691140
228.691140
228.691140
228.691140
228.691140
228.691140
228.691140
228.691140
228.691140
228.691140
228.691140
228.691140
228.691140
228.691140
228.691140
228.691140
228.691140
228.691140
228.691140
228.691140
228.691140
228.691140
228.691140
228.691140
228.691140
228.691140
228.691140
228.691140
228.691140
228.691140
228.691140
228.691140
228.691140
228.691140
228.691140
228.691140
228.691140
228.691140
228.691140
228.691140
228.691140
228.691140
228.691140
228.691140
228.691140
228.691140
228.691140
228.691140
228.691140
228.691140
228.691140
228.691140
228.691140
228.691140
228.691140
228.691140
228.691140
228.691140
228.691140
228.691140
228.691140
228.691140
228.691140
228.691140
228.691140
228.691140
228.691140
228.691140
228.691140
228.691140
228.691140
228.691140
228.691140
228.691140
228.691140
228.691140
228.691140
228.691140
228.691140
228.691140
228.691140
228.691140
228.691140
228.691140
228.691140
228.691140
228.691140
228.691140
228.691140
228.691140
228.691140
228.691140
228.691140
228.691140
228.691140
228.691140
228.691140
228.691140
228.691140
228.691140
228.691140
228.691140
228.691140
228.691140
228.691140
228.691140
228.691140
228.691140
228.691140
228.691140
228.691140
228.691140
228.691140
228.691140
228.691140
228.691140
228.691140
228.691140
228.691140
228.691140
228.691140
228.691140
228.691140
228.691140
228.691140
228.691140
228.691140
228.691140
228.691140
228.691140
228.691140
228.691140
228.691140
228.691140
228.691140
228.691140
228.691140
228.691140
228.691140
228.691140
228.691140
228.691140
228.691140
228.691140
228.691140
228.691140
228.691140
228.691140
228.691140
228.691140
228.691140
228.691140
228.691140
228.691140
228.691140
228.691140
228.691140
228.691140
228.691140
228.691140
228.691140
228.691140
228.691140
228.691140
228.691140
228.691140
228.691140
228.691140
228.691140
228.691140
228.691140
228.691140
228.691140
228.691140
228.691140
228.691140
228.691140
228.691140
228.691140
228.691140
228.691140
228.691140
228.691140
228.691140
228.691140
228.691140
228.691140
228.691140
228.691140
228.691140
228.691140
228.691140
228.691140
228.691140
228.691140
228.691140
228.691140
228.691140
228.691140
228.691140
228.691140
228.691140
228.691140
228.691140
228.691140
228.691140
228.691140
228.691140
228.691140
228.691140
228.691140
228.691140
228.691140
228.691140
228.691140
228.691140
228.691140
228.691140
228.691140
228.691140
228.691140
228.691140
228.691140
228.691140
228.691140
228.691140
228.691140
228.691140
228.691140
228.691140
228.691140
228.691140
228.691140
228.691140
228.691140
228.691140
228.691140
228.691140
228.691140
228.691140
228.691140
228.691140
228.691140
228.691140
228.691140
228.691140
228.691140
228.691140
228.691140
228.691140
228.691140
228.691140
228.691140
228.691140
228.691140
228.691140
228.691140
228.691140
228.691140
228.691140
228.691140
228.691140
228.691140
228.691140
228.691140
228.691140
228.691140
228.691140
228.691140
228.691140
228.691140
228.691140
228.691140
228.691140
228.691140
228.691140
228.691140
228.691140
228.691140
228.691140
228.691140
228.691140
228.691140
228.691140
228.691140
228.691140
228.691140
228.691140
228.691140
228.691140
228.691140
228.691140
228.691140
228.691140
228.691140
228.691140
228.691140
228.691140
228.691140
228.691140
228.691140
228.691140
228.691140
228.691140
228.691140
228.691140
228.691140
228.691140
228.691140
228.691140
228.691140
228.691140
228.691140
228.691140
228.691140
228.691140
228.691140
228.691140
228.691140
228.691140
228.691140
228.691140
228.691140
228.691140
228.691140
228.691140
228.691140
228.691140
228.691140
228.691140
228.691140
228.691140
228.691140
228.691140
228.691140
228.691140
228.691140
228.691140
228.691140
228.691140
228.691140
228.691140
228.691140
228.691140
228.691140
228.691140
228.691140
228.691140
228.691140
228.691140
228.691140
228.691140
228.691140
228.691140
228.691140
228.691140
228.691140
228.691140
228.691140
228.691140
228.691140
228.691140
228.691140
228.691140
228.691140
228.691140
228.691140
228.691140
228.691140
228.691140
228.691140
228.691140
228.691140
228.691140
228.691140
228.691140
228.691140
228.691140
228.691140
228.691140
228.691140
228.691140
228.691140
228.691140
228.691140
228.691140
228.691140
228.691140
228.691140
228.691140
228.691140
228.691140
228.691140
228.691140
228.691140
228.691140
228.691140
228.691140
228.691140
228.691140
228.691140
228.691140
228.691140
228.691140
228.691140
228.691140
228.691140
228.691140
228.691140
228.691140
228.691140
228.691140
228.691140
228.691140
228.691140
228.691140
228.691140
228.691140
228.691140
228.691140
228.691140
228.691140
228.691140
228.691140
228.691140
228.691140
228.691140
228.691140
228.691140
228.691140
228.691140
228.691140
228.691140
228.691140
228.691140
228.691140
228.691140
228.691140
228.691140
228.691140
228.691140
228.691140
228.691140
228.691140
228.691140
228.691140
228.691140
228.691140
228.691140
228.691140
228.691140
228.691140
228.691140
228.691140
228.691140
228.691140
228.691140
228.691140
228.691140
228.691140
228.691140
228.691140
228.691140
228.691140
228.691140
228.691140
228.691140
228.691140
228.691140
228.691140
228.691140
228.691140
228.691140
228.691140
228.691140
228.691140
228.691140
228.691140
228.691140
228.691140
228.691140
228.691140
228.691140
228.691140
228.691140
228.691140
228.691140
228.691140
228.691140
228.691140
228.691140
228.691140
228.691140
228.691140
228.691140
228.691140
228.691140
228.691140
228.691140
228.691140
228.691140
228.691140
228.691140
228.691140
228.691140
228.691140
228.691140
228.691140
228.691140
228.691140
228.691140
228.691140
228.691140
228.691140
228.691140
228.691140
228.691140
228.691140
228.691140
228.691140
228.691140
228.691140
228.691140
228.691140
228.691140
228.691140
228.691140
228.691140
228.691140
228.691140
228.691140
228.691140
228.691140
228.691140
228.691140
228.691140
228.691140
228.691140
228.691140
228.691140
228.691140
228.691140
228.691140
228.691140
228.691140
228.691140
228.691140
228.691140
228.691140
228.691140
228.691140
228.691140
228.691140
228.691140
228.691140
228.691140
228.691140
228.691140
228.691140
228.691140
228.691140
228.691140
228.691140
228.691140
228.691140
228.691140
228.691140
228.691140
228.691140
228.691140
228.691140
228.691140
228.691140
228.691140
228.691140
228.691140
228.691140
228.691140
228.691140
228.691140
228.691140
228.691140
228.691140
228.691140
228.691140
228.691140
228.691140
228.691140
228.691140
228.691140
228.691140
228.691140
228.691140
228.691140
228.691140
228.691140
228.691140
228.691140
228.691140
228.691140
228.691140
228.691140
228.691140
228.691140
228.691140
228.691140
228.691140
228.691140
228.691140
228.691140
228.691140
228.691140
228.691140
228.691140
228.691140
228.691140
228.691140
228.691140
228.691140
228.691140
228.691140
228.691140
228.691140
228.691140
228.691140
228.691140
228.691140
228.691140
228.691140
228.691140
228.691140
228.691140
228.691140
228.691140
228.691140
228.691140
228.691140
228.691140
228.691140
228.691140
228.691140
228.691140
228.691140
228.691140
228.691140
228.691140
228.691140
228.691140
228.691140
228.691140
228.691140
228.691140
228.691140
228.691140
228.691140
228.691140
228.691140
228.691140
228.691140
228.691140
228.691140
228.691140
228.691140
228.691140
228.691140
228.691140
228.691140
228.691140
228.691140
228.691140
228.691140
228.691140
228.691140
228.691140
228.691140
228.691140
228.691140
228.691140
228.691140
228.691140
228.691140
228.691140
228.691140
228.691140
228.691140
228.691140
228.691140
228.691140
228.691140
228.691140
228.691140
228.691140
228.691140
228.691140
228.691140
228.691140
228.691140
228.691140
228.691140
228.691140
228.691140
228.691140
228.691140
228.691140
228.691140
228.691140
228.691140
228.691140
228.691140
228.691140
228.691140
228.691140
228.691140
228.691140
228.691140
228.691140
228.691140
228.691140
228.691140
228.691140
228.691140
228.691140
228.691140
228.691140
228.691140
228.691140
228.691140
228.691140
228.691140
228.691140
228.691140
228.691140
228.691140
228.691140
228.691140
228.691140
228.691140
228.691140
228.691140
228.691140
228.691140
228.691140
228.691140
228.691140
228.691140
228.691140
228.691140
228.691140
228.691140
228.691140
228.691140
228.691140
228.691140
228.691140
228.691140
228.691140
228.691140
228.691140
228.691140
228.691140
228.691140
228.691140
228.691140
228.691140
228.691140
228.691140
228.691140
228.691140
228.691140
228.691140
228.691140
228.691140
228.691140
228.691140
228.691140
228.691140
228.691140
228.691140
228.691140
228.691140
228.691140
228.691140
228.691140
228.691140
228.691140
228.691140
228.691140
228.691140
228.691140
228.691140
228.691140
228.691140
228.691140
228.691140
228.691140
228.691140
228.691140
228.691140
228.691140
228.691140
228.691140
228.691140
228.691140
228.691140
228.691140
228.691140
228.691140
228.691140
228.691140
228.691140
228.691140
228.691140
228.691140
228.691140
228.691140
228.691140
228.691140
228.691140
228.691140
228.691140
228.691140
228.691140
228.691140
228.691140
228.691140
228.691140
228.691140
228.691140
228.691140
228.691140
228.691140
228.691140
228.691140
228.691140
228.691140
228.691140
228.691140
228.691140
228.691140
228.691140
228.691140
228.691140
228.691140
228.691140
228.691140
228.691140
228.691140
228.691140
228.691140
228.691140
228.691140
228.691140
228.691140
228.691140
228.691140
228.691140
228.691140
228.691140
228.691140
228.691140
228.691140
228.691140
228.691140
228.691140
228.691140
228.691140
228.691140
228.691140
228.691140
228.691140
228.691140
228.691140
228.691140
228.691140
228.691140
228.691140
228.691140
228.691140
228.691140
228.691140
228.691140
228.691140
228.691140
228.691140
228.691140
228.691140
228.691140
228.691140
228.691140
228.691140
228.691140
228.691140
228.691140
228.691140
228.691140
228.691140
228.691140
228.691140
228.691140
228.691140
228.691140
228.691140
228.691140
228.691140
228.691140
228.691140
228.691140
228.691140
228.691140
228.691140
228.691140
228.691140
228.691140
228.691140
228.691140
228.691140
228.691140
228.691140
228.691140
228.691140
228.691140
228.691140
228.691140
228.691140
228.691140
228.691140
228.691140
228.691140
228.691140
228.691140
228.691140
228.691140
228.691140
228.691140
228.691140
228.691140
228.691140
228.691140
228.691140
228.691140
228.691140
228.691140
228.691140
228.691140
228.691140
228.691140
228.691140
228.691140
228.691140
228.691140
228.691140
228.691140
228.691140
228.691140
228.691140
228.691140
228.691140
228.691140
228.691140
228.691140
228.691140
228.691140
228.691140
228.691140
228.691140
228.691140
228.691140
228.691140
228.691140
228.691140
228.691140
228.691140
228.691140
228.691140
228.691140
228.691140
228.691140
228.691140
228.691140
228.691140
228.691140
228.691140
228.691140
228.691140
228.691140
228.691140
228.691140
228.691140
228.691140
228.691140
228.691140
228.691140
228.691140
228.691140
228.691140
228.691140
228.691140
228.691140
228.691140
228.691140
228.691140
228.691140
228.691140
228.691140
228.691140
228.691140
228.691140
228.691140
228.691140
228.691140
228.691140
228.691140
228.691140
228.691140
228.691140
228.691140
228.691140
228.691140
228.691140
228.691140
228.691140
228.691140
228.691140
228.691140
228.691140
228.691140
228.691140
228.691140
228.691140
228.691140
228.691140
228.691140
228.691140
228.691140
228.691140
228.691140
228.691140
228.691140
228.691140
228.691140
228.691140
228.691140
228.691140
228.691140
228.691140
228.691140
228.691140
228.691140
228.691140
228.691140
228.691140
228.691140
228.691140
228.691140
228.691140
228.691140
228.691140
228.691140
228.691140
228.691140
228.691140
228.691140
228.691140
228.691140
228.691140
228.691140
228.691140
228.691140
228.691140
228.691140
228.691140
228.691140
228.691140
228.691140
228.691140
228.691140
228.691140
228.691140
228.691140
228.691140
228.691140
228.691140
228.691140
228.691140
228.691140
228.691140
228.691140
228.691140
228.691140
228.691140
228.691140
228.691140
228.691140
228.691140
228.691140
228.691140
228.691140
228.691140
228.691140
228.691140
228.691140
228.691140
228.691140
225.257189
225.257189
225.257189
225.257189
225.257189
225.257189
225.257189
225.257189
225.257189
225.257189
225.257189
225.257189
225.257189
225.257189
225.257189
225.257189
225.257189
225.257189
225.257189
225.257189
225.257189
225.257189
225.257189
225.257189
225.257189
225.257189
225.257189
225.257189
225.257189
225.257189
225.257189
225.257189
225.257189
225.257189
225.257189
225.257189
225.257189
225.257189
225.257189
225.257189
225.257189
225.257189
225.257189
225.257189
225.257189
225.257189
225.257189
225.257189
225.257189
225.257189
225.257189
225.257189
225.257189
225.257189
225.257189
225.257189
225.257189
225.257189
225.257189
225.257189
225.257189
225.257189
225.257189
225.257189
225.257189
225.257189
225.257189
225.257189
225.257189
225.257189
225.257189
225.257189
225.257189
225.257189
225.257189
225.257189
225.257189
225.257189
225.257189
225.257189
225.257189
225.257189
225.257189
225.257189
225.257189
225.257189
225.257189
225.257189
225.257189
225.257189
225.257189
225.257189
225.257189
225.257189
225.257189
225.257189
225.257189
225.257189
225.257189
225.257189
225.257189
225.257189
225.257189
225.257189
225.257189
225.257189
225.257189
225.257189
225.257189
225.257189
225.257189
225.257189
225.257189
225.257189
225.257189
225.257189
225.257189
225.257189
225.257189
225.257189
225.257189
225.257189
225.257189
225.257189
225.257189
225.257189
225.257189
225.257189
225.257189
225.257189
225.257189
225.257189
225.257189
225.257189
225.257189
225.257189
225.257189
225.257189
225.257189
225.257189
225.257189
225.257189
225.257189
225.257189
225.257189
225.257189
225.257189
225.257189
225.257189
225.257189
225.257189
225.257189
225.257189
225.257189
225.257189
225.257189
225.257189
225.257189
225.257189
225.257189
225.257189
225.257189
225.257189
225.257189
225.257189
225.257189
225.257189
225.257189
225.257189
225.257189
225.257189
225.257189
225.257189
225.257189
225.257189
225.257189
225.257189
225.257189
225.257189
225.257189
225.257189
225.257189
225.257189
225.257189
225.257189
225.257189
225.257189
225.257189
225.257189
225.257189
225.257189
225.257189
225.257189
225.257189
225.257189
225.257189
225.257189
225.257189
225.257189
225.257189
225.257189
225.257189
225.257189
225.257189
225.257189
225.257189
225.257189
225.257189
225.257189
225.257189
225.257189
225.257189
225.257189
225.257189
225.257189
225.257189
225.257189
225.257189
225.257189
225.257189
225.257189
225.257189
225.257189
225.257189
225.257189
225.257189
225.257189
225.257189
225.257189
225.257189
225.257189
225.257189
225.257189
225.257189
225.257189
225.257189
225.257189
225.257189
225.257189
225.257189
225.257189
225.257189
225.257189
225.257189
225.257189
225.257189
225.257189
225.257189
225.257189
225.257189
225.257189
225.257189
225.257189
225.257189
225.257189
225.257189
225.257189
225.257189
225.257189
225.257189
225.257189
225.257189
225.257189
225.257189
225.257189
225.257189
225.257189
225.257189
225.257189
225.257189
225.257189
225.257189
225.257189
225.257189
225.257189
225.257189
225.257189
225.257189
225.257189
225.257189
225.257189
225.257189
225.257189
225.257189
225.257189
225.257189
225.257189
225.257189
225.257189
225.257189
220.500008
220.500008
220.500008
220.500008
220.500008
220.500008
220.500008
220.500008
220.500008
220.500008
220.500008
220.500008
220.500008
220.500008
220.500008
220.500008
220.500008
220.500008
220.500008
220.500008
220.500008
220.500008
220.500008
220.500008
220.500008
220.500008
220.500008
220.500008
220.500008
220.500008
220.500008
220.500008
220.500008
220.500008
220.500008
220.500008
220.500008
220.500008
220.500008
220.500008
220.500008
220.500008
220.500008
220.500008
220.500008
220.500008
220.500008
220.500008
220.500008
220.500008
220.500008
220.500008
220.500008
220.500008
220.500008
220.500008
220.500008
220.500008
220.500008
220.500008
220.500008
220.500008
220.500008
220.500008
220.500008
220.500008
220.500008
220.500008
220.500008
220.500008
220.500008
220.500008
220.500008
220.500008
220.500008
220.500008
220.500008
220.500008
220.500008
220.500008
220.500008
220.500008
220.500008
220.500008
220.500008
220.500008
220.500008
220.500008
220.500008
220.500008
220.500008
220.500008
220.500008
220.500008
220.500008
220.500008
220.500008
220.500008
220.500008
220.500008
220.500008
220.500008
220.500008
220.500008
220.500008
220.500008
220.500008
220.500008
220.500008
220.500008
220.500008
220.500008
220.500008
220.500008
220.500008
220.500008
220.500008
220.500008
220.500008
220.500008
220.500008
220.500008
220.500008
220.500008
220.500008
220.500008
220.500008
220.500008
220.500008
220.500008
220.500008
220.500008
220.500008
220.500008
220.500008
220.500008
220.500008
220.500008
220.500008
220.500008
220.500008
220.500008
220.500008
220.500008
220.500008
220.500008
220.500008
220.500008
220.500008
220.500008
220.500008
220.500008
220.500008
220.500008
220.500008
220.500008
220.500008
220.500008
220.500008
220.500008
220.500008
220.500008
220.500008
220.500008
220.500008
220.500008
220.500008
220.500008
220.500008
220.500008
220.500008
220.500008
220.500008
220.500008
220.500008
220.500008
220.500008
220.500008
220.500008
220.500008
220.500008
220.500008
220.500008
220.500008
220.500008
220.500008
220.500008
220.500008
220.500008
220.500008
220.500008
220.500008
220.500008
220.500008
220.500008
220.500008
220.500008
220.500008
220.500008
220.500008
220.500008
220.500008
220.500008
220.500008
220.500008
220.500008
220.500008
220.500008
220.500008
220.500008
220.500008
220.500008
220.500008
220.500008
220.500008
220.500008
220.500008
220.500008
220.500008
220.500008
220.500008
220.500008
220.500008
220.500008
220.500008
220.500008
220.500008
220.500008
220.500008
220.500008
220.500008
220.500008
220.500008
220.500008
220.500008
220.500008
220.500008
220.500008
220.500008
220.500008
220.500008
220.500008
213.013964
213.013964
213.013964
213.013964
213.013964
213.013964
213.013964
213.013964
213.013964
213.013964
213.013964
213.013964
213.013964
213.013964
213.013964
213.013964
213.013964
213.013964
213.013964
213.013964
213.013964
213.013964
213.013964
213.013964
213.013964
213.013964
213.013964
213.013964
213.013964
213.013964
213.013964
213.013964
213.013964
213.013964
213.013964
213.013964
213.013964
213.013964
213.013964
213.013964
213.013964
213.013964
213.013964
213.013964
213.013964
213.013964
213.013964
213.013964
213.013964
213.013964
213.013964
213.013964
213.013964
213.013964
213.013964
213.013964
213.013964
213.013964
213.013964
213.013964
213.013964
213.013964
213.013964
213.013964
213.013964
213.013964
213.013964
213.013964
213.013964
213.013964
213.013964
213.013964
213.013964
213.013964
213.013964
213.013964
213.013964
213.013964
213.013964
213.013964
213.013964
213.013964
213.013964
213.013964
213.013964
213.013964
213.013964
213.013964
213.013964
213.013964
213.013964
213.013964
213.013964
213.013964
213.013964
213.013964
213.013964
213.013964
213.013964
213.013964
213.013964
213.013964
213.013964
213.013964
213.013964
213.013964
213.013964
213.013964
213.013964
213.013964
213.013964
213.013964
213.013964
213.013964
213.013964
213.013964
213.013964
213.013964
213.013964
213.013964
213.013964
213.013964
213.013964
213.013964
213.013964
213.013964
213.013964
213.013964
213.013964
213.013964
213.013964
213.013964
213.013964
213.013964
213.013964
213.013964
213.013964
213.013964
213.013964
213.013964
213.013964
213.013964
213.013964
213.013964
213.013964
213.013964
213.013964
213.013964
213.013964
213.013964
213.013964
213.013964
213.013964
213.013964
213.013964
213.013964
213.013964
213.013964
213.013964
213.013964
213.013964
213.013964
213.013964
213.013964
213.013964
213.013964
213.013964
213.013964
213.013964
213.013964
213.013964
213.013964
213.013964
213.013964
213.013964
213.013964
213.013964
213.013964
213.013964
213.013964
213.013964
213.013964
213.013964
213.013964
213.013964
213.013964
213.013964
213.013964
213.013964
213.013964
213.013964
213.013964
213.013964
213.013964
213.013964
213.013964
213.013964
213.013964
213.013964
213.013964
203.374438
203.374438
203.374438
203.374438
203.374438
203.374438
203.374438
203.374438
203.374438
203.374438
203.374438
203.374438
203.374438
203.374438
203.374438
203.374438
203.374438
203.374438
203.374438
203.374438
203.374438
203.374438
203.374438
203.374438
203.374438
203.374438
203.374438
203.374438
203.374438
203.374438
203.374438
203.374438
203.374438
203.374438
203.374438
203.374438
203.374438
203.374438
203.374438
203.374438
203.374438
203.374438
203.374438
203.374438
203.374438
203.374438
203.374438
203.374438
203.374438
203.374438
203.374438
203.374438
203.374438
203.374438
203.374438
203.374438
203.374438
203.374438
203.374438
203.374438
203.374438
203.374438
203.374438
203.374438
203.374438
203.374438
203.374438
203.374438
203.374438
203.374438
203.374438
203.374438
203.374438
203.374438
203.374438
203.374438
203.374438
203.374438
203.374438
203.374438
203.374438
203.374438
203.374438
203.374438
203.374438
203.374438
203.374438
203.374438
203.374438
203.374438
203.374438
203.374438
203.374438
203.374438
203.374438
203.374438
203.374438
203.374438
203.374438
203.374438
203.374438
203.374438
203.374438
203.374438
203.374438
203.374438
203.374438
203.374438
203.374438
203.374438
203.374438
203.374438
203.374438
203.374438
203.374438
203.374438
203.374438
203.374438
203.374438
203.374438
203.374438
203.374438
203.374438
203.374438
203.374438
203.374438
203.374438
203.374438
203.374438
203.374438
203.374438
203.374438
203.374438
203.374438
203.374438
203.374438
203.374438
203.374438
203.374438
203.374438
203.374438
203.374438
203.374438
203.374438
203.374438
203.374438
203.374438
203.374438
203.374438
203.374438
203.374438
203.374438
203.374438
203.374438
203.374438
203.374438
203.374438
203.374438
203.374438
203.374438
203.374438
203.374438
203.374438
203.374438
203.374438
203.374438
203.374438
203.374438
203.374438
203.374438
203.374438
203.374438
203.374438
203.374438
203.374438
203.374438
203.374438
203.374438
203.374438
203.374438
203.374438
203.374438
203.374438
203.374438
203.374438
203.374438
203.374438
203.374438
203.374438
203.374438
203.374438
203.374438
203.374438
203.374438
203.374438
203.374438
203.374438
203.374438
203.374438
203.374438
203.374438
203.374438
203.374438
203.374438
203.374438
203.374438
203.374438
203.374438
203.374438
203.374438
203.374438
203.374438
203.374438
203.374438
203.374438
203.374438
203.374438
203.374438
203.374438
203.374438
203.374438
203.374438
203.374438
203.374438
203.374438
203.374438
203.374438
203.374438
203.374438
203.374438
203.374438
203.374438
203.374438
203.374438
203.374438
203.374438
203.374438
203.374438
203.374438
203.374438
203.374438
203.374438
203.374438
203.374438
203.374438
203.374438
203.374438
203.374438
203.374438
203.374438
203.374438
203.374438
203.374438
203.374438
203.374438
203.374438
203.374438
203.374438
203.374438
203.374438
203.374438
203.374438
203.374438
203.374438
203.374438
203.374438
203.374438
203.374438
203.374438
203.374438
203.374438
203.374438
203.374438
203.374438
203.374438
203.374438
203.374438
203.374438
203.374438
203.374438
203.374438
203.374438
203.374438
203.374438
203.374438
203.374438
203.374438
203.374438
203.374438
203.374438
203.374438
203.374438
203.374438
203.374438
203.374438
203.374438
203.374438
203.374438
203.374438
203.374438
203.374438
203.374438
203.374438
203.374438
203.374438
203.374438
203.374438
203.374438
203.374438
203.374438
203.374438
203.374438
203.374438
203.374438
203.374438
203.374438
203.374438
203.374438
203.374438
203.374438
203.374438
203.374438
203.374438
203.374438
203.374438
203.374438
203.374438
203.374438
203.374438
203.374438
203.374438
203.374438
203.374438
203.374438
203.374438
203.374438
203.374438
203.374438
203.374438
203.374438
203.374438
203.374438
203.374438
203.374438
203.374438
203.374438
203.374438
203.374438
203.374438
203.374438
203.374438
203.374438
203.374438
203.374438
203.374438
203.374438
203.374438
203.374438
203.374438
203.374438
203.374438
203.374438
203.374438
203.374438
203.374438
203.374438
203.374438
203.374438
203.374438
203.374438
203.374438
203.374438
203.374438
203.374438
203.374438
203.374438
203.374438
203.374438
203.374438
203.374438
203.374438
203.374438
203.374438
203.374438
203.374438
203.374438
203.374438
203.374438
203.374438
203.374438
203.374438
203.374438
203.374438
203.374438
203.374438
203.374438
203.374438
203.374438
203.374438
203.374438
203.374438
203.374438
203.374438
203.374438
203.374438
203.374438
203.374438
203.374438
203.374438
203.374438
203.374438
203.374438
203.374438
203.374438
203.374438
203.374438
203.374438
203.374438
203.374438
203.374438
203.374438
203.374438
203.374438
203.374438
203.374438
203.374438
203.374438
203.374438
203.374438
203.374438
203.374438
203.374438
203.374438
203.374438
203.374438
203.374438
203.374438
203.374438
203.374438
203.374438
203.374438
203.374438
203.374438
203.374438
203.374438
203.374438
203.374438
203.374438
203.374438
203.374438
203.374438
203.374438
203.374438
203.374438
203.374438
203.374438
203.374438
203.374438
203.374438
203.374438
203.374438
203.374438
203.374438
203.374438
203.374438
203.374438
203.374438
203.374438
203.374438
203.374438
203.374438
203.374438
203.374438
203.374438
203.374438
203.374438
203.374438
203.374438
203.374438
203.374438
203.374438
203.374438
203.374438
203.374438
203.374438
203.374438
203.374438
203.374438
203.374438
203.374438
203.374438
203.374438
203.374438
203.374438
203.374438
203.374438
203.374438
203.374438
203.374438
203.374438
203.374438
203.374438
203.374438
203.374438
203.374438
203.374438
203.374438
203.374438
203.374438
203.374438
203.374438
203.374438
203.374438
203.374438
203.374438
203.374438
203.374438
203.374438
203.374438
203.374438
203.374438
203.374438
203.374438
203.374438
203.374438
203.374438
203.374438
203.374438
203.374438
203.374438
203.374438
203.374438
203.374438
203.374438
203.374438
203.374438
203.374438
203.374438
203.374438
203.374438
203.374438
203.374438
203.374438
203.374438
203.374438
203.374438
203.374438
203.374438
203.374438
203.374438
203.374438
203.374438
203.374438
203.374438
203.374438
203.374438
203.374438
203.374438
203.374438
203.374438
203.374438
203.374438
203.374438
203.374438
203.374438
203.374438
203.374438
203.374438
203.374438
203.374438
203.374438
203.374438
203.374438
203.374438
203.374438
203.374438
203.374438
203.374438
203.374438
203.374438
203.374438
203.374438
203.374438
203.374438
203.374438
203.374438
203.374438
203.374438
203.374438
203.374438
203.374438
203.374438
203.374438
203.374438
203.374438
203.374438
203.374438
203.374438
203.374438
203.374438
203.374438
203.374438
203.374438
203.374438
203.374438
203.374438
203.374438
203.374438
203.374438
203.374438
203.374438
203.374438
203.374438
203.374438
203.374438
203.374438
203.374438
203.374438
203.374438
203.374438
203.374438
203.374438
203.374438
203.374438
203.374438
203.374438
203.374438
203.374438
203.374438
203.374438
203.374438
203.374438
203.374438
203.374438
203.374438
203.374438
203.374438
203.374438
203.374438
203.374438
203.374438
203.374438
203.374438
203.374438
203.374438
203.374438
203.374438
203.374438
203.374438
203.374438
203.374438
203.374438
203.374438
203.374438
203.374438
203.374438
203.374438
203.374438
203.374438
203.374438
203.374438
203.374438
203.374438
203.374438
203.374438
203.374438
203.374438
203.374438
203.374438
203.374438
203.374438
203.374438
203.374438
203.374438
203.374438
203.374438
203.374438
203.374438
203.374438
203.374438
203.374438
203.374438
203.374438
203.374438
203.374438
203.374438
203.374438
203.374438
203.374438
203.374438
203.374438
203.374438
203.374438
203.374438
203.374438
203.374438
203.374438
203.374438
203.374438
203.374438
203.374438
203.374438
203.374438
203.374438
203.374438
203.374438
203.374438
203.374438
203.374438
203.374438
203.374438
203.374438
203.374438
203.374438
203.374438
203.374438
203.374438
203.374438
203.374438
203.374438
203.374438
203.374438
203.374438
203.374438
203.374438
203.374438
203.374438
203.374438
203.374438
203.374438
203.374438
203.374438
203.374438
203.374438
203.374438
203.374438
203.374438
203.374438
203.374438
203.374438
203.374438
203.374438
203.374438
203.374438
203.374438
203.374438
203.374438
203.374438
203.374438
203.374438
203.374438
203.374438
203.374438
203.374438
203.374438
203.374438
203.374438
203.374438
203.374438
203.374438
203.374438
203.374438
203.374438
203.374438
203.374438
203.374438
203.374438
203.374438
203.374438
203.374438
203.374438
203.374438
203.374438
203.374438
203.374438
203.374438
203.374438
203.374438
203.374438
203.374438
203.374438
203.374438
203.374438
203.374438
203.374438
203.374438
203.374438
203.374438
203.374438
203.374438
203.374438
203.374438
203.374438
203.374438
203.374438
203.374438
203.374438
203.374438
203.374438
203.374438
203.374438
203.374438
203.374438
203.374438
203.374438
203.374438
203.374438
203.374438
203.374438
203.374438
203.374438
203.374438
203.374438
203.374438
203.374438
203.374438
203.374438
203.374438
203.374438
203.374438
203.374438
203.374438
203.374438
203.374438
203.374438
203.374438
203.374438
203.374438
203.374438
203.374438
203.374438
203.374438
203.374438
203.374438
203.374438
203.374438
203.374438
203.374438
203.374438
203.374438
203.374438
203.374438
203.374438
203.374438
203.374438
203.374438
203.374438
203.374438
203.374438
203.374438
203.374438
203.374438
203.374438
203.374438
203.374438
203.374438
203.374438
203.374438
203.374438
203.374438
203.374438
203.374438
203.374438
203.374438
203.374438
203.374438
203.374438
203.374438
203.374438
203.374438
203.374438
203.374438
203.374438
203.374438
203.374438
203.374438
203.374438
203.374438
203.374438
203.374438
203.374438
203.374438
203.374438
203.374438
203.374438
203.374438
203.374438
203.374438
203.374438
203.374438
203.374438
203.374438
203.374438
203.374438
203.374438
203.374438
203.374438
203.374438
203.374438
203.374438
203.374438
203.374438
203.374438
203.374438
203.374438
203.374438
203.374438
203.374438
203.374438
203.374438
203.374438
203.374438
203.374438
203.374438
203.374438
203.374438
203.374438
203.374438
203.374438
203.374438
203.374438
203.374438
203.374438
203.374438
203.374438
203.374438
203.374438
203.374438
203.374438
203.374438
203.374438
203.374438
203.374438
203.374438
203.374438
203.374438
203.374438
203.374438
203.374438
203.374438
203.374438
203.374438
203.374438
203.374438
203.374438
203.374438
203.374438
203.374438
203.374438
203.374438
203.374438
203.374438
203.374438
203.374438
203.374438
203.374438
203.374438
203.374438
203.374438
203.374438
203.374438
203.374438
203.374438
203.374438
203.374438
203.374438
203.374438
203.374438
203.374438
203.374438
203.374438
203.374438
203.374438
203.374438
203.374438
203.374438
203.374438
203.374438
203.374438
203.374438
203.374438
203.374438
203.374438
203.374438
203.374438
203.374438
203.374438
203.374438
203.374438
203.374438
203.374438
203.374438
203.374438
203.374438
203.374438
203.374438
203.374438
203.374438
203.374438
203.374438
203.374438
203.374438
203.374438
203.374438
203.374438
203.374438
203.374438
203.374438
203.374438
203.374438
203.374438
203.374438
203.374438
203.374438
203.374438
203.374438
203.374438
203.374438
203.374438
203.374438
203.374438
203.374438
203.374438
203.374438
203.374438
203.374438
203.374438
203.374438
203.374438
203.374438
203.374438
203.374438
203.374438
203.374438
203.374438
203.374438
203.374438
203.374438
203.374438
203.374438
203.374438
203.374438
203.374438
203.374438
203.374438
203.374438
203.374438
203.374438
203.374438
203.374438
203.374438
203.374438
203.374438
203.374438
203.374438
203.374438
203.374438
203.374438
203.374438
203.374438
203.374438
203.374438
203.374438
203.374438
203.374438
203.374438
203.374438
203.374438
203.374438
203.374438
203.374438
203.374438
203.374438
203.374438
203.374438
203.374438
203.374438
203.374438
203.374438
203.374438
203.374438
203.374438
203.374438
203.374438
203.374438
203.374438
203.374438
203.374438
203.374438
203.374438
203.374438
203.374438
203.374438
203.374438
203.374438
203.374438
203.374438
203.374438
203.374438
203.374438
203.374438
203.374438
203.374438
203.374438
203.374438
203.374438
203.374438
203.374438
203.374438
203.374438
203.374438
203.374438
203.374438
203.374438
203.374438
203.374438
203.374438
203.374438
203.374438
203.374438
203.374438
203.374438
203.374438
203.374438
203.374438
203.374438
203.374438
203.374438
203.374438
203.374438
203.374438
203.374438
203.374438
203.374438
203.374438
203.374438
203.374438
203.374438
203.374438
203.374438
203.374438
203.374438
203.374438
203.374438
203.374438
203.374438
203.374438
203.374438
203.374438
203.374438
203.374438
203.374438
203.374438
203.374438
203.374438
203.374438
203.374438
203.374438
203.374438
203.374438
203.374438
203.374438
203.374438
203.374438
203.374438
203.374438
203.374438
203.374438
203.374438
203.374438
203.374438
203.374438
203.374438
203.374438
203.374438
203.374438
203.374438
203.374438
203.374438
203.374438
203.374438
203.374438
203.374438
203.374438
203.374438
203.374438
203.374438
203.374438
203.374438
203.374438
203.374438
203.374438
203.374438
203.374438
203.374438
203.374438
203.374438
203.374438
203.374438
203.374438
203.374438
203.374438
203.374438
203.374438
203.374438
203.374438
203.374438
203.374438
203.374438
203.374438
203.374438
203.374438
203.374438
203.374438
203.374438
203.374438
203.374438
203.374438
203.374438
203.374438
203.374438
203.374438
203.374438
203.374438
203.374438
203.374438
203.374438
203.374438
203.374438
203.374438
203.374438
203.374438
203.374438
203.374438
203.374438
203.374438
203.374438
203.374438
203.374438
203.374438
203.374438
203.374438
203.374438
203.374438
203.374438
203.374438
203.374438
203.374438
203.374438
203.374438
203.374438
203.374438
203.374438
203.374438
203.374438
203.374438
203.374438
203.374438
203.374438
203.374438
203.374438
203.374438
203.374438
203.374438
203.374438
203.374438
203.374438
203.374438
203.374438
203.374438
203.374438
203.374438
203.374438
203.374438
203.374438
203.374438
203.374438
203.374438
203.374438
203.374438
203.374438
203.374438
203.374438
203.374438
203.374438
203.374438
203.374438
203.374438
203.374438
203.374438
203.374438
203.374438
203.374438
203.374438
203.374438
203.374438
203.374438
203.374438
203.374438
203.374438
203.374438
203.374438
203.374438
203.374438
203.374438
203.374438
203.374438
203.374438
203.374438
203.374438
203.374438
203.374438
203.374438
203.374438
203.374438
203.374438
203.374438
203.374438
203.374438
203.374438
203.374438
203.374438
203.374438
203.374438
203.374438
203.374438
203.374438
203.374438
203.374438
203.374438
203.374438
203.374438
203.374438
203.374438
203.374438
203.374438
203.374438
203.374438
203.374438
203.374438
203.374438
203.374438
203.374438
203.374438
203.374438
203.374438
203.374438
203.374438
203.374438
203.374438
203.374438
203.374438
203.374438
203.374438
203.374438
203.374438
203.374438
203.374438
203.374438
203.374438
203.374438
203.374438
203.374438
203.374438
203.374438
203.374438
203.374438
203.374438
203.374438
203.374438
203.374438
203.374438
203.374438
203.374438
203.374438
203.374438
203.374438
203.374438
203.374438
203.374438
203.374438
203.374438
203.374438
203.374438
203.374438
203.374438
203.374438
203.374438
203.374438
203.374438
203.374438
203.374438
203.374438
203.374438
203.374438
203.374438
203.374438
203.374438
203.374438
203.374438
203.374438
203.374438
203.374438
203.374438
203.374438
203.374438
203.374438
203.374438
203.374438
203.374438
203.374438
203.374438
203.374438
203.374438
203.374438
203.374438
203.374438
203.374438
203.374438
203.374438
203.374438
203.374438
203.374438
203.374438
203.374438
203.374438
203.374438
203.374438
203.374438
203.374438
203.374438
203.374438
203.374438
203.374438
203.374438
203.374438
203.374438
203.374438
203.374438
203.374438
203.374438
203.374438
203.374438
203.374438
203.374438
203.374438
203.374438
203.374438
203.374438
203.374438
203.374438
203.374438
203.374438
203.374438
203.374438
203.374438
203.374438
203.374438
203.374438
203.374438
203.374438
203.374438
203.374438
203.374438
203.374438
203.374438
203.374438
203.374438
203.374438
203.374438
203.374438
203.374438
203.374438
203.374438
203.374438
203.374438
203.374438
203.374438
203.374438
203.374438
203.374438
203.374438
203.374438
203.374438
203.374438
203.374438
203.374438
203.374438
203.374438
203.374438
203.374438
203.374438
203.374438
203.374438
203.374438
203.374438
203.374438
203.374438
203.374438
203.374438
203.374438
203.374438
203.374438
203.374438
203.374438
203.374438
203.374438
203.374438
203.374438
203.374438
203.374438
203.374438
203.374438
203.374438
203.374438
203.374438
203.374438
203.374438
203.374438
203.374438
203.374438
203.374438
203.374438
203.374438
203.374438
203.374438
203.374438
203.374438
203.374438
203.374438
203.374438
203.374438
203.374438
203.374438
203.374438
203.374438
203.374438
203.374438
203.374438
203.374438
203.374438
203.374438
203.374438
203.374438
203.374438
203.374438
203.374438
203.374438
203.374438
203.374438
203.374438
203.374438
203.374438
203.374438
203.374438
203.374438
203.374438
203.374438
203.374438
203.374438
203.374438
203.374438
203.374438
203.374438
203.374438
203.374438
203.374438
203.374438
203.374438
203.374438
203.374438
203.374438
203.374438
203.374438
203.374438
203.374438
203.374438
203.374438
203.374438
203.374438
203.374438
203.374438
203.374438
203.374438
203.374438
203.374438
203.374438
203.374438
203.374438
203.374438
203.374438
203.374438
203.374438
203.374438
203.374438
203.374438
203.374438
203.374438
203.374438
203.374438
203.374438
203.374438
203.374438
203.374438
203.374438
203.374438
203.374438
203.374438
203.374438
203.374438
203.374438
203.374438
203.374438
203.374438
203.374438
203.374438
203.374438
203.374438
203.374438
203.374438
203.374438
203.374438
203.374438
203.374438
203.374438
203.374438
203.374438
203.374438
203.374438
203.374438
203.374438
203.374438
203.374438
203.374438
203.374438
203.374438
203.374438
203.374438
203.374438
203.374438
203.374438
203.374438
203.374438
203.374438
203.374438
203.374438
203.374438
203.374438
203.374438
203.374438
196.825079
196.825079
196.825079
196.825079
196.825079
196.825079
196.825079
196.825079
196.825079
196.825079
196.825079
196.825079
196.825079
196.825079
196.825079
196.825079
196.825079
196.825079
196.825079
196.825079
196.825079
196.825079
196.825079
196.825079
196.825079
196.825079
196.825079
196.825079
196.825079
196.825079
196.825079
196.825079
196.825079
196.825079
196.825079
196.825079
196.825079
196.825079
196.825079
196.825079
196.825079
196.825079
196.825079
196.825079
196.825079
196.825079
196.825079
196.825079
196.825079
196.825079
196.825079
196.825079
196.825079
196.825079
196.825079
196.825079
196.825079
196.825079
196.825079
196.825079
196.825079
196.825079
196.825079
196.825079
196.825079
196.825079
196.825079
196.825079
196.825079
196.825079
196.825079
196.825079
196.825079
196.825079
196.825079
196.825079
196.825079
196.825079
196.825079
196.825079
196.825079
196.825079
196.825079
196.825079
196.825079
196.825079
196.825079
196.825079
196.825079
196.825079
196.825079
196.825079
196.825079
196.825079
196.825079
196.825079
196.825079
196.825079
196.825079
196.825079
196.825079
196.825079
196.825079
196.825079
196.825079
196.825079
196.825079
196.825079
196.825079
196.825079
196.825079
196.825079
196.825079
196.825079
196.825079
196.825079
196.825079
196.825079
196.825079
196.825079
196.825079
196.825079
196.825079
196.825079
196.825079
196.825079
196.825079
196.825079
196.825079
196.825079
196.825079
196.825079
196.825079
196.825079
196.825079
196.825079
196.825079
196.825079
196.825079
196.825079
188.899617
188.899617
188.899617
188.899617
188.899617
188.899617
188.899617
188.899617
188.899617
188.899617
188.899617
188.899617
188.899617
188.899617
188.899617
188.899617
188.899617
188.899617
188.899617
188.899617
188.899617
188.899617
188.899617
188.899617
188.899617
188.899617
188.899617
188.899617
188.899617
188.899617
188.899617
188.899617
188.899617
188.899617
188.899617
188.899617
188.899617
188.899617
188.899617
188.899617
188.515695
188.515695
188.515695
188.515695
188.515695
188.515695
188.515695
188.515695
188.515695
188.515695
188.515695
188.515695
188.515695
188.515695
188.515695
188.515695
188.515695
188.515695
188.515695
188.515695
188.515695
188.515695
188.515695
188.515695
188.515695
188.515695
188.515695
188.515695
188.515695
188.515695
188.515695
188.515695
188.515695
188.515695
188.515695
188.515695
188.515695
188.515695
188.515695
188.515695
188.515695
188.515695
188.515695
188.515695
188.515695
188.515695
188.515695
188.515695
188.515695
188.515695
188.515695
188.515695
188.515695
188.515695
188.515695
188.515695
188.515695
188.515695
188.515695
188.515695
188.515695
188.515695
188.515695
188.515695
188.515695
188.515695
188.515695
188.515695
188.515695
188.515695
188.515695
188.515695
188.515695
188.515695
188.515695
188.515695
188.515695
188.515695
188.515695
188.515695
188.515695
188.515695
188.515695
188.515695
188.515695
188.515695
188.515695
188.515695
188.515695
188.515695
188.515695
188.515695
188.515695
188.515695
188.515695
188.515695
188.515695
188.515695
188.515695
188.515695
187.333739
187.333739
187.333739
187.333739
187.333739
187.333739
187.333739
187.333739
187.333739
187.333739
187.333739
187.333739
187.333739
187.333739
187.333739
187.333739
187.333739
187.333739
187.333739
187.333739
187.333739
187.333739
187.333739
187.333739
187.333739
187.333739
187.333739
187.333739
187.333739
187.333739
187.333739
187.333739
187.333739
187.333739
187.333739
187.333739
187.333739
187.333739
187.333739
187.333739
187.333739
187.333739
187.333739
187.333739
187.333739
187.333739
187.333739
187.333739
187.333739
187.333739
187.333739
187.333739
187.333739
187.333739
187.333739
187.333739
187.333739
187.333739
187.333739
187.333739
187.333739
187.333739
187.333739
187.333739
187.333739
187.333739
187.333739
187.333739
187.333739
187.333739
187.333739
187.333739
187.333739
187.333739
187.333739
187.333739
187.333739
187.333739
187.333739
187.333739
187.333739
187.333739
187.333739
187.333739
187.333739
187.333739
187.333739
187.333739
187.333739
187.333739
187.333739
187.333739
187.333739
187.333739
187.333739
187.333739
187.333739
187.333739
187.333739
187.333739
187.333739
187.333739
187.333739
187.333739
187.333739
187.333739
187.333739
187.333739
187.333739
187.333739
187.333739
187.333739
187.333739
187.333739
187.333739
187.333739
187.333739
187.333739
187.333739
187.333739
187.333739
187.333739
187.333739
187.333739
187.333739
187.333739
187.333739
187.333739
187.333739
187.333739
187.333739
187.333739
187.333739
187.333739
187.333739
187.333739
187.333739
187.333739
187.333739
187.333739
187.333739
187.333739
187.333739
187.333739
187.333739
187.333739
187.333739
187.333739
187.333739
187.333739
187.333739
187.333739
187.333739
187.333739
187.333739
187.333739
187.333739
187.333739
187.333739
187.333739
187.333739
187.333739
187.333739
187.333739
187.333739
187.333739
187.333739
187.333739
187.333739
187.333739
187.333739
187.333739
187.333739
187.333739
187.333739
187.333739
187.333739
187.333739
187.333739
187.333739
187.333739
187.333739
187.333739
187.333739
187.333739
187.333739
187.333739
187.333739
187.333739
187.333739
187.333739
187.333739
187.333739
187.333739
187.333739
187.333739
187.333739
187.333739
187.333739
187.333739
187.333739
187.333739
187.333739
187.333739
187.333739
187.333739
187.333739
187.333739
187.333739
187.333739
187.333739
187.333739
187.333739
187.333739
187.333739
187.333739
187.333739
187.333739
187.333739
187.333739
187.333739
187.333739
187.333739
187.333739
187.333739
187.333739
187.333739
187.333739
187.333739
187.333739
187.333739
187.333739
187.333739
187.333739
187.333739
187.333739
187.333739
187.333739
187.333739
187.333739
187.333739
187.333739
187.333739
187.333739
187.333739
187.333739
187.333739
187.333739
185.476382
185.476382
185.476382
185.476382
185.476382
185.476382
185.476382
185.476382
185.476382
185.476382
185.476382
185.476382
185.476382
185.476382
185.476382
185.476382
185.476382
185.476382
185.476382
185.476382
185.476382
185.476382
185.476382
185.476382
185.476382
185.476382
185.476382
185.476382
185.476382
185.476382
185.476382
185.476382
185.476382
185.476382
185.476382
185.476382
185.476382
185.476382
185.476382
185.476382
185.476382
185.476382
185.476382
185.476382
185.476382
185.476382
185.476382
185.476382
185.476382
185.476382
185.476382
185.476382
185.476382
185.476382
185.476382
185.476382
185.476382
185.476382
185.476382
185.476382
185.476382
185.476382
185.476382
185.476382
185.476382
185.476382
185.476382
185.476382
185.476382
185.476382
185.476382
185.476382
185.476382
185.476382
185.476382
185.476382
185.476382
185.476382
185.476382
185.476382
185.476382
185.476382
185.476382
185.476382
185.476382
185.476382
185.476382
185.476382
185.476382
185.476382
185.476382
185.476382
185.476382
185.476382
185.476382
185.476382
185.476382
185.476382
185.476382
185.476382
185.476382
185.476382
185.476382
185.476382
185.476382
185.476382
185.476382
185.476382
185.476382
185.476382
185.476382
185.476382
185.476382
185.476382
185.476382
185.476382
185.476382
185.476382
185.476382
185.476382
185.476382
185.476382
185.476382
185.476382
185.476382
185.476382
185.476382
185.476382
185.476382
185.476382
185.476382
185.476382
185.476382
185.476382
185.476382
185.476382
185.476382
185.476382
185.476382
185.476382
185.476382
185.476382
185.476382
185.476382
185.476382
185.476382
185.476382
185.476382
185.476382
185.476382
185.476382
185.476382
185.476382
185.476382
185.476382
185.476382
185.476382
185.476382
185.476382
185.476382
185.476382
185.476382
185.476382
185.476382
185.476382
185.476382
185.476382
185.476382
185.476382
185.476382
185.476382
185.476382
185.476382
185.476382
185.476382
185.476382
185.476382
185.476382
185.476382
185.476382
185.476382
185.476382
185.476382
185.476382
185.476382
185.476382
185.476382
185.476382
185.476382
185.476382
185.476382
185.476382
185.476382
185.476382
185.476382
185.476382
185.476382
185.476382
185.476382
185.476382
185.476382
185.476382
185.476382
185.476382
185.476382
185.476382
185.476382
185.476382
185.476382
185.476382
185.476382
185.476382
185.476382
185.476382
185.476382
185.476382
185.476382
185.476382
185.476382
185.476382
185.476382
185.476382
185.476382
185.476382
185.476382
185.476382
185.476382
185.476382
185.476382
185.476382
185.476382
185.476382
185.476382
185.476382
185.476382
185.476382
185.476382
185.476382
185.476382
185.476382
185.476382
185.476382
185.476382
185.476382
185.476382
185.476382
185.476382
185.476382
185.476382
185.476382
185.476382
185.476382
185.476382
185.476382
185.476382
185.476382
185.476382
185.476382
185.476382
185.476382
185.476382
185.476382
185.476382
185.476382
185.476382
185.476382
185.476382
185.476382
185.476382
185.476382
184.619724
184.619724
184.619724
184.619724
184.619724
184.619724
184.619724
184.619724
184.619724
184.619724
184.619724
184.619724
184.619724
184.619724
184.619724
184.619724
184.619724
184.619724
184.619724
184.619724
184.619724
184.619724
184.619724
184.619724
184.619724
184.619724
184.619724
184.619724
184.619724
184.619724
184.619724
184.619724
181.107567
181.107567
181.107567
181.107567
181.107567
181.107567
181.107567
181.107567
181.107567
181.107567
181.107567
181.107567
181.107567
181.107567
181.107567
181.107567
181.107567
181.107567
181.107567
181.107567
181.107567
181.107567
181.107567
181.107567
181.107567
181.107567
181.107567
181.107567
181.107567
181.107567
181.107567
181.107567
181.107567
181.107567
181.107567
181.107567
181.107567
181.107567
181.107567
181.107567
181.107567
181.107567
181.107567
181.107567
181.107567
181.107567
181.107567
181.107567
181.107567
181.107567
181.107567
181.107567
181.107567
181.107567
181.107567
181.107567
181.107567
181.107567
181.107567
181.107567
181.107567
181.107567
181.107567
181.107567
181.107567
181.107567
181.107567
181.107567
181.107567
181.107567
181.107567
181.107567
181.107567
181.107567
181.107567
181.107567
181.107567
181.107567
181.107567
181.107567
181.107567
181.107567
181.107567
181.107567
181.107567
181.107567
181.107567
181.107567
181.107567
181.107567
181.107567
181.107567
181.107567
181.107567
181.107567
181.107567
181.107567
181.107567
181.107567
181.107567
181.107567
181.107567
181.107567
181.107567
181.107567
181.107567
181.107567
181.107567
181.107567
181.107567
181.107567
181.107567
181.107567
181.107567
181.107567
181.107567
181.107567
181.107567
181.107567
181.107567
181.107567
181.107567
181.107567
181.107567
181.107567
181.107567
181.107567
181.107567
181.107567
181.107567
181.107567
181.107567
181.107567
181.107567
181.107567
181.107567
181.107567
181.107567
181.107567
181.107567
181.107567
181.107567
181.107567
181.107567
181.107567
181.107567
181.107567
181.107567
181.107567
181.107567
181.107567
181.107567
181.107567
181.107567
181.107567
181.107567
181.107567
181.107567
181.107567
181.107567
181.107567
181.107567
181.107567
181.107567
181.107567
181.107567
181.107567
181.107567
181.107567
181.107567
181.107567
181.107567
181.107567
181.107567
181.107567
181.107567
181.107567
181.107567
181.107567
181.107567
181.107567
181.107567
181.107567
181.107567
181.107567
181.107567
181.107567
181.107567
181.107567
181.107567
181.107567
181.107567
181.107567
181.107567
181.107567
181.107567
181.107567
181.107567
181.107567
181.107567
181.107567
181.107567
181.107567
181.107567
181.107567
181.107567
181.107567
181.107567
181.107567
181.107567
181.107567
181.107567
181.107567
181.107567
181.107567
181.107567
181.107567
181.107567
181.107567
181.107567
181.107567
181.107567
181.107567
181.107567
181.107567
181.107567
181.107567
181.107567
181.107567
181.107567
181.107567
181.107567
181.107567
181.107567
181.107567
181.107567
181.107567
181.107567
181.107567
181.107567
181.107567
181.107567
181.107567
181.107567
181.107567
181.107567
181.107567
181.107567
181.107567
181.107567
181.107567
181.107567
181.107567
181.107567
181.107567
181.107567
181.107567
181.107567
181.107567
181.107567
181.107567
181.107567
181.107567
181.107567
181.107567
181.107567
181.107567
181.107567
181.107567
181.107567
181.107567
181.107567
181.107567
181.107567
181.107567
181.107567
181.107567
181.107567
181.107567
181.107567
181.107567
181.107567
181.107567
181.107567
181.107567
181.107567
181.107567
181.107567
181.107567
181.107567
181.107567
181.107567
181.107567
181.107567
181.107567
181.107567
181.107567
181.107567
181.107567
181.107567
181.107567
181.107567
181.107567
181.107567
181.107567
181.107567
181.107567
181.107567
181.107567
181.107567
181.107567
181.107567
181.107567
181.107567
181.107567
181.107567
181.107567
181.107567
181.107567
181.107567
181.107567
181.107567
181.107567
181.107567
181.107567
181.107567
181.107567
181.107567
181.107567
181.107567
181.107567
181.107567
181.107567
181.107567
181.107567
181.107567
181.107567
181.107567
181.107567
181.107567
181.107567
181.107567
181.107567
181.107567
181.107567
181.107567
181.107567
181.107567
181.107567
181.107567
181.107567
181.107567
181.107567
181.107567
181.107567
181.107567
181.107567
181.107567
173.519514
173.519514
173.519514
173.519514
173.519514
173.519514
173.519514
173.519514
173.519514
173.519514
173.519514
173.519514
173.519514
173.519514
173.519514
173.519514
173.519514
173.519514
173.519514
173.519514
167.196997
167.196997
167.196997
167.196997
167.196997
167.196997
167.196997
167.196997
167.196997
167.196997
167.196997
167.196997
167.196997
167.196997
167.196997
167.196997
167.196997
167.196997
167.196997
167.196997
167.196997
167.196997
167.196997
167.196997
167.196997
167.196997
167.196997
167.196997
167.196997
167.196997
167.196997
167.196997
167.196997
167.196997
167.196997
167.196997
167.196997
167.196997
167.196997
167.196997
167.196997
167.196997
167.196997
167.196997
167.196997
167.196997
167.196997
167.196997
167.196997
167.196997
167.196997
167.196997
167.196997
167.196997
167.196997
167.196997
167.196997
167.196997
167.196997
167.196997
167.196997
167.196997
167.196997
167.196997
167.196997
167.196997
167.196997
167.196997
167.196997
167.196997
167.196997
167.196997
167.196997
167.196997
167.196997
167.196997
167.196997
167.196997
167.196997
167.196997
167.196997
167.196997
167.196997
167.196997
167.196997
167.196997
167.196997
167.196997
167.196997
167.196997
167.196997
167.196997
167.196997
167.196997
167.196997
167.196997
167.196997
167.196997
167.196997
167.196997
167.196997
167.196997
167.196997
167.196997
167.196997
167.196997
167.196997
167.196997
167.196997
167.196997
167.196997
167.196997
167.196997
167.196997
167.196997
167.196997
167.196997
167.196997
167.196997
167.196997
167.196997
167.196997
167.196997
167.196997
167.196997
167.196997
167.196997
167.196997
167.196997
167.196997
167.196997
167.196997
167.196997
167.196997
167.196997
167.196997
167.196997
167.196997
167.196997
167.196997
167.196997
167.196997
167.196997
167.196997
167.196997
167.196997
167.196997
167.196997
167.196997
167.196997
167.196997
167.196997
167.196997
167.196997
167.196997
167.196997
167.196997
167.196997
167.196997
167.196997
167.196997
167.196997
167.196997
167.196997
167.196997
167.196997
167.196997
167.196997
167.196997
167.196997
167.196997
167.196997
167.196997
167.196997
167.196997
167.196997
167.196997
167.196997
167.196997
167.196997
167.196997
167.196997
167.196997
167.196997
167.196997
167.196997
167.196997
167.196997
167.196997
167.196997
167.196997
167.196997
167.196997
167.196997
167.196997
167.196997
167.196997
167.196997
167.196997
167.196997
167.196997
167.196997
167.196997
167.196997
167.196997
167.196997
167.196997
167.196997
167.196997
167.196997
167.196997
167.196997
167.196997
167.196997
167.196997
167.196997
167.196997
167.196997
167.196997
167.196997
167.196997
167.196997
167.196997
167.196997
167.196997
167.196997
167.196997
167.196997
167.196997
167.196997
167.196997
167.196997
167.196997
167.196997
167.196997
167.196997
167.196997
167.196997
167.196997
167.196997
167.196997
167.196997
167.196997
167.196997
167.196997
167.196997
167.196997
167.196997
167.196997
167.196997
167.196997
167.196997
167.196997
167.196997
167.196997
167.196997
167.196997
167.196997
167.196997
167.196997
167.196997
167.196997
167.196997
167.196997
167.196997
167.196997
167.196997
167.196997
167.196997
167.196997
167.196997
167.196997
167.196997
167.196997
167.196997
167.196997
167.196997
167.196997
167.196997
167.196997
167.196997
167.196997
167.196997
167.196997
167.196997
167.196997
167.196997
167.196997
167.196997
167.196997
167.196997
167.196997
167.196997
167.196997
167.196997
167.196997
167.196997
167.196997
167.196997
167.196997
167.196997
167.196997
167.196997
167.196997
167.196997
167.196997
167.196997
167.196997
167.196997
167.196997
167.196997
167.196997
167.196997
167.196997
167.196997
167.196997
167.196997
167.196997
167.196997
167.196997
167.196997
167.196997
167.196997
167.196997
167.196997
167.196997
167.196997
167.196997
167.196997
167.196997
167.196997
167.196997
167.196997
167.196997
167.196997
167.196997
167.196997
167.196997
167.196997
167.196997
167.196997
167.196997
167.196997
167.196997
167.196997
167.196997
167.196997
167.196997
167.196997
167.196997
167.196997
167.196997
167.196997
167.196997
167.196997
167.196997
167.196997
167.196997
167.196997
167.196997
167.196997
167.196997
167.196997
167.196997
167.196997
167.196997
167.196997
167.196997
167.196997
167.196997
167.196997
167.196997
167.196997
167.196997
167.196997
167.196997
167.196997
167.196997
167.196997
167.196997
167.196997
167.196997
167.196997
167.196997
167.196997
167.196997
167.196997
167.196997
167.196997
167.196997
167.196997
167.196997
167.196997
167.196997
167.196997
167.196997
167.196997
167.196997
167.196997
167.196997
167.196997
167.196997
167.196997
167.196997
167.196997
167.196997
167.196997
167.196997
167.196997
167.196997
167.196997
167.196997
167.196997
167.196997
167.196997
167.196997
167.196997
167.196997
167.196997
167.196997
167.196997
167.196997
167.196997
167.196997
167.196997
167.196997
167.196997
167.196997
167.196997
167.196997
167.196997
167.196997
167.196997
167.196997
167.196997
167.196997
167.196997
167.196997
167.196997
167.196997
167.196997
167.196997
167.196997
167.196997
167.196997
167.196997
167.196997
167.196997
167.196997
167.196997
167.196997
167.196997
167.196997
167.196997
167.196997
167.196997
167.196997
167.196997
167.196997
167.196997
167.196997
167.196997
167.196997
167.196997
167.196997
167.196997
167.196997
167.196997
167.196997
167.196997
167.196997
167.196997
167.196997
167.196997
167.196997
167.196997
167.196997
167.196997
167.196997
167.196997
167.196997
167.196997
167.196997
167.196997
167.196997
167.196997
167.196997
167.196997
167.196997
167.196997
167.196997
167.196997
167.196997
167.196997
167.196997
167.196997
167.196997
167.196997
167.196997
167.196997
167.196997
167.196997
167.196997
167.196997
167.196997
167.196997
167.196997
167.196997
167.196997
167.196997
167.196997
167.196997
167.196997
167.196997
167.196997
167.196997
167.196997
167.196997
167.196997
167.196997
167.196997
167.196997
167.196997
167.196997
167.196997
167.196997
167.196997
167.196997
167.196997
167.196997
167.196997
167.196997
167.196997
167.196997
167.196997
167.196997
167.196997
167.196997
167.196997
167.196997
167.196997
167.196997
167.196997
167.196997
167.196997
167.196997
167.196997
167.196997
167.196997
167.196997
167.196997
167.196997
167.196997
167.196997
167.196997
167.196997
167.196997
167.196997
167.196997
167.196997
167.196997
167.196997
167.196997
167.196997
167.196997
167.196997
167.196997
167.196997
167.196997
167.196997
167.196997
167.196997
167.196997
167.196997
167.196997
167.196997
167.196997
167.196997
167.196997
167.196997
167.196997
167.196997
167.196997
167.196997
167.196997
167.196997
167.196997
167.196997
167.196997
167.196997
167.196997
167.196997
167.196997
167.196997
167.196997
167.196997
167.196997
167.196997
167.196997
167.196997
167.196997
167.196997
167.196997
167.196997
167.196997
167.196997
167.196997
167.196997
167.196997
167.196997
167.196997
167.196997
167.196997
167.196997
167.196997
167.196997
167.196997
167.196997
167.196997
167.196997
167.196997
167.196997
167.196997
167.196997
167.196997
167.196997
167.196997
167.196997
167.196997
167.196997
167.196997
167.196997
167.196997
167.196997
167.196997
167.196997
167.196997
167.196997
167.196997
167.196997
167.196997
167.196997
167.196997
167.196997
167.196997
167.196997
167.196997
167.196997
167.196997
167.196997
167.196997
167.196997
167.196997
167.196997
167.196997
167.196997
167.196997
167.196997
167.196997
167.196997
167.196997
167.196997
167.196997
167.196997
167.196997
167.196997
167.196997
167.196997
167.196997
167.196997
167.196997
167.196997
167.196997
167.196997
167.196997
167.196997
167.196997
167.196997
167.196997
167.196997
167.196997
167.196997
167.196997
167.196997
167.196997
167.196997
167.196997
167.196997
167.196997
167.196997
164.573836
164.573836
164.573836
164.573836
164.573836
164.573836
164.573836
164.573836
164.573836
164.573836
164.573836
164.573836
164.573836
164.573836
164.573836
164.573836
164.573836
164.573836
164.573836
164.573836
164.573836
164.573836
164.573836
164.573836
164.573836
164.573836
164.573836
164.573836
164.573836
164.573836
164.573836
164.573836
164.573836
164.573836
164.573836
164.573836
164.573836
164.573836
164.573836
164.573836
164.573836
164.573836
164.573836
164.573836
164.573836
164.573836
164.573836
164.573836
164.573836
164.573836
164.573836
164.573836
164.573836
164.573836
164.573836
164.573836
164.573836
164.573836
164.573836
164.573836
164.573836
164.573836
164.573836
164.573836
164.573836
164.573836
164.573836
164.573836
164.573836
164.573836
164.573836
164.573836
164.573836
164.573836
164.573836
164.573836
164.573836
164.573836
164.573836
164.573836
164.573836
164.573836
164.573836
164.573836
164.573836
164.573836
164.573836
164.573836
164.573836
164.573836
164.573836
164.573836
164.573836
164.573836
164.573836
164.573836
164.573836
164.573836
164.573836
164.573836
164.573836
164.573836
164.573836
164.573836
164.573836
164.573836
164.573836
164.573836
164.573836
164.573836
164.573836
164.573836
164.573836
164.573836
164.573836
164.573836
164.573836
164.573836
164.573836
164.573836
164.573836
164.573836
164.573836
164.573836
164.573836
164.573836
164.573836
164.573836
164.573836
164.573836
164.573836
164.573836
164.573836
164.573836
164.573836
164.573836
164.573836
164.573836
164.573836
164.573836
164.573836
164.573836
164.573836
164.573836
164.573836
164.573836
164.573836
164.573836
164.573836
164.573836
164.573836
164.573836
164.573836
164.573836
164.573836
164.573836
164.573836
164.573836
164.573836
164.573836
164.573836
164.573836
164.573836
164.573836
164.573836
164.573836
164.573836
164.573836
164.573836
164.573836
164.573836
164.573836
164.573836
164.573836
164.573836
164.573836
164.573836
164.573836
164.573836
164.573836
164.573836
164.573836
164.573836
164.573836
164.573836
164.573836
164.573836
164.573836
164.573836
164.573836
164.573836
164.573836
164.573836
164.573836
164.573836
164.573836
164.573836
164.573836
164.573836
164.573836
164.573836
164.573836
164.573836
164.573836
164.573836
164.573836
164.573836
164.573836
164.573836
164.573836
164.573836
164.573836
164.573836
164.573836
164.573836
164.573836
164.573836
164.573836
164.573836
164.573836
164.573836
164.573836
164.573836
164.573836
164.573836
164.573836
164.573836
164.573836
164.573836
164.573836
164.573836
164.573836
164.573836
164.573836
164.573836
164.573836
164.573836
164.573836
164.573836
164.573836
164.573836
164.573836
164.573836
164.573836
164.573836
164.573836
164.573836
164.573836
164.573836
164.573836
164.573836
164.573836
164.573836
164.573836
164.573836
164.573836
164.573836
164.573836
164.573836
164.573836
164.573836
164.573836
164.573836
164.573836
164.573836
164.573836
164.573836
164.573836
164.573836
164.573836
164.573836
164.573836
164.573836
164.573836
164.573836
164.573836
164.573836
164.573836
164.573836
164.573836
164.573836
164.573836
164.573836
164.573836
164.573836
164.573836
164.573836
164.573836
164.573836
164.573836
164.573836
164.573836
164.573836
164.573836
164.573836
164.573836
164.573836
164.573836
164.573836
164.573836
164.573836
164.573836
164.573836
164.573836
164.573836
164.573836
164.573836
164.573836
164.573836
164.573836
164.573836
164.573836
164.573836
164.573836
164.573836
164.573836
164.573836
164.573836
164.573836
164.573836
164.573836
164.573836
164.573836
164.573836
164.573836
164.573836
164.573836
164.573836
164.573836
164.573836
164.573836
164.573836
164.573836
164.573836
164.573836
164.573836
164.573836
164.573836
164.573836
164.573836
164.573836
164.573836
164.573836
164.573836
164.573836
164.573836
164.573836
164.573836
164.573836
164.573836
164.573836
164.573836
164.573836
164.573836
164.573836
164.573836
164.573836
164.573836
164.573836
164.573836
164.573836
164.573836
164.573836
164.573836
164.573836
164.573836
164.573836
164.573836
164.573836
164.573836
164.573836
164.573836
164.573836
164.573836
164.573836
164.573836
164.573836
164.573836
164.573836
164.573836
164.573836
164.573836
164.573836
164.573836
164.573836
164.573836
164.573836
164.573836
164.573836
164.573836
164.573836
164.573836
164.573836
164.573836
164.573836
164.573836
164.573836
164.573836
164.573836
164.573836
164.573836
164.573836
164.573836
164.573836
164.573836
164.573836
164.573836
164.573836
164.573836
164.573836
164.573836
164.573836
164.573836
164.573836
164.573836
164.573836
164.573836
164.573836
164.573836
164.573836
164.573836
164.573836
164.573836
164.573836
164.573836
164.573836
164.573836
164.573836
164.573836
164.573836
164.573836
164.573836
164.573836
164.573836
164.573836
164.573836
164.573836
164.573836
164.573836
164.573836
164.573836
164.573836
164.573836
164.573836
164.573836
164.573836
164.573836
164.573836
164.573836
164.573836
164.573836
164.573836
164.573836
164.573836
164.573836
164.573836
164.573836
164.573836
164.573836
164.573836
164.573836
164.573836
164.573836
164.573836
164.573836
164.573836
164.573836
164.573836
164.573836
164.573836
164.573836
164.573836
164.573836
164.573836
164.573836
164.573836
164.573836
164.573836
164.573836
164.573836
164.573836
164.573836
164.573836
164.573836
164.573836
164.573836
164.573836
164.573836
164.573836
164.573836
164.573836
164.573836
164.573836
164.573836
164.573836
164.573836
164.573836
164.573836
164.573836
164.573836
164.573836
164.573836
164.573836
164.573836
164.573836
164.573836
164.573836
164.573836
164.573836
164.573836
164.573836
164.573836
164.573836
164.573836
164.573836
164.573836
164.573836
164.573836
164.573836
164.573836
164.573836
164.573836
164.573836
164.573836
164.573836
164.573836
164.573836
164.573836
164.573836
164.573836
164.573836
164.573836
164.573836
164.573836
164.573836
164.573836
164.573836
164.573836
164.573836
164.573836
164.573836
164.573836
164.573836
164.573836
164.573836
164.573836
164.573836
164.573836
164.573836
164.573836
164.573836
164.573836
164.573836
164.573836
164.573836
164.573836
164.573836
164.573836
164.573836
164.573836
164.573836
164.573836
164.573836
164.573836
164.573836
164.573836
164.573836
164.573836
164.573836
164.573836
164.573836
164.573836
164.573836
164.573836
164.573836
164.573836
164.573836
164.573836
164.573836
164.573836
164.573836
164.573836
164.573836
164.573836
164.573836
164.573836
164.573836
164.573836
164.573836
164.573836
164.573836
164.573836
164.573836
164.573836
164.573836
164.573836
164.573836
164.573836
164.573836
164.573836
164.573836
164.573836
164.573836
164.573836
164.573836
164.573836
164.573836
164.573836
164.573836
164.573836
164.573836
164.573836
164.573836
164.573836
164.573836
164.573836
164.573836
164.573836
164.573836
164.573836
163.276895
163.276895
163.276895
163.276895
163.276895
163.276895
163.276895
163.276895
163.276895
163.276895
163.276895
163.276895
163.276895
163.276895
163.276895
163.276895
163.276895
163.276895
163.276895
163.276895
163.276895
163.276895
163.276895
163.276895
163.276895
163.276895
163.276895
163.276895
163.276895
163.276895
163.276895
163.276895
163.276895
163.276895
163.276895
163.276895
163.276895
163.276895
163.276895
163.276895
163.276895
163.276895
163.276895
163.276895
163.276895
163.276895
163.276895
163.276895
163.276895
163.276895
163.276895
163.276895
163.276895
163.276895
163.276895
163.276895
163.276895
163.276895
163.276895
163.276895
163.276895
163.276895
163.276895
163.276895
163.276895
163.276895
163.276895
163.276895
163.276895
163.276895
163.276895
163.276895
163.276895
163.276895
163.276895
163.276895
163.276895
163.276895
163.276895
163.276895
163.276895
163.276895
163.276895
163.276895
163.276895
163.276895
163.276895
163.276895
163.276895
163.276895
163.276895
163.276895
163.276895
163.276895
163.276895
163.276895
163.276895
163.276895
163.276895
163.276895
163.276895
163.276895
163.276895
163.276895
163.276895
163.276895
163.276895
163.276895
163.276895
163.276895
163.276895
163.276895
163.276895
163.276895
163.276895
163.276895
163.276895
163.276895
163.276895
163.276895
163.195406
163.195406
163.195406
163.195406
163.195406
163.195406
163.195406
163.195406
163.195406
163.195406
163.195406
163.195406
163.195406
163.195406
163.195406
163.195406
163.195406
163.195406
163.195406
163.195406
163.195406
163.195406
163.195406
163.195406
163.195406
163.195406
163.195406
163.195406
163.195406
163.195406
163.195406
163.195406
163.195406
163.195406
163.195406
163.195406
163.195406
163.195406
163.195406
163.195406
163.195406
163.195406
163.195406
163.195406
163.195406
163.195406
163.195406
163.195406
163.195406
163.195406
163.195406
163.195406
163.195406
163.195406
163.195406
163.195406
163.195406
163.195406
163.195406
163.195406
163.195406
163.195406
163.195406
163.195406
163.195406
163.195406
163.195406
163.195406
163.195406
163.195406
163.195406
163.195406
163.195406
163.195406
163.195406
163.195406
163.195406
163.195406
163.195406
163.195406
163.195406
163.195406
163.195406
163.195406
163.195406
163.195406
163.195406
163.195406
163.195406
163.195406
160.323621
160.323621
160.323621
160.323621
160.323621
160.323621
160.323621
160.323621
160.323621
160.323621
160.323621
160.323621
160.323621
160.323621
160.323621
160.323621
160.323621
160.323621
160.323621
160.323621
160.323621
160.323621
160.323621
160.323621
160.323621
160.323621
160.323621
160.323621
160.323621
160.323621
160.323621
160.323621
160.323621
160.323621
160.323621
160.323621
160.323621
160.323621
160.323621
160.323621
160.323621
160.323621
160.323621
160.323621
160.323621
160.323621
160.323621
160.323621
160.323621
160.323621
160.323621
160.323621
160.323621
160.323621
160.323621
160.323621
160.323621
160.323621
160.323621
160.323621
160.323621
160.323621
160.323621
160.323621
160.323621
160.323621
160.323621
160.323621
160.323621
160.323621
158.598342
158.598342
158.598342
158.598342
158.598342
158.598342
158.598342
158.598342
158.598342
158.598342
158.598342
158.598342
158.598342
158.598342
158.598342
158.598342
158.598342
158.598342
158.598342
158.598342
158.598342
158.598342
158.598342
158.598342
158.598342
158.598342
158.598342
158.598342
158.598342
158.598342
158.598342
158.598342
158.598342
158.598342
158.598342
158.598342
158.598342
158.598342
158.598342
158.598342
158.598342
158.598342
158.598342
158.598342
158.598342
158.598342
158.598342
158.598342
158.598342
158.598342
158.598342
158.598342
158.598342
158.598342
158.598342
158.598342
158.598342
158.598342
158.598342
158.598342
158.422183
158.422183
158.422183
158.422183
158.422183
158.422183
158.422183
158.422183
158.422183
158.422183
158.422183
158.422183
158.422183
158.422183
158.422183
158.422183
158.422183
158.422183
158.422183
158.422183
158.422183
158.422183
158.422183
158.422183
158.422183
158.422183
158.422183
158.422183
158.422183
158.422183
158.422183
158.422183
158.422183
158.422183
158.422183
158.422183
158.422183
158.422183
158.422183
158.422183
158.422183
158.422183
158.422183
158.422183
158.422183
158.422183
158.422183
158.422183
158.422183
158.422183
158.422183
158.422183
158.422183
158.422183
158.422183
158.422183
158.422183
158.422183
158.422183
158.422183
158.422183
158.422183
158.422183
158.422183
158.422183
158.422183
158.422183
158.422183
158.422183
158.422183
158.422183
158.422183
158.422183
158.422183
158.422183
158.422183
158.422183
158.422183
158.422183
158.422183
158.422183
158.422183
158.422183
158.422183
158.422183
158.422183
158.422183
158.422183
158.422183
158.422183
158.422183
158.422183
158.422183
158.422183
158.422183
158.422183
158.422183
158.422183
158.422183
158.422183
158.422183
158.422183
158.422183
158.422183
158.422183
158.422183
158.422183
158.422183
158.422183
158.422183
158.422183
158.422183
158.422183
158.422183
158.422183
158.422183
158.422183
158.422183
158.422183
158.422183
158.422183
158.422183
158.422183
158.422183
158.422183
158.422183
158.422183
158.422183
158.422183
158.422183
158.422183
158.422183
158.422183
158.422183
158.422183
158.422183
158.422183
158.422183
158.422183
158.422183
158.422183
158.422183
158.422183
158.422183
158.422183
158.422183
158.422183
158.422183
158.422183
158.422183
158.422183
158.422183
158.422183
158.422183
158.422183
158.422183
158.422183
158.422183
158.422183
158.422183
158.422183
158.422183
158.422183
158.422183
158.422183
158.422183
158.422183
158.422183
158.422183
158.422183
158.422183
158.422183
158.422183
158.422183
158.422183
158.422183
158.422183
158.422183
158.422183
158.422183
158.422183
158.422183
158.422183
158.422183
158.422183
158.422183
158.422183
158.422183
158.422183
158.422183
158.422183
158.422183
158.422183
158.422183
158.422183
158.422183
158.422183
158.422183
158.422183
158.422183
158.422183
158.422183
158.422183
158.422183
158.422183
158.422183
158.422183
158.422183
158.422183
158.422183
158.422183
158.422183
158.422183
158.422183
158.422183
158.422183
158.422183
158.422183
158.422183
158.422183
157.995566
157.995566
157.995566
157.995566
157.995566
157.995566
157.995566
157.995566
157.995566
157.995566
157.995566
157.995566
157.995566
157.995566
157.995566
157.995566
157.995566
157.995566
157.995566
157.995566
157.995566
157.995566
157.995566
157.995566
157.995566
157.995566
157.995566
157.995566
157.995566
157.995566
157.995566
157.995566
157.995566
157.995566
157.995566
157.995566
157.995566
157.995566
157.995566
157.995566
157.995566
157.995566
157.995566
157.995566
157.995566
157.995566
157.995566
157.995566
157.995566
157.995566
157.995566
157.995566
157.995566
157.995566
157.995566
157.995566
157.995566
157.995566
157.995566
157.995566
157.223904
157.223904
157.223904
157.223904
157.223904
157.223904
157.223904
157.223904
157.223904
157.223904
157.223904
157.223904
157.223904
157.223904
157.223904
157.223904
157.223904
157.223904
157.223904
157.223904
157.223904
157.223904
157.223904
157.223904
157.223904
157.223904
157.223904
157.223904
157.223904
157.223904
157.223904
157.223904
157.223904
157.223904
157.223904
157.223904
157.223904
157.223904
157.223904
157.223904
157.223904
157.223904
157.223904
157.223904
157.223904
157.223904
157.223904
157.223904
157.223904
157.223904
157.223904
157.223904
157.223904
157.223904
157.223904
157.223904
157.223904
157.223904
157.223904
157.223904
157.223904
157.223904
157.223904
157.223904
157.223904
157.223904
157.223904
157.223904
157.223904
157.223904
157.223904
157.223904
157.223904
157.223904
157.223904
157.223904
157.223904
157.223904
157.223904
157.223904
157.223904
157.223904
157.223904
157.223904
157.223904
157.223904
157.223904
157.223904
157.223904
157.223904
157.223904
157.223904
157.223904
157.223904
157.223904
157.223904
157.223904
157.223904
157.223904
157.223904
157.223904
157.223904
157.223904
157.223904
157.223904
157.223904
157.223904
157.223904
157.223904
157.223904
157.223904
157.223904
157.223904
157.223904
157.223904
157.223904
157.223904
157.223904
157.223904
157.223904
157.223904
157.223904
157.223904
157.223904
157.223904
157.223904
157.223904
157.223904
157.223904
157.223904
157.223904
157.223904
157.223904
157.223904
157.223904
157.223904
157.223904
157.223904
157.223904
157.223904
157.223904
157.223904
157.223904
157.223904
157.223904
157.223904
157.223904
157.223904
157.223904
157.223904
157.223904
157.223904
157.223904
157.223904
157.223904
157.223904
157.223904
157.223904
157.223904
157.223904
157.223904
157.223904
157.223904
157.223904
157.223904
157.223904
157.223904
157.223904
157.223904
157.223904
157.223904
157.223904
157.223904
157.223904
157.223904
157.223904
157.223904
157.223904
157.223904
157.223904
157.223904
157.223904
157.223904
157.223904
157.223904
157.223904
157.223904
157.223904
157.223904
157.223904
157.223904
157.223904
157.223904
157.223904
157.223904
157.223904
157.223904
157.223904
157.223904
157.223904
157.223904
157.223904
157.223904
157.223904
157.223904
157.223904
157.223904
157.223904
157.223904
157.223904
157.223904
157.223904
157.223904
157.223904
157.223904
157.223904
157.223904
157.223904
157.223904
157.223904
157.223904
157.223904
157.223904
157.223904
157.223904
157.223904
157.223904
157.223904
157.223904
157.223904
157.223904
157.223904
157.223904
157.223904
157.223904
157.223904
157.223904
157.223904
157.223904
157.223904
157.223904
157.223904
157.223904
157.223904
157.223904
157.223904
157.223904
157.223904
157.223904
157.223904
157.223904
157.223904
157.223904
157.223904
157.223904
157.223904
157.223904
157.223904
157.223904
157.223904
157.223904
157.223904
157.223904
157.223904
157.223904
157.223904
157.223904
157.223904
157.223904
157.223904
157.223904
157.223904
157.223904
157.223904
157.223904
157.223904
157.223904
157.223904
157.223904
157.223904
157.223904
157.223904
157.223904
157.223904
157.223904
157.223904
157.223904
157.223904
157.223904
157.223904
157.223904
157.223904
157.223904
157.223904
157.223904
157.223904
157.223904
157.223904
157.223904
157.223904
157.223904
157.223904
157.223904
157.223904
157.223904
157.223904
157.223904
157.223904
157.223904
157.223904
157.223904
157.223904
157.223904
157.223904
157.223904
157.223904
157.223904
157.223904
157.223904
157.223904
157.223904
157.223904
157.223904
157.223904
157.223904
157.223904
157.223904
157.223904
157.223904
157.223904
157.223904
157.223904
157.223904
157.223904
157.223904
157.223904
157.223904
157.223904
157.223904
157.223904
157.223904
157.223904
157.223904
157.223904
157.223904
157.223904
157.223904
157.223904
157.223904
157.223904
157.223904
157.223904
157.223904
157.223904
157.223904
157.223904
157.223904
157.223904
157.223904
157.223904
157.223904
157.223904
157.223904
157.223904
157.223904
157.223904
157.223904
157.223904
157.223904
157.223904
157.223904
157.223904
157.223904
157.223904
157.223904
157.223904
157.223904
157.223904
157.223904
157.223904
157.223904
157.223904
157.223904
157.223904
157.223904
157.223904
157.223904
157.223904
157.223904
157.223904
157.223904
157.223904
157.223904
157.223904
157.223904
157.223904
157.223904
157.223904
157.223904
157.223904
157.223904
157.223904
157.223904
157.223904
157.223904
157.223904
157.223904
157.223904
157.223904
157.223904
157.223904
157.223904
157.223904
157.223904
157.223904
157.223904
157.223904
157.223904
157.223904
157.223904
157.223904
157.223904
157.223904
157.223904
157.223904
157.223904
157.223904
157.223904
157.223904
157.223904
157.223904
157.223904
157.223904
157.223904
157.223904
157.223904
157.223904
157.223904
157.223904
157.223904
157.223904
157.223904
157.223904
157.223904
157.223904
157.223904
157.223904
157.223904
157.223904
157.223904
157.223904
157.223904
157.223904
157.223904
157.223904
157.223904
157.223904
157.223904
157.223904
157.223904
157.223904
157.223904
157.223904
157.223904
157.223904
157.223904
157.223904
157.223904
157.223904
157.223904
157.223904
157.223904
157.223904
157.223904
157.223904
157.223904
157.223904
157.223904
157.223904
157.223904
157.223904
157.223904
157.223904
157.223904
157.223904
157.223904
157.223904
157.223904
157.223904
157.223904
157.223904
157.223904
157.223904
157.223904
157.223904
157.223904
157.223904
157.223904
157.223904
157.223904
157.223904
157.223904
157.223904
157.223904
157.223904
157.223904
157.223904
157.223904
157.223904
157.223904
157.223904
157.223904
157.223904
157.223904
157.223904
157.223904
157.223904
157.223904
157.223904
157.223904
157.223904
157.223904
157.223904
157.223904
157.223904
157.223904
157.223904
157.223904
157.223904
157.223904
155.900569
155.900569
155.900569
155.900569
155.900569
155.900569
155.900569
155.900569
155.900569
155.900569
155.900569
155.900569
155.900569
155.900569
155.900569
155.900569
155.900569
155.900569
155.900569
155.900569
155.900569
155.900569
155.900569
155.900569
155.900569
155.900569
155.900569
155.900569
155.900569
155.900569
155.900569
155.900569
155.900569
155.900569
155.900569
155.900569
155.900569
155.900569
155.900569
155.900569
155.900569
155.900569
155.900569
155.900569
155.900569
155.900569
155.900569
155.900569
155.900569
155.900569
155.900569
155.900569
155.900569
155.900569
155.900569
155.900569
155.900569
155.900569
155.900569
155.900569
155.900569
155.900569
155.900569
155.900569
155.900569
155.900569
155.900569
155.900569
155.900569
155.900569
155.900569
155.900569
155.900569
155.900569
155.900569
155.900569
155.900569
155.900569
155.900569
155.900569
155.900569
155.900569
155.900569
155.900569
155.900569
155.900569
155.900569
155.900569
155.900569
155.900569
155.900569
155.900569
155.900569
155.900569
155.900569
155.900569
155.900569
155.900569
155.900569
155.900569
155.900569
155.900569
155.900569
155.900569
155.900569
155.900569
155.900569
155.900569
155.900569
155.900569
155.900569
155.900569
155.900569
155.900569
155.900569
155.900569
155.900569
155.900569
155.900569
155.900569
155.900569
155.900569
155.900569
155.900569
155.900569
155.900569
155.900569
155.900569
155.900569
155.900569
155.900569
155.900569
155.900569
155.900569
155.900569
155.900569
155.900569
155.900569
155.900569
155.900569
155.900569
155.900569
155.900569
155.900569
155.900569
155.900569
155.900569
155.900569
155.900569
155.900569
155.900569
155.900569
155.900569
155.900569
155.900569
155.900569
155.900569
155.900569
155.900569
155.900569
155.900569
155.900569
155.900569
155.900569
155.900569
155.900569
155.900569
155.900569
155.900569
155.900569
155.900569
155.900569
155.900569
155.900569
155.900569
155.900569
155.900569
155.900569
155.900569
155.900569
155.900569
155.900569
155.900569
155.900569
155.900569
155.900569
155.900569
155.900569
155.900569
155.900569
155.900569
155.900569
155.900569
155.900569
155.900569
155.900569
155.900569
155.900569
155.900569
155.900569
155.900569
155.900569
155.900569
155.900569
155.900569
155.900569
155.900569
155.900569
155.900569
155.900569
155.900569
155.900569
155.900569
155.900569
155.900569
155.900569
155.900569
155.900569
155.900569
155.900569
155.900569
155.900569
155.900569
155.900569
155.900569
155.900569
155.900569
155.900569
155.900569
155.900569
155.900569
155.900569
155.900569
155.900569
155.607805
155.607805
155.607805
155.607805
155.607805
155.607805
155.607805
155.607805
155.607805
155.607805
155.607805
155.607805
155.607805
155.607805
155.607805
155.607805
155.607805
155.607805
155.607805
155.607805
155.607805
155.607805
155.607805
155.607805
155.607805
155.607805
155.607805
155.607805
155.607805
155.607805
155.607805
155.607805
155.607805
155.607805
155.607805
155.607805
155.607805
155.607805
155.607805
155.607805
155.607805
155.607805
155.607805
155.607805
155.607805
155.607805
155.026124
155.026124
155.026124
155.026124
155.026124
155.026124
155.026124
155.026124
155.026124
155.026124
155.026124
155.026124
155.026124
155.026124
155.026124
155.026124
155.026124
155.026124
155.026124
155.026124
155.026124
155.026124
155.026124
155.026124
155.026124
155.026124
155.026124
155.026124
155.026124
155.026124
155.026124
155.026124
155.026124
155.026124
155.026124
155.026124
155.026124
155.026124
155.026124
155.026124
155.026124
155.026124
155.026124
155.026124
155.026124
155.026124
155.026124
155.026124
155.026124
155.026124
155.026124
155.026124
155.026124
155.026124
155.026124
155.026124
155.026124
155.026124
155.026124
155.026124
155.026124
155.026124
155.026124
155.026124
155.026124
155.026124
155.026124
155.026124
155.026124
155.026124
155.026124
155.026124
152.744785
152.744785
152.744785
152.744785
152.744785
152.744785
152.744785
152.744785
152.744785
152.744785
152.744785
152.744785
152.744785
152.744785
152.744785
152.744785
152.744785
152.744785
152.744785
152.744785
152.744785
152.744785
152.744785
152.744785
152.744785
152.744785
152.744785
152.744785
152.744785
152.744785
152.744785
152.744785
152.744785
152.744785
152.744785
152.744785
152.744785
152.744785
152.744785
152.744785
152.744785
152.744785
152.744785
152.744785
152.744785
152.744785
152.744785
152.744785
152.744785
152.744785
152.744785
152.744785
151.888445
151.888445
151.888445
151.888445
151.888445
151.888445
151.888445
151.888445
151.888445
151.888445
151.888445
151.888445
151.888445
151.888445
151.888445
151.888445
151.888445
151.888445
151.888445
151.888445
151.888445
151.888445
151.888445
151.888445
151.888445
151.888445
151.888445
151.888445
151.888445
151.888445
151.888445
151.888445
151.888445
151.888445
151.888445
151.888445
151.888445
151.888445
151.888445
151.888445
151.888445
151.888445
151.888445
151.888445
151.888445
151.888445
151.888445
151.888445
151.888445
151.888445
151.888445
151.888445
151.888445
151.888445
151.888445
151.888445
151.888445
151.888445
151.888445
151.888445
151.888445
151.888445
151.888445
151.888445
151.888445
151.888445
151.888445
151.888445
151.888445
151.888445
151.888445
151.888445
151.888445
151.888445
151.888445
151.888445
151.888445
151.888445
151.802720
151.802720
151.802720
151.802720
151.802720
151.802720
151.802720
151.802720
151.802720
151.802720
151.802720
151.802720
151.802720
151.802720
151.802720
151.802720
151.802720
151.802720
151.802720
151.802720
151.802720
151.802720
151.802720
151.802720
151.802720
151.802720
151.802720
151.802720
151.802720
151.802720
151.802720
151.802720
151.417047
151.417047
151.417047
151.417047
151.417047
151.417047
151.417047
151.417047
151.417047
151.417047
147.563997
147.563997
147.563997
147.563997
147.563997
147.563997
147.563997
147.563997
147.563997
147.563997
147.563997
147.563997
147.563997
147.563997
147.563997
147.563997
147.563997
147.563997
147.563997
147.563997
147.563997
147.563997
147.563997
147.563997
147.563997
147.563997
147.563997
147.563997
147.563997
147.563997
147.563997
147.563997
147.563997
147.563997
147.563997
147.563997
147.563997
147.563997
147.563997
147.563997
147.563997
147.563997
147.563997
147.563997
147.563997
147.563997
147.563997
147.563997
147.563997
147.563997
147.563997
147.563997
147.563997
147.563997
147.563997
147.563997
147.563997
147.563997
147.563997
147.563997
147.563997
147.563997
147.563997
147.563997
147.563997
147.563997
147.563997
147.563997
147.563997
147.563997
147.563997
147.563997
147.563997
147.563997
147.563997
147.563997
147.563997
147.563997
147.563997
147.563997
147.563997
147.563997
147.563997
147.563997
147.335235
147.335235
147.335235
147.335235
147.335235
147.335235
147.335235
147.335235
147.335235
147.335235
147.335235
147.335235
147.335235
147.335235
147.335235
147.335235
147.335235
147.335235
147.335235
147.335235
147.335235
147.335235
147.335235
147.335235
147.335235
147.335235
147.335235
147.335235
147.335235
147.335235
147.335235
147.335235
147.335235
147.335235
147.335235
147.335235
147.335235
147.335235
147.335235
147.335235
147.335235
147.335235
147.335235
147.335235
147.335235
147.335235
147.335235
147.335235
147.335235
147.335235
147.335235
147.335235
147.335235
147.335235
147.335235
147.335235
147.335235
147.335235
147.335235
147.335235
147.335235
147.335235
147.335235
147.335235
147.335235
147.335235
147.335235
147.335235
147.335235
147.335235
147.335235
147.335235
147.335235
147.335235
147.159570
147.159570
147.159570
147.159570
147.159570
147.159570
147.159570
147.159570
147.159570
147.159570
147.159570
147.159570
147.159570
147.159570
147.159570
147.159570
147.159570
147.159570
147.159570
147.159570
147.159570
147.159570
147.159570
147.159570
147.159570
147.159570
147.159570
147.159570
147.159570
147.159570
147.159570
147.159570
147.159570
147.159570
147.159570
147.159570
147.159570
147.159570
147.159570
147.159570
147.159570
147.159570
147.159570
147.159570
147.159570
147.159570
147.159570
147.159570
147.159570
147.159570
147.159570
147.159570
147.159570
147.159570
147.159570
147.159570
147.159570
147.159570
147.159570
147.159570
147.159570
147.159570
147.159570
147.159570
147.159570
147.159570
147.159570
147.159570
147.159570
147.159570
147.159570
147.159570
147.159570
147.159570
147.159570
147.159570
147.159570
147.159570
147.159570
147.159570
147.159570
147.159570
147.159570
147.159570
147.159570
147.159570
147.159570
147.159570
147.159570
147.159570
147.159570
147.159570
147.159570
147.159570
147.159570
147.159570
147.159570
147.159570
147.159570
147.159570
147.159570
147.159570
147.159570
147.159570
147.159570
147.159570
147.159570
147.159570
147.159570
147.159570
147.159570
147.159570
147.159570
147.159570
147.159570
147.159570
147.159570
147.159570
147.159570
147.159570
146.282879
146.282879
146.282879
146.282879
146.282879
146.282879
146.282879
146.282879
146.282879
146.282879
146.282879
146.282879
146.282879
146.282879
146.282879
146.282879
146.282879
146.282879
146.282879
146.282879
146.282879
146.282879
146.282879
146.282879
146.282879
146.282879
146.282879
146.282879
146.282879
146.282879
146.282879
146.282879
146.282879
146.282879
146.282879
145.535042
145.535042
145.535042
145.535042
145.535042
145.535042
145.535042
145.535042
145.535042
145.535042
145.535042
145.535042
145.535042
145.535042
145.535042
145.535042
145.535042
145.535042
145.535042
145.535042
145.535042
145.535042
145.535042
145.535042
145.535042
145.535042
145.535042
145.535042
145.535042
145.535042
145.535042
145.535042
145.535042
145.535042
145.535042
145.535042
145.535042
145.535042
145.535042
145.535042
145.535042
145.535042
145.535042
145.535042
145.535042
145.535042
145.535042
145.535042
145.535042
145.535042
145.535042
145.535042
145.535042
145.535042
145.535042
145.535042
145.535042
145.535042
145.535042
145.535042
145.535042
145.535042
145.535042
145.535042
145.535042
145.535042
145.535042
145.535042
145.535042
145.535042
145.535042
145.535042
145.535042
145.535042
145.535042
145.535042
145.535042
145.535042
145.535042
145.535042
145.535042
145.535042
145.535042
145.535042
145.535042
145.535042
145.535042
145.535042
145.535042
145.535042
145.082415
145.082415
145.082415
145.082415
145.082415
145.082415
145.082415
145.082415
145.082415
145.082415
145.082415
145.082415
145.082415
145.082415
145.082415
145.082415
145.082415
145.082415
145.082415
145.082415
144.877417
144.877417
144.877417
144.877417
144.877417
144.877417
144.877417
144.877417
144.877417
144.877417
144.877417
144.877417
144.877417
144.877417
144.877417
144.877417
144.877417
144.877417
144.877417
144.877417
144.877417
144.877417
144.877417
144.877417
144.877417
144.877417
144.877417
144.877417
144.877417
144.877417
144.877417
144.822060
144.822060
144.822060
144.822060
144.068996
144.068996
144.068996
144.068996
144.068996
144.068996
144.068996
144.068996
144.068996
144.068996
144.068996
144.068996
144.068996
144.068996
144.068996
144.068996
144.068996
144.068996
144.068996
144.068996
144.068996
144.068996
144.068996
144.068996
144.068996
144.068996
144.068996
144.068996
144.068996
144.068996
144.068996
144.068996
144.068996
144.068996
144.068996
144.068996
144.068996
144.068996
144.068996
144.068996
144.068996
144.068996
144.068996
144.068996
144.068996
144.068996
144.068996
144.068996
144.068996
144.068996
144.068996
144.068996
144.068996
144.068996
144.068996
144.068996
144.068996
144.068996
144.068996
144.068996
144.068996
144.068996
144.068996
144.068996
144.068996
144.068996
144.068996
144.068996
144.068996
144.068996
144.068996
144.068996
144.068996
144.068996
144.068996
144.068996
144.068996
144.068996
144.068996
144.068996
143.397302
143.397302
143.397302
143.397302
143.397302
143.397302
143.397302
143.397302
143.397302
143.397302
143.397302
143.397302
143.397302
143.397302
143.397302
143.397302
143.397302
143.397302
143.397302
143.397302
143.397302
143.397302
143.397302
143.397302
143.397302
143.397302
143.397302
143.397302
143.397302
143.397302
143.362254
143.362254
143.362254
143.362254
143.362254
143.362254
143.362254
143.362254
143.362254
143.362254
143.362254
143.362254
143.362254
143.362254
143.362254
141.717996
141.717996
141.717996
141.717996
141.717996
141.717996
141.717996
141.717996
141.717996
141.717996
141.717996
141.717996
141.717996
141.717996
141.717996
141.717996
141.717996
141.717996
141.717996
141.717996
141.717996
141.717996
141.717996
141.717996
141.717996
141.717996
141.717996
141.717996
141.717996
141.717996
141.717996
141.717996
141.717996
141.717996
141.717996
141.717996
141.717996
141.717996
141.717996
141.717996
141.717996
141.717996
141.717996
141.717996
141.717996
141.717996
141.717996
141.717996
141.717996
141.717996
141.717996
141.717996
141.717996
141.717996
141.717996
141.717996
141.717996
141.717996
141.717996
141.717996
141.717996
141.717996
141.717996
141.717996
141.717996
141.717996
141.717996
141.717996
141.717996
141.717996
141.717996
141.717996
141.717996
141.717996
141.717996
141.717996
141.717996
141.717996
141.717996
141.717996
141.717996
141.717996
141.717996
141.717996
141.717996
141.717996
141.717996
141.717996
141.717996
141.717996
141.717996
141.717996
141.717996
141.717996
141.717996
141.717996
141.717996
141.717996
141.717996
141.717996
141.717996
141.717996
141.717996
141.717996
141.717996
141.717996
141.717996
141.717996
141.717996
141.717996
141.717996
141.717996
141.717996
141.717996
141.717996
141.717996
141.717996
141.717996
141.717996
141.717996
141.705802
141.705802
141.705802
141.705802
141.705802
141.579387
141.579387
141.579387
141.579387
141.579387
141.579387
141.579387
141.579387
141.579387
141.579387
141.579387
141.579387
141.579387
141.579387
141.579387
141.579387
141.579387
141.579387
141.579387
141.579387
141.579387
141.579387
141.579387
141.579387
141.579387
141.579387
141.579387
141.579387
141.579387
141.579387
141.579387
141.579387
141.579387
141.579387
141.579387
141.579387
141.579387
141.579387
141.579387
141.579387
141.579387
141.579387
141.579387
141.579387
141.579387
141.579387
141.397714
141.397714
141.397714
141.397714
141.397714
141.397714
141.397714
141.397714
141.397714
141.397714
141.397714
141.397714
140.521147
140.521147
140.521147
140.521147
140.521147
140.521147
140.521147
140.521147
140.521147
140.521147
140.521147
140.521147
140.521147
140.521147
140.521147
140.521147
140.521147
140.521147
140.521147
140.521147
140.521147
140.521147
140.521147
140.521147
140.521147
140.521147
140.521147
140.410021
140.410021
140.410021
140.410021
140.410021
140.410021
140.410021
140.410021
140.410021
140.410021
140.410021
140.410021
140.410021
140.410021
140.410021
140.410021
140.410021
140.410021
140.410021
140.410021
140.407987
140.407987
140.407987
140.407987
140.407987
140.407987
140.407987
140.407987
140.407987
140.407987
140.407987
140.407987
140.407987
140.407987
140.407987
140.195395
140.195395
140.195395
140.195395
140.195395
140.195395
140.195395
140.195395
140.195395
140.195395
140.195395
140.195395
140.195395
140.195395
140.195395
140.195395
140.195395
140.195395
140.195395
140.195395
140.195395
140.195395
140.195395
140.195395
140.195395
140.195395
140.195395
140.195395
140.195395
140.195395
140.195395
140.195395
140.195395
140.195395
140.195395
140.195395
140.195395
140.195395
140.195395
140.195395
139.960592
139.960592
139.960592
139.960592
139.960592
139.960592
139.960592
139.960592
139.960592
139.960592
139.872976
139.872976
139.872976
139.872976
139.872976
139.872976
139.872976
139.872976
139.872976
139.872976
139.872976
139.872976
139.872976
139.872976
139.872976
139.872976
139.872976
139.872976
139.872976
139.872976
139.872976
139.872976
139.872976
139.872976
139.872976
139.872976
139.872976
139.872976
139.872976
139.872976
139.872976
139.872976
139.872976
139.872976
139.872976
139.872976
139.872976
139.872976
139.728024
139.728024
139.728024
139.728024
139.728024
139.728024
139.728024
139.728024
139.728024
139.728024
139.728024
139.728024
139.728024
139.728024
139.728024
139.728024
139.728024
139.728024
139.728024
139.728024
139.728024
139.728024
139.728024
139.728024
139.728024
139.728024
139.728024
139.728024
139.728024
139.728024
139.728024
139.728024
139.728024
139.728024
139.728024
139.728024
139.728024
139.728024
139.728024
139.728024
139.728024
139.728024
139.728024
139.728024
139.728024
139.728024
139.728024
139.728024
139.728024
139.728024
139.728024
139.728024
139.728024
139.728024
139.728024
139.728024
139.728024
139.728024
139.728024
139.728024
139.444191
139.444191
139.444191
139.444191
139.444191
139.444191
139.444191
139.444191
139.444191
139.444191
139.444191
139.444191
139.444191
139.444191
139.444191
139.444191
139.444191
139.444191
139.444191
139.444191
139.444191
139.444191
139.444191
139.444191
139.444191
139.444191
139.444191
139.444191
139.444191
139.444191
139.444191
139.444191
139.444191
139.444191
139.444191
139.444191
139.444191
139.444191
139.444191
139.444191
139.444191
139.444191
139.444191
139.444191
139.444191
139.444191
139.444191
139.444191
139.444191
139.444191
139.444191
139.444191
139.444191
139.444191
139.444191
139.444191
139.444191
139.444191
139.444191
139.444191
139.444191
139.444191
139.291901
139.291901
139.291901
139.291901
139.291901
139.291901
139.291901
139.291901
139.291901
139.291901
139.192048
139.192048
139.192048
139.192048
139.192048
139.192048
139.192048
139.192048
139.192048
139.192048
139.192048
139.192048
139.192048
139.192048
139.192048
139.192048
139.192048
139.192048
139.192048
139.192048
139.192048
139.192048
139.192048
139.192048
139.192048
139.192048
139.192048
139.192048
139.192048
139.192048
139.064545
139.064545
139.064545
139.064545
139.064545
139.064545
139.064545
139.064545
139.064545
139.064545
139.064545
139.064545
139.064545
139.064545
139.064545
139.064545
139.064545
139.064545
139.064545
139.064545
139.064545
139.064545
139.064545
139.064545
139.064545
139.064545
139.064545
139.064545
139.064545
139.064545
139.064545
139.064545
139.064545
139.064545
139.064545
139.064545
139.064545
139.064545
139.064545
139.064545
139.000555
139.000555
139.000555
139.000555
139.000555
139.000555
139.000555
139.000555
139.000555
139.000555
139.000555
139.000555
139.000555
139.000555
139.000555
139.000555
139.000555
139.000555
139.000555
139.000555
139.000555
139.000555
139.000555
139.000555
139.000555
139.000555
138.975054
138.975054
138.975054
138.975054
138.975054
138.975054
138.975054
138.975054
138.975054
138.975054
138.957316
138.957316
138.957316
138.957316
138.957316
138.957316
138.957316
138.957316
138.957316
138.957316
138.957316
138.957316
138.957316
138.957316
138.957316
138.957316
138.957316
138.957316
138.957316
138.957316
138.957316
138.957316
138.957316
138.957316
138.957316
138.957316
138.957316
138.957316
138.957316
138.957316
138.957316
138.957316
138.957316
138.957316
138.957316
138.957316
138.957316
138.957316
138.957316
138.957316
138.957316
138.957316
138.957316
138.957316
138.957316
138.957316
138.957316
138.957316
138.957316
138.957316
138.957316
138.957316
138.957316
138.957316
138.957316
138.957316
138.957316
138.957316
138.957316
138.957316
138.957316
138.957316
138.957316
138.957316
138.957316
138.957316
138.957316
138.957316
138.957316
138.957316
138.957316
138.957316
138.957316
138.957316
138.957316
138.957316
138.957316
138.957316
138.957316
138.957316
138.957316
138.957316
138.957316
138.957316
138.957316
138.957316
138.957316
138.957316
138.957316
138.957316
138.957316
138.957316
138.957316
138.957316
138.957316
138.957316
138.957316
138.957316
138.957316
138.957316
138.957316
138.957316
138.900481
138.900481
138.900481
138.900481
138.900481
138.900481
138.900481
138.900481
138.900481
138.900481
138.900481
138.900481
138.783339
138.783339
138.783339
138.783339
138.783339
138.783339
138.783339
138.783339
138.783339
138.783339
138.783339
138.783339
138.783339
138.783339
138.783339
138.783339
138.783339
138.783339
138.783339
138.783339
138.783339
138.783339
138.783339
138.783339
138.783339
138.783339
138.783339
138.783339
138.783339
138.783339
138.783339
138.783339
138.783339
138.783339
138.783339
138.783339
138.783339
138.783339
138.783339
138.783339
138.783339
138.783339
138.783339
138.783339
138.783339
138.783339
138.783339
138.783339
138.783339
138.783339
138.772539
138.772539
138.772539
138.772539
138.772539
138.772539
138.772539
138.772539
138.772539
138.772539
138.733695
138.733695
138.733695
138.733695
138.733695
138.733695
138.733695
138.733695
138.733695
138.733695
138.733695
138.733695
138.733695
138.733695
138.733695
138.733695
138.733695
138.733695
138.733695
138.733695
138.733695
138.733695
138.733695
138.733695
138.733695
138.733695
138.733695
138.733695
138.733695
138.733695
138.733695
138.733695
138.733695
138.733695
138.733695
138.733695
138.712800
138.712800
138.712800
138.712800
138.712800
138.712800
138.712800
138.712800
138.712800
138.712800
138.712800
138.712800
138.712800
138.712800
138.712800
138.712800
138.712800
138.712800
138.712800
138.712800
138.712800
138.712800
138.712800
138.712800
138.712800
138.712800
138.712800
138.712800
138.712800
138.687954
138.687954
138.687954
138.687954
138.687954
138.687954
138.687954
138.687954
138.687954
138.687954
138.687954
138.602876
138.602876
138.602876
138.602876
138.602876
138.602876
138.602876
138.602876
138.602876
138.602876
138.602876
138.602876
138.602876
138.602876
138.602876
138.602876
138.602876
138.602876
138.602876
138.602876
138.602876
138.602876
138.602876
138.602876
138.602876
138.602876
138.602876
138.602876
138.602876
138.602876
138.602876
138.602876
138.602876
138.602876
138.602876
138.602876
138.602876
138.602876
138.602876
138.602876
138.602876
138.602876
138.602876
138.602876
138.602876
138.602876
138.602876
138.602876
138.602876
138.602876
138.602876
138.602876
138.602876
138.602876
138.602876
138.602876
138.602876
138.602876
138.602876
138.481889
138.481889
138.481889
138.481889
138.481889
138.481889
138.481889
138.481889
138.481889
138.481889
138.481889
138.481889
138.481889
138.481889
138.481889
138.481889
138.481889
138.481889
138.481889
138.481889
138.481889
138.481889
138.481889
138.481889
138.481889
138.481889
138.481889
138.481889
138.481889
138.481889
138.481889
138.481889
138.481889
138.481889
138.481889
138.481889
138.481889
138.481889
138.481889
138.481889
138.481889
138.481889
138.481889
138.481889
138.481889
138.481889
138.481889
138.481889
138.481889
138.481889
138.481889
138.481889
138.481889
138.481889
138.481889
138.481889
138.481889
138.481889
138.481889
138.481889
138.481889
138.481889
138.481889
138.481889
138.481889
138.481889
138.481889
138.481889
138.481889
138.481889
138.481889
138.481889
138.481889
138.481889
138.481889
138.481889
138.481889
138.481889
138.481889
138.481889
138.481889
138.481889
138.481889
138.481889
138.481889
138.481889
138.481889
138.481889
138.481889
138.481889
138.481889
138.481889
138.481889
138.481889
138.481889
138.481889
138.481889
138.481889
138.481889
138.481889
138.481889
138.481889
138.481889
138.481889
138.481889
138.481889
138.481889
138.481889
138.481889
138.481889
138.460363
138.460363
138.460363
138.460363
138.460363
138.460363
138.460363
138.460363
138.460363
138.460363
138.460363
138.460363
138.460363
138.460363
138.460363
138.460363
138.460363
138.460363
138.460363
138.460363
138.436399
138.436399
138.436399
138.436399
138.436399
138.436399
138.436399
138.436399
138.436399
138.436399
138.436399
138.436399
138.436399
138.436399
138.436399
138.436399
138.436399
138.436399
138.436399
138.436399
138.436399
138.436399
138.436399
138.436399
138.436399
138.436399
138.436399
138.436399
138.436399
138.436399
138.436399
138.436399
138.436399
138.436399
138.436399
138.436399
138.436399
138.436399
138.436399
138.436399
138.436399
138.436399
138.436399
138.436399
138.436399
138.436399
138.436399
138.436399
138.436399
138.436399
138.436399
138.436399
138.436399
138.436399
138.436399
138.436399
138.436399
138.436399
138.436399
138.436399
138.436399
138.436399
138.436399
138.436399
138.436399
138.436399
138.436399
138.436399
138.436399
138.436399
138.416310
138.416310
138.416310
137.983583
137.983583
137.983583
137.983583
137.983583
137.983583
137.983583
137.983583
137.983583
137.983583
137.983583
137.983583
137.983583
137.983583
137.983583
137.983583
137.983583
137.983583
137.983583
137.983583
137.983583
137.983583
137.983583
137.983583
137.983583
137.983583
137.983583
137.983583
137.983583
137.983583
137.983583
137.983583
137.983583
137.983583
137.983583
137.983583
137.983583
137.983583
137.983583
137.983583
137.983583
137.983583
137.983583
137.983583
137.983583
137.983583
137.983583
137.983583
137.983583
137.983583
137.983583
137.983583
137.983583
137.983583
137.983583
137.983583
137.983583
137.983583
137.983583
137.983583
137.983583
137.983583
137.983583
137.983583
137.983583
137.983583
137.983583
137.983583
137.983583
137.983583
137.915243
137.915243
137.915243
137.915243
137.915243
137.915243
137.915243
137.915243
137.915243
137.915243
137.799298
137.799298
137.799298
137.799298
137.799298
137.799298
137.799298
137.679587
137.679587
137.679587
137.679587
137.679587
137.679587
137.679587
137.679587
137.679587
137.679587
137.679587
137.679587
137.679587
137.679587
137.679587
137.679587
137.679587
137.679587
137.679587
137.679587
137.679587
137.679587
137.679587
137.679587
137.679587
137.679587
137.679587
137.679587
137.679587
137.679587
137.679587
137.679587
137.679587
137.679587
137.679587
137.679587
137.679587
137.643993
137.643993
137.643993
137.606377
137.606377
137.606377
137.486765
137.486765
137.444008
137.444008
137.444008
137.444008
137.444008
137.444008
137.444008
137.444008
137.444008
137.444008
137.444008
137.444008
136.981923
136.981923
136.981923
136.981923
136.981923
136.981923
136.981923
136.981923
136.981923
136.981923
136.981923
136.981923
136.981923
136.981923
136.981923
136.981923
136.981923
136.981923
136.981923
136.981923
136.941758
136.941758
136.941758
136.941758
136.941758
136.941758
136.941758
136.941758
136.941758
136.941758
136.941758
136.941758
136.941758
136.941758
136.941758
136.941758
136.941758
136.941758
136.941758
136.941758
136.941758
136.941758
136.941758
136.941758
136.941758
136.941758
136.941758
136.941758
136.941758
136.941758
136.941758
136.941758
136.941758
136.941758
136.941758
136.941758
136.941758
136.941758
136.941758
136.941758
136.941758
136.941758
136.941758
136.941758
136.941758
136.941758
136.941758
136.941758
136.941758
136.941758
136.941758
136.941758
136.941758
136.941758
136.941758
136.941758
136.941758
136.941758
136.941758
136.941758
136.941758
136.941758
136.941758
136.941758
136.941758
136.941758
136.941758
136.941758
136.941758
136.941758
136.941758
136.941758
136.941758
136.941758
136.941758
136.941758
136.819060
136.819060
136.819060
136.819060
136.819060
136.819060
136.819060
136.819060
136.819060
136.819060
136.819060
136.819060
136.819060
136.819060
136.782782
136.782782
136.782782
136.782782
136.782782
136.782782
136.782782
136.782782
136.782782
136.782782
136.782782
136.782782
136.782782
136.782782
136.782782
136.782782
136.658168
136.658168
136.658168
136.658168
136.658168
136.658168
136.658168
136.658168
136.658168
136.658168
136.658168
136.658168
136.658168
136.658168
136.404252
136.404252
136.404252
136.404252
136.404252
136.404252
136.404252
136.404252
136.391990
136.391990
136.391990
136.391990
136.391990
136.391990
136.391990
136.391990
136.391990
136.391990
136.391990
136.391990
136.391990
136.391990
136.391990
136.391990
136.391990
136.391990
136.391990
136.391990
136.391990
136.391990
136.391990
136.391990
136.391990
136.391990
136.391990
136.391990
136.391990
136.391990
136.316440
136.316440
136.316440
136.316440
136.316440
136.316440
136.316440
136.316440
136.312118
136.312118
136.312118
136.312118
136.312118
136.312118
136.312118
136.312118
136.312118
136.312118
136.312118
136.312118
136.312118
136.312118
136.312118
136.312118
136.312118
136.312118
136.312118
136.312118
136.312118
136.312118
136.312118
136.312118
136.312118
136.312118
136.312118
136.312118
136.312118
136.312118
136.312118
136.312118
136.312118
136.312118
136.312118
136.312118
136.312118
136.312118
136.312118
136.312118
136.312118
136.312118
136.312118
136.312118
136.312118
136.312118
136.312118
136.312118
136.312118
136.312118
136.262972
136.262972
136.262972
136.262972
136.262972
136.262972
136.262972
136.262972
136.262972
136.262972
136.262972
136.262972
136.262972
136.262972
136.262972
136.262972
136.262972
136.262972
136.262972
136.262972
136.262972
136.262972
136.262972
136.262972
136.262972
136.262972
136.262972
136.262972
136.262972
136.262972
136.262972
136.262972
136.262972
136.262972
136.262972
136.262972
136.262972
136.262972
136.262972
136.262972
136.262972
136.262972
136.262972
136.262972
136.112305
136.112305
136.112305
136.112305
136.112305
136.112305
136.112305
136.112305
136.112305
136.112305
136.112305
136.112305
136.112305
136.112305
136.112305
136.112305
136.112305
136.112305
136.112305
136.112305
136.112305
136.112305
136.112305
136.112305
136.112305
136.112305
136.112305
136.112305
136.112305
136.112305
136.112305
136.112305
136.112305
136.112305
136.112305
136.112305
136.112305
136.112305
136.112305
136.112305
136.112305
136.112305
136.112305
136.112305
136.112305
136.112305
136.112305
136.112305
136.112305
136.112305
136.112305
136.112305
136.112305
136.112305
136.112305
136.112305
136.112305
136.112305
136.112305
136.112305
136.112305
136.112305
136.112305
136.112305
136.112305
136.112305
136.112305
136.112305
136.112305
136.112305
136.112305
136.112305
136.112305
136.112305
136.112305
136.112305
135.849278
135.849278
135.849278
135.849278
135.849278
135.849278
135.849278
135.849278
135.849278
135.849278
135.849278
135.849278
135.849278
135.849278
135.849278
135.849278
135.849278
135.849278
135.849278
135.849278
135.849278
135.849278
135.849278
135.849278
135.849278
135.849278
135.849278
135.849278
135.849278
135.849278
135.849278
135.849278
135.849278
135.849278
135.849278
135.849278
135.849278
135.849278
135.849278
135.849278
135.849278
135.849278
135.849278
135.849278
135.849278
135.849278
135.849278
135.849278
135.849278
135.849278
135.849278
135.849278
135.849278
135.849278
135.849278
135.849278
135.849278
135.849278
135.849278
135.849278
135.849278
135.849278
135.849278
135.849278
135.849278
135.849278
135.849278
135.849278
135.849278
135.849278
135.849278
135.849278
135.849278
135.849278
135.849278
135.849278
135.849278
135.849278
135.849278
135.849278
135.849278
135.849278
135.849278
135.849278
135.849278
135.849278
135.849278
135.849278
135.849278
135.849278
135.849278
135.849278
135.849278
135.849278
135.849278
135.849278
135.849278
135.849278
135.849278
135.849278
135.849278
135.849278
135.849278
135.849278
135.849278
135.849278
135.849278
135.849278
135.849278
135.849278
135.849278
135.849278
135.849278
135.849278
135.833972
135.833972
135.833972
135.833972
135.833972
135.833972
135.833972
135.833972
135.833972
135.833972
135.833972
135.833972
135.833972
135.784550
135.784550
135.784550
135.784550
135.784550
135.784550
135.784550
135.784550
135.784550
135.784550
135.683684
135.683684
135.683684
135.683684
135.683684
135.683684
135.683684
135.683684
135.683684
135.683684
135.645324
135.645324
135.645324
135.645324
135.645324
135.645324
135.645324
135.645324
135.645324
135.645324
135.645324
135.645324
135.645324
135.645324
135.645324
135.645324
135.645324
135.645324
135.645324
135.645324
135.645324
135.645324
135.645324
135.645324
135.645324
135.645324
135.645324
135.645324
135.645324
135.645324
135.615958
135.615958
135.615958
135.615958
135.615958
135.615958
135.615958
135.615958
135.615958
135.615958
135.615958
135.615958
135.615958
135.615958
135.615958
135.615958
135.615958
135.615958
135.615958
135.615958
135.615958
135.615958
135.615958
135.615958
135.615958
135.615958
135.615958
135.615958
135.615958
135.615958
135.615958
135.615958
135.615958
135.615958
135.615958
135.615958
135.615958
135.615958
135.615958
135.615958
135.615958
135.615958
135.615958
135.615958
135.615958
135.615958
135.615958
135.615958
135.615958
135.615958
135.615958
135.615958
135.615958
135.615958
135.615958
135.615958
135.615958
135.615958
135.615958
135.615958
135.615958
135.615958
135.615958
135.615958
135.615958
135.615958
135.615958
135.615958
135.615958
135.615958
135.615958
135.615958
135.615958
135.615958
135.615958
135.615958
135.615958
135.615958
135.615958
135.615958
135.615958
135.615958
135.615958
135.615958
135.615958
135.615958
135.615958
135.615958
135.615958
135.615958
135.615958
135.428224
135.428224
135.428224
135.428224
135.428224
135.428224
135.428224
135.428224
135.428224
135.428224
135.428224
135.428224
135.428224
135.428224
135.428224
135.428224
135.428224
135.428224
135.428224
135.428224
135.428224
135.428224
135.428224
135.428224
135.428224
135.428224
135.428224
135.428224
135.428224
135.428224
135.428224
135.428224
135.428224
135.428224
135.428224
135.428224
135.428224
135.428224
135.428224
135.428224
135.428224
135.428224
135.428224
135.428224
135.428224
135.428224
135.428224
135.428224
135.428224
135.428224
135.428224
135.428224
135.428224
135.428224
135.428224
135.428224
135.428224
135.428224
135.428224
135.428224
135.375736
135.375736
135.375736
135.375736
135.375736
135.375736
135.375736
135.375736
135.375736
135.353174
135.353174
135.353174
135.353174
135.353174
135.353174
135.353174
135.353174
135.353174
135.353174
135.164245
135.164245
135.164245
135.164245
135.164245
135.164245
135.164245
135.164245
135.164245
135.164245
135.164245
135.164245
135.164245
135.164245
135.164245
135.164245
135.164245
135.164245
135.164245
135.164245
135.164245
135.164245
135.164245
135.164245
135.164245
135.164245
135.164245
135.164245
135.164245
135.164245
135.164245
135.164245
135.164245
135.164245
135.164245
135.164245
135.164245
135.164245
135.164245
135.164245
135.164245
135.164245
135.164245
135.164245
135.164245
135.164245
135.164245
135.164245
135.164245
135.164245
135.164245
135.164245
135.164245
135.164245
135.164245
135.164245
135.164245
135.164245
135.164245
135.164245
135.164245
135.164245
135.164245
135.164245
135.164245
135.164245
135.164245
135.164245
135.164245
135.164245
135.164245
135.164245
135.164245
135.164245
135.164245
135.164245
135.164245
135.164245
135.164245
135.164245
135.135591
135.135591
135.135591
135.135591
135.135591
135.135591
135.135591
135.135591
135.135591
135.135591
135.135591
135.135591
135.135591
135.135591
135.135591
135.135591
135.135591
135.135591
135.135591
135.135591
135.135591
135.135591
135.135591
135.135591
135.135591
135.135591
135.135591
135.135591
135.135591
135.135591
135.135591
135.135591
135.135591
135.135591
135.135591
135.135591
135.135591
135.135591
135.135591
135.135591
135.135591
135.135591
135.135591
135.135591
135.135591
135.135591
135.135591
135.135591
135.135591
135.135591
135.135591
135.135591
135.135591
135.135591
135.135591
135.135591
135.135591
135.135591
135.135591
135.135591
135.135591
135.135591
135.135591
135.135591
135.135591
135.135591
135.135591
135.135591
135.135591
135.135591
135.135591
135.135591
135.135591
135.065498
135.065498
135.065498
135.065498
135.065498
135.065498
135.065498
135.065498
135.065498
135.065498
135.065498
135.065498
135.065498
135.065498
134.971074
134.971074
134.971074
134.971074
134.971074
134.971074
134.971074
134.971074
134.906998
134.906998
134.906998
134.906998
134.906998
134.906998
134.906998
134.906998
134.906998
134.906998
134.864596
134.864596
134.864596
134.864596
134.864596
134.864596
134.864596
134.864596
134.864596
134.864596
134.342923
134.342923
134.342923
134.342923
134.342923
134.342923
134.342923
134.342923
134.342923
134.342923
134.268734
134.268734
134.090471
134.090471
134.090471
134.090471
134.090471
134.090471
134.090471
134.090471
133.865980
133.865980
133.865980
133.865980
133.865980
133.865980
133.865980
133.865980
133.865980
133.865980
133.865980
133.865980
133.865980
133.865980
133.865980
133.865980
133.865980
133.865980
133.865980
133.865980
133.865980
133.865980
133.865980
133.865980
133.865980
133.865980
133.865980
133.865980
133.865980
133.865980
133.811112
133.811112
133.811112
133.811112
133.811112
133.811112
133.811112
133.811112
133.811112
133.811112
133.811112
133.811112
133.811112
133.811112
133.811112
133.811112
133.811112
133.811112
133.811112
133.811112
133.811112
133.811112
133.811112
133.811112
133.811112
133.811112
133.811112
133.811112
133.811112
133.811112
133.811112
133.811112
133.811112
133.811112
133.811112
133.811112
133.811112
133.811112
133.811112
133.811112
133.811112
133.811112
133.811112
133.811112
133.811112
133.811112
133.811112
133.811112
133.811112
133.811112
133.811112
133.811112
133.811112
133.811112
133.811112
133.811112
133.811112
133.811112
133.811112
133.811112
133.811112
133.811112
133.811112
133.811112
133.811112
133.811112
133.811112
133.811112
133.811112
133.811112
133.811112
133.811112
133.811112
133.811112
133.811112
133.462371
133.462371
133.462371
133.462371
133.462371
133.179570
133.179570
133.179570
133.179570
133.179570
133.179570
133.179570
133.179570
133.179570
133.179570
133.179570
133.179570
133.179570
133.179570
133.179570
133.179570
133.179570
133.179570
133.179570
133.179570
133.126422
133.126422
133.126422
133.126422
133.126422
133.126422
133.126422
133.126422
133.126422
133.126422
133.076568
133.076568
133.076568
133.076568
133.076568
132.873224
132.873224
132.873224
132.873224
132.873224
132.873224
132.873224
132.873224
132.873224
132.873224
132.873224
132.873224
132.873224
132.873224
132.873224
132.873224
132.873224
132.873224
132.873224
132.873224
132.763037
132.763037
132.763037
132.763037
132.763037
132.763037
132.763037
132.763037
132.763037
132.763037
132.763037
132.763037
132.763037
132.763037
132.763037
132.763037
132.763037
132.763037
132.763037
132.763037
132.763037
132.763037
132.763037
132.763037
132.763037
132.763037
132.763037
132.763037
132.763037
132.763037
132.763037
132.763037
132.763037
132.763037
132.763037
132.763037
132.763037
132.763037
132.763037
132.763037
132.763037
132.763037
132.763037
132.763037
132.763037
132.763037
132.763037
132.763037
132.763037
132.763037
132.763037
132.763037
132.763037
132.763037
132.763037
132.763037
132.763037
132.763037
132.763037
132.763037
132.763037
132.763037
132.763037
132.763037
132.763037
132.763037
132.763037
132.763037
132.763037
132.763037
132.763037
132.763037
132.763037
132.763037
132.763037
132.763037
132.763037
132.763037
132.763037
132.763037
132.763037
132.763037
132.763037
132.763037
132.763037
132.763037
132.763037
132.763037
132.763037
132.763037
132.763037
132.763037
132.763037
132.763037
132.763037
132.763037
132.763037
132.763037
132.763037
132.763037
132.763037
132.763037
132.763037
132.763037
132.763037
132.763037
132.763037
132.763037
132.763037
132.763037
132.741783
132.741783
132.741783
132.575950
132.575950
132.575950
132.575950
132.575950
132.575950
132.575950
132.575950
132.575950
132.575950
132.575950
132.575950
132.543113
132.543113
132.543113
132.543113
132.543113
132.543113
132.543113
132.543113
132.510869
132.510869
132.510869
132.510869
132.281905
132.281905
132.281905
132.281905
132.281905
132.281905
132.281905
132.281905
132.281905
132.281905
132.281905
132.281905
132.281905
132.281905
132.281905
132.281905
132.281905
132.281905
132.281905
132.281905
132.281905
132.281905
132.281905
132.281905
132.281905
132.281905
132.058664
132.058664
132.058664
132.058664
132.058664
132.058664
132.058664
132.058664
132.058664
132.058664
132.058664
132.058664
132.058664
132.058664
132.058664
132.058664
132.058664
132.058664
132.058664
132.058664
132.058664
132.058664
132.058664
132.058664
132.058664
132.058664
132.058664
132.058664
132.058664
132.058664
132.058664
132.058664
132.058664
132.058664
132.058664
132.058664
132.058664
132.058664
132.058664
132.058664
132.058664
132.058664
132.058664
132.058664
132.058664
132.058664
132.058664
131.567103
131.567103
131.567103
131.567103
131.567103
131.567103
131.567103
131.567103
131.567103
131.567103
131.567103
131.567103
131.567103
131.567103
131.567103
131.567103
131.567103
131.567103
131.567103
131.567103
131.567103
131.567103
131.567103
131.567103
131.567103
131.567103
131.567103
131.567103
131.567103
131.567103
131.567103
131.567103
131.567103
131.567103
131.567103
131.567103
131.567103
131.567103
131.567103
131.567103
131.567103
131.567103
131.567103
131.567103
131.567103
131.567103
131.567103
131.567103
131.567103
131.567103
131.567103
131.567103
131.567103
131.567103
131.567103
131.567103
131.567103
131.567103
131.567103
131.567103
131.495007
131.495007
131.495007
131.495007
131.495007
131.495007
131.495007
131.495007
131.495007
131.495007
131.495007
131.495007
131.495007
131.495007
131.495007
131.495007
131.495007
131.495007
131.495007
131.495007
131.495007
131.495007
131.495007
131.495007
131.495007
131.495007
131.495007
131.485466
131.485466
131.485466
131.485466
131.485466
131.485466
131.485466
131.485466
131.485466
131.485466
131.485466
131.485466
131.485466
131.314122
131.314122
131.314122
131.314122
131.314122
131.314122
131.314122
131.314122
131.314122
131.314122
131.314122
131.314122
131.314122
131.314122
131.314122
131.314122
131.314122
131.314122
131.314122
131.314122
131.314122
131.314122
131.314122
131.314122
131.314122
131.314122
131.314122
131.314122
131.314122
131.314122
131.314122
131.314122
131.314122
131.314122
131.314122
131.314122
131.314122
131.314122
131.314122
131.314122
131.277670
131.277670
131.277670
131.277670
131.277670
131.277670
131.277670
131.277670
131.277670
131.277670
131.277670
131.277670
131.277670
131.277670
131.277670
131.277670
131.277670
131.277670
131.277670
131.277670
131.277670
131.277670
131.277670
131.277670
131.277670
131.277670
131.277670
131.277670
131.277670
131.277670
131.277670
131.277670
131.277670
131.277670
131.277670
131.277670
131.277670
131.277670
131.277670
131.277670
131.277670
131.277670
131.277670
131.277670
131.277670
131.277670
131.277670
131.277670
131.277670
131.277670
131.277670
131.277670
131.277670
131.277670
131.277670
131.277670
131.277670
131.277670
131.277670
131.277670
131.277670
131.277670
131.277670
131.277670
131.277670
131.277670
131.277670
131.277670
131.277670
131.277670
131.277670
131.277670
131.277670
131.236523
131.236523
131.236523
131.236523
131.236523
131.236523
131.236523
131.236523
131.236523
131.236523
131.236523
131.236523
131.236523
131.236523
131.236523
131.236523
131.236523
131.236523
131.236523
131.236523
131.226008
131.226008
131.226008
131.226008
131.226008
131.226008
131.226008
131.226008
131.226008
131.226008
131.226008
131.226008
131.226008
131.226008
131.226008
131.226008
131.226008
131.226008
131.226008
131.226008
131.226008
131.226008
131.226008
131.226008
131.226008
131.226008
131.226008
131.226008
131.226008
131.226008
131.140117
131.140117
131.140117
131.140117
131.140117
131.140117
131.140117
131.087694
131.087694
131.087694
131.087694
131.087694
131.087694
131.087694
131.087694
131.087694
131.087694
131.087694
131.087694
131.087694
131.087694
131.087694
131.087694
131.087694
131.087694
131.087694
131.087694
131.087694
131.087694
131.087694
131.087694
131.087694
131.087694
131.087694
131.087694
131.087694
131.087694
131.087694
131.087694
131.087694
131.087694
131.087694
131.087694
131.087694
131.087694
131.087694
131.087694
131.087694
131.087694
131.087694
131.064552
131.064552
131.064552
131.064552
131.064552
131.064552
131.064552
131.064552
131.064552
131.064552
131.064552
131.064552
131.064552
131.064552
131.064552
131.064552
131.064552
131.064552
131.064552
131.064552
131.064552
131.064552
131.064552
131.064552
131.064552
131.064552
131.064552
131.064552
131.064552
131.064552
131.013847
131.013847
131.013847
131.013847
131.013847
131.013847
131.013847
131.013847
131.013847
131.013847
131.013847
131.013847
130.980504
130.980504
130.980504
130.980504
130.980504
130.980504
130.980504
130.980504
130.980504
130.980504
130.922969
130.922969
130.922969
130.922969
130.922969
130.922969
130.922969
130.922969
130.922969
130.922969
130.922969
130.922969
130.922969
130.922969
130.922969
130.922969
130.922969
130.922969
130.922969
130.922969
130.922969
130.922969
130.922969
130.922969
130.922969
130.922969
130.922969
130.922969
130.922969
130.922969
130.922969
130.922969
130.922969
130.922969
130.922969
130.922969
130.922969
130.922969
130.922969
130.922969
130.904433
130.904433
130.904433
130.904433
130.904433
130.904433
130.904433
130.904433
130.904433
130.904433
130.868412
130.868412
130.868412
130.868412
130.868412
130.868412
130.868412
130.868412
130.868412
130.868412
130.868412
130.868412
130.868412
130.868412
130.868412
130.868412
130.868412
130.868412
130.868412
130.868412
130.868412
130.868412
130.868412
130.868412
130.868412
130.868412
130.868412
130.868412
130.868412
130.868412
130.860266
130.860266
130.860266
130.860266
130.860266
130.860266
130.860266
130.860266
130.860162
130.860162
130.860162
130.860162
130.860162
130.860162
130.860162
130.860162
130.860162
130.860162
130.860162
130.860162
130.860162
130.860162
130.860162
130.860162
130.860162
130.860162
130.860162
130.860162
130.860162
130.860162
130.860162
130.860162
130.860162
130.860162
130.860162
130.860162
130.860162
130.860162
130.773979
130.773979
130.773979
130.773979
130.773979
130.773979
130.773979
130.773979
130.773979
130.773979
130.773979
130.773979
130.773979
130.773979
130.773979
130.773979
130.773979
130.773979
130.773979
130.773979
130.751121
130.751121
130.751121
130.751121
130.751121
130.751121
130.751121
130.751121
130.751121
130.751121
130.751121
130.751121
130.751121
130.751121
130.751121
130.751121
130.751121
130.751121
130.751121
130.751121
130.751121
130.751121
130.751121
130.751121
130.751121
130.751121
130.751121
130.751121
130.686330
130.686330
130.686330
130.686330
130.686330
130.686330
130.686330
130.686330
130.686330
130.686330
130.686330
130.686330
130.686330
130.686330
130.686330
130.686330
130.686330
130.686330
130.686330
130.686330
130.686330
130.686330
130.686330
130.686330
130.686330
130.686330
130.686330
130.686330
130.686330
130.686330
130.686330
130.686330
130.686330
130.686330
130.539995
130.539995
130.539995
130.539995
130.539995
130.539995
130.539995
130.539995
130.539995
130.539995
130.539995
130.539995
130.539995
130.539995
130.539995
130.539995
130.539995
130.539995
130.539995
130.539995
130.539995
130.539995
130.539995
130.539995
130.539995
130.539995
130.539995
130.539995
130.539995
130.539995
130.539995
130.539995
130.539995
130.539995
130.539995
130.539995
130.539995
130.539995
130.539995
130.539995
130.539995
130.539995
130.539995
130.539995
130.539995
130.539995
130.427022
130.427022
130.427022
130.427022
130.427022
130.427022
130.427022
130.427022
130.427022
130.411811
130.411811
130.411811
130.411811
130.411811
130.411811
130.411811
130.411811
130.411811
130.411811
130.411811
130.191407
130.191407
130.191407
130.191407
130.191407
130.191407
130.191407
130.191407
130.191407
130.191407
130.191407
130.191407
130.191407
130.191407
130.191407
130.191407
130.191407
130.191407
130.191407
130.191407
130.191407
130.191407
130.191407
130.191407
130.191407
130.191407
130.191407
130.191407
130.191407
130.191407
130.191407
130.191407
130.191407
130.191407
130.191407
130.191407
130.191407
130.191407
130.191407
130.191407
130.191407
130.191407
129.979465
129.979465
129.979465
129.979465
129.979465
129.979465
129.979465
129.979465
129.979465
129.979465
129.979465
129.979465
129.979465
129.979465
129.979465
129.965253
129.965253
129.965253
129.965253
129.965253
129.965253
129.965253
129.965253
129.965253
129.965253
129.744378
129.744378
129.744378
129.744378
129.744378
129.744378
129.744378
129.744378
129.744378
129.744378
129.744378
129.744378
129.744378
129.744378
129.744378
129.744378
129.744378
129.744378
129.744378
129.744378
129.744378
129.744378
129.744378
129.744378
129.744378
129.744378
129.744378
129.744378
129.744378
129.744378
129.744378
129.744378
129.744378
129.744378
129.744378
129.744378
129.744378
129.744378
129.744378
129.744378
129.744378
129.744378
129.744378
129.574498
129.574498
129.574498
129.574498
129.574498
129.574498
129.574498
129.574498
129.574498
129.574498
129.574498
129.574498
129.531109
129.531109
129.531109
129.531109
129.531109
129.531109
129.531109
129.531109
129.531109
129.531109
129.531109
129.531109
129.227281
129.227281
129.227281
129.227281
129.227281
129.227281
129.227281
129.227281
129.227281
129.227281
128.966663
128.966663
128.966663
128.966663
128.966663
128.966663
128.966663
128.966663
128.966663
128.966663
128.803756
128.803756
128.803756
128.764532
128.764532
128.764532
128.764532
128.764532
128.764532
128.764532
128.764532
128.764532
128.764532
128.764532
128.764532
128.764532
128.377639
128.377639
128.377639
128.377639
128.377639
128.377639
128.377639
128.377639
128.377639
128.377639
128.185803
128.185803
128.185803
128.185803
128.185803
128.185803
128.185803
128.185803
128.185803
128.185803
128.185803
128.185803
128.185803
128.185803
128.185803
128.185803
128.185803
128.185803
128.185803
128.185803
128.185803
128.185803
128.185803
128.185803
128.185803
128.185803
128.185803
128.185803
128.185803
128.185803
128.185803
128.185803
128.185803
128.185803
128.185803
128.185803
128.185803
128.185803
128.185803
128.185803
128.156901
128.156901
128.156901
128.156901
128.156901
128.156901
128.156901
128.156901
128.156901
128.156901
128.156901
128.156901
128.156901
128.156901
128.156901
128.156901
128.156901
128.156901
128.156901
128.156901
128.156901
128.156901
128.156901
128.156901
128.156901
128.156901
128.156901
128.156901
128.156901
128.156901
127.623901
127.623901
127.623901
127.623901
127.623901
127.623901
127.623901
127.623901
127.623901
127.623901
127.623901
127.623901
127.623901
127.623901
127.623901
127.623901
127.623901
127.623901
127.623901
127.623901
127.623901
127.623901
127.623901
127.623901
127.623901
127.623901
127.623901
127.623901
127.623901
127.623901
127.623901
127.623901
127.623901
127.623901
127.623901
127.623901
127.623901
127.313727
127.313727
127.313727
126.918813
126.918813
126.918813
126.918813
126.918813
126.918813
126.918813
126.918813
126.918813
126.918813
126.918813
126.918813
126.918813
126.918813
126.918813
126.918813
126.918813
126.918813
126.918813
126.918813
126.918813
126.918813
126.918813
126.918813
126.583561
126.583561
126.583561
126.583561
126.583561
126.305373
126.305373
126.305373
126.305373
126.305373
126.305373
126.305373
126.305373
126.305373
126.305373
126.305373
126.305373
126.305373
126.305373
126.305373
126.251008
126.251008
126.251008
126.251008
126.251008
126.251008
126.251008
126.251008
126.251008
126.251008
126.251008
126.251008
126.251008
126.251008
126.251008
126.251008
126.251008
126.251008
126.251008
126.251008
126.251008
126.251008
126.251008
126.251008
126.251008
126.251008
126.251008
126.251008
126.251008
126.251008
125.787118
125.787118
125.787118
125.787118
125.787118
125.787118
125.787118
125.787118
125.787118
125.787118
125.782894
125.782894
125.782894
125.782894
125.782894
125.782894
125.782894
125.782894
125.782894
125.782894
125.782894
125.782894
125.782894
125.782894
125.782894
125.782894
125.782894
125.782894
125.782894
125.782894
125.782894
125.782894
125.782894
125.782894
125.782894
125.782894
125.782894
125.782894
125.782894
125.782894
125.782894
125.782894
125.782894
125.782894
125.782894
125.782894
125.782894
125.782894
125.782894
125.782894
125.782894
125.782894
125.782894
125.782894
125.782894
125.782894
125.782894
125.782894
125.782894
125.782894
125.732966
125.732966
125.732966
125.732966
125.732966
125.732966
125.732966
125.732966
125.732966
125.732966
125.732966
125.732966
125.732966
125.732966
125.732966
125.732966
125.732966
125.732966
125.732966
125.732966
125.732966
125.732966
125.732966
125.732966
125.732966
125.732966
125.732966
125.732966
125.732966
125.732966
125.732966
125.732966
125.727154
125.727154
125.727154
125.727154
125.727154
125.727154
125.727154
125.727154
125.727154
125.727154
125.727154
125.727154
125.727154
125.727154
125.727154
125.727154
125.727154
125.727154
125.549934
125.549934
125.549934
125.549934
125.549934
125.403351
125.403351
125.403351
125.403351
125.403351
125.399565
125.399565
125.399565
125.399565
125.399565
125.399565
125.399565
125.399565
125.399565
125.399565
125.372402
125.372402
125.372402
125.372402
125.372402
125.372402
125.372402
125.372402
125.372402
125.372402
125.372402
125.372402
125.372402
125.372402
125.372402
125.372402
125.372402
125.372402
125.372402
125.372402
125.372402
125.372402
125.372402
125.372402
125.372402
125.372402
125.372402
125.372402
125.372402
125.372402
125.372402
125.372402
125.372402
125.372402
125.372402
125.372402
125.372402
125.372402
125.372402
125.372402
125.372402
125.372402
125.372402
125.184101
125.184101
125.184101
125.184101
125.184101
125.184101
125.184101
125.184101
125.184101
125.184101
125.184101
125.184101
125.184101
125.184101
125.184101
125.184101
125.184101
125.149444
125.149444
125.149444
125.136502
125.136502
125.136502
125.136502
125.136502
125.136502
125.136502
125.136502
125.136502
125.136502
125.136502
125.136502
125.136502
125.136502
125.136502
125.136502
125.136502
125.136502
125.136502
125.136502
125.136502
125.136502
125.136502
125.112911
125.112911
125.112911
125.112911
125.112911
125.112911
125.112911
125.112911
125.112911
125.112911
125.112911
125.112911
125.112911
125.112911
125.112911
125.112911
125.112911
125.112911
125.112911
125.112911
125.112911
125.112911
125.112911
125.112911
125.111397
125.111397
125.111397
125.111397
125.111397
125.111397
125.111397
125.111397
125.111397
125.111397
125.111397
125.111397
125.111397
125.111397
125.111397
125.111397
125.111397
125.111397
125.111397
125.111397
125.111397
125.111397
125.111397
125.111397
125.111397
125.111397
125.111397
125.111397
125.111397
125.111397
125.111397
125.111397
125.111397
125.111397
125.111397
125.111397
125.111397
125.111397
125.111397
125.111397
125.111397
125.111397
125.111397
125.111397
125.111397
125.111397
125.111397
125.111397
125.111397
125.111397
125.111397
125.111397
125.111397
125.111397
125.111397
125.111397
125.111397
125.111397
125.111397
125.111397
125.100615
125.100615
125.100615
125.100615
125.100615
125.100615
125.065778
125.065778
125.065778
125.065778
125.065778
125.065778
125.065778
125.065778
125.065778
125.065778
125.065778
125.065778
125.065778
125.065778
125.065778
125.065778
125.065778
125.065778
125.065778
125.065778
125.065778
125.065778
125.065778
125.065778
125.065778
125.065778
125.065778
125.065778
125.065778
125.065778
125.022727
125.022727
125.022727
125.022727
125.022727
125.022727
125.022727
125.022727
125.022727
125.022727
125.022727
125.022727
125.022727
125.022727
125.022727
125.022727
125.022727
125.022727
125.022727
125.022727
125.022727
125.022727
125.022727
125.022727
125.022727
125.022727
125.022727
125.022727
125.022727
125.022727
125.019939
125.019939
125.019939
125.019939
125.019939
125.019939
125.019939
125.019939
125.019939
125.019939
125.019939
125.019939
125.019939
125.019939
125.019939
125.019939
125.019939
124.997224
124.997224
124.997224
124.997224
124.997224
124.997224
124.997224
124.997224
124.997224
124.997224
124.997224
124.997224
124.997224
124.997224
124.997224
124.997224
124.997224
124.997224
124.997224
124.997224
124.995751
124.995751
124.995751
124.962350
124.962350
124.962350
124.962350
124.962350
124.962350
124.962350
124.962350
124.962350
124.962350
124.962350
124.962350
124.962350
124.962350
124.962350
124.962350
124.962350
124.962350
124.962350
124.962350
124.962350
124.962350
124.962350
124.962350
124.962350
124.962350
124.962350
124.962350
124.962350
124.962350
124.962350
124.962350
124.917746
124.917746
124.917746
124.917746
124.917746
124.917746
124.917746
124.917746
124.917746
124.917746
124.917746
124.917746
124.917746
124.917746
124.917746
124.917746
124.917746
124.909574
124.909574
124.909574
124.909574
124.909574
124.909574
124.909574
124.909574
124.909574
124.909574
124.909574
124.909574
124.909574
124.909574
124.909574
124.908888
124.908888
124.889003
124.889003
124.889003
124.889003
124.889003
124.889003
124.889003
124.889003
124.889003
124.889003
124.889003
124.889003
124.889003
124.889003
124.815297
124.815297
124.815297
124.815297
124.815297
124.815297
124.803355
124.803355
124.803355
124.803355
124.803355
124.803355
124.803355
124.803355
124.803355
124.803355
124.795896
124.795896
124.795896
124.795896
124.795896
124.795896
124.780577
124.780577
124.780577
124.780577
124.778448
124.778448
124.778448
124.778448
124.778448
124.778448
124.778448
124.778448
124.778448
124.778448
124.778448
124.778448
124.778448
124.778448
124.778448
124.778448
124.722324
124.722324
124.722324
124.722324
124.722324
124.722324
124.722324
124.722324
124.722324
124.722324
124.710317
124.710317
124.710317
124.710317
124.710317
124.710317
124.710317
124.710317
124.710317
124.710317
124.665374
124.665374
124.665374
124.665374
124.665374
124.665374
124.665374
124.665374
124.665374
124.665374
124.665374
124.665374
124.665374
124.665374
124.665374
124.665374
124.665374
124.665374
124.665374
124.665374
124.665374
124.665374
124.665374
124.665374
124.665374
124.665374
124.665374
124.653734
124.653734
124.653734
124.653734
124.653734
124.653734
124.653734
124.653734
124.653734
124.653734
124.653734
124.653734
124.653734
124.653734
124.653734
124.653734
124.653734
124.653734
124.653734
124.653734
124.653734
124.653734
124.653734
124.653734
124.653734
124.653734
124.653734
124.653734
124.653734
124.653734
124.653734
124.619759
124.619759
124.619759
124.619759
124.609159
124.609159
124.609159
124.609159
124.609159
124.609159
124.609159
124.609159
124.609159
124.609159
124.609159
124.609159
124.609159
124.609159
124.609159
124.609159
124.555283
124.555283
124.555283
124.555283
124.555283
124.555283
124.555283
124.555283
124.555283
124.555283
124.555283
124.555283
124.553618
124.553618
124.553618
124.553618
124.553618
124.553618
124.553618
124.503276
124.503276
124.503276
124.503276
124.503276
124.494563
124.494563
124.494563
124.494563
124.494563
124.494563
124.494563
124.494563
124.494563
124.494563
124.485248
124.485248
124.485248
124.485248
124.485248
124.485248
124.479097
124.479097
124.479097
124.479097
124.479097
124.479097
124.479097
124.419259
124.419259
124.419259
124.419259
124.419259
124.419259
124.419259
124.419259
124.419259
124.419259
124.419259
124.419259
124.419259
124.419259
124.419259
124.419259
124.419259
124.390957
124.390957
124.390957
124.390957
124.390957
124.390957
124.390957
124.390957
124.369792
124.369792
124.369792
124.369792
124.369792
124.369792
124.369792
124.369792
124.369792
124.369792
124.369792
124.369792
124.369792
124.369792
124.369792
124.369792
124.369792
124.369792
124.369792
124.369792
124.369792
124.369792
124.369792
124.369792
124.369792
124.369792
124.369792
124.369792
124.369792
124.369792
124.369792
124.369792
124.369792
124.369792
124.369792
124.369792
124.369792
124.369792
124.369792
124.369792
124.369792
124.369792
124.369792
124.369792
124.369792
124.369792
124.369792
124.369792
124.369792
124.369792
124.369792
124.369792
124.369792
124.369792
124.369792
124.369792
124.369792
124.369792
124.369792
124.369792
124.366269
124.366269
124.366269
124.366269
124.366269
124.366269
124.366269
124.366269
124.366269
124.366269
124.366269
124.366269
124.366269
124.366269
124.366269
124.366269
124.366269
124.366269
124.366269
124.366269
124.366269
124.366269
124.366269
124.366269
124.366269
124.366269
124.366269
124.366269
124.366269
124.366269
124.366269
124.366269
124.366269
124.366269
124.366269
124.366269
124.366269
124.366269
124.364018
124.364018
124.351062
124.351062
124.351062
124.351062
124.351062
124.351062
124.351062
124.351062
124.351062
124.351062
124.351062
124.351062
124.351062
124.351062
124.351062
124.351062
124.351062
124.351062
124.351062
124.351062
124.344808
124.344808
124.344808
124.344808
124.344808
124.344808
124.344808
124.344808
124.344808
124.344808
124.344808
124.344808
124.344808
124.344808
124.344808
124.344808
124.344808
124.344808
124.344808
124.344808
124.344808
124.344808
124.344808
124.344808
124.344808
124.344808
124.344808
124.344808
124.344808
124.344808
124.344808
124.344808
124.344808
124.344808
124.339490
124.339490
124.339490
124.339490
124.339490
124.339490
124.334441
124.334441
124.334441
124.334441
124.334441
124.334441
124.334441
124.334441
124.334441
124.334441
124.334441
124.334441
124.334441
124.334441
124.325936
124.325936
124.325936
124.325936
124.325936
124.325936
124.325936
124.325936
124.325936
124.325936
124.325936
124.325936
124.325936
124.325936
124.325936
124.325936
124.325936
124.325936
124.325936
124.325936
124.325936
124.325936
124.325936
124.325936
124.325936
124.325936
124.325936
124.325936
124.325936
124.325936
124.311756
124.311756
124.311756
124.311756
124.311756
124.311756
124.311756
124.311756
124.311756
124.311756
124.311756
124.311756
124.311756
124.311756
124.311756
124.311756
124.311756
124.311756
124.311756
124.311756
124.291549
124.291549
124.291549
124.291549
124.291549
124.291549
124.291549
124.291549
124.291549
124.291549
124.291549
124.291549
124.291549
124.291549
124.291549
124.291549
124.291549
124.291549
124.291549
124.291549
124.291549
124.291549
124.291549
124.291549
124.291549
124.291549
124.291549
124.291549
124.291549
124.291549
124.291549
124.291549
124.291549
124.291549
124.291549
124.291549
124.291549
124.291549
124.291549
124.291549
124.291549
124.291549
124.291549
124.291549
124.290756
124.290756
124.290756
124.290756
124.290756
124.290756
124.290756
124.290756
124.290756
124.282438
124.282438
124.282438
124.282438
124.282438
124.279391
124.279391
124.279391
124.279391
124.279391
124.273886
124.273886
124.273886
124.273886
124.273886
124.273886
124.273886
124.273886
124.273886
124.273886
124.265865
124.265865
124.265865
124.265865
124.265865
124.265865
124.265865
124.265865
124.265865
124.265865
124.262750
124.262750
124.262750
124.262750
124.262750
124.262750
124.262750
124.262750
124.262750
124.262750
124.262750
124.262750
124.262750
124.262750
124.262750
124.262750
124.262750
124.262750
124.254043
124.254043
124.253543
124.253543
124.253543
124.253543
124.253543
124.253543
124.253543
124.253543
124.253543
124.253543
124.223911
124.223911
124.223911
124.223911
124.223911
124.223911
124.223911
124.223911
124.223911
124.223911
124.223911
124.223911
124.223911
124.223911
124.223911
124.223911
124.223911
124.223911
124.198033
124.198033
124.198033
124.198033
124.198033
124.198033
124.198033
124.198033
124.198033
124.198033
124.198033
124.198033
124.198033
124.198033
124.198033
124.198033
124.198033
124.198033
124.198033
124.198033
124.198033
124.198033
124.198033
124.198033
124.198033
124.198033
124.198033
124.198033
124.198033
124.198033
124.198033
124.198033
124.198033
124.179715
124.179715
124.179715
124.179715
124.179715
124.179715
124.179715
124.179715
124.179715
124.179715
124.179715
124.179715
124.179715
124.179715
124.179715
124.179715
124.174191
124.174191
124.174191
124.174191
124.174191
124.174191
124.174191
124.174191
124.174191
124.174191
124.171441
124.171441
124.171441
124.171441
124.171441
124.171441
124.171441
124.171441
124.171441
124.171441
124.171441
124.171441
124.171441
124.171441
124.171441
124.171441
124.171441
124.171441
124.171441
124.171441
124.171441
124.171441
124.171441
124.171441
124.171441
124.171441
124.171441
124.171441
124.171441
124.171441
124.171441
124.171441
124.171441
124.171441
124.171441
124.171441
124.171441
124.171441
124.151291
124.151291
124.151291
124.151291
124.151291
124.151291
124.151291
124.151291
124.151291
124.151291
124.151291
124.151291
124.151291
124.151291
124.151291
124.151291
124.151291
124.151291
124.151291
124.151291
124.150381
124.150381
124.150381
124.144562
124.144562
124.144562
124.144562
124.144562
124.144562
124.144562
124.144562
124.144562
124.130741
124.130741
124.130741
124.130741
124.088914
124.088914
124.088914
124.088914
124.088914
124.088914
124.088914
124.088914
124.088914
124.088914
124.088914
124.088914
124.088914
124.088914
124.088914
124.088914
124.088914
124.088914
124.088914
124.088914
124.088379
124.088379
124.088379
124.088379
124.087812
124.087812
124.087812
124.087812
124.087812
124.068863
124.068863
124.068863
124.068863
124.068863
124.068863
124.068863
124.068863
124.068863
124.068863
124.068863
124.068863
124.068863
124.068863
124.068863
124.068863
124.068863
124.068863
124.068863
124.068863
124.068863
124.068863
124.068863
124.068863
124.068863
124.068863
124.068863
124.068863
124.068863
124.068863
124.068863
124.068863
124.068863
124.068863
124.068863
124.068863
124.068863
124.068863
124.068863
124.068863
124.068863
124.051588
124.051588
124.051588
124.051588
124.051588
124.051588
124.051588
124.051588
124.051588
124.051588
124.051588
124.051588
124.051588
124.051588
124.051588
124.051588
124.051588
124.051588
124.051588
124.022186
124.022186
124.022186
124.022186
124.022186
124.022186
124.022186
124.022186
124.022186
124.022186
124.019699
124.019699
124.019699
124.019699
124.019699
124.019699
124.019699
124.019699
124.019699
124.019699
124.019699
124.019699
124.019699
124.019699
124.019699
124.019699
124.019699
124.012479
124.012479
124.012479
124.012479
124.012479
124.012479
124.012479
124.012479
124.012479
124.012479
124.012479
124.012479
124.012479
124.012479
124.012479
124.012479
124.012479
124.012479
124.012479
124.012479
124.012479
124.012479
124.012479
124.012479
124.012479
124.012479
124.012479
124.012479
124.012479
124.012479
124.012479
124.012479
124.012479
124.012479
124.012479
124.012479
124.012479
124.012479
124.012479
124.012479
124.012479
124.012479
124.012479
124.012479
124.012479
124.012479
124.012479
124.012479
124.012479
124.012479
124.012479
124.012479
124.012479
124.012479
124.012479
124.012479
124.012479
124.012479
124.012479
124.012479
124.012479
124.012479
124.012479
124.012479
124.012479
124.012479
124.012479
124.012479
124.012479
124.012479
124.012479
124.012479
124.012479
124.012479
124.012479
124.012479
124.012479
124.012479
124.012479
124.012479
124.012479
124.012479
124.012479
124.012479
124.012479
124.012479
124.012479
124.012479
124.012479
124.012479
124.011369
124.011369
124.011369
124.011369
124.005425
124.005425
124.005425
124.005425
124.005425
124.005425
124.005425
124.005425
124.005425
124.005425
124.005425
124.005425
124.005425
124.005425
124.005425
124.005425
124.005425
124.005425
124.005425
124.005425
124.005425
124.005425
124.005425
124.005425
124.005425
124.005425
123.984048
123.984048
123.984048
123.984048
123.984048
123.984048
123.984048
123.984048
123.984048
123.984048
123.984048
123.984048
123.984048
123.984048
123.984048
123.984048
123.984048
123.984048
123.984048
123.984048
123.984048
123.984048
123.984048
123.984048
123.976765
123.976765
123.976765
123.976765
123.976765
123.976765
123.976765
123.976765
123.976765
123.976765
123.976236
123.976236
123.976236
123.976236
123.976236
123.976236
123.976236
123.976236
123.976236
123.976236
123.976236
123.976236
123.976236
123.976236
123.976236
123.976236
123.976236
123.976236
123.976236
123.976236
123.976236
123.976236
123.976236
123.976236
123.976236
123.976236
123.976236
123.976236
123.976236
123.976236
123.976236
123.976236
123.976236
123.976236
123.976236
123.976236
123.976236
123.976236
123.976236
123.976236
123.976236
123.976236
123.976236
123.976236
123.970540
123.970540
123.970540
123.970540
123.970540
123.970540
123.970540
123.970540
123.970540
123.970540
123.970540
123.970540
123.970540
123.970540
123.970540
123.970540
123.970540
123.970540
123.970540
123.970540
123.970425
123.970425
123.970425
123.970425
123.970425
123.970425
123.970425
123.970425
123.970425
123.970425
123.970425
123.970425
123.967210
123.967210
123.967210
123.967210
123.967210
123.967210
123.967210
123.967210
123.967210
123.967210
123.967210
123.967210
123.967210
123.967210
123.967210
123.967210
123.967210
123.967210
123.967210
123.967210
123.967210
123.967210
123.967210
123.946131
123.946131
123.946131
123.946131
123.946131
123.946131
123.946131
123.946131
123.946131
123.946131
123.923869
123.923869
123.923869
123.923869
123.923869
123.923869
123.923869
123.923869
123.923869
123.923869
123.923869
123.923869
123.923869
123.923869
123.923869
123.923869
123.923869
123.923869
123.923869
123.923869
123.920361
123.920361
123.920361
123.920361
123.920361
123.920361
123.920361
123.920361
123.920361
123.920361
123.920361
123.920361
123.920361
123.920361
123.920361
123.920361
123.920361
123.920361
123.920361
123.920361
123.919982
123.919982
123.919982
123.919982
123.919982
123.919982
123.919982
123.919982
123.919982
123.919982
123.919982
123.919982
123.919982
123.919982
123.919982
123.919982
123.919982
123.919982
123.919982
123.919982
123.919982
123.919982
123.919982
123.919982
123.919982
123.919982
123.919982
123.919982
123.919982
123.919982
123.919982
123.919982
123.919982
123.919982
123.919982
123.919982
123.919982
123.919982
123.919982
123.919982
123.919461
123.919461
123.919461
123.919461
123.919461
123.919461
123.919461
123.919461
123.919461
123.919461
123.917126
123.917126
123.917126
123.917126
123.917126
123.917126
123.917126
123.917126
123.917126
123.917126
123.917126
123.917126
123.917126
123.917126
123.917126
123.917126
123.917126
123.917126
123.917126
123.917126
123.917126
123.917126
123.917126
123.917126
123.917126
123.917126
123.917126
123.917126
123.917126
123.917126
123.917126
123.917126
123.917126
123.917126
123.917126
123.917126
123.917126
123.917126
123.917126
123.917126
123.916902
123.916902
123.916902
123.916902
123.916902
123.916902
123.916902
123.916902
123.916902
123.916902
123.916902
123.916902
123.916902
123.916902
123.916902
123.916902
123.916902
123.916902
123.916902
123.916902
123.916902
123.916902
123.916902
123.916902
123.916902
123.916902
123.916902
123.916902
123.916902
123.916902
123.916902
123.916902
123.916902
123.916902
123.916902
123.916902
123.916902
123.916902
123.916902
123.916902
123.916902
123.916902
123.916902
123.916902
123.916902
123.916902
123.916902
123.916902
123.916902
123.916902
123.916902
123.916902
123.916902
123.916902
123.916902
123.916902
123.916902
123.916902
123.916902
123.916902
123.916902
123.916902
123.916902
123.916902
123.916902
123.916902
123.916902
123.916902
123.916902
123.916902
123.916902
123.916902
123.916902
123.916902
123.916902
123.916902
123.916902
123.916902
123.916902
123.916902
123.915040
123.853276
123.853276
123.853276
123.853276
123.853276
123.853276
123.853276
123.853276
123.853276
123.853276
123.853276
123.853276
123.853276
123.853276
123.853276
123.853276
123.853276
123.853276
123.853276
123.853276
123.853276
123.853276
123.853276
123.853276
123.853276
123.853276
123.853276
123.853276
123.853276
123.853276
123.852942
123.852942
123.852942
123.852942
123.852942
123.852942
123.852942
123.842993
123.842993
123.842993
123.842993
123.842993
123.842993
123.842993
123.832594
123.832594
123.832594
123.832594
123.832594
123.832594
123.832594
123.832594
123.832594
123.832594
123.832415
123.832415
123.832415
123.832415
123.832415
123.832415
123.832415
123.832415
123.832415
123.832415
123.818492
123.818492
123.818492
123.818492
123.818492
123.818492
123.818492
123.818492
123.818492
123.818492
123.818332
123.818332
123.818332
123.818332
123.818332
123.818332
123.818332
123.818332
123.818332
123.818332
123.818332
123.818332
123.818332
123.809441
123.809441
123.809441
123.809441
123.809441
123.809441
123.809441
123.809441
123.809441
123.809441
123.809441
123.809441
123.809441
123.809441
123.809441
123.809441
123.809441
123.809441
123.809441
123.809441
123.808762
123.808762
123.808762
123.808762
123.808762
123.808762
123.808762
123.808762
123.808762
123.808762
123.808738
123.808738
123.808738
123.808738
123.808738
123.808738
123.808738
123.808738
123.808738
123.808738
123.808738
123.808738
123.808738
123.808738
123.808738
123.808738
123.808738
123.808738
123.808738
123.808738
123.808738
123.808738
123.808738
123.808738
123.808738
123.808738
123.808738
123.808738
123.808738
123.808738
123.808738
123.808738
123.808738
123.808738
123.808738
123.808738
123.808738
123.808738
123.808738
123.808738
123.808738
123.808738
123.808738
123.808738
123.808738
123.792602
123.792602
123.792602
123.792602
123.792602
123.792602
123.792602
123.792602
123.792602
123.792602
123.792602
123.792602
123.792602
123.792602
123.792602
123.792602
123.792602
123.792602
123.779432
123.779432
123.779432
123.779432
123.779432
123.779432
123.779432
123.779432
123.779432
123.779432
123.779432
123.779432
123.779432
123.779432
123.779432
123.779432
123.779432
123.779432
123.779432
123.779432
123.779432
123.779432
123.779432
123.779432
123.779432
123.779432
123.779432
123.779432
123.779432
123.774376
123.774376
123.774376
123.774376
123.774376
123.774376
123.774376
123.774376
123.774376
123.774376
123.774376
123.774376
123.774376
123.774376
123.774376
123.774376
123.774376
123.774376
123.774376
123.774376
123.774376
123.774376
123.774376
123.758919
123.758919
123.758919
123.758919
123.758919
123.758919
123.758919
123.758919
123.758919
123.758919
123.758919
123.758919
123.758919
123.758919
123.758919
123.758919
123.758919
123.758919
123.758919
123.758919
123.758830
123.758830
123.758830
123.758830
123.758830
123.758830
123.758830
123.758830
123.758830
123.758830
123.743571
123.743571
123.743571
123.743571
123.743571
123.743571
123.743571
123.743571
123.743571
123.743571
123.743571
123.743571
123.743571
123.743571
123.743571
123.743571
123.743571
123.743571
123.743571
123.743571
123.743571
123.743571
123.743571
123.743571
123.743571
123.743571
123.743571
123.743571
123.743571
123.743571
123.743571
123.743571
123.743571
123.743571
123.743571
123.743571
123.743571
123.743571
123.743571
123.743571
123.743571
123.743571
123.743571
123.743571
123.743571
123.743571
123.743571
123.743571
123.743571
123.743571
123.743161
123.743161
123.743161
123.743161
123.743161
123.743161
123.743161
123.743161
123.743161
123.743161
123.743161
123.743161
123.743161
123.743161
123.743161
123.743161
123.743161
123.743161
123.743161
123.743161
123.743161
123.743161
123.743161
123.743161
123.743161
123.743161
123.743161
123.743161
123.743161
123.743161
123.743161
123.743161
123.743161
123.743161
123.743161
123.743161
123.743161
123.737329
123.737329
123.737329
123.737329
123.737329
123.737329
123.737329
123.737329
123.737329
123.737329
123.737329
123.737329
123.737329
123.737329
123.737329
123.737329
123.737329
123.731045
123.731045
123.731045
123.731045
123.731045
123.731045
123.731045
123.731045
123.731045
123.731045
123.731045
123.731045
123.731045
123.731045
123.731045
123.731045
123.731045
123.731045
123.731045
123.731045
123.730694
123.730694
123.730694
123.730694
123.730694
123.730694
123.730694
123.730694
123.730694
123.730694
123.730694
123.722450
123.722450
123.722450
123.722450
123.722450
123.722450
123.722450
123.716301
123.716301
123.716301
123.713911
123.713911
123.713911
123.713911
123.713911
123.713911
123.713911
123.699130
123.699130
123.699130
123.699130
123.699130
123.699130
123.699130
123.699130
123.699130
123.699130
123.699130
123.699130
123.699130
123.699130
123.699130
123.699130
123.699130
123.699130
123.699130
123.699130
123.699130
123.699130
123.699130
123.699130
123.699130
123.699130
123.699130
123.699130
123.699130
123.699130
123.699130
123.699130
123.699130
123.699130
123.699130
123.699130
123.699130
123.699130
123.699130
123.699130
123.699130
123.699130
123.699130
123.699130
123.699130
123.699130
123.699130
123.699130
123.699130
123.699130
123.699130
123.699130
123.686266
123.686266
123.686266
123.686266
123.686266
123.686266
123.686266
123.686266
123.686266
123.686266
123.686266
123.686266
123.686266
123.686266
123.681104
123.681104
123.681104
123.681104
123.681104
123.681104
123.681104
123.681104
123.681104
123.681104
123.681104
123.681104
123.681104
123.681104
123.659634
123.659634
123.659634
123.659634
123.659634
123.659634
123.659634
123.659634
123.659634
123.659634
123.648354
123.648354
123.648354
123.648354
123.648354
123.648354
123.648354
123.648354
123.648354
123.648354
123.648354
123.648354
123.648354
123.648354
123.648354
123.648354
123.648354
123.648354
123.648354
123.648354
123.648354
123.648354
123.648354
123.648354
123.648354
123.648354
123.648354
123.648354
123.648354
123.648354
123.648354
123.648354
123.648354
123.648354
123.648354
123.648354
123.648354
123.648354
123.648354
123.648354
123.648354
123.648354
123.648354
123.648354
123.648354
123.615900
123.615900
123.615900
123.615900
123.615900
123.615900
123.615900
123.615900
123.615900
123.615900
123.614940
123.614940
123.614940
123.614940
123.614940
123.614940
123.614940
123.614940
123.614940
123.614940
123.614940
123.614940
123.614940
123.614940
123.614940
123.614940
123.614940
123.614940
123.614940
123.614940
123.614940
123.614940
123.614940
123.614940
123.614940
123.614940
123.614940
123.614940
123.614940
123.614940
123.612110
123.612110
123.612110
123.612110
123.612110
123.612110
123.612110
123.612110
123.612110
123.612110
123.612110
123.612110
123.612110
123.612110
123.612110
123.612110
123.612110
123.612110
123.612110
123.612110
123.612110
123.612110
123.612110
123.612110
123.612110
123.612110
123.612110
123.612110
123.612110
123.612110
123.612110
123.612110
123.612110
123.574298
123.574298
123.574298
123.574298
123.574298
123.574298
123.574298
123.574298
123.574298
123.574298
123.574298
123.574298
123.574298
123.574298
123.574298
123.574298
123.574298
123.574298
123.574298
123.574298
123.573121
123.573121
123.573121
123.573121
123.573121
123.573121
123.573121
123.573121
123.573121
123.573121
123.573121
123.573121
123.573121
123.573121
123.573121
123.573121
123.573121
123.573121
123.573121
123.573121
123.573121
123.573121
123.543389
123.543389
123.543389
123.543389
123.543389
123.543389
123.543389
123.543389
123.543389
123.543389
123.532508
123.532508
123.532508
123.532508
123.532508
123.532508
123.532508
123.532508
123.532508
123.532508
123.522173
123.522173
123.522173
123.522173
123.522173
123.522173
123.522173
123.522173
123.522173
123.522173
123.522010
123.522010
123.522010
123.522010
123.522010
123.522010
123.522010
123.522010
123.522010
123.522010
123.472818
123.472818
123.472818
123.472818
123.472818
123.472818
123.472818
123.472818
123.472818
123.472818
123.472779
123.472779
123.472779
123.472779
123.472779
123.465751
123.465751
123.465751
123.465751
123.465751
123.465751
123.465751
123.465751
123.465751
123.465751
123.465751
123.465751
123.465751
123.465751
123.465751
123.465751
123.465751
123.465751
123.465751
123.465751
123.465751
123.465751
123.465751
123.465751
123.465751
123.465751
123.465751
123.465751
123.454604
123.454604
123.454604
123.454604
123.454604
123.454604
123.454604
123.454604
123.454604
123.454604
123.436592
123.436592
123.436592
123.436592
123.436592
123.436592
123.436592
123.436592
123.436592
123.436592
123.436592
123.436592
123.436592
123.436592
123.436592
123.436592
123.436592
123.426347
123.426347
123.426347
123.426347
123.426347
123.426347
123.426347
123.426347
123.426347
123.426347
123.426347
123.426347
123.426347
123.426347
123.426347
123.426347
123.426347
123.426347
123.426347
123.426347
123.426347
123.426347
123.426347
123.426347
123.426347
123.426347
123.421047
123.421047
123.410561
123.410561
123.410561
123.410561
123.404826
123.404826
123.404826
123.404826
123.404826
123.404826
123.404826
123.404826
123.350650
123.350650
123.350650
123.350650
123.350650
123.350650
123.350650
123.350650
123.350650
123.350650
123.350650
123.350650
123.309531
123.309531
123.309531
123.309531
123.309531
123.309531
123.309531
123.309531
123.309531
123.309531
123.309531
123.309531
123.309531
123.309531
123.234726
123.234726
123.234726
123.234726
123.215739
123.215739
123.215739
123.215739
123.215739
123.215739
123.215739
123.215739
123.215739
123.215739
123.215739
123.215739
123.215739
123.215739
123.215739
123.215739
123.178878
123.178878
123.178878
123.178878
123.178878
123.178878
123.178878
123.178878
123.178878
123.178878
123.178878
123.178878
123.178878
123.178878
123.178878
123.178878
123.178878
123.178878
123.178878
123.178878
123.178878
123.178878
123.125580
123.125580
123.125580
123.125580
123.125580
123.125580
123.125580
123.125580
123.125580
123.125580
123.125580
123.125580
123.109073
123.109073
123.109073
123.109073
123.109073
123.109073
123.109073
123.109073
123.074634
123.074634
123.074634
123.074634
123.074634
123.074634
123.074634
123.074634
123.074634
123.074634
123.074634
123.074634
123.074634
123.074634
122.981008
122.981008
122.981008
122.981008
122.981008
122.981008
122.981008
122.981008
122.981008
122.981008
122.981008
122.981008
122.981008
122.981008
122.981008
122.981008
122.981008
122.981008
122.981008
122.981008
122.981008
122.981008
122.981008
122.981008
122.981008
122.981008
122.981008
122.981008
122.981008
122.981008
122.981008
122.981008
122.981008
122.981008
122.981008
122.981008
122.981008
122.981008
122.926557
122.926557
122.926557
122.926557
122.926557
122.926557
122.926557
122.926557
122.926557
122.926557
122.926557
122.926557
122.926557
122.926557
122.926557
122.865864
122.865864
122.865864
122.865864
122.865864
122.865864
122.865864
122.785646
122.785646
122.785646
122.785646
122.785646
122.785646
122.785646
122.785646
122.753539
122.753539
122.670515
122.670515
122.670515
122.670515
122.670515
122.670515
122.670515
122.670515
122.670515
122.670515
122.611686
122.611686
122.611686
122.611686
122.611686
122.611686
122.611686
122.611686
122.611686
122.611686
122.611686
122.611686
122.611686
122.611686
122.611686
122.611686
122.611686
122.611686
122.611686
122.611686
122.611477
122.611477
122.611477
122.611477
122.611477
122.611477
122.611477
122.611477
122.611477
122.611477
122.611477
122.611477
122.611477
122.611477
122.611477
122.611477
122.611477
122.611477
122.611477
122.611477
122.611477
122.611477
122.611477
122.611477
122.611477
122.611477
122.611477
122.611477
122.611477
122.611477
122.543762
122.543762
122.543762
122.543762
122.543762
122.543762
122.460637
122.460637
122.460637
122.460637
122.460637
122.460637
122.460637
122.460637
122.460637
122.460637
122.460637
122.460637
122.460637
122.460637
122.460637
122.460637
122.460637
122.460637
122.460637
122.460637
122.460637
122.460637
122.460637
122.460637
122.460637
122.460637
122.460637
122.460637
122.460637
122.460637
122.460637
122.460637
122.460637
122.460637
122.460637
122.460637
122.460637
122.460637
122.460637
122.460637
122.460637
122.460637
122.460637
122.460637
122.460637
122.460637
122.460637
122.460637
122.460637
122.460637
122.460637
122.460637
122.460637
122.460637
122.460637
122.460637
122.460637
122.460637
122.460637
122.460637
122.460637
122.460637
122.460637
122.460637
122.460637
122.460637
122.460637
122.460637
122.460637
122.460637
122.459962
122.459962
122.459962
122.459962
122.459962
122.459962
122.459962
122.459962
122.459962
122.459962
122.459962
122.459962
122.459962
122.459962
122.459962
122.459962
122.459962
122.459962
122.459962
122.459962
122.459962
122.459962
122.459962
122.459962
122.459962
122.459962
122.459962
122.459962
122.459962
122.459962
122.459962
122.459962
122.459962
122.459962
122.459962
122.459962
122.459962
122.459962
122.459962
122.459962
122.459962
122.459962
122.459962
122.459962
122.459962
122.459962
122.459962
122.459962
122.459962
122.459962
122.459962
122.459962
122.459962
122.459962
122.459962
122.459962
122.459962
122.459962
122.459962
122.459962
122.459962
122.459962
122.459962
122.459962
122.459962
122.459962
122.459962
122.459962
122.459962
122.459962
122.459845
122.459845
122.459845
122.459845
122.459845
122.459845
122.459845
122.459845
122.459845
122.459845
122.459845
122.459845
122.459845
122.459845
122.459845
122.459845
122.459845
122.459845
122.459845
122.459845
122.459845
122.459845
122.459845
122.459845
122.459845
122.459845
122.459845
122.459845
122.459845
122.459845
122.459845
122.459845
122.459845
122.459845
122.459845
122.459845
122.459845
122.459845
122.459845
122.459845
122.459845
122.459845
122.459845
122.459845
122.459845
122.459845
122.459845
122.459845
122.459845
122.459845
122.459845
122.459845
122.459845
122.459845
122.459845
122.459845
122.459845
122.459845
122.459845
122.459845
122.459845
122.459845
122.459845
122.459845
122.459845
122.459845
122.459845
122.459845
122.459845
122.459845
122.459845
122.459845
122.459845
122.459845
122.459845
122.459845
122.459845
122.459845
122.459845
122.459845
122.459796
122.459796
122.459796
122.459796
122.459796
122.459796
122.459796
122.459285
122.459285
122.459285
122.459285
122.459285
122.459285
122.459285
122.459285
122.459285
122.459285
122.459285
122.459285
122.459285
122.459285
122.459285
122.459285
122.459285
122.459285
122.459285
122.459285
122.459285
122.459285
122.459285
122.459285
122.459285
122.459285
122.459285
122.459285
122.459285
122.459285
122.459285
122.459285
122.459285
122.459285
122.459285
122.459285
122.459285
122.459285
122.459285
122.459285
122.459285
122.459285
122.459285
122.459004
122.459004
122.459004
122.459004
122.459004
122.459004
122.459004
122.459004
122.459004
122.459004
122.459004
122.459004
122.459004
122.459004
122.459004
122.459004
122.459004
122.459004
122.459004
122.459004
122.458816
122.458816
122.458816
122.458816
122.458816
122.458816
122.458816
122.458702
122.458702
122.458702
122.458702
122.458702
122.458620
122.458620
122.458620
122.458620
122.458620
122.458620
122.458620
122.458620
122.458620
122.458620
122.458620
122.458620
122.458620
122.458620
122.458620
122.458620
122.458620
122.458620
122.458470
122.458470
122.458470
122.458470
122.458470
122.458470
122.458470
122.458470
122.458470
122.458470
122.457576
122.457576
122.457576
122.457576
122.457576
122.457576
122.457576
122.457576
122.457576
122.457576
122.457576
122.457576
122.457576
122.457576
122.457576
122.457576
122.457576
122.457576
122.457576
122.457576
122.457576
122.457576
122.457576
122.457576
122.457576
122.457576
122.457576
122.457576
122.457576
122.457576
122.457576
122.457576
122.457576
122.457576
122.457576
122.457576
122.457576
122.457576
122.457576
122.457576
122.457576
122.457576
122.457576
122.457576
122.457576
122.457576
122.457576
122.457576
122.457576
122.457576
122.457576
122.457576
122.457576
122.457576
122.457576
122.457576
122.457576
122.457576
122.457576
122.457576
122.457576
122.457576
122.457503
122.457503
122.457503
122.457503
122.457503
122.457503
122.457503
122.457503
122.457444
122.457444
122.457444
122.457444
122.457444
122.457444
122.457444
122.457444
122.457444
122.457444
122.457246
122.457246
122.457246
122.457246
122.457246
122.457246
122.457246
122.457246
122.457066
122.457066
122.456892
122.456892
122.456892
122.456892
122.456892
122.456892
122.456892
122.456892
122.456892
122.456892
122.456892
122.456892
122.456892
122.456892
122.456892
122.456892
122.456892
122.456892
122.456892
122.456892
122.456892
122.456892
122.456752
122.456752
122.456752
122.456752
122.456752
122.456752
122.456238
122.456238
122.456238
122.456238
122.456238
122.456238
122.456238
122.455804
122.455804
122.455804
122.455804
122.455804
122.455804
122.455804
122.455804
122.455804
122.455804
122.455804
122.455804
122.455804
122.455804
122.455804
122.455646
122.455646
122.455646
122.455646
122.455646
122.455646
122.455646
122.455646
122.455646
122.455646
122.455646
122.455646
122.455576
122.455576
122.455576
122.455576
122.455576
122.455576
122.455273
122.455273
122.455273
122.455273
122.455273
122.455273
122.455273
122.455273
122.455273
122.454831
122.454831
122.454831
122.454831
122.454831
122.454831
122.454831
122.454831
122.454831
122.454831
122.454831
122.454831
122.454831
122.454831
122.454831
122.454831
122.454831
122.454831
122.454831
122.454831
122.454831
122.454831
122.454831
122.454831
122.454831
122.454831
122.454831
122.454831
122.454831
122.454831
122.454193
122.454193
122.454193
122.454193
122.454193
122.454193
122.454193
122.454193
122.454193
122.454193
122.453993
122.453993
122.453993
122.453993
122.453993
122.453993
122.453993
122.453977
122.453977
122.453977
122.453977
122.453977
122.453977
122.453977
122.453977
122.453977
122.453977
122.452845
122.452845
122.452845
122.452845
122.452845
122.452845
122.452845
122.452845
122.452845
122.452845
122.452845
122.452845
122.452845
122.452845
122.452845
122.452845
122.452845
122.452845
122.452845
122.452845
122.452845
122.452845
122.452845
122.452845
122.452845
122.452845
122.452845
122.452845
122.452845
122.452845
122.452845
122.452845
122.452845
122.452845
122.452845
122.452845
122.452845
122.452845
122.452845
122.452845
122.451993
122.451993
122.451993
122.451993
122.451993
122.451993
122.451993
122.451993
122.451993
122.451993
122.451993
122.451993
122.451993
122.451993
122.451993
122.451993
122.451993
122.451993
122.451993
122.451993
122.451993
122.451993
122.451993
122.451993
122.451993
122.451993
122.451993
122.451993
122.451993
122.451993
122.451993
122.451993
122.451993
122.451993
122.451993
122.451993
122.451993
122.451993
122.451993
122.451993
122.451993
122.451993
122.451993
122.451993
122.451993
122.451993
122.451993
122.451993
122.451993
122.451993
122.451871
122.451871
122.451871
122.451871
122.451318
122.451318
122.451318
122.451318
122.451318
122.451318
122.451318
122.451318
122.451318
122.451318
122.451318
122.451318
122.451318
122.451318
122.450830
122.450830
122.450830
122.450830
122.450830
122.450830
122.450830
122.450830
122.450830
122.450830
122.450813
122.450813
122.450813
122.450813
122.450813
122.450813
122.450813
122.450813
122.450813
122.450813
122.450243
122.450243
122.450243
122.450243
122.450243
122.450243
122.450243
122.450243
122.450243
122.450243
122.450243
122.450243
122.450152
122.450152
122.450152
122.450152
122.450038
122.450038
122.450038
122.450038
122.450038
122.450038
122.450038
122.450038
122.450038
122.450038
122.449407
122.449407
122.449407
122.449407
122.449407
122.449407
122.449407
122.449407
122.449407
122.449407
122.449407
122.449407
122.449407
122.449407
122.449407
122.449407
122.449407
122.449407
122.449407
122.449407
122.449407
122.449407
122.449407
122.449407
122.449407
122.449407
122.449407
122.449407
122.449407
122.449407
122.449407
122.449407
122.449407
122.449407
122.449407
122.449407
122.449407
122.449407
122.449407
122.449407
122.449407
122.449407
122.449407
122.449407
122.449407
122.449407
122.449407
122.449407
122.449407
122.449407
122.448745
122.448745
122.448745
122.448745
122.448745
122.448745
122.448745
122.448745
122.448745
122.448745
122.448745
122.448745
122.448745
122.448745
122.448745
122.448745
122.448745
122.448745
122.448745
122.448745
122.448745
122.448745
122.448745
122.448745
122.448745
122.448745
122.448745
122.448745
122.448745
122.448745
122.448265
122.448265
122.448265
122.448265
122.448265
122.448265
122.448265
122.448265
122.448265
122.448265
122.448265
122.448265
122.448265
122.448265
122.448265
122.448265
122.448265
122.448265
122.448265
122.448265
122.448265
122.448265
122.448265
122.448265
122.448265
122.448265
122.448265
122.448265
122.448265
122.448265
122.447989
122.447989
122.447989
122.447989
122.447989
122.447989
122.446595
122.446595
122.446595
122.446595
122.446595
122.446595
122.446595
122.446595
122.446595
122.446595
122.446408
122.446408
122.446408
122.446408
122.446408
122.446408
122.446408
122.446408
122.446408
122.446408
122.446408
122.446408
122.446408
122.446408
122.446408
122.446408
122.446088
122.446088
122.446088
122.446088
122.446088
122.446088
122.446088
122.446088
122.446088
122.446088
122.446088
122.446088
122.446088
122.446088
122.446088
122.446088
122.446088
122.446088
122.446088
122.446088
122.446088
122.446088
122.446088
122.446088
122.446088
122.446088
122.446088
122.446088
122.446088
122.446088
122.446088
122.446088
122.446088
122.446088
122.446088
122.446088
122.446088
122.446088
122.446088
122.446088
122.445780
122.445780
122.444487
122.444487
122.444487
122.444487
122.444487
122.444487
122.444487
122.444487
122.444487
122.444487
122.444487
122.444487
122.444487
122.444487
122.444487
122.444487
122.444487
122.444487
122.444487
122.444487
122.444487
122.444487
122.444097
122.444097
122.444097
122.444097
122.444097
122.444097
122.444097
122.444097
122.444097
122.444097
122.444097
122.444097
122.444097
122.444097
122.444097
122.444097
122.444097
122.444097
122.444097
122.444097
122.444051
122.444051
122.444051
122.444051
122.444051
122.444051
122.444051
122.444051
122.444051
122.444051
122.444051
122.444051
122.444051
122.444051
122.444051
122.444051
122.444051
122.444051
122.444051
122.444051
122.444051
122.444051
122.444051
122.444051
122.444051
122.444051
122.444051
122.444051
122.443733
122.443733
122.443733
122.443733
122.443733
122.443733
122.443733
122.443733
122.443733
122.443733
122.443733
122.443733
122.443733
122.443733
122.443733
122.443733
122.443733
122.443733
122.443733
122.443733
122.443733
122.443733
122.443450
122.443450
122.443450
122.443450
122.443450
122.443450
122.443450
122.443450
122.443450
122.443450
122.443450
122.443450
122.443450
122.443450
122.443450
122.443450
122.442905
122.442905
122.442905
122.442905
122.442905
122.442905
122.442905
122.442905
122.442905
122.442905
122.442886
122.442886
122.441765
122.441765
122.441765
122.441765
122.441765
122.441765
122.441765
122.441765
122.441503
122.441503
122.440074
122.440074
122.440074
122.440074
122.440074
122.440074
122.440074
122.440074
122.440074
122.440074
122.440074
122.440074
122.440074
122.440074
122.440074
122.440074
122.440074
122.440074
122.440074
122.440074
122.440028
122.440028
122.440028
122.440028
122.440028
122.440028
122.440028
122.440028
122.440028
122.440028
122.440028
122.440028
122.440028
122.440028
122.440028
122.440028
122.440028
122.440028
122.440028
122.440028
122.439895
122.439895
122.439895
122.439895
122.439895
122.439895
122.439082
122.439082
122.439082
122.439082
122.439082
122.439082
122.439082
122.439082
122.439082
122.439082
122.439078
122.439078
122.439078
122.439078
122.438726
122.438726
122.437955
122.437955
122.437955
122.437955
122.437955
122.437955
122.437955
122.437955
122.437955
122.437955
122.437955
122.437955
122.437955
122.437955
122.437955
122.437955
122.437955
122.437955
122.437955
122.437955
122.437403
122.437403
122.437403
122.437403
122.437403
122.437403
122.437403
122.437403
122.437403
122.437403
122.437403
122.437403
122.437403
122.437403
122.437403
122.437403
122.437315
122.437315
122.437315
122.437315
122.437315
122.437315
122.437315
122.435759
122.435759
122.435759
122.435759
122.435759
122.435759
122.435759
122.435759
122.435759
122.435759
122.435759
122.435759
122.435759
122.435759
122.435759
122.435759
122.435759
122.435759
122.435759
122.435759
122.435701
122.435701
122.435701
122.435701
122.435701
122.435385
122.435385
122.435385
122.435385
122.435385
122.435385
122.435385
122.435385
122.435385
122.435385
122.435385
122.435385
122.435385
122.435385
122.435385
122.435385
122.435385
122.435385
122.435385
122.435385
122.435385
122.435385
122.435385
122.435385
122.435385
122.435385
122.435385
122.435385
122.435385
122.435385
122.435385
122.435385
122.435385
122.435385
122.435385
122.435385
122.435385
122.435385
122.435385
122.435385
122.433633
122.433633
122.433633
122.433633
122.433633
122.433633
122.433633
122.433633
122.433633
122.433633
122.433633
122.433633
122.433633
122.433633
122.433633
122.433633
122.433633
122.433633
122.433633
122.433633
122.433633
122.433633
122.433633
122.433633
122.433633
122.433633
122.433633
122.433633
122.433633
122.433633
122.433633
122.433633
122.433633
122.433633
122.433633
122.433633
122.433633
122.433633
122.433633
122.433633
122.433633
122.433633
122.433633
122.433633
122.433633
122.433016
122.433016
122.433016
122.432241
122.432241
122.432241
122.432241
122.431056
122.431056
122.431056
122.430824
122.430824
122.430824
122.430824
122.430824
122.430824
122.430824
122.430824
122.430824
122.430824
122.430824
122.430356
122.430356
122.430356
122.430356
122.430356
122.430356
122.430356
122.430356
122.430356
122.430356
122.429720
122.429720
122.429720
122.429720
122.429720
122.429720
122.429720
122.429720
122.429720
122.429720
122.429670
122.429670
122.428908
122.428908
122.428908
122.428908
122.428908
122.428908
122.428908
122.428908
122.428908
122.428908
122.428908
122.428908
122.428908
122.428908
122.428908
122.428908
122.428908
122.428908
122.428380
122.428380
122.428380
122.428380
122.428380
122.428380
122.428380
122.428380
122.428380
122.428380
122.428380
122.428380
122.428380
122.428380
122.428380
122.428380
122.428380
122.428380
122.428380
122.428380
122.428380
122.428380
122.428380
122.428380
122.428380
122.428380
122.428380
122.428380
122.428380
122.428380
122.428380
122.428380
122.428380
122.428380
122.428380
122.428380
122.428380
122.427212
122.427212
122.427212
122.427212
122.427212
122.427212
122.427212
122.427212
122.427212
122.427212
122.427212
122.427212
122.427212
122.427212
122.427212
122.427212
122.427212
122.427212
122.427212
122.427212
122.427212
122.427212
122.427212
122.427212
122.427212
122.427212
122.427212
122.427212
122.427212
122.427212
122.427212
122.427212
122.427212
122.427212
122.427212
122.427212
122.427212
122.427212
122.427212
122.427212
122.427212
122.427212
122.427212
122.427212
122.427212
122.427212
122.427212
122.427212
122.427212
122.427212
122.427212
122.427212
122.427212
122.427212
122.427212
122.427212
122.427212
122.427212
122.427212
122.427212
122.427212
122.427212
122.427212
122.427212
122.427212
122.427212
122.427212
122.427128
122.427128
122.427128
122.427128
122.427128
122.427128
122.427128
122.427128
122.427128
122.427128
122.427128
122.427128
122.427128
122.427128
122.427128
122.427128
122.427128
122.427128
122.427128
122.427128
122.427128
122.427128
122.427128
122.427128
122.427128
122.427128
122.427014
122.427014
122.427014
122.427014
122.427014
122.427014
122.427014
122.427014
122.427014
122.427014
122.427014
122.427014
122.427014
122.427014
122.427014
122.427014
122.427014
122.427014
122.427014
122.427014
122.427014
122.427014
122.427014
122.427014
122.426812
122.426812
122.426812
122.426812
122.426812
122.426812
122.426812
122.426812
122.426812
122.426812
122.426812
122.426812
122.426812
122.426812
122.426812
122.426812
122.426812
122.426812
122.426812
122.426812
122.426812
122.426812
122.426812
122.426812
122.426812
122.426812
122.426812
122.426812
122.426812
122.426812
122.426812
122.426812
122.426812
122.426812
122.426812
122.426812
122.426812
122.426812
122.426812
122.426812
122.426805
122.426805
122.426805
122.426805
122.426805
122.426805
122.426805
122.426805
122.426805
122.426805
122.426805
122.426805
122.426805
122.426805
122.426805
122.426805
122.426805
122.426805
122.426805
122.426805
122.426805
122.426805
122.426805
122.426805
122.426805
122.426805
122.426805
122.426805
122.426805
122.426805
122.426805
122.426805
122.426792
122.426792
122.426792
122.426792
122.426792
122.426792
122.426792
122.426792
122.426792
122.426792
122.426792
122.426792
122.426792
122.426792
122.426782
122.426782
122.426782
122.426782
122.426782
122.426782
122.426782
122.426782
122.426782
122.426782
122.426782
122.426782
122.426782
122.426782
122.426782
122.426782
122.426782
122.426782
122.426782
122.426582
122.426582
122.426582
122.426582
122.426582
122.426582
122.426582
122.426582
122.426582
122.426582
122.426582
122.426582
122.426582
122.426582
122.426582
122.426582
122.426582
122.426511
122.426511
122.426511
122.426511
122.426511
122.426511
122.426511
122.426511
122.426511
122.426511
122.426511
122.426511
122.426511
122.426296
122.426296
122.426296
122.426296
122.426296
122.426296
122.426296
122.426252
122.426252
122.426252
122.426252
122.426252
122.426252
122.426252
122.426252
122.426252
122.426252
122.426252
122.426252
122.426252
122.426252
122.426252
122.426252
122.426252
122.426252
122.426252
122.426252
122.426252
122.426252
122.426252
122.426229
122.426229
122.426229
122.426229
122.426229
122.426229
122.426229
122.426229
122.426229
122.426229
122.426229
122.426229
122.426229
122.426229
122.426229
122.426229
122.426229
122.426229
122.426229
122.426229
122.426229
122.426229
122.426229
122.426229
122.426229
122.426229
122.426229
122.425993
122.425993
122.425993
122.425993
122.425993
122.425993
122.425993
122.425993
122.425993
122.425993
122.425993
122.425993
122.425993
122.425993
122.425993
122.425993
122.425993
122.425993
122.425993
122.425993
122.425993
122.425993
122.425993
122.425993
122.425993
122.425993
122.425993
122.425993
122.425993
122.425993
122.425993
122.425993
122.425993
122.425993
122.425993
122.425993
122.425993
122.425993
122.425993
122.425993
122.425993
122.425993
122.425993
122.425993
122.425993
122.425993
122.425993
122.425993
122.425993
122.425993
122.425993
122.425993
122.425993
122.425993
122.425993
122.425993
122.425993
122.425993
122.425993
122.425993
122.425993
122.425993
122.425993
122.425993
122.425993
122.425993
122.425993
122.425993
122.425993
122.425993
122.425993
122.425993
122.425993
122.425993
122.425993
122.425993
122.425993
122.425993
122.425993
122.425993
122.425993
122.425993
122.425993
122.425993
122.425993
122.425993
122.425993
122.425993
122.425993
122.425993
122.425993
122.425993
122.425993
122.425993
122.425993
122.425993
122.425993
122.425993
122.425993
122.425993
122.425992
122.425992
122.425992
122.425842
122.425842
122.425842
122.425842
122.425842
122.425842
122.425842
122.425842
122.425842
122.425842
122.425842
122.425842
122.425842
122.425842
122.425842
122.425842
122.425842
122.425411
122.425411
122.425411
122.425411
122.425411
122.425411
122.425411
122.425411
122.425411
122.425411
122.425410
122.425410
122.425410
122.425410
122.425410
122.425410
122.425410
122.425410
122.425410
122.425410
122.425410
122.425410
122.425410
122.425410
122.425410
122.425410
122.425410
122.425410
122.425410
122.425410
122.425410
122.425410
122.425410
122.425341
122.425341
122.425341
122.425341
122.425341
122.425341
122.425341
122.425341
122.425341
122.425341
122.425341
122.425341
122.425341
122.425341
122.425341
122.425341
122.425341
122.425341
122.425220
122.425220
122.424699
122.424699
122.424699
122.424699
122.424699
122.424699
122.424699
122.424699
122.424699
122.424699
122.424699
122.424508
122.424508
122.424508
122.424508
122.424508
122.424508
122.424508
122.424508
122.424508
122.424508
122.424508
122.424508
122.424508
122.424508
122.424508
122.424508
122.424508
122.424508
122.424508
122.424508
122.424508
122.424508
122.424508
122.424508
122.424508
122.424508
122.424508
122.424508
122.424508
122.424508
122.424508
122.424508
122.424508
122.424508
122.424508
122.424508
122.424265
122.424265
122.424265
122.424265
122.424265
122.424265
122.424265
122.424265
122.424265
122.424265
122.424265
122.424265
122.424265
122.424265
122.424265
122.424265
122.424265
122.424265
122.424220
122.424220
122.424220
122.424220
122.424220
122.424079
122.424079
122.424079
122.424079
122.424079
122.423959
122.423959
122.423959
122.423959
122.423959
122.423959
122.423959
122.423959
122.423959
122.423959
122.423951
122.423951
122.423951
122.423951
122.423951
122.423381
122.423381
122.423381
122.423381
122.423381
122.423381
122.423381
122.423381
122.423381
122.423381
122.423381
122.423235
122.423235
122.423235
122.423235
122.423235
122.423235
122.423235
122.423235
122.423235
122.423235
122.423235
122.423235
122.423235
122.423235
122.423235
122.423235
122.423235
122.423113
122.423113
122.422477
122.422477
122.422477
122.422319
122.422319
122.422319
122.422319
122.422319
122.422319
122.422319
122.422319
122.422319
122.422319
122.422319
122.422319
122.422319
122.422319
122.421369
122.421369
122.421369
122.421369
122.421369
122.421369
122.421309
122.421309
122.421309
122.421309
122.421309
122.421309
122.421309
122.421309
122.421309
122.421309
122.421309
122.421309
122.421309
122.421309
122.420201
122.420201
122.420201
122.420201
122.420201
122.420201
122.420201
122.420201
122.420201
122.420201
122.420201
122.419828
122.419828
122.419828
122.419828
122.419828
122.419828
122.419828
122.419828
122.419828
122.419828
122.419828
122.419828
122.419828
122.419828
122.419828
122.418491
122.418491
122.418491
122.418491
122.418491
122.418491
122.418491
122.418491
122.418491
122.418491
122.417080
122.417080
122.417080
122.417080
122.417080
122.417080
122.417080
122.417080
122.417080
122.417080
122.417076
122.417076
122.417076
122.417076
122.417076
122.417030
122.417030
122.417030
122.417030
122.417030
122.417030
122.417030
122.417030
122.417030
122.417030
122.417030
122.417030
122.417030
122.417030
122.417030
122.417030
122.417030
122.417030
122.417030
122.416933
122.416933
122.416933
122.416933
122.416933
122.416933
122.416933
122.416933
122.416933
122.416933
122.416933
122.416933
122.416933
122.416933
122.416933
122.416933
122.416933
122.416933
122.414805
122.414805
122.414805
122.414805
122.414805
122.414805
122.414805
122.414805
122.414805
122.414805
122.414805
122.414805
122.414805
122.414805
122.414805
122.414805
122.414805
122.414805
122.414805
122.414805
122.414805
122.414805
122.414805
122.414805
122.414805
122.414805
122.414805
122.414805
122.414805
122.414805
122.414805
122.414805
122.414805
122.414805
122.414805
122.414805
122.414805
122.414805
122.414805
122.414805
122.414805
122.414805
122.412994
122.412994
122.412994
122.412994
122.412994
122.412994
122.412994
122.412994
122.412994
122.412994
122.412994
122.412994
122.412994
122.412994
122.412994
122.412994
122.412994
122.412994
122.412994
122.412994
122.412994
122.412994
122.412994
122.412994
122.412994
122.412994
122.412994
122.412994
122.412069
122.412069
122.412069
122.412069
122.412069
122.412069
122.412069
122.412069
122.412069
122.412069
122.412069
122.412069
122.412069
122.412069
122.412069
122.412069
122.411656
122.411656
122.411656
122.411656
122.411656
122.411656
122.411656
122.411656
122.411656
122.410525
122.410525
122.410525
122.410525
122.410525
122.410525
122.410525
122.410525
122.410525
122.410525
122.410525
122.410525
122.410525
122.410525
122.410525
122.410525
122.410525
122.410525
122.410525
122.410525
122.410525
122.410525
122.410525
122.410525
122.410525
122.410525
122.410525
122.410525
122.410525
122.410525
122.410525
122.410525
122.410525
122.410525
122.410525
122.409689
122.409689
122.409689
122.409689
122.409689
122.409689
122.409689
122.409689
122.409689
122.409689
122.409677
122.409677
122.409677
122.409677
122.409677
122.409677
122.409677
122.409677
122.409677
122.409677
122.409677
122.409677
122.409677
122.409677
122.409677
122.409677
122.409677
122.409677
122.409677
122.409677
122.409677
122.409677
122.409677
122.409677
122.409677
122.409677
122.409677
122.409677
122.409677
122.409677
122.409677
122.409677
122.409677
122.409677
122.409677
122.409677
122.409677
122.409677
122.409677
122.409677
122.409677
122.409677
122.409677
122.409677
122.409677
122.409677
122.409677
122.409677
122.409677
122.409677
122.409677
122.409677
122.409677
122.409677
122.409677
122.409677
122.409677
122.409677
122.408176
122.408176
122.408176
122.408176
122.408176
122.408176
122.408176
122.408176
122.408176
122.408176
122.408176
122.408176
122.406970
122.406970
122.406970
122.406970
122.406970
122.406970
122.406970
122.406970
122.405753
122.405753
122.405753
122.405753
122.405753
122.405753
122.405753
122.405753
122.405753
122.405753
122.405753
122.405753
122.405753
122.405753
122.405753
122.405753
122.405753
122.405753
122.405753
122.405753
122.405753
122.405753
122.405753
122.405753
122.405753
122.405753
122.405753
122.405753
122.405753
122.405753
122.405753
122.405753
122.405753
122.405753
122.405753
122.405753
122.405753
122.405753
122.405753
122.405753
122.405753
122.405753
122.405753
122.405753
122.405753
122.405753
122.405753
122.405753
122.405753
122.405753
122.405753
122.405753
122.405753
122.405753
122.405753
122.405753
122.405753
122.405753
122.405753
122.405753
122.405753
122.405753
122.405753
122.405753
122.405753
122.404916
122.404916
122.404916
122.404916
122.404916
122.404916
122.404916
122.404916
122.404916
122.404916
122.402995
122.402995
122.402995
122.402995
122.402995
122.401928
122.401928
122.401928
122.401928
122.401928
122.399164
122.399164
122.399164
122.399164
122.399164
122.399164
122.399164
122.399164
122.399164
122.399164
122.399164
122.399164
122.399164
122.399164
122.399164
122.398133
122.398133
122.398133
122.398133
122.398133
122.398133
122.398133
122.398133
122.398133
122.398133
122.398133
122.398133
122.398133
122.398133
122.398133
122.398133
122.398133
122.396939
122.396939
122.396939
122.396939
122.396939
122.396939
122.396939
122.396939
122.396939
122.396939
122.396939
122.396921
122.396921
122.396921
122.396921
122.396921
122.396921
122.396921
122.396921
122.396921
122.392043
122.392043
122.392043
122.392043
122.392043
122.392043
122.392043
122.392043
122.392043
122.392043
122.392043
122.392043
122.392043
122.392043
122.392043
122.392043
122.392043
122.392043
122.392043
122.392043
122.392043
122.392043
122.392043
122.387674
122.387674
122.387674
122.387674
122.387674
122.387674
122.387674
122.387674
122.387674
122.387674
122.387674
122.387674
122.387674
122.387674
122.387674
122.387674
122.387674
122.387674
122.387674
122.387674
122.384302
122.384302
122.384302
122.384302
122.384302
122.384302
122.384302
122.384302
122.384302
122.384302
122.384302
122.384302
122.384302
122.384302
122.384302
122.384302
122.384302
122.384302
122.384302
122.384302
122.380792
122.380792
122.380792
122.380792
122.380792
122.380792
122.380792
122.380792
122.380792
122.380792
122.380558
122.380558
122.380558
122.380558
122.380558
122.380558
122.380558
122.380558
122.380558
122.380558
122.380544
122.380544
122.380544
122.380544
122.380544
122.380544
122.380544
122.380544
122.380544
122.380544
122.380544
122.380544
122.380544
122.380544
122.380544
122.380544
122.380544
122.380544
122.380544
122.380544
122.367467
122.367467
122.367467
122.367467
122.367467
122.367467
122.367467
122.367467
122.367467
122.367467
122.367467
122.367467
122.367467
122.367467
122.367467
122.367467
122.367467
122.367467
122.367467
122.367467
122.367467
122.367467
122.367467
122.367467
122.367467
122.360730
122.360730
122.360730
122.360730
122.360730
122.360730
122.360730
122.360730
122.360730
122.360730
122.360730
122.360730
122.360730
122.360730
122.360730
122.347907
122.347907
122.347907
122.347907
122.347907
122.347907
122.347907
122.347907
122.347907
122.347907
122.347907
122.347907
122.347907
122.347907
122.347907
122.347907
122.347907
122.347907
122.347907
122.347907
122.347907
122.347907
122.347907
122.347907
122.347907
122.347907
122.347907
122.347907
122.347907
122.347907
122.347907
122.347907
122.347907
122.347907
122.347907
122.347907
122.347907
122.347907
122.347907
122.347907
122.347907
122.347907
122.347907
122.347907
122.347907
122.347907
122.347907
122.347907
122.347907
122.347907
122.347907
122.347907
122.339945
122.339945
122.339945
122.339945
122.339945
122.339945
122.339945
122.339945
122.323501
122.323501
122.323501
122.323501
122.323501
122.323501
122.323501
122.323501
122.323501
122.323501
122.323501
122.323501
122.323501
122.323501
122.323501
122.323501
122.323501
122.319852
122.319852
122.319852
122.310928
122.310928
122.310928
122.310928
122.310928
122.310928
122.310928
122.310928
122.310928
122.310928
122.310928
122.310928
122.310928
122.310928
122.310928
122.310928
122.310928
122.292207
122.292207
122.292207
122.292207
122.292207
122.292207
122.292207
122.292207
122.292207
122.292207
122.292207
122.292207
122.292207
122.292207
122.292207
122.292207
122.292207
122.292207
122.292207
122.292207
122.292207
122.292207
122.292207
122.292207
122.292207
122.292207
122.292207
122.292207
122.292207
122.292207
122.292207
122.292207
122.292207
122.292207
122.292207
122.292207
122.292207
122.292207
122.292207
122.292207
122.292207
122.292207
122.292207
122.292207
122.292207
122.292207
122.292207
122.292207
122.292207
122.292207
122.292207
122.292207
122.292207
122.292207
122.292207
122.292207
122.292207
122.292207
122.292207
122.292207
122.292207
122.292207
122.292207
122.292207
122.292207
122.292207
122.292207
122.292207
122.292207
122.292207
122.292207
122.292207
122.292207
122.292207
122.292207
122.292207
122.292207
122.292207
122.292207
122.292207
122.292207
122.292207
122.292207
122.292207
122.292207
122.292207
122.292207
122.292207
122.292207
122.292207
122.292207
122.292207
122.292207
122.280798
122.280798
122.280798
122.280798
122.280798
122.280798
122.280798
122.280798
122.280798
122.280798
122.280798
122.280798
122.280798
122.280798
122.280798
122.280798
122.280798
122.280798
122.280798
122.280798
122.271918
122.271918
122.271918
122.271918
122.271918
122.271918
122.271918
122.271918
122.271918
122.271918
122.271918
122.271918
122.271918
122.271918
122.271918
122.271918
122.271918
122.271918
122.271918
122.271918
122.271918
122.271918
122.271918
122.271918
122.271918
122.271918
122.271918
122.271918
122.271918
122.271918
122.256088
122.256088
122.256088
122.256088
122.256088
122.256088
122.256088
122.256088
122.256088
122.256088
122.256088
122.256088
122.256088
122.256088
122.256088
122.256088
122.256088
122.256088
122.256088
122.256088
122.256088
122.256088
122.256088
122.256088
122.256088
122.256088
122.256088
122.256088
122.256088
122.256088
122.256088
122.256088
122.256088
122.256088
122.256088
122.256088
122.256088
122.256088
122.256088
122.256088
122.256088
122.256088
122.255238
122.255238
122.255238
122.255238
122.255238
122.255238
122.255238
122.255238
122.255238
122.255238
122.255238
122.255238
122.255238
122.255238
122.255238
122.255238
122.255238
122.255238
122.255238
122.255238
122.255238
122.255238
122.255238
122.255238
122.255238
122.255238
122.255238
122.255238
122.255238
122.255238
122.255238
122.255238
122.255238
122.255238
122.255238
122.255238
122.255238
122.255238
122.255238
122.255238
122.253289
122.253289
122.253289
122.253289
122.253289
122.253289
122.253289
122.253289
122.252558
122.252558
122.252558
122.252558
122.252558
122.252558
122.252558
122.252558
122.252558
122.252558
122.252558
122.252558
122.252558
122.252558
122.252558
122.252558
122.252558
122.252558
122.252558
122.252558
122.252558
122.252558
122.252558
122.252558
122.252558
122.252558
122.252558
122.252558
122.252558
122.252558
122.252558
122.252558
122.252558
122.252558
122.252558
122.252558
122.252558
122.252558
122.252558
122.252558
122.252558
122.252558
122.252558
122.252558
122.252558
122.252558
122.252558
122.252558
122.252558
122.252558
122.252558
122.252558
122.252558
122.252558
122.252558
122.252558
122.252558
122.252558
122.252558
122.252558
122.252558
122.252558
122.252302
122.252302
122.252302
122.252302
122.252302
122.252302
122.252302
122.252302
122.252302
122.252302
122.252302
122.252302
122.252302
122.252302
122.252302
122.252302
122.252302
122.252302
122.252302
122.252302
122.252302
122.252302
122.252302
122.252302
122.252302
122.252302
122.252302
122.252302
122.252302
122.252302
122.252302
122.252302
122.252302
122.252302
122.252302
122.252302
122.252302
122.252302
122.252302
122.252302
122.252302
122.252302
122.252302
122.252302
122.252302
122.252302
122.252302
122.252302
122.252302
122.252302
122.252302
122.252302
122.252302
122.252302
122.252302
122.252302
122.252302
122.252302
122.252302
122.252302
122.252302
122.252302
122.252302
122.252302
122.252302
122.252302
122.252302
122.252302
122.252302
122.252302
122.252144
122.252144
122.252144
122.252144
122.252144
122.252144
122.252144
122.252144
122.252144
122.252144
122.252144
122.252144
122.252144
122.252144
122.252144
122.252144
122.252144
122.252144
122.252144
122.252144
122.252144
122.252144
122.252144
122.252144
122.252144
122.252144
122.252144
122.252144
122.252144
122.252144
122.252144
122.252144
122.252144
122.252144
122.252144
122.252144
122.252144
122.252144
122.252144
122.252144
122.252144
122.252144
122.252144
122.252144
122.252144
122.252144
122.252144
122.252144
122.252144
122.252144
122.252144
122.252144
122.252144
122.252144
122.252144
122.252144
122.252144
122.252144
122.252144
122.252144
122.252144
122.252144
122.252144
122.252144
122.252144
122.252144
122.252144
122.252144
122.252144
122.252144
122.252144
122.252144
122.252144
122.252144
122.252144
122.252144
122.252144
122.252144
122.252144
122.252144
122.252144
122.252144
122.252144
122.252144
122.252144
122.252144
122.252144
122.252144
122.252144
122.252144
122.252144
122.252144
122.252144
122.252144
122.252144
122.252144
122.252144
122.252144
122.252144
122.252144
122.252144
122.252144
122.252144
122.252144
122.252144
122.252144
122.252144
122.252144
122.252144
122.252144
122.252144
122.252144
122.252144
122.252144
122.252144
122.252144
122.252144
122.252144
122.252144
122.252144
122.252144
122.252144
122.252144
122.252144
122.252144
122.252144
122.252144
122.252144
122.252144
122.252144
122.252144
122.252144
122.252144
122.252144
122.252144
122.252144
122.252144
122.252144
122.252144
122.252144
122.252144
122.252144
122.252144
122.252144
122.252144
122.252144
122.252144
122.252144
122.252144
122.252144
122.252144
122.252144
122.252122
122.252122
122.252122
122.252122
122.252122
122.252122
122.252122
122.252122
122.252122
122.252122
122.252122
122.252122
122.252122
122.252122
122.252122
122.252122
122.252122
122.252122
122.252122
122.252122
122.252122
122.252122
122.252122
122.252122
122.252122
122.252122
122.252122
122.252122
122.252119
122.252119
122.252119
122.252119
122.252119
122.252119
122.252119
122.252119
122.252119
122.252119
122.252119
122.252119
122.252119
122.252119
122.252119
122.252119
122.252119
122.252119
122.252099
122.252099
122.252099
122.252099
122.252099
122.252099
122.252099
122.252099
122.252099
122.252099
122.252099
122.252099
122.252099
122.252099
122.252099
122.252099
122.252099
122.252099
122.252099
122.252099
122.252099
122.252099
122.252091
122.252091
122.252091
122.252091
122.252091
122.252091
122.252091
122.252091
122.252091
122.252091
122.252091
122.252091
122.252091
122.252091
122.252091
122.252091
122.252091
122.252091
122.252091
122.252091
122.252091
122.252091
122.252086
122.252086
122.252086
122.252086
122.252086
122.252086
122.252086
122.252086
122.252086
122.252086
122.252058
122.252058
122.252058
122.252058
122.252058
122.252058
122.252058
122.252058
122.252058
122.252058
122.252049
122.252049
122.252049
122.252049
122.252049
122.252049
122.252049
122.252049
122.252049
122.252049
122.252049
122.252049
122.252049
122.252049
122.252049
122.252049
122.252049
122.252049
122.252049
122.252049
122.252049
122.252049
122.252049
122.252049
122.252049
122.252049
122.252049
122.252049
122.252049
122.252049
122.252049
122.252049
122.252049
122.252049
122.252049
122.252049
122.252049
122.252049
122.252049
122.252049
122.252010
122.252010
122.252010
122.252010
122.252010
122.252010
122.252010
122.252010
122.252010
122.252010
122.252010
122.252010
122.252010
122.252010
122.252010
122.252010
122.252010
122.252010
122.252010
122.252010
122.252010
122.252010
122.252010
122.252010
122.252010
122.252010
122.252010
122.252010
122.252010
122.252010
122.252010
122.252010
122.252010
122.252010
122.252010
122.252010
122.252010
122.252010
122.252010
122.252010
122.252010
122.252010
122.252010
122.252010
122.252010
122.252010
122.252010
122.252010
122.252010
122.252010
122.252010
122.252010
122.252010
122.252010
122.252010
122.252010
122.252010
122.252010
122.252004
122.252004
122.251984
122.251984
122.251984
122.251984
122.251984
122.251984
122.251984
122.251984
122.251984
122.251984
122.251984
122.251984
122.251984
122.251984
122.251984
122.251984
122.251984
122.251984
122.251982
122.251982
122.251982
122.251982
122.251982
122.251982
122.251943
122.251943
122.251943
122.251943
122.251943
122.251943
122.251943
122.251943
122.251943
122.251943
122.251943
122.251943
122.251943
122.251943
122.251943
122.251943
122.251943
122.251943
122.251943
122.251943
122.251943
122.251943
122.251943
122.251943
122.251943
122.251943
122.251943
122.251943
122.251943
122.251943
122.251943
122.251943
122.251943
122.251943
122.251943
122.251943
122.251943
122.251943
122.251943
122.251943
122.251943
122.251943
122.251943
122.251943
122.251943
122.251943
122.251943
122.251943
122.251943
122.251943
122.251943
122.251943
122.251943
122.251943
122.251943
122.251943
122.251943
122.251930
122.251930
122.251930
122.251930
122.251930
122.251930
122.251930
122.251813
122.251813
122.251813
122.251813
122.251813
122.251813
122.251813
122.251813
122.251813
122.251813
122.251813
122.251813
122.251813
122.251813
122.251813
122.251813
122.251813
122.251813
122.251813
122.251813
122.251813
122.251813
122.251813
122.251732
122.251732
122.251732
122.251732
122.251732
122.251725
122.251725
122.251725
122.251725
122.251725
122.251725
122.251725
122.251725
122.251725
122.251725
122.251725
122.251725
122.251725
122.251725
122.251725
122.251697
122.251697
122.251697
122.251697
122.251697
122.251697
122.251697
122.251697
122.251697
122.251697
122.251697
122.251697
122.251697
122.251697
122.251697
122.251697
122.251697
122.251697
122.251697
122.251697
122.251697
122.251697
122.251697
122.251697
122.251697
122.251697
122.251697
122.251697
122.251697
122.251697
122.251697
122.251697
122.251697
122.251697
122.251697
122.251697
122.251697
122.251586
122.251586
122.251586
122.251586
122.251586
122.251586
122.251586
122.251586
122.251586
122.251586
122.251586
122.251586
122.251586
122.251586
122.251586
122.251586
122.251586
122.251586
122.251586
122.251586
122.251586
122.251586
122.251586
122.251586
122.251586
122.251586
122.251586
122.251586
122.251586
122.251586
122.251586
122.251586
122.251376
122.251376
122.251376
122.251376
122.251376
122.251376
122.251376
122.251376
122.251376
122.251376
122.251376
122.251376
122.251376
122.251376
122.251376
122.251376
122.251376
122.251376
122.251320
122.251320
122.251320
122.251320
122.251320
122.251320
122.251197
122.251197
122.251197
122.251197
122.251197
122.251197
122.251197
122.251197
122.251197
122.251197
122.251197
122.251197
122.251197
122.251197
122.251197
122.251197
122.251197
122.251197
122.251197
122.251197
122.251197
122.251197
122.251197
122.251197
122.251197
122.251197
122.251197
122.251197
122.251197
122.251197
122.251197
122.251197
122.251197
122.251197
122.251197
122.251197
122.251197
122.251197
122.251197
122.251197
122.251033
122.251033
122.251033
122.251033
122.251033
122.251033
122.251033
122.251033
122.251033
122.251033
122.251033
122.251033
122.251033
122.251033
122.251033
122.251033
122.251033
122.251033
122.251033
122.251033
122.251033
122.251033
122.251033
122.251033
122.251033
122.251033
122.251033
122.251033
122.251033
122.251033
122.251033
122.251033
122.251033
122.251033
122.251033
122.251033
122.251033
122.251033
122.251033
122.251033
122.251033
122.251033
122.251033
122.251033
122.251033
122.251033
122.251033
122.251033
122.251033
122.251033
122.251033
122.251033
122.251033
122.251033
122.251033
122.251033
122.251033
122.251033
122.251033
122.251033
122.251033
122.251033
122.251033
122.251033
122.251033
122.251033
122.251033
122.251033
122.251033
122.251033
122.251033
122.251033
122.251033
122.251033
122.251033
122.251033
122.251033
122.251033
122.251033
122.251033
122.250966
122.250966
122.250966
122.250966
122.250966
122.250966
122.250966
122.250966
122.250966
122.250966
122.250966
122.250966
122.250966
122.250966
122.250966
122.250966
122.250966
122.250966
122.250966
122.250966
122.250966
122.250966
122.250966
122.250966
122.250966
122.250966
122.250966
122.250966
122.250966
122.250966
122.250966
122.250966
122.250966
122.250966
122.250966
122.250966
122.250966
122.250966
122.250966
122.250966
122.250966
122.250966
122.250966
122.250966
122.250966
122.250966
122.250966
122.250966
122.250966
122.250966
122.250966
122.250966
122.250966
122.250966
122.250966
122.250966
122.250966
122.250859
122.250859
122.250859
122.250859
122.250859
122.250859
122.250859
122.250859
122.250859
122.250859
122.250859
122.250859
122.250859
122.250859
122.250859
122.250859
122.250859
122.250859
122.250859
122.250859
122.250859
122.250859
122.250859
122.250797
122.250797
122.250797
122.250797
122.250797
122.250797
122.250797
122.250797
122.250797
122.250797
122.250797
122.250797
122.250797
122.250797
122.250797
122.250797
122.250797
122.250766
122.250766
122.250766
122.250766
122.250766
122.250766
122.250766
122.250766
122.250766
122.250570
122.250533
122.250533
122.250533
122.250533
122.250533
122.250533
122.250533
122.250533
122.250533
122.250533
122.250219
122.250219
122.250219
122.250219
122.250219
122.250219
122.250219
122.250219
122.250219
122.250219
122.250219
122.250219
122.250219
122.250219
122.250219
122.250219
122.250219
122.250219
122.250219
122.250219
122.250219
122.250219
122.250219
122.250219
122.250219
122.250219
122.250219
122.250219
122.250219
122.250219
122.249993
122.249993
122.249993
122.249993
122.249993
122.249993
122.249993
122.249993
122.249993
122.249977
122.249977
122.249977
122.249977
122.249977
122.249977
122.249977
122.249977
122.249977
122.249977
122.249977
122.249977
122.249977
122.249977
122.249977
122.249977
122.249977
122.249977
122.249977
122.249977
122.249446
122.249446
122.249446
122.249446
122.249446
122.249446
122.249446
122.249446
122.249446
122.249446
122.249446
122.249446
122.249446
122.249446
122.249446
122.249446
122.249446
122.249446
122.249446
122.249446
122.249446
122.249441
122.249441
122.249441
122.249441
122.249441
122.249441
122.249441
122.249441
122.249441
122.249441
122.249441
122.249441
122.249441
122.249158
122.249158
122.249158
122.249158
122.249158
122.249158
122.249158
122.249158
122.249158
122.249158
122.249158
122.249158
122.249158
122.249158
122.249158
122.249158
122.249158
122.249158
122.249158
122.249158
122.249057
122.249057
122.249057
122.249057
122.249057
122.249057
122.249057
122.249057
122.249057
122.249057
122.249057
122.249057
122.249057
122.249057
122.249057
122.249057
122.249057
122.249057
122.249057
122.249057
122.249056
122.249056
122.248724
122.248724
122.248724
122.248724
122.248724
122.248724
122.248724
122.248724
122.248724
122.248724
122.248723
122.248723
122.248723
122.248723
122.248723
122.248723
122.248723
122.248723
122.248723
122.248723
122.248713
122.248713
122.248713
122.248713
122.248713
122.248713
122.248713
122.248713
122.248713
122.248713
122.248713
122.248713
122.248713
122.248713
122.248713
122.248713
122.248713
122.248713
122.248713
122.248713
122.248713
122.248713
122.248713
122.248713
122.248713
122.248675
122.248675
122.248675
122.248004
122.248004
122.248004
122.248004
122.248004
122.248004
122.248004
122.248004
122.248004
122.248004
122.248004
122.248004
122.248004
122.248004
122.248004
122.248004
122.248004
122.248004
122.248004
122.247868
122.247868
122.247868
122.247868
122.247868
122.247868
122.247868
122.247868
122.247868
122.247868
122.247868
122.247868
122.247868
122.247868
122.247868
122.247868
122.247868
122.247673
122.247673
122.247673
122.247673
122.247673
122.247673
122.247673
122.247673
122.247673
122.247673
122.247673
122.247673
122.247673
122.247382
122.247382
122.247382
122.246199
122.246199
122.246199
122.246199
122.246199
122.246199
122.246199
122.246199
122.246199
122.246199
122.245904
122.245904
122.245904
122.245904
122.245904
122.245904
122.245904
122.245904
122.245904
122.245904
122.245904
122.245904
122.245904
122.245904
122.245904
122.245904
122.245904
122.245904
122.245904
122.245904
122.245904
122.245904
122.245904
122.245904
122.245904
122.245904
122.245904
122.245904
122.245904
122.245904
122.245904
122.245904
122.245904
122.245904
122.245904
122.245757
122.245757
122.245757
122.245757
122.245757
122.245757
122.245757
122.245757
122.245757
122.245757
122.245195
122.245195
122.245118
122.245118
122.245118
122.245118
122.245118
122.245118
122.245118
122.245118
122.245118
122.245118
122.244508
122.244508
122.244508
122.244508
122.244508
122.244508
122.244508
122.244508
122.244508
122.244508
122.244506
122.244506
122.244506
122.244506
122.244506
122.244506
122.244506
122.244506
122.244506
122.244506
122.244506
122.244506
122.244506
122.244506
122.244506
122.244506
122.244506
122.244506
122.244506
122.244506
122.244506
122.244506
122.244506
122.243512
122.243512
122.243512
122.243512
122.243512
122.243512
122.243512
122.243512
122.243512
122.243512
122.243512
122.243512
122.243512
122.243512
122.243512
122.243276
122.243276
122.243276
122.243276
122.243276
122.243276
122.243276
122.243276
122.243276
122.243276
122.243276
122.243276
122.243276
122.243247
122.243247
122.242834
122.242834
122.242834
122.242834
122.242834
122.242834
122.242834
122.242834
122.242834
122.242834
122.242834
122.242834
122.242834
122.242834
122.242834
122.242705
122.242705
122.242705
122.242705
122.242705
122.242705
122.242705
122.242705
122.242705
122.242705
122.242705
122.242705
122.242705
122.242705
122.242705
122.242705
122.242705
122.242705
122.242705
122.242705
122.242705
122.242705
122.242705
122.242705
122.242705
122.242705
122.242705
122.242705
122.242705
122.242705
122.242705
122.242705
122.242705
122.242705
122.242705
122.242705
122.242705
122.242705
122.242705
122.242705
122.242705
122.242705
122.242705
122.242705
122.242705
122.242705
122.242705
122.242705
122.242705
122.242705
122.242705
122.242705
122.242705
122.242705
122.242705
122.242705
122.242705
122.242705
122.242705
122.242705
122.242705
122.242705
122.241621
122.241621
122.241621
122.241621
122.241621
122.241621
122.241621
122.241621
122.241621
122.241621
122.241282
122.241282
122.241282
122.241282
122.241282
122.241282
122.241282
122.241282
122.241282
122.241282
122.241282
122.240980
122.240980
122.240980
122.240980
122.240980
122.240980
122.240980
122.240980
122.240980
122.240980
122.240980
122.240980
122.240980
122.240980
122.240980
122.240980
122.240980
122.240980
122.240980
122.239532
122.239532
122.239532
122.239532
122.239532
122.238955
122.238955
122.238955
122.238769
122.238769
122.238769
122.238769
122.238769
122.237927
122.237927
122.237927
122.237927
122.237927
122.237927
122.237927
122.237927
122.237927
122.237927
122.237927
122.237927
122.237927
122.237927
122.237927
122.237927
122.237927
122.237927
122.237094
122.237094
122.237094
122.237094
122.237094
122.237094
122.235700
122.235700
122.235700
122.235700
122.235700
122.235700
122.235700
122.235700
122.235700
122.235700
122.235700
122.235700
122.235700
122.235700
122.235700
122.235700
122.235700
122.235700
122.235700
122.235700
122.235700
122.235700
122.235700
122.235700
122.235700
122.235700
122.235700
122.235700
122.235700
122.235700
122.235700
122.235700
122.235700
122.235700
122.235700
122.235700
122.235700
122.235700
122.235700
122.235700
122.235700
122.235700
122.235700
122.235700
122.234036
122.234036
122.234036
122.234036
122.234036
122.234036
122.234036
122.234036
122.234036
122.234036
122.234036
122.234036
122.234036
122.234036
122.234036
122.234036
122.234036
122.234036
122.234036
122.234036
122.234036
122.234036
122.234036
122.234036
122.234036
122.234036
122.234036
122.234036
122.234036
122.234036
122.234036
122.234036
122.234036
122.234036
122.234036
122.234036
122.234036
122.232812
122.232812
122.232812
122.232812
122.232812
122.232812
122.232812
122.232812
122.232812
122.232812
122.232812
122.232812
122.232812
122.232812
122.232812
122.232812
122.232812
122.232812
122.232812
122.232812
122.232812
122.232812
122.232812
122.232812
122.232812
122.231723
122.231723
122.231723
122.231723
122.231723
122.231723
122.231723
122.231723
122.231723
122.231723
122.231509
122.231509
122.231509
122.231509
122.231509
122.231509
122.231509
122.231509
122.231509
122.231509
122.231484
122.231484
122.231484
122.231484
122.231484
122.231484
122.231484
122.231484
122.231484
122.231484
122.231484
122.231484
122.231484
122.231484
122.231484
122.231484
122.231484
122.231484
122.231484
122.231484
122.231484
122.231484
122.231484
122.231484
122.231484
122.231484
122.231484
122.231484
122.231484
122.231484
122.231484
122.231484
122.231484
122.231484
122.231484
122.231484
122.231484
122.231484
122.231484
122.231484
122.231484
122.231484
122.231484
122.231484
122.231472
122.231472
122.231472
122.231472
122.231472
122.231472
122.231472
122.231472
122.231472
122.231472
122.231472
122.231472
122.231472
122.231472
122.231472
122.231472
122.231472
122.231472
122.231472
122.231472
122.231472
122.231472
122.231472
122.231472
122.231472
122.231472
122.231472
122.231472
122.231472
122.231472
122.231472
122.231472
122.231472
122.231472
122.231472
122.231472
122.231472
122.231472
122.231472
122.231472
122.231472
122.231472
122.231472
122.231472
122.231472
122.231472
122.231472
122.231472
122.231472
122.231472
122.231472
122.231472
122.231472
122.231472
122.231472
122.231472
122.231472
122.231472
122.231472
122.231472
122.231462
122.231462
122.231462
122.231462
122.231462
122.231462
122.231462
122.231462
122.231462
122.231462
122.231462
122.231462
122.231462
122.231462
122.231462
122.231462
122.231462
122.231462
122.231462
122.231462
122.231462
122.231462
122.231462
122.231462
122.231462
122.231462
122.231462
122.231462
122.231462
122.231462
122.231462
122.231462
122.231462
122.231462
122.231462
122.231462
122.231462
122.231462
122.231462
122.231462
122.231462
122.231462
122.231462
122.231462
122.231462
122.231462
122.231462
122.231462
122.231462
122.231462
122.231462
122.231462
122.231462
122.231462
122.231462
122.231462
122.231462
122.231462
122.231462
122.231462
122.231462
122.231462
122.231462
122.231462
122.231462
122.231462
122.231462
122.231462
122.231462
122.231462
122.231462
122.231462
122.231462
122.231462
122.231462
122.231462
122.231462
122.231462
122.231462
122.231462
122.231462
122.231462
122.231462
122.231462
122.231462
122.231462
122.231462
122.231462
122.231462
122.231462
122.231462
122.231462
122.231462
122.231462
122.231462
122.231462
122.231462
122.231462
122.231462
122.231462
122.231462
122.231462
122.231462
122.231462
122.231462
122.231462
122.231462
122.231462
122.231462
122.231462
122.231462
122.231462
122.231462
122.231462
122.231462
122.231462
122.231462
122.231462
122.231462
122.231462
122.231462
122.231462
122.231462
122.231462
122.231462
122.231462
122.231462
122.231462
122.231462
122.231462
122.231462
122.231462
122.231462
122.231462
122.231462
122.231462
122.231461
122.231461
122.231461
122.231461
122.231461
122.231461
122.231461
122.231461
122.231461
122.231461
122.231461
122.231461
122.231461
122.231461
122.231461
122.231461
122.231461
122.231461
122.231461
122.231461
122.231461
122.231461
122.231461
122.231461
122.231461
122.231461
122.231461
122.231461
122.231461
122.231461
122.231461
122.231461
122.231461
122.231461
122.231461
122.231461
122.231461
122.231461
122.231461
122.231461
122.231461
122.231461
122.231461
122.231461
122.231461
122.231461
122.231461
122.231461
122.231461
122.231461
122.231461
122.231461
122.231461
122.231461
122.231461
122.231461
122.231461
122.231461
122.231461
122.231461
122.231461
122.231461
122.231461
122.231461
122.231461
122.231461
122.231461
122.231461
122.231461
122.231461
122.231461
122.231461
122.231461
122.231461
122.231461
122.231461
122.231461
122.231461
122.231461
122.231461
122.231461
122.231461
122.231461
122.231461
122.231461
122.231461
122.231461
122.231461
122.231461
122.231461
122.231461
122.231461
122.231461
122.231461
122.231461
122.231461
122.231461
122.231461
122.231461
122.231461
122.231461
122.231461
122.231461
122.231461
122.231461
122.231461
122.231461
122.231461
122.231461
122.231461
122.231461
122.231461
122.231461
122.231461
122.231461
122.231461
122.231461
122.231461
122.231461
122.231461
122.231461
122.231461
122.231461
122.231461
122.231461
122.231461
122.231461
122.231461
122.231461
122.231461
122.231461
122.231461
122.231461
122.231461
122.231461
122.231461
122.231461
122.231461
122.231461
122.231461
122.231461
122.231461
122.231460
122.231460
122.231460
122.231460
122.231460
122.231460
122.231460
122.231460
122.231460
122.231460
122.231460
122.231460
122.231460
122.231460
122.231460
122.231460
122.231460
122.231460
122.231460
122.231460
122.231460
122.231460
122.231460
122.231460
122.231460
122.231460
122.231460
122.231460
122.231460
122.231460
122.231460
122.231460
122.231460
122.231460
122.231460
122.231460
122.231460
122.231460
122.231460
122.231460
122.231460
122.231460
122.231460
122.231460
122.231460
122.231460
122.231460
122.231460
122.231460
122.231460
122.231460
122.231460
122.231460
122.231460
122.231460
122.231460
122.231460
122.231460
122.231460
122.231460
122.231460
122.231460
122.231460
122.231460
122.231460
122.231460
122.231460
122.231460
122.231460
122.231460
122.231460
122.231460
122.231460
122.231460
122.231460
122.231460
122.231460
122.231460
122.231460
122.231460
122.231460
122.231460
122.231460
122.231460
122.231460
122.231460
122.231460
122.231460
122.231460
122.231460
122.231460
122.231460
122.231460
122.231460
122.231460
122.231460
122.231460
122.231460
122.231460
122.231460
122.231460
122.231460
122.231460
122.231460
122.231460
122.231460
122.231460
122.231460
122.231460
122.231460
122.231460
122.231460
122.231460
122.231460
122.231460
122.231460
122.231460
122.231460
122.231460
122.231460
122.231460
122.231460
122.231460
122.231460
122.231460
122.231460
122.231460
122.231460
122.231460
122.231460
122.231460
122.231460
122.231460
122.231460
122.231460
122.231460
122.231460
122.231460
122.231460
122.231460
122.231460
122.231460
122.231460
122.231460
122.231460
122.231460
122.231460
122.231460
122.231460
122.231460
122.231460
122.231460
122.231460
122.231460
122.231460
122.231460
122.231460
122.231460
122.231460
122.231460
122.231460
122.231460
122.231460
122.231460
122.231460
122.231460
122.231460
122.231460
122.231460
122.231460
122.231460
122.231460
122.231460
122.231460
122.231460
122.231460
122.231460
122.231460
122.231460
122.231460
122.231460
122.231460
122.231460
122.231460
122.231460
122.231460
122.231460
122.231460
122.231460
122.231460
122.231460
122.231460
122.231460
122.231460
122.231460
122.231460
122.231460
122.231460
122.231460
122.231460
122.231460
122.231460
122.231460
122.231460
122.231460
122.231460
122.231460
122.231460
122.231460
122.231460
122.231460
122.231460
122.231460
122.231460
122.231460
122.231460
122.231460
122.231460
122.231460
122.231460
122.231460
122.231460
122.231460
122.231460
122.231460
122.231460
122.231460
122.231460
122.231460
122.231460
122.231460
122.231460
122.231460
122.231460
122.231460
122.231460
122.231460
122.231460
122.231460
122.231460
122.231460
122.231460
122.231460
122.231460
122.231460
122.231460
122.231460
122.231460
122.231460
122.231460
122.231460
122.231460
122.231460
122.231460
122.231460
122.231460
122.231460
122.231460
122.231459
122.231459
122.231459
122.231459
122.231459
122.231459
122.231459
122.231459
122.231459
122.231459
122.231459
122.231459
122.231459
122.231459
122.231459
122.231459
122.231459
122.231459
122.231459
122.231459
122.231459
122.231459
122.231459
122.231459
122.231459
122.231459
122.231459
122.231459
122.231459
122.231459
122.231459
122.231459
122.231459
122.231459
122.231459
122.231459
122.231459
122.231459
122.231459
122.231459
122.231459
122.231459
122.231459
122.231459
122.231459
122.231459
122.231459
122.231459
122.231459
122.231459
122.231459
122.231459
122.231459
122.231459
122.231459
122.231459
122.231459
122.231459
122.231459
122.231459
122.231459
122.231459
122.231459
122.231459
122.231459
122.231459
122.231459
122.231459
122.231459
122.231459
122.231459
122.231459
122.231459
122.231459
122.231459
122.231459
122.231459
122.231459
122.231459
122.231459
122.231459
122.231459
122.231459
122.231459
122.231459
122.231459
122.231459
122.231459
122.231459
122.231459
122.231459
122.231459
122.231459
122.231459
122.231459
122.231459
122.231459
122.231459
122.231459
122.231459
122.231459
122.231459
122.231459
122.231459
122.231459
122.231459
122.231459
122.231459
122.231459
122.231459
122.231459
122.231459
122.231459
122.231459
122.231459
122.231459
122.231459
122.231459
122.231459
122.231459
122.231459
122.231459
122.231459
122.231459
122.231459
122.231459
122.231459
122.231459
122.231459
122.231459
122.231459
122.231459
122.231459
122.231459
122.231459
122.231459
122.231459
122.231459
122.231459
122.231459
122.231459
122.231459
122.231459
122.231459
122.231459
122.231459
122.231459
122.231459
122.231459
122.231459
122.231459
122.231459
122.231459
122.231459
122.231459
122.231459
122.231459
122.231459
122.231459
122.231459
122.231459
122.231459
122.231459
122.231459
122.231459
122.231459
122.231459
122.231459
122.231459
122.231459
122.231459
122.231459
122.231459
122.231459
122.231459
122.231459
122.231459
122.231459
122.231459
122.231459
122.231459
122.231459
122.231459
122.231459
122.231458
122.231458
122.231458
122.231458
122.231458
122.231458
122.231458
122.231458
122.231458
122.231458
122.231458
122.231458
122.231458
122.231458
122.231458
122.231458
122.231458
122.231458
122.231458
122.231458
122.231458
122.231458
122.231458
122.231458
122.231458
122.231458
122.231458
122.231458
122.231458
122.231458
122.231458
122.231458
122.231458
122.231458
122.231458
122.231458
122.231458
122.231458
122.231458
122.231458
122.231458
122.231458
122.231458
122.231458
122.231458
122.231458
122.231458
122.231458
122.231458
122.231458
122.231458
122.231458
122.231458
122.231458
122.231458
122.231458
122.231458
122.231458
122.231458
122.231458
122.231458
122.231458
122.231458
122.231458
122.231458
122.231458
122.231458
122.231458
122.231458
122.231458
122.231458
122.231458
122.231458
122.231458
122.231458
122.231458
122.231458
122.231458
122.231458
122.231458
122.231458
122.231458
122.231458
122.231458
122.231458
122.231458
122.231458
122.231458
122.231458
122.231458
122.231458
122.231458
122.231458
122.231458
122.231458
122.231458
122.231458
122.231458
122.231458
122.231458
122.231458
122.231458
122.231458
122.231458
122.231458
122.231458
122.231458
122.231458
122.231458
122.231458
122.231458
122.231458
122.231458
122.231458
122.231458
122.231458
122.231458
122.231458
122.231458
122.231458
122.231458
122.231458
122.231458
122.231458
122.231458
122.231458
122.231458
122.231458
122.231458
122.231458
122.231458
122.231458
122.231458
122.231458
122.231458
122.231458
122.231458
122.231458
122.231458
122.231458
122.231458
122.231458
122.231458
122.231458
122.231458
122.231458
122.231458
122.231458
122.231458
122.231458
122.231458
122.231458
122.231458
122.231458
122.231458
122.231458
122.231458
122.231458
122.231458
122.231458
122.231458
122.231458
122.231458
122.231458
122.231458
122.231458
122.231458
122.231458
122.231458
122.231458
122.231458
122.231458
122.231458
122.231458
122.231458
122.231458
122.231458
122.231458
122.231458
122.231458
122.231458
122.231458
122.231458
122.231458
122.231458
122.231458
122.231458
122.231458
122.231458
122.231458
122.231458
122.231458
122.231458
122.231458
122.231458
122.231458
122.231458
122.231458
122.231458
122.231458
122.231458
122.231458
122.231458
122.231458
122.231458
122.231458
122.231458
122.231458
122.231458
122.231458
122.231458
122.231458
122.231458
122.231458
122.231458
122.231458
122.231458
122.231458
122.231458
122.231458
122.231458
122.231458
122.231458
122.231458
122.231458
122.231458
122.231458
122.231458
122.231458
122.231458
122.231458
122.231458
122.231458
122.231458
122.231458
122.231458
122.231458
122.231458
122.231458
122.231458
122.231458
122.231458
122.231458
122.231458
122.231458
122.231458
122.231458
122.231458
122.231458
122.231458
122.231458
122.231458
122.231458
122.231458
122.231458
122.231458
122.231457
122.231457
122.231457
122.231457
122.231457
122.231457
122.231457
122.231457
122.231457
122.231457
122.231457
122.231457
122.231457
122.231457
122.231457
122.231457
122.231457
122.231457
122.231457
122.231457
122.231457
122.231457
122.231457
122.231457
122.231457
122.231457
122.231457
122.231457
122.231457
122.231457
122.231457
122.231457
122.231457
122.231457
122.231457
122.231457
122.231457
122.231457
122.231457
122.231457
122.231457
122.231457
122.231457
122.231457
122.231457
122.231457
122.231457
122.231457
122.231457
122.231457
122.231457
122.231457
122.231457
122.231457
122.231457
122.231457
122.231457
122.231457
122.231457
122.231457
122.231457
122.231457
122.231457
122.231457
122.231457
122.231457
122.231457
122.231457
122.231457
122.231457
122.231457
122.231457
122.231457
122.231457
122.231457
122.231457
122.231457
122.231457
122.231457
122.231457
122.231457
122.231457
122.231457
122.231457
122.231457
122.231457
122.231457
122.231457
122.231457
122.231457
122.231457
122.231457
122.231457
122.231457
122.231457
122.231457
122.231457
122.231457
122.231457
122.231457
122.231457
122.231457
122.231457
122.231457
122.231457
122.231457
122.231457
122.231457
122.231457
122.231457
122.231456
122.231456
122.231456
122.231456
122.231456
122.231456
122.231456
122.231456
122.231456
122.231456
122.231456
122.231456
122.231456
122.231456
122.231456
122.231456
122.231456
122.231456
122.231456
122.231456
122.231456
122.231456
122.231456
122.231456
122.231456
122.231456
122.231456
122.231456
122.231456
122.231456
122.231456
122.231456
122.231456
122.231456
122.231455
122.231455
122.231455
122.231455
122.231455
122.231455
122.231455
122.231455
122.231455
122.231455
122.231455
122.231455
122.231455
122.231455
122.231455
122.231455
122.231455
122.231455
122.231455
122.231455
122.231455
122.231455
122.231455
122.231455
122.231455
122.231455
122.231455
122.231455
122.231455
122.231455
122.231455
122.231455
122.231455
122.231455
122.231455
122.231455
122.231455
122.231455
122.231455
122.231455
122.231455
122.231455
122.231455
122.231455
122.231455
122.231455
122.231455
122.231455
122.231455
122.231455
122.231455
122.231455
122.231455
122.231455
122.231455
122.231455
122.231455
122.231455
122.231455
122.231455
122.231455
122.231455
122.231455
122.231455
122.231455
122.231455
122.231455
122.231455
122.231455
122.231455
122.231455
122.231455
122.231455
122.231455
122.231455
122.231455
122.231455
122.231455
122.231455
122.231455
122.231455
122.231455
122.231455
122.231455
122.231455
122.231455
122.231455
122.231455
122.231454
122.231454
122.231454
122.231454
122.231454
122.231454
122.231454
122.231454
122.231454
122.231454
122.231454
122.231454
122.231454
122.231454
122.231454
122.231454
122.231454
122.231454
122.231454
122.231454
122.231454
122.231454
122.231454
122.231454
122.231454
122.231454
122.231453
122.231453
122.231453
122.231453
122.231453
122.231453
122.231453
122.231453
122.231453
122.231453
122.231453
122.231453
122.231453
122.231453
122.231453
122.231453
122.231453
122.231453
122.231453
122.231453
122.231453
122.231453
122.231453
122.231453
122.231453
122.231453
122.231453
122.231453
122.231453
122.231453
122.231453
122.231453
122.231453
122.231453
122.231453
122.231453
122.231453
122.231453
122.231453
122.231453
122.231453
122.231453
122.231453
122.231453
122.231453
122.231453
122.231453
122.231453
122.231453
122.231453
122.231453
122.231453
122.231453
122.231453
122.231452
122.231452
122.231452
122.231452
122.231452
122.231452
122.231452
122.231452
122.231452
122.231452
122.231452
122.231452
122.231452
122.231452
122.231452
122.231452
122.231452
122.231452
122.231452
122.231452
122.231452
122.231452
122.231452
122.231452
122.231452
122.231452
122.231452
122.231452
122.231452
122.231452
122.231451
122.231451
122.231451
122.231451
122.231451
122.231451
122.231451
122.231451
122.231451
122.231451
122.231451
122.231451
122.231451
122.231451
122.231451
122.231451
122.231451
122.231451
122.231451
122.231451
122.231451
122.231451
122.231451
122.231451
122.231451
122.231451
122.231451
122.231451
122.231451
122.231451
122.231451
122.231451
122.231451
122.231451
122.231451
122.231451
122.231451
122.231451
122.231451
122.231451
122.231451
122.231451
122.231451
122.231451
122.231451
122.231451
122.231450
122.231450
122.231450
122.231450
122.231450
122.231450
122.231450
122.231450
122.231450
122.231450
122.231450
122.231450
122.231450
122.231450
122.231450
122.231450
122.231450
122.231450
122.231450
122.231450
122.231450
122.231450
122.231450
122.231450
122.231450
122.231450
122.231450
122.231450
122.231450
122.231450
122.231450
122.231450
122.231450
122.231450
122.231450
122.231450
122.231450
122.231450
122.231450
122.231450
122.231450
122.231450
122.231450
122.231450
122.231450
122.231450
122.231449
122.231449
122.231449
122.231449
122.231449
122.231449
122.231449
122.231449
122.231449
122.231449
122.231449
122.231449
122.231449
122.231449
122.231449
122.231449
122.231449
122.231449
122.231449
122.231449
122.231448
122.231448
122.231448
122.231448
122.231448
122.231448
122.231448
122.231448
122.231448
122.231448
122.231448
122.231448
122.231448
122.231448
122.231448
122.231448
122.231448
122.231448
122.231448
122.231448
122.231448
122.231448
122.231448
122.231448
122.231448
122.231448
122.231448
122.231448
122.231448
122.231448
122.231448
122.231448
122.231448
122.231448
122.231448
122.231448
122.231448
122.231448
122.231448
122.231448
122.231448
122.231448
122.231448
122.231448
122.231448
122.231448
122.231448
122.231448
122.231448
122.231448
122.231448
122.231448
122.231448
122.231448
122.231448
122.231448
122.231448
122.231448
122.231448
122.231448
122.231447
122.231447
122.231447
122.231447
122.231447
122.231447
122.231447
122.231447
122.231447
122.231447
122.231447
122.231446
122.231446
122.231446
122.231446
122.231446
122.231446
122.231446
122.231446
122.231446
122.231446
122.231445
122.231445
122.231445
122.231445
122.231445
122.231445
122.231445
122.231445
122.231445
122.231445
122.231445
122.231445
122.231445
122.231445
122.231445
122.231445
122.231445
122.231445
122.231445
122.231445
122.231444
122.231444
122.231444
122.231444
122.231444
122.231444
122.231444
122.231444
122.231444
122.231444
122.231444
122.231444
122.231444
122.231444
122.231444
122.231444
122.231444
122.231444
122.231444
122.231444
122.231444
122.231444
122.231444
122.231444
122.231444
122.231444
122.231444
122.231444
122.231444
122.231444
122.231444
122.231444
122.231444
122.231444
122.231444
122.231444
122.231444
122.231444
122.231444
122.231444
122.231444
122.231444
122.231444
122.231444
122.231444
122.231444
122.231444
122.231444
122.231444
122.231444
122.231444
122.231444
122.231444
122.231444
122.231444
122.231444
122.231444
122.231444
122.231444
122.231444
122.231444
122.231444
122.231444
122.231444
122.231444
122.231444
122.231444
122.231444
122.231444
122.231444
122.231444
122.231444
122.231444
122.231444
122.231444
122.231444
122.231444
122.231444
122.231444
122.231444
122.231444
122.231444
122.231444
122.231444
122.231444
122.231444
122.231444
122.231444
122.231444
122.231444
122.231444
122.231444
122.231444
122.231444
122.231444
122.231444
122.231444
122.231444
122.231444
122.231444
122.231443
122.231443
122.231443
122.231443
122.231443
122.231443
122.231443
122.231443
122.231443
122.231443
122.231441
122.231441
122.231441
122.231441
122.231441
122.231441
122.231441
122.231441
122.231441
122.231441
122.231441
122.231441
122.231441
122.231441
122.231441
122.231441
122.231441
122.231441
122.231441
122.231441
122.231441
122.231441
122.231441
122.231441
122.231441
122.231441
122.231441
122.231441
122.231441
122.231441
122.231441
122.231441
122.231441
122.231441
122.231441
122.231441
122.231441
122.231441
122.231441
122.231441
122.231441
122.231441
122.231441
122.231441
122.231441
122.231441
122.231441
122.231440
122.231440
122.231440
122.231440
122.231440
122.231440
122.231440
122.231440
122.231440
122.231440
122.231440
122.231440
122.231438
122.231438
122.231438
122.231438
122.231438
122.231438
122.231438
122.231438
122.231438
122.231438
122.231438
122.231438
122.231438
122.231438
122.231438
122.231438
122.231438
122.231438
122.231438
122.231438
122.231438
122.231438
122.231438
122.231438
122.231437
122.231437
122.231437
122.231437
122.231437
122.231437
122.231437
122.231437
122.231437
122.231437
122.231437
122.231437
122.231437
122.231437
122.231437
122.231437
122.231437
122.231437
122.231437
122.231437
122.231437
122.231437
122.231437
122.231437
122.231437
122.231437
122.231437
122.231437
122.231437
122.231437
122.231437
122.231437
122.231437
122.231437
122.231437
122.231437
122.231437
122.231437
122.231437
122.231437
122.231437
122.231437
122.231437
122.231437
122.231437
122.231437
122.231437
122.231437
122.231437
122.231437
122.231437
122.231437
122.231437
122.231437
122.231437
122.231437
122.231437
122.231437
122.231437
122.231437
122.231437
122.231437
122.231437
122.231437
122.231437
122.231437
122.231437
122.231437
122.231437
122.231437
122.231437
122.231437
122.231437
122.231437
122.231437
122.231437
122.231437
122.231437
122.231437
122.231437
122.231437
122.231437
122.231437
122.231437
122.231437
122.231437
122.231437
122.231437
122.231437
122.231437
122.231437
122.231437
122.231437
122.231437
122.231437
122.231437
122.231437
122.231437
122.231437
122.231437
122.231437
122.231437
122.231437
122.231437
122.231437
122.231437
122.231437
122.231437
122.231437
122.231437
122.231437
122.231437
122.231437
122.231437
122.231437
122.231437
122.231437
122.231437
122.231437
122.231437
122.231437
122.231437
122.231437
122.231437
122.231437
122.231437
122.231437
122.231437
122.231437
122.231437
122.231437
122.231437
122.231437
122.231437
122.231437
122.231437
122.231437
122.231437
122.231437
122.231437
122.231437
122.231437
122.231437
122.231437
122.231437
122.231437
122.231437
122.231437
122.231437
122.231437
122.231437
122.231437
122.231437
122.231437
122.231437
122.231437
122.231437
122.231437
122.231437
122.231437
122.231437
122.231437
122.231437
122.231437
122.231437
122.231437
122.231437
122.231437
122.231437
122.231437
122.231437
122.231437
122.231437
122.231437
122.231437
122.231437
122.231437
122.231437
122.231437
122.231437
122.231437
122.231437
122.231437
122.231437
122.231437
122.231437
122.231437
122.231437
122.231437
122.231437
122.231437
122.231437
122.231437
122.231437
122.231437
122.231437
122.231437
122.231437
122.231437
122.231437
122.231437
122.231437
122.231437
122.231437
122.231437
122.231437
122.231437
122.231437
122.231437
122.231437
122.231437
122.231437
122.231437
122.231437
122.231437
122.231437
122.231437
122.231437
122.231437
122.231437
122.231437
122.231437
122.231437
122.231437
122.231437
122.231437
122.231437
122.231437
122.231437
122.231437
122.231437
122.231437
122.231437
122.231437
122.231437
122.231437
122.231437
122.231437
122.231437
122.231437
122.231437
122.231437
122.231437
122.231437
122.231437
122.231437
122.231437
122.231437
122.231437
122.231437
122.231437
122.231437
122.231437
122.231437
122.231437
122.231437
122.231437
122.231437
122.231437
122.231437
122.231437
122.231437
122.231437
122.231437
122.231437
122.231437
122.231437
122.231437
122.231437
122.231437
122.231437
122.231437
122.231437
122.231437
122.231437
122.231437
122.231437
122.231437
122.231437
122.231437
122.231437
122.231437
122.231437
122.231437
122.231437
122.231437
122.231437
122.231437
122.231437
122.231437
122.231437
122.231437
122.231437
122.231437
122.231437
122.231437
122.231437
122.231437
122.231437
122.231437
122.231437
122.231437
122.231437
122.231437
122.231437
122.231437
122.231437
122.231437
122.231437
122.231437
122.231437
122.231437
122.231437
122.231437
122.231437
122.231437
122.231437
122.231437
122.231437
122.231437
122.231437
122.231437
122.231437
122.231437
122.231437
122.231437
122.231437
122.231437
122.231437
122.231437
122.231437
122.231437
122.231436
122.231436
122.231436
122.231436
122.231436
122.231436
122.231436
122.231436
122.231436
122.231436
122.231436
122.231436
122.231436
122.231436
122.231436
122.231436
122.231436
122.231436
122.231436
122.231436
122.231436
122.231436
122.231436
122.231436
122.231436
122.231436
122.231436
122.231436
122.231436
122.231436
122.231436
122.231436
122.231436
122.231436
122.231436
122.231436
122.231436
122.231436
122.231436
122.231436
122.231436
122.231436
122.231436
122.231436
122.231436
122.231436
122.231436
122.231436
122.231436
122.231436
122.231436
122.231436
122.231436
122.231436
122.231436
122.231436
122.231436
122.231436
122.231436
122.231436
122.231436
122.231436
122.231436
122.231436
122.231436
122.231436
122.231436
122.231436
122.231436
122.231436
122.231436
122.231436
122.231436
122.231436
122.231436
122.231436
122.231436
122.231436
122.231436
122.231436
122.231436
122.231436
122.231436
122.231436
122.231436
122.231436
122.231436
122.231436
122.231436
122.231436
122.231436
122.231436
122.231436
122.231436
122.231436
122.231436
122.231436
122.231436
122.231436
122.231436
122.231436
122.231436
122.231436
122.231436
122.231436
122.231436
122.231436
122.231436
122.231436
122.231436
122.231436
122.231436
122.231436
122.231436
122.231436
122.231436
122.231436
122.231436
122.231436
122.231436
122.231436
122.231436
122.231436
122.231436
122.231436
122.231436
122.231436
122.231436
122.231436
122.231436
122.231436
122.231436
122.231436
122.231436
122.231436
122.231436
122.231436
122.231436
122.231436
122.231436
122.231436
122.231436
122.231436
122.231436
122.231436
122.231436
122.231436
122.231436
122.231436
122.231436
122.231436
122.231436
122.231435
122.231435
122.231435
122.231435
122.231435
122.231435
122.231435
122.231435
122.231435
122.231435
122.231435
122.231435
122.231435
122.231435
122.231435
122.231435
122.231435
122.231435
122.231435
122.231435
122.231435
122.231435
122.231435
122.231435
122.231435
122.231435
122.231435
122.231435
122.231435
122.231435
122.231435
122.231435
122.231435
122.231435
122.231435
122.231435
122.231435
122.231435
122.231435
122.231435
122.231435
122.231435
122.231435
122.231435
122.231435
122.231435
122.231435
122.231435
122.231435
122.231435
122.231435
122.231435
122.231435
122.231435
122.231435
122.231435
122.231435
122.231435
122.231435
122.231435
122.231435
122.231435
122.231435
122.231435
122.231435
122.231435
122.231435
122.231435
122.231435
122.231435
122.231435
122.231435
122.231435
122.231435
122.231435
122.231435
122.231435
122.231435
122.231435
122.231435
122.231435
122.231435
122.231435
122.231435
122.231435
122.231435
122.231435
122.231435
122.231435
122.231435
122.231435
122.231435
122.231435
122.231435
122.231435
122.231435
122.231435
122.231435
122.231435
122.231435
122.231435
122.231435
122.231435
122.231435
122.231435
122.231435
122.231435
122.231435
122.231435
122.231435
122.231435
122.231435
122.231435
122.231435
122.231435
122.231435
122.231435
122.231435
122.231435
122.231435
122.231435
122.231435
122.231435
122.231435
122.231435
122.231435
122.231435
122.231435
122.231435
122.231435
122.231435
122.231435
122.231435
122.231435
122.231435
122.231435
122.231435
122.231435
122.231435
122.231435
122.231435
122.231435
122.231435
122.231435
122.231435
122.231435
122.231435
122.231435
122.231435
122.231435
122.231435
122.231435
122.231435
122.231435
122.231435
122.231435
122.231435
122.231435
122.231435
122.231435
122.231435
122.231435
122.231435
122.231435
122.231435
122.231435
122.231435
122.231435
122.231435
122.231435
122.231435
122.231435
122.231435
122.231435
122.231435
122.231435
122.231435
122.231435
122.231435
122.231435
122.231434
122.231434
122.231434
122.231434
122.231434
122.231434
122.231434
122.231434
122.231434
122.231434
122.231434
122.231434
122.231434
122.231434
122.231434
122.231434
122.231434
122.231434
122.231434
122.231434
122.231434
122.231434
122.231434
122.231434
122.231434
122.231434
122.231434
122.231434
122.231434
122.231434
122.231434
122.231434
122.231434
122.231434
122.231434
122.231434
122.231434
122.231434
122.231434
122.231434
122.231434
122.231434
122.231434
122.231434
122.231434
122.231434
122.231434
122.231434
122.231434
122.231434
122.231434
122.231434
122.231434
122.231434
122.231434
122.231434
122.231434
122.231434
122.231434
122.231434
122.231434
122.231434
122.231434
122.231434
122.231434
122.231434
122.231434
122.231434
122.231434
122.231434
122.231434
122.231434
122.231434
122.231434
122.231434
122.231434
122.231434
122.231434
122.231433
122.231433
122.231433
122.231433
122.231433
122.231433
122.231433
122.231433
122.231433
122.231433
122.231433
122.231433
122.231433
122.231433
122.231433
122.231433
122.231433
122.231433
122.231433
122.231433
122.231433
122.231433
122.231433
122.231433
122.231433
122.231433
122.231433
122.231433
122.231433
122.231433
122.231433
122.231433
122.231433
122.231433
122.231432
122.231432
122.231432
122.231432
122.231432
122.231432
122.231432
122.231432
122.231432
122.231432
122.231432
122.231432
122.231432
122.231432
122.231432
122.231432
122.231432
122.231432
122.231432
122.231432
122.231432
122.231432
122.231432
122.231432
122.231432
122.231432
122.231432
122.231432
122.231432
122.231432
122.231432
122.231432
122.231432
122.231432
122.231432
122.231432
122.231431
122.231431
122.231431
122.231431
122.231431
122.231431
122.231431
122.231431
122.231431
122.231431
122.231431
122.231431
122.231431
122.231431
122.231431
122.231431
122.231431
122.231431
122.231431
122.231431
122.231431
122.231431
122.231431
122.231431
122.231431
122.231431
122.231431
122.231431
122.231431
122.231431
122.231431
122.231431
122.231431
122.231431
122.231431
122.231431
122.231431
122.231431
122.231431
122.231431
122.231431
122.231431
122.231431
122.231431
122.231431
122.231431
122.231431
122.231431
122.231431
122.231431
122.231431
122.231431
122.231431
122.231431
122.231431
122.231431
122.231431
122.231431
122.231431
122.231431
122.231431
122.231431
122.231431
122.231431
122.231430
122.231430
122.231430
122.231430
122.231430
122.231430
122.231430
122.231430
122.231430
122.231430
122.231430
122.231430
122.231430
122.231430
122.231430
122.231430
122.231430
122.231430
122.231430
122.231430
122.231430
122.231430
122.231430
122.231430
122.231430
122.231430
122.231430
122.231430
122.231430
122.231430
122.231430
122.231430
122.231430
122.231430
122.231430
122.231430
122.231430
122.231430
122.231430
122.231430
122.231430
122.231430
122.231430
122.231430
122.231430
122.231430
122.231430
122.231430
122.231430
122.231430
122.231430
122.231430
122.231430
122.231430
122.231430
122.231430
122.231430
122.231430
122.231430
122.231430
122.231430
122.231430
122.231430
122.231429
122.231429
122.231429
122.231429
122.231429
122.231429
122.231429
122.231429
122.231429
122.231429
122.231429
122.231429
122.231429
122.231429
122.231429
122.231429
122.231429
122.231429
122.231429
122.231429
122.231429
122.231429
122.231429
122.231429
122.231429
122.231429
122.231429
122.231428
122.231428
122.231428
122.231428
122.231428
122.231428
122.231428
122.231428
122.231428
122.231428
122.231428
122.231428
122.231428
122.231428
122.231428
122.231428
122.231428
122.231428
122.231428
122.231428
122.231428
122.231428
122.231428
122.231428
122.231428
122.231428
122.231428
122.231428
122.231428
122.231428
122.231427
122.231427
122.231427
122.231427
122.231425
122.231425
122.231425
122.231425
122.231425
122.231425
122.231425
122.231424
122.231424
122.231424
122.231424
122.231424
122.231424
122.231424
122.231424
122.231424
122.231424
122.231424
122.231424
122.231424
122.231424
122.231424
122.231424
122.231424
122.231424
122.231424
122.231424
122.231424
122.231424
122.231424
122.231424
122.231424
122.231424
122.231424
122.231424
122.231424
122.231423
122.231423
122.231423
122.231423
122.231423
122.231423
122.231423
122.231423
122.231423
122.231423
122.231423
122.231423
122.231423
122.231423
122.231423
122.231423
122.231423
122.231423
122.231423
122.231423
122.231423
122.231423
122.231423
122.231423
122.231423
122.231423
122.231423
122.231423
122.231423
122.231423
122.231422
122.231422
122.231422
122.231422
122.231422
122.231422
122.231422
122.231422
122.231422
122.231422
122.231422
122.231422
122.231422
122.231422
122.231422
122.231422
122.231421
122.231421
122.231421
122.231421
122.231421
122.231421
122.231421
122.231421
122.231421
122.231421
122.231421
122.231421
122.231421
122.231421
122.231418
122.231418
122.231418
122.231417
122.231417
122.231417
122.231417
122.231417
122.231417
122.231417
122.231414
122.231414
122.231414
122.231414
122.231414
122.231414
122.231414
122.231414
122.231414
122.231414
122.231414
122.231414
122.231414
122.231414
122.231414
122.231414
122.231414
122.231414
122.231414
122.231414
122.231414
122.231414
122.231414
122.231413
122.231413
122.231413
122.231413
122.231413
122.231413
122.231413
122.231413
122.231413
122.231413
122.231412
122.231412
122.231412
122.231412
122.231412
122.231412
122.231412
122.231412
122.231412
122.231412
122.231412
122.231412
122.231412
122.231412
122.231412
122.231412
122.231412
122.231412
122.231412
122.231412
122.231412
122.231412
122.231412
122.231412
122.231412
122.231412
122.231412
122.231412
122.231412
122.231412
122.231412
122.231412
122.231412
122.231412
122.231412
122.231412
122.231412
122.231408
122.231408
122.231408
122.231408
122.231408
122.231408
122.231408
122.231408
122.231408
122.231408
122.231408
122.231408
122.231408
122.231405
122.231405
122.231405
122.231405
122.231405
122.231405
122.231405
122.231405
122.231405
122.231405
122.231405
122.231405
122.231405
122.231405
122.231405
122.231405
122.231405
122.231405
122.231405
122.231405
122.231405
122.231405
122.231405
122.231405
122.231405
122.231405
122.231405
122.231405
122.231405
122.231405
122.231405
122.231405
122.231405
122.231405
122.231405
122.231405
122.231405
122.231405
122.231405
122.231405
122.231405
122.231405
122.231405
122.231402
122.231402
122.231402
122.231402
122.231402
122.231402
122.231402
122.231402
122.231402
122.231402
122.231402
122.231402
122.231402
122.231402
122.231402
122.231402
122.231402
122.231402
122.231402
122.231402
122.231402
122.231402
122.231402
122.231402
122.231402
122.231402
122.231402
122.231401
122.231401
122.231401
122.231401
122.231401
122.231401
122.231401
122.231395
122.231395
122.231395
122.231395
122.231395
122.231395
122.231395
122.231395
122.231395
122.231395
122.231395
122.231395
122.231395
122.231395
122.231395
122.231395
122.231395
122.231395
122.231395
122.231395
122.231395
122.231395
122.231395
122.231395
122.231395
122.231395
122.231395
122.231395
122.231395
122.231395
122.231395
122.231395
122.231395
122.231395
122.231395
122.231395
122.231395
122.231395
122.231395
122.231395
122.231395
122.231395
122.231395
122.231395
122.231395
122.231395
122.231395
122.231395
122.231395
122.231395
122.231395
122.231395
122.231395
122.231392
122.231392
122.231392
122.231392
122.231392
122.231392
122.231392
122.231392
122.231392
122.231392
122.231392
122.231392
122.231392
122.231392
122.231392
122.231392
122.231392
122.231391
122.231391
122.231391
122.231391
122.231387
122.231387
122.231387
122.231387
122.231384
122.231384
122.231384
122.231384
122.231384
122.231384
122.231384
122.231384
122.231384
122.231384
122.231379
122.231379
122.231379
122.231379
122.231379
122.231379
122.231379
122.231379
122.231379
122.231379
122.231379
122.231379
122.231379
122.231379
122.231379
122.231379
122.231379
122.231379
122.231379
122.231379
122.231379
122.231379
122.231379
122.231379
122.231379
122.231379
122.231379
122.231379
122.231379
122.231379
122.231379
122.231379
122.231379
122.231379
122.231379
122.231379
122.231379
122.231379
122.231379
122.231379
122.231379
122.231379
122.231379
122.231379
122.231379
122.231379
122.231379
122.231379
122.231379
122.231379
122.231379
122.231379
122.231379
122.231379
122.231379
122.231379
122.231379
122.231379
122.231379
122.231379
122.231379
122.231379
122.231379
122.231379
122.231379
122.231379
122.231379
122.231379
122.231379
122.231379
122.231379
122.231379
122.231379
122.231379
122.231379
122.231379
122.231379
122.231379
122.231379
122.231379
122.231378
122.231378
122.231375
122.231375
122.231375
122.231373
122.231373
122.231373
122.231373
122.231373
122.231373
122.231373
122.231373
122.231371
122.231371
122.231371
122.231371
122.231371
122.231371
122.231371
122.231371
122.231371
122.231371
122.231371
122.231371
122.231371
122.231371
122.231371
122.231371
122.231371
122.231371
122.231371
122.231371
122.231371
122.231371
122.231371
122.231371
122.231371
122.231371
122.231371
122.231371
122.231371
122.231371
122.231371
122.231371
122.231371
122.231371
122.231371
122.231368
122.231368
122.231368
122.231368
122.231358
122.231358
122.231358
122.231358
122.231358
122.231358
122.231358
122.231358
122.231358
122.231358
122.231358
122.231358
122.231358
122.231358
122.231358
122.231358
122.231358
122.231358
122.231358
122.231358
122.231358
122.231358
122.231358
122.231349
122.231349
122.231349
122.231349
122.231349
122.231349
122.231349
122.231349
122.231349
122.231349
122.231349
122.231349
122.231349
122.231342
122.231342
122.231342
122.231342
122.231342
122.231342
122.231342
122.231342
122.231342
122.231342
122.231325
122.231325
122.231325
122.231325
122.231325
122.231325
122.231325
122.231325
122.231325
122.231325
122.231325
122.231325
122.231325
122.231325
122.231325
122.231325
122.231325
122.231325
122.231325
122.231325
122.231325
122.231325
122.231325
122.231325
122.231325
122.231325
122.231325
122.231325
122.231325
122.231325
122.231325
122.231325
122.231325
122.231325
122.231325
122.231318
122.231318
122.231318
122.231318
122.231318
122.231318
122.231318
122.231318
122.231318
122.231318
122.231318
122.231318
122.231318
122.231318
122.231318
122.231318
122.231318
122.231318
122.231318
122.231318
122.231318
122.231318
122.231318
122.231318
122.231318
122.231318
122.231318
122.231318
122.231318
122.231318
122.231318
122.231318
122.231298
122.231298
122.231298
122.231298
122.231298
122.231298
122.231298
122.231298
122.231298
122.231298
122.231298
122.231298
122.231298
122.231298
122.231298
122.231298
122.231298
122.231298
122.231298
122.231298
122.231296
122.231296
122.231296
122.231296
122.231296
122.231296
122.231296
122.231296
122.231296
122.231296
122.231296
122.231294
122.231294
122.231294
122.231294
122.231294
122.231294
122.231291
122.231291
122.231291
122.231291
122.231291
122.231291
122.231291
122.231291
122.231291
122.231291
122.231291
122.231291
122.231291
122.231291
122.231291
122.231291
122.231291
122.231291
122.231291
122.231291
122.231291
122.231291
122.231291
122.231291
122.231291
122.231291
122.231291
122.231291
122.231291
122.231291
122.231291
122.231291
122.231291
122.231291
122.231291
122.231291
122.231291
122.231291
122.231291
122.231291
122.231291
122.231291
122.231291
122.231291
122.231291
122.231291
122.231291
122.231291
122.231291
122.231291
122.231291
122.231291
122.231291
122.231291
122.231291
122.231291
122.231291
122.231291
122.231291
122.231291
122.231291
122.231291
122.231291
122.231291
122.231291
122.231291
122.231267
122.231267
122.231267
122.231267
122.231267
122.231267
122.231267
122.231267
122.231267
122.231267
122.231267
122.231267
122.231267
122.231267
122.231267
122.231267
122.231267
122.231267
122.231267
122.231267
122.231267
122.231267
122.231267
122.231267
122.231267
122.231267
122.231267
122.231267
122.231267
122.231267
122.231263
122.231263
122.231263
122.231263
122.231263
122.231263
122.231263
122.231263
122.231263
122.231263
122.231263
122.231263
122.231263
122.231263
122.231263
122.231263
122.231263
122.231263
122.231263
122.231263
122.231263
122.231263
122.231263
122.231263
122.231263
122.231263
122.231263
122.231263
122.231263
122.231263
122.231253
122.231253
122.231253
122.231253
122.231253
122.231253
122.231253
122.231253
122.231253
122.231253
122.231253
122.231253
122.231253
122.231253
122.231253
122.231253
122.231253
122.231253
122.231253
122.231253
122.231253
122.231253
122.231253
122.231253
122.231253
122.231253
122.231253
122.231253
122.231253
122.231253
122.231253
122.231253
122.231253
122.231253
122.231253
122.231253
122.231253
122.231253
122.231253
122.231253
122.231253
122.231253
122.231253
122.231253
122.231253
122.231253
122.231253
122.231253
122.231253
122.231253
122.231253
122.231253
122.231253
122.231253
122.231251
122.231251
122.231251
122.231251
122.231251
122.231251
122.231251
122.231251
122.231251
122.231251
122.231251
122.231251
122.231251
122.231251
122.231251
122.231251
122.231251
122.231251
122.231251
122.231251
122.231251
122.231251
122.231251
122.231251
122.231251
122.231251
122.231251
122.231251
122.231251
122.231251
122.231251
122.231251
122.231251
122.231251
122.231251
122.231251
122.231251
122.231251
122.231251
122.231251
122.231251
122.231251
122.231251
122.231251
122.231251
122.231251
122.231242
122.231242
122.231242
122.231242
122.231242
122.231242
122.231242
122.231242
122.231242
122.231242
122.231242
122.231242
122.231242
122.231242
122.231242
122.231242
122.231242
122.231242
122.231242
122.231242
122.231242
122.231242
122.231242
122.231242
122.231242
122.231242
122.231242
122.231242
122.231242
122.231242
122.231215
122.231215
122.231215
122.231215
122.231215
122.231215
122.231215
122.231215
122.231215
122.231215
122.231215
122.231215
122.231215
122.231215
122.231193
122.231193
122.231193
122.231193
122.231193
122.231193
122.231193
122.231193
122.231193
122.231193
122.231193
122.231193
122.231193
122.231193
122.231193
122.231193
122.231193
122.231193
122.231193
122.231193
122.231193
122.231193
122.231193
122.231193
122.231193
122.231193
122.231193
122.231193
122.231193
122.231193
122.231193
122.231193
122.231193
122.231193
122.231193
122.231193
122.231193
122.231193
122.231193
122.231193
122.231193
122.231193
122.231193
122.231193
122.231193
122.231193
122.231193
122.231193
122.231193
122.231193
122.231193
122.231193
122.231193
122.231193
122.231193
122.231193
122.231193
122.231193
122.231193
122.231193
122.231193
122.231193
122.231193
122.231193
122.231193
122.231193
122.231193
122.231193
122.231193
122.231193
122.231164
122.231164
122.231164
122.231164
122.231164
122.231164
122.231164
122.231164
122.231164
122.231164
122.231164
122.231164
122.231164
122.231164
122.231164
122.231164
122.231164
122.231164
122.231164
122.231164
122.231164
122.231164
122.231164
122.231164
122.231164
122.231164
122.231164
122.231164
122.231164
122.231164
122.231164
122.231164
122.231164
122.231164
122.231164
122.231164
122.231164
122.231164
122.231164
122.231164
122.231164
122.231164
122.231164
122.231164
122.231164
122.231164
122.231164
122.231164
122.231164
122.231164
122.231164
122.231164
122.231164
122.231164
122.231164
122.231164
122.231164
122.231164
122.231164
122.231164
122.231164
122.231164
122.231164
122.231164
122.231164
122.231164
122.231164
122.231164
122.231164
122.231164
122.231164
122.231164
122.231164
122.231164
122.231164
122.231164
122.231164
122.231164
122.231164
122.231164
122.231164
122.231164
122.231164
122.231164
122.231164
122.231164
122.231164
122.231164
122.231164
122.231164
122.231144
122.231144
122.231144
122.231144
122.231144
122.231144
122.231144
122.231144
122.231144
122.231144
122.231110
122.231110
122.231110
122.231110
122.231110
122.231110
122.231110
122.231110
122.231110
122.231110
122.231110
122.231110
122.231110
122.231110
122.231110
122.231110
122.231110
122.231110
122.231110
122.231110
122.231110
122.231110
122.231110
122.231110
122.231110
122.231110
122.231110
122.231110
122.231110
122.231110
122.231110
122.231110
122.231110
122.231110
122.231110
122.231110
122.231070
122.231070
122.231070
122.231070
122.231070
122.231070
122.231070
122.231070
122.231070
122.231070
122.231070
122.231070
122.231070
122.231070
122.231070
122.231070
122.231070
122.231070
122.231070
122.231070
122.231045
122.231045
122.231045
122.231045
122.231045
122.231045
122.231045
122.231045
122.231045
122.231045
122.231045
122.231045
122.231045
122.231045
122.231045
122.231036
122.231036
122.231036
122.231036
122.231036
122.231036
122.231036
122.231036
122.231036
122.231036
122.231036
122.231036
122.231036
122.231036
122.231036
122.230927
122.230927
122.230927
122.230927
122.230927
122.230927
122.230927
122.230927
122.230927
122.230927
122.230927
122.230927
122.230927
122.230927
122.230927
122.230927
122.230927
122.230927
122.230927
122.230927
122.230927
122.230927
122.230927
122.230927
122.230927
122.230927
122.230927
122.230927
122.230927
122.230927
122.230927
122.230927
122.230927
122.230927
122.230927
122.230927
122.230927
122.230927
122.230927
122.230927
122.230907
122.230907
122.230907
122.230907
122.230907
122.230907
122.230907
122.230907
122.230907
122.230907
122.230907
122.230907
122.230907
122.230907
122.230907
122.230907
122.230907
122.230907
122.230885
122.230885
122.230885
122.230885
122.230885
122.230885
122.230885
122.230885
122.230885
122.230885
122.230885
122.230885
122.230885
122.230885
122.230885
122.230885
122.230885
122.230843
122.230843
122.230843
122.230843
122.230843
122.230843
122.230843
122.230843
122.230843
122.230817
122.230817
122.230817
122.230817
122.230807
122.230807
122.230807
122.230807
122.230807
122.230807
122.230807
122.230807
122.230807
122.230807
122.230807
122.230807
122.230807
122.230807
122.230807
122.230807
122.230807
122.230807
122.230807
122.230807
122.230807
122.230807
122.230807
122.230807
122.230807
122.230807
122.230807
122.230807
122.230807
122.230807
122.230807
122.230807
122.230661
122.230661
122.230661
122.230661
122.230661
122.230661
122.230661
122.230661
122.230639
122.230639
122.230639
122.230639
122.230639
122.230639
122.230639
122.230639
122.230639
122.230639
122.230639
122.230639
122.230639
122.230639
122.230639
122.230639
122.230639
122.230639
122.230639
122.230639
122.230639
122.230639
122.230639
122.230639
122.230639
122.230639
122.230639
122.230639
122.230639
122.230639
122.230639
122.230639
122.230639
122.230639
122.230639
122.230639
122.230639
122.230639
122.230639
122.230639
122.230629
122.230629
122.230629
122.230629
122.230629
122.230629
122.230629
122.230629
122.230629
122.230629
122.230629
122.230629
122.230558
122.230558
122.230558
122.230558
122.230558
122.230558
122.230558
122.230558
122.230558
122.230558
122.230558
122.230558
122.230558
122.230558
122.230558
122.230558
122.230558
122.230558
122.230558
122.230558
122.230558
122.230558
122.230558
122.230558
122.230558
122.230558
122.230558
122.230558
122.230558
122.230558
122.230558
122.230558
122.230558
122.230558
122.230558
122.230558
122.230558
122.230558
122.230558
122.230558
122.230558
122.230558
122.230455
122.230455
122.230455
122.230455
122.230455
122.230455
122.230455
122.230455
122.230455
122.230455
122.230455
122.230455
122.230455
122.230398
122.230398
122.230398
122.230398
122.230398
122.230337
122.230337
122.230337
122.230337
122.230337
122.230337
122.230337
122.230337
122.230337
122.230337
122.230073
122.230073
122.230073
122.230073
122.230073
122.230073
122.230073
122.230073
122.230073
122.230073
122.230073
122.230073
122.230073
122.230073
122.230073
122.230073
122.230073
122.230073
122.230073
122.230073
122.230073
122.230073
122.230073
122.230073
122.230073
122.230073
122.230073
122.230073
122.230073
122.230073
122.230073
122.230073
122.230073
122.230073
122.230073
122.230073
122.230073
122.230073
122.230073
122.230073
122.230073
122.230073
122.230073
122.230073
122.230073
122.230073
122.230073
122.230073
122.230073
122.230073
122.230073
122.230073
122.230073
122.230073
122.230073
122.229870
122.229870
122.229870
122.229870
122.229870
122.229870
122.229870
122.229870
122.229870
122.229870
122.229853
122.229853
122.229853
122.229853
122.229853
122.229853
122.229853
122.229853
122.229853
122.229853
122.229853
122.229853
122.229853
122.229853
122.229853
122.229853
122.229853
122.229853
122.229853
122.229853
122.229843
122.229843
122.229843
122.229843
122.229843
122.229843
122.229843
122.229843
122.229843
122.229843
122.229843
122.229843
122.229843
122.229843
122.229843
122.229843
122.229843
122.229843
122.229843
122.229843
122.229843
122.229843
122.229843
122.229843
122.229843
122.229843
122.229843
122.229843
122.229843
122.229843
122.229843
122.229843
122.229843
122.229843
122.229843
122.229692
122.229692
122.229692
122.229692
122.229692
122.229692
122.229692
122.229692
122.229692
122.229692
122.229692
122.229692
122.229692
122.229692
122.229692
122.229692
122.229692
122.229692
122.229692
122.229692
122.229692
122.229692
122.229692
122.229692
122.229688
122.229688
122.229688
122.229688
122.229688
122.229688
122.229574
122.229574
122.229574
122.229574
122.229574
122.229574
122.229574
122.229574
122.229574
122.229574
122.229574
122.229574
122.229574
122.229574
122.229574
122.229574
122.229574
122.229574
122.229574
122.229574
122.229574
122.229574
122.229574
122.229574
122.229476
122.229476
122.229476
122.229476
122.229476
122.229476
122.229476
122.229476
122.229476
122.229476
122.229476
122.229476
122.229476
122.229476
122.229475
122.229475
122.229475
122.229475
122.229475
122.229475
122.229475
122.229475
122.229475
122.229475
122.229475
122.229475
122.229475
122.229475
122.229434
122.229434
122.229434
122.229434
122.229434
122.229434
122.229428
122.229428
122.229175
122.229175
122.229175
122.229175
122.229175
122.229175
122.229175
122.229175
122.229175
122.229175
122.229175
122.229175
122.228793
122.228793
122.228793
122.228793
122.228793
122.228793
122.228793
122.228793
122.228793
122.228793
122.228793
122.228793
122.228793
122.228793
122.228793
122.228793
122.228793
122.228793
122.228793
122.228793
122.228793
122.228793
122.228793
122.228793
122.228793
122.228793
122.228652
122.228652
122.228652
122.228652
122.228652
122.228652
122.228652
122.228652
122.228652
122.228652
122.228652
122.228652
122.228652
122.228652
122.228652
122.228652
122.228652
122.228652
122.228652
122.228652
122.228652
122.228652
122.228652
122.228652
122.228652
122.228652
122.228652
122.228652
122.228652
122.228652
122.228652
122.228652
122.228652
122.228652
122.228652
122.228652
122.228652
122.228652
122.228652
122.228652
122.228531
122.228531
122.228531
122.228531
122.228531
122.228531
122.228531
122.228531
122.228531
122.228261
122.228261
122.228261
122.228261
122.228261
122.228256
122.228256
122.228256
122.228256
122.228256
122.228256
122.228256
122.228256
122.228256
122.228256
122.227552
122.227552
122.227552
122.227552
122.227552
122.227552
122.227552
122.227552
122.227552
122.227552
122.227552
122.227552
122.227552
122.227552
122.227552
122.227552
122.227552
122.227552
122.227552
122.227552
122.227552
122.227552
122.227552
122.227552
122.227552
122.227552
122.227552
122.227552
122.227552
122.227552
122.227552
122.227552
122.227552
122.227316
122.227316
122.227316
122.227316
122.227316
122.227316
122.227316
122.227316
122.227316
122.227316
122.226558
122.226558
122.226558
122.226558
122.226558
122.226558
122.226558
122.226558
122.226558
122.226558
122.226558
122.226558
122.226558
122.226558
122.226558
122.226558
122.226558
122.226558
122.226558
122.225998
122.225998
122.225998
122.225998
122.225998
122.225998
122.225998
122.225998
122.225998
122.225998
122.225998
122.225998
122.225998
122.225998
122.225998
122.225998
122.225998
122.225998
122.225998
122.225998
122.225998
122.225448
122.225448
122.225448
122.225448
122.225448
122.225448
122.225448
122.225149
122.225149
122.225149
122.225149
122.225149
122.225149
122.225149
122.225149
122.225149
122.225149
122.225149
122.225149
122.225149
122.225149
122.225149
122.225149
122.225149
122.225149
122.225149
122.225149
122.225149
122.225149
122.225149
122.225149
122.225149
122.225149
122.225149
122.225149
122.225149
122.225149
122.225149
122.225149
122.225149
122.225149
122.225149
122.225149
122.225149
122.225149
122.225149
122.225149
122.225149
122.225149
122.225149
122.225149
122.225149
122.225149
122.225149
122.225149
122.225149
122.225149
122.225149
122.225149
122.225149
122.225149
122.225149
122.225149
122.225149
122.225149
122.225149
122.225149
122.225149
122.225149
122.225149
122.225149
122.225149
122.225149
122.225149
122.225149
122.225149
122.225149
122.225149
122.225149
122.225149
122.225149
122.225149
122.225149
122.225149
122.225149
122.225149
122.225149
122.225149
122.225149
122.225149
122.225149
122.225149
122.225149
122.225149
122.225149
122.225149
122.225149
122.225149
122.225149
122.225149
122.225149
122.225149
122.225149
122.225149
122.225149
122.225149
122.225149
122.225149
122.225149
122.225149
122.225149
122.225149
122.225149
122.225149
122.225149
122.225149
122.225149
122.225149
122.225149
122.225149
122.225149
122.225149
122.225149
122.225149
122.225149
122.225149
122.225149
122.225149
122.225149
122.224530
122.224530
122.224530
122.224530
122.224530
122.224530
122.224530
122.224530
122.224502
122.224502
122.224502
122.224502
122.224502
122.223622
122.223622
122.223622
122.223622
122.223622
122.223622
122.223622
122.223622
122.223622
122.223622
122.223622
122.223622
122.223622
122.223622
122.223622
122.223622
122.223622
122.223622
122.223622
122.223622
122.223622
122.223622
122.223622
122.223622
122.223622
122.223622
122.223622
122.223622
122.223622
122.223622
122.222675
122.222675
122.222675
122.222675
122.222675
122.222675
122.222675
122.222675
122.222675
122.222675
122.222675
122.222675
122.222675
122.222675
122.222675
122.222675
122.222675
122.222675
122.222675
122.222675
122.222675
122.222675
122.222675
122.222675
122.222675
122.222675
122.222675
122.222675
122.222675
122.222675
122.221192
122.221192
122.221192
122.220868
122.220868
122.220868
122.220868
122.220868
122.220868
122.220868
122.220868
122.220868
122.220868
122.220868
122.220868
122.220868
122.220868
122.220868
122.220868
122.220868
122.220868
122.220868
122.220868
122.220868
122.220868
122.220868
122.220868
122.220868
122.220868
122.220868
122.220868
122.220868
122.220868
122.220868
122.220868
122.220868
122.220868
122.220868
122.220868
122.220868
122.220868
122.220868
122.220868
122.220868
122.220868
122.220868
122.220868
122.220868
122.220496
122.220496
122.220496
122.220496
122.220496
122.220496
122.220496
122.220496
122.220496
122.220496
122.220496
122.220496
122.219327
122.219327
122.219327
122.219327
122.219327
122.219327
122.219327
122.218983
122.216978
122.216978
122.216978
122.216978
122.216978
122.216978
122.216978
122.216978
122.216978
122.216978
122.216978
122.216978
122.216978
122.215771
122.215771
122.215771
122.215771
122.215771
122.215771
122.215771
122.215771
122.215771
122.215771
122.215771
122.215771
122.215771
122.215771
122.215771
122.215771
122.215771
122.215771
122.215771
122.215771
122.215771
122.215771
122.215771
122.215771
122.215771
122.215771
122.215771
122.215771
122.215771
122.215771
122.215599
122.215599
122.215599
122.215599
122.215599
122.215599
122.215599
122.215599
122.215599
122.215599
122.215599
122.215599
122.215599
122.215599
122.215599
122.215599
122.215599
122.215599
122.215599
122.215599
122.215599
122.215599
122.215599
122.215599
122.215599
122.215599
122.215599
122.213842
122.213842
122.213842
122.213842
122.213842
122.213842
122.213842
122.213842
122.213842
122.213842
122.213842
122.213842
122.213842
122.213842
122.213842
122.213842
122.213842
122.213842
122.213842
122.213842
122.213842
122.213842
122.213842
122.213842
122.213842
122.213842
122.213842
122.213842
122.213842
122.213842
122.213842
122.213842
122.213842
122.213842
122.213842
122.213842
122.213842
122.213842
122.213842
122.213842
122.213842
122.213842
122.213842
122.213842
122.213842
122.213842
122.213842
122.211334
122.211334
122.211334
122.211334
122.211334
122.211334
122.211334
122.211334
122.211334
122.211334
122.211334
122.211334
122.211334
122.211334
122.211334
122.211334
122.209960
122.209960
122.209960
122.209960
122.209960
122.209960
122.209960
122.209960
122.209960
122.209960
122.209960
122.209960
122.209960
122.209960
122.209960
122.209960
122.209960
122.207845
122.207845
122.207845
122.207845
122.207845
122.207845
122.207845
122.207845
122.207845
122.207845
122.207845
122.207845
122.207845
122.206686
122.206686
122.206686
122.206686
122.206686
122.206686
122.206686
122.206686
122.206686
122.206686
122.206686
122.206686
122.206686
122.206686
122.206686
122.206686
122.205992
122.205992
122.205992
122.205992
122.205992
122.205992
122.205992
122.205992
122.205992
122.205992
122.201108
122.201108
122.201108
122.201108
122.201108
122.201108
122.201108
122.201108
122.201108
122.201108
122.201108
122.201108
122.201108
122.201108
122.201108
122.201108
122.198371
122.198371
122.198371
122.198371
122.198371
122.198371
122.198371
122.198371
122.198371
122.198371
122.198371
122.198371
122.198371
122.198371
122.198371
122.198371
122.198371
122.198371
122.198371
122.198371
122.197200
122.197200
122.197200
122.197200
122.197200
122.197200
122.197200
122.197200
122.197200
122.197200
122.193495
122.193495
122.193495
122.193495
122.193495
122.193495
122.193495
122.193495
122.193495
122.193495
122.193495
122.193495
122.193495
122.193495
122.193495
122.193495
122.193495
122.193495
122.193495
122.193495
122.193495
122.193495
122.193495
122.193495
122.193495
122.193495
122.193495
122.193495
122.193495
122.193495
122.193495
122.193495
122.193495
122.193495
122.193495
122.193495
122.193495
122.193495
122.193495
122.193495
122.193495
122.193495
122.193495
122.193495
122.193495
122.193495
122.193495
122.193495
122.193495
122.193495
122.193495
122.193495
122.186545
122.186545
122.186545
122.186545
122.186545
122.186545
122.186545
122.186545
122.186545
122.186545
122.186545
122.186545
122.186545
122.186545
122.186545
122.186545
122.186545
122.186545
122.186545
122.186545
122.186545
122.186545
122.186545
122.186545
122.186545
122.186545
122.186545
122.186545
122.186545
122.186545
122.184359
122.184359
122.184359
122.184359
122.184359
122.184359
122.184359
122.184359
122.184359
122.184359
122.184359
122.184359
122.184359
122.184359
122.184359
122.184359
122.184359
122.184359
122.184359
122.184359
122.184359
122.184359
122.180651
122.180651
122.180651
122.180651
122.179086
122.179086
122.179086
122.179086
122.179086
122.179086
122.173956
122.173956
122.173956
122.173956
122.173956
122.173956
122.173956
122.173956
122.173956
122.173956
122.173956
122.173956
122.173956
122.173956
122.173956
122.173956
122.173956
122.173956
122.173956
122.173956
122.173956
122.173956
122.173956
122.173956
122.173956
122.173956
122.173567
122.173567
122.173567
122.173567
122.173567
122.173567
122.173567
122.173567
122.173567
122.173567
122.173567
122.173567
122.173567
122.173567
122.162903
122.162903
122.162903
122.162903
122.162903
122.162903
122.162903
122.162903
122.162903
122.162903
122.162903
122.162903
122.162903
122.162903
122.162903
122.162903
122.162903
122.162903
122.162903
122.162903
122.162903
122.162903
122.162903
122.162903
122.162903
122.162903
122.162903
122.162903
122.162903
122.162903
122.162903
122.162903
122.162903
122.162903
122.162903
122.162903
122.162903
122.162903
122.162903
122.162903
122.162903
122.162903
122.162903
122.159681
122.159681
122.159681
122.159681
122.159681
122.159681
122.159681
122.159681
122.159681
122.159681
122.159681
122.159681
122.159681
122.159681
122.159681
122.159681
122.159681
122.159681
122.159681
122.159681
122.159681
122.159681
122.159681
122.159681
122.159681
122.159681
122.159681
122.159681
122.159681
122.159681
122.159681
122.159681
122.159681
122.159681
122.159681
122.159681
122.159681
122.159681
122.159681
122.159681
122.159681
122.159681
122.159681
122.159681
122.159681
122.159681
122.159681
122.159681
122.159681
122.159681
122.158810
122.158810
122.158810
122.158810
122.158810
122.158810
122.158810
122.157545
122.157545
122.157545
122.157545
122.157545
122.157545
122.157545
122.157545
122.157545
122.157545
122.152198
122.152198
122.152198
122.152198
122.152198
122.152198
122.152198
122.152198
122.152198
122.152198
122.152198
122.152198
122.152198
122.152198
122.152198
122.152198
122.152198
122.152198
122.152198
122.152198
122.152198
122.152198
122.152198
122.152198
122.152198
122.152198
122.152198
122.152198
122.152198
122.152198
122.152198
122.152198
122.152198
122.152198
122.152198
122.152198
122.152198
122.152198
122.152198
122.152198
122.152198
122.152198
122.152198
122.152198
122.152198
122.152198
122.152198
122.152198
122.152198
122.152198
122.152198
122.152198
122.152198
122.152198
122.152198
122.152198
122.152198
122.152198
122.152198
122.152198
122.152198
122.152198
122.152198
122.152198
122.152198
122.152198
122.152198
122.152198
122.152198
122.152198
122.152198
122.152198
122.152198
122.152198
122.152198
122.152198
122.152198
122.152198
122.152198
122.152198
122.149141
122.149141
122.149141
122.149141
122.149141
122.149141
122.147614
122.147614
122.147614
122.147614
122.147614
122.147614
122.147614
122.147614
122.147614
122.147614
122.147614
122.147614
122.147614
122.147614
122.147614
122.147614
122.147614
122.147614
122.147614
122.147614
122.147614
122.147614
122.147614
122.147614
122.147614
122.147614
122.147614
122.147614
122.147614
122.147614
122.147614
122.147614
122.147614
122.147614
122.144224
122.144224
122.144224
122.144224
122.144224
122.144224
122.144224
122.144224
122.144224
122.144224
122.144224
122.144224
122.144224
122.144224
122.144224
122.144224
122.144224
122.144224
122.138345
122.138345
122.138345
122.138345
122.138345
122.138345
122.138345
122.138345
122.138345
122.138345
122.138345
122.138345
122.138345
122.138345
122.138345
122.138345
122.138345
122.138345
122.138345
122.138345
122.132353
122.132353
122.132353
122.132353
122.132353
122.132353
122.132353
122.132353
122.132353
122.132353
122.132353
122.132353
122.132353
122.132353
122.132353
122.132353
122.132353
122.132353
122.132353
122.132353
122.132353
122.132353
122.132353
122.132353
122.132353
122.132353
122.132353
122.132353
122.132353
122.132353
122.130416
122.130416
122.129779
122.129779
122.129779
122.129779
122.126045
122.126045
122.126045
122.126045
122.126045
122.126045
122.126045
122.126045
122.126045
122.126045
122.126045
122.126045
122.126045
122.126045
122.126045
122.126045
122.126045
122.126045
122.126045
122.126045
122.126045
122.126045
122.126045
122.126045
122.126045
122.126045
122.126045
122.126045
122.126045
122.126045
122.126045
122.126045
122.126045
122.126045
122.126045
122.126045
122.126045
122.126045
122.126045
122.126045
122.126045
122.126045
122.126045
122.126045
122.126045
122.126045
122.126045
122.126045
122.126045
122.126045
122.126045
122.126045
122.126045
122.126045
122.126045
122.126045
122.126045
122.124805
122.124805
122.124805
122.124805
122.124805
122.124805
122.124805
122.124805
122.124805
122.124805
122.124805
122.124805
122.124805
122.124805
122.124805
122.124805
122.124805
122.124805
122.124805
122.124805
122.124805
122.124805
122.124805
122.124805
122.124805
122.124805
122.124805
122.124805
122.124805
122.124805
122.124805
122.124805
122.124805
122.124805
122.124805
122.116783
122.116783
122.116783
122.116783
122.116783
122.116783
122.116783
122.116783
122.116783
122.116783
122.116783
122.116783
122.116783
122.116783
122.116783
122.116783
122.116783
122.116783
122.116783
122.116783
122.116783
122.116783
122.116783
122.116783
122.116783
122.116783
122.116783
122.116783
122.116783
122.116783
122.116783
122.116783
122.116783
122.116783
122.116783
122.116783
122.116783
122.116783
122.116783
122.116783
122.116783
122.116783
122.116783
122.116783
122.116783
122.116783
122.116783
122.116783
122.116783
122.116783
122.116783
122.116783
122.116783
122.116783
122.116783
122.116783
122.116783
122.116783
122.116783
122.116783
122.116783
122.116783
122.102045
122.102045
122.102045
122.102045
122.102045
122.102045
122.102045
122.102045
122.102045
122.102045
122.102045
122.102045
122.102045
122.102045
122.102045
122.102045
122.102045
122.102045
122.102045
122.102045
122.102045
122.102045
122.102045
122.102045
122.102045
122.102045
122.102045
122.102045
122.102045
122.102045
122.102045
122.102045
122.102045
122.095571
122.095571
122.095571
122.095571
122.095571
122.095571
122.095571
122.089464
122.089464
122.089464
122.089464
122.089464
122.089464
122.089464
122.089464
122.089464
122.089464
122.089464
122.089464
122.089464
122.089464
122.089464
122.089464
122.089464
122.089464
122.089464
122.089464
122.089464
122.089464
122.089464
122.089464
122.089464
122.089464
122.089464
122.089464
122.089464
122.089464
122.089464
122.089464
122.089464
122.089464
122.089464
122.089464
122.089464
122.089464
122.089464
122.089464
122.089464
122.089464
122.089464
122.089464
122.089464
122.089464
122.089464
122.089464
122.089464
122.089464
122.089464
122.089464
122.089464
122.089464
122.089464
122.089464
122.089464
122.089464
122.089464
122.089464
122.089464
122.089464
122.089464
122.073689
122.073689
122.073689
122.073689
122.073689
122.073689
122.073689
122.073689
122.073689
122.073689
122.073689
122.073689
122.073689
122.073689
122.073689
122.073689
122.073689
122.073689
122.073689
122.073689
122.073689
122.073689
122.073689
122.073689
122.073689
122.073689
122.073689
122.073689
122.073689
122.073689
122.073689
122.073689
122.073689
122.073689
122.073689
122.073689
122.073689
122.073689
122.073689
122.073689
122.065527
122.065527
122.065527
122.065527
122.065527
122.065527
122.065527
122.065527
122.065527
122.065527
122.065527
122.065527
122.065527
122.065527
122.065527
122.065527
122.065527
122.065527
122.065527
122.065527
122.065527
122.065527
122.065527
122.065527
122.065527
122.065527
122.065527
122.065527
122.065527
122.065527
122.065527
122.065527
122.065527
122.065527
122.065527
122.065527
122.065527
122.059723
122.059723
122.059723
122.059723
122.059723
122.059723
122.059723
122.059723
122.059723
122.059723
122.059723
122.059723
122.059723
122.059723
122.059723
122.059723
122.050186
122.050186
122.050186
122.050186
122.050186
122.050186
122.050186
122.048725
122.048725
122.048725
122.048725
122.048725
122.048725
122.048725
122.048725
122.048725
122.048725
122.048725
122.048725
122.048725
122.048725
122.048725
122.048725
122.048725
122.048725
122.048725
122.048725
122.041095
122.041095
122.041095
122.023217
122.023217
122.023217
122.023217
122.023217
122.023217
122.023217
122.023217
122.023217
122.023217
122.015023
122.015023
122.015023
122.015023
122.015023
122.015023
122.015023
122.015023
122.015023
122.015023
122.015023
122.015023
122.015023
122.015023
122.015023
122.015023
122.015023
122.015023
122.015023
122.015023
122.015023
122.015023
122.007107
122.007107
122.007107
122.007107
122.007107
122.007107
122.007107
122.007107
122.007107
122.007107
121.998697
121.998697
121.998697
121.998697
121.998697
121.998697
121.998697
121.998697
121.998697
121.998697
121.998697
121.998697
121.998697
121.998697
121.998697
121.998697
121.998697
121.998697
121.998697
121.998697
121.995237
121.995237
121.995237
121.995237
121.995237
121.995237
121.995237
121.995237
121.995237
121.995237
121.989605
121.989605
121.989605
121.989605
121.989605
121.989605
121.989605
121.989605
121.989605
121.989605
121.989605
121.989605
121.989605
121.989605
121.989605
121.989605
121.989605
121.989605
121.989605
121.989605
121.989605
121.989605
121.989605
121.989605
121.989605
121.989605
121.989605
121.989605
121.989605
121.989605
121.989605
121.989605
121.989605
121.989605
121.989605
121.989605
121.989605
121.989605
121.989605
121.989605
121.989605
121.989605
121.989605
121.989605
121.989605
121.989605
121.989605
121.989605
121.989605
121.989605
121.989605
121.989605
121.989605
121.989605
121.989605
121.989605
121.989605
121.989605
121.989605
121.989605
121.989605
121.989605
121.989605
121.989605
121.989605
121.989605
121.989605
121.989605
121.989605
121.989605
121.989605
121.989605
121.989605
121.989605
121.989605
121.989605
121.989605
121.989605
121.989605
121.989605
121.989605
121.989605
121.989605
121.989605
121.989605
121.989605
121.989605
121.989605
121.989605
121.989605
121.989605
121.989605
121.989605
121.989605
121.989605
121.989605
121.989605
121.989605
121.989605
121.989605
121.989605
121.989605
121.989605
121.989605
121.989605
121.989605
121.989605
121.989605
121.989605
121.989605
121.989605
121.989605
121.989605
121.989605
121.989605
121.989146
121.989146
121.989146
121.989146
121.989146
121.989146
121.989146
121.989146
121.989146
121.979291
121.979291
121.979291
121.979291
121.979291
121.979291
121.979291
121.979291
121.979291
121.979291
121.979291
121.979291
121.979291
121.979291
121.979291
121.979291
121.979291
121.979291
121.979291
121.979291
121.979291
121.979291
121.979291
121.979291
121.956047
121.956047
121.956047
121.956047
121.956047
121.956047
121.956047
121.956047
121.956047
121.956047
121.952489
121.952489
121.952489
121.952489
121.952489
121.952489
121.952489
121.952489
121.952489
121.952489
121.952489
121.952489
121.952489
121.952489
121.952489
121.952489
121.952489
121.952489
121.952489
121.952489
121.952489
121.952489
121.952489
121.952489
121.952489
121.952489
121.952489
121.952489
121.952489
121.952489
121.952489
121.952489
121.952489
121.952489
121.952489
121.952489
121.952489
121.952489
121.952489
121.952489
121.952489
121.952489
121.952489
121.952489
121.936657
121.936657
121.936657
121.936657
121.936657
121.936657
121.936657
121.936657
121.936657
121.936657
121.936657
121.936657
121.936657
121.936657
121.936657
121.936657
121.936657
121.936657
121.932902
121.932902
121.932902
121.932902
121.932902
121.932902
121.932902
121.932902
121.932902
121.932902
121.932902
121.932902
121.932902
121.932902
121.932902
121.932902
121.932902
121.932902
121.932902
121.932902
121.932902
121.932902
121.932902
121.932902
121.932902
121.932902
121.932902
121.932902
121.932902
121.932902
121.932902
121.932902
121.932902
121.932902
121.932902
121.932902
121.932902
121.932902
121.932902
121.932902
121.932902
121.932902
121.932902
121.932902
121.932902
121.932902
121.932902
121.932902
121.932902
121.932902
121.932902
121.932902
121.932902
121.932902
121.932902
121.932902
121.932902
121.932902
121.932902
121.932902
121.932902
121.932902
121.932902
121.932902
121.932902
121.932902
121.932902
121.932902
121.932902
121.932902
121.932902
121.932902
121.932902
121.932902
121.932902
121.932902
121.932902
121.932902
121.932902
121.932902
121.932902
121.932902
121.932902
121.932902
121.932902
121.932902
121.932902
121.932902
121.932902
121.932902
121.932902
121.932902
121.932902
121.932902
121.932902
121.932902
121.932902
121.932902
121.932902
121.932902
121.932902
121.932902
121.932902
121.932902
121.932902
121.932902
121.932902
121.932902
121.932902
121.932902
121.916704
121.916704
121.916704
121.916704
121.916704
121.916704
121.916704
121.911780
121.911780
121.911780
121.911780
121.911780
121.911780
121.911780
121.911780
121.911780
121.911780
121.881219
121.881219
121.881219
121.881219
121.881219
121.881219
121.881219
121.881219
121.881219
121.881219
121.881219
121.881219
121.881219
121.881219
121.881219
121.881219
121.881219
121.881219
121.881219
121.881219
121.881219
121.881219
121.881219
121.881219
121.881219
121.881219
121.881219
121.881219
121.881219
121.881219
121.881219
121.881219
121.881219
121.881219
121.881219
121.881219
121.881219
121.881219
121.881219
121.881219
121.881219
121.881219
121.881219
121.881219
121.881219
121.881219
121.881219
121.881219
121.881219
121.881219
121.881219
121.881219
121.881219
121.881219
121.881219
121.881219
121.881219
121.881219
121.881219
121.881219
121.881219
121.881219
121.881219
121.881219
121.881219
121.881219
121.881219
121.881219
121.881219
121.881219
121.881219
121.881219
121.881219
121.881219
121.881219
121.881219
121.881219
121.881219
121.881219
121.881219
121.881219
121.881219
121.881219
121.881219
121.881219
121.881219
121.881219
121.881219
121.881219
121.881219
121.881219
121.881219
121.881219
121.881219
121.881219
121.881219
121.881219
121.881219
121.881219
121.881219
121.881219
121.881219
121.881219
121.881219
121.881219
121.881219
121.881219
121.881219
121.881219
121.881219
121.881219
121.871649
121.871649
121.871649
121.871649
121.871649
121.871649
121.871649
121.871649
121.871649
121.871649
121.871649
121.871649
121.871649
121.871649
121.871649
121.871649
121.871649
121.871649
121.871649
121.871649
121.871649
121.871649
121.871649
121.871649
121.871649
121.871649
121.871649
121.871649
121.871649
121.871649
121.871649
121.871649
121.871649
121.871649
121.839845
121.839845
121.839845
121.839845
121.839845
121.839845
121.839845
121.839845
121.839845
121.839845
121.839845
121.839845
121.832597
121.832597
121.832597
121.832597
121.832597
121.832597
121.832597
121.832597
121.829718
121.829718
121.829718
121.829718
121.829718
121.808543
121.808543
121.808543
121.808543
121.808543
121.808543
121.808543
121.808543
121.808543
121.808543
121.808543
121.808543
121.808543
121.808543
121.808543
121.808543
121.808543
121.808543
121.808543
121.808543
121.808543
121.808543
121.808543
121.808543
121.808543
121.803553
121.803553
121.803553
121.778310
121.778310
121.778310
121.778310
121.778310
121.778310
121.778310
121.778310
121.778310
121.778310
121.750065
121.750065
121.726342
121.726342
121.726342
121.726342
121.726342
121.726342
121.726342
121.726342
121.726342
121.726342
121.676730
121.676730
121.676730
121.676730
121.676730
121.626269
121.626269
121.626269
121.626269
121.626269
121.626269
121.626269
121.626269
121.626269
121.626269
121.626269
121.626269
121.626269
121.626269
121.626269
121.626269
121.626269
121.626269
121.626269
121.626269
121.626269
121.626269
121.626269
121.626269
121.626269
121.626269
121.626269
121.626269
121.626269
121.626269
121.626269
121.626269
121.626269
121.626269
121.626269
121.626269
121.626269
121.626269
121.626269
121.626269
121.626269
121.626269
121.626269
121.626269
121.626269
121.626269
121.626269
121.626269
121.626269
121.626269
121.547535
121.547535
121.547535
121.547535
121.547535
121.547535
121.547535
121.547535
121.547535
121.547535
121.547535
121.547535
121.547535
121.547535
121.547535
121.547535
121.547535
121.547535
121.547535
121.547535
121.547535
121.547535
121.547535
121.547535
121.547535
121.547535
121.547535
121.547535
121.547535
121.547535
121.547535
121.547535
121.547535
121.547535
121.547535
121.547535
121.547535
121.547535
121.547535
121.547535
121.547535
121.547535
121.547535
121.501983
121.501983
121.501983
121.466580
121.466580
121.466580
121.466580
121.466580
121.466580
121.425820
121.425820
121.425820
121.425820
121.425820
121.425820
121.425820
121.425820
121.425820
121.425820
121.425820
121.425820
121.425820
121.425820
121.425820
121.425820
121.425820
121.425820
121.425820
121.425820
121.298679
121.298679
121.298679
121.298679
121.298679
121.298679
121.298679
121.298679
121.256368
121.256368
121.256368
121.256368
121.256368
121.256368
121.256368
121.256368
121.256368
121.256368
121.256368
121.256368
121.256368
121.256368
121.256368
121.185521
121.185521
121.185521
121.185521
121.185521
121.185521
121.185521
121.185521
121.185521
121.185521
121.133788
121.133788
121.133788
121.133788
121.133788
121.133788
121.133788
121.133788
121.133788
121.133788
121.133788
121.133788
121.133788
121.133788
121.133788
121.133788
121.133788
121.133788
121.133788
121.133788
121.133788
121.006975
121.006975
121.006975
121.006975
121.006975
121.006975
121.006975
121.006975
121.006975
121.006975
120.910317
120.910317
120.910317
120.910317
120.910317
120.910317
120.910317
120.910317
120.910317
120.910317
120.910317
120.910317
120.910317
120.910317
120.910317
120.910317
120.910317
120.910317
120.910317
120.910317
120.910317
120.910317
120.910317
120.910317
120.910317
120.910317
120.910317
120.910317
120.910317
120.910317
120.910317
120.910317
120.910317
120.910317
120.910317
120.910317
120.910317
120.910317
120.910317
120.910317
120.910317
120.910317
120.910317
120.910317
120.910317
120.910317
120.910317
120.910317
120.910317
120.910317
120.910317
120.910317
120.910317
120.910317
120.910317
120.910317
120.910317
120.910317
120.910317
120.910317
120.910317
120.910317
120.910317
120.910317
120.910317
120.910317
120.898574
120.898574
120.898574
120.898574
120.898574
120.898574
120.898574
120.898574
120.898574
120.898574
120.898574
120.898574
120.898574
120.898574
120.898574
120.898574
120.898574
120.898574
120.898574
120.898574
120.898574
120.898574
120.898574
120.898574
120.898574
120.898574
120.852083
120.852083
120.852083
120.852083
120.852083
120.852083
120.852083
120.852083
120.852083
120.852083
120.852083
120.852083
120.852083
120.852083
120.852083
120.852083
120.852083
120.852083
120.852083
120.852083
120.852083
120.852083
120.852083
120.852083
120.852083
120.852083
120.852083
120.852083
120.852083
120.852083
120.852083
120.852083
120.852083
120.852083
120.852083
120.852083
120.852083
120.852083
120.852083
120.852083
120.852083
120.852083
120.852083
120.852083
120.852083
120.852083
120.852083
120.852083
120.852083
120.852083
120.852083
120.852083
120.852083
120.852083
120.852083
120.852083
120.852083
120.852083
120.852083
120.852083
120.852083
120.852083
120.852083
120.852083
120.852083
120.852083
120.852083
120.852083
120.852083
120.852083
120.852083
120.852083
120.852083
120.852083
120.852083
120.852083
120.852083
120.852083
120.852083
120.852083
120.852083
120.852083
120.852083
120.852083
120.852083
120.852083
120.852083
120.852083
120.852083
120.852083
120.852083
120.852083
120.852083
120.852083
120.852083
120.852083
120.852083
120.852083
120.852083
120.852083
120.852083
120.852083
120.852083
120.852083
120.852083
120.852083
120.852083
120.852083
120.852083
120.852083
120.852083
120.852083
120.852083
120.852083
120.852083
120.852083
120.852083
120.852083
120.852083
120.852083
120.852083
120.852083
120.852083
120.852083
120.852083
120.852083
120.852083
120.852083
120.851745
120.851745
120.851745
120.851745
120.851745
120.851745
120.851745
120.851745
120.851745
120.851745
120.851745
120.851745
120.851718
120.851718
120.851718
120.851718
120.851718
120.851718
120.851718
120.851718
120.851718
120.851718
120.851718
120.851718
120.851718
120.851718
120.851718
120.851718
120.851718
120.851718
120.851718
120.851718
120.851718
120.851718
120.851718
120.851718
120.851718
120.851718
120.851718
120.851718
120.851718
120.851718
120.851718
120.851718
120.851718
120.851718
120.851718
120.851718
120.851718
120.851718
120.851718
120.851718
120.851718
120.851718
120.851718
120.851718
120.851718
120.851718
120.851718
120.851718
120.851718
120.851718
120.851718
120.851718
120.851718
120.851718
120.851718
120.851718
120.851718
120.851718
120.851718
120.851718
120.851718
120.851718
120.851718
120.851718
120.851718
120.851718
120.851718
120.851718
120.851718
120.851718
120.851718
120.851718
120.851718
120.851718
120.851718
120.851718
120.851718
120.851718
120.851718
120.851718
120.851718
120.851718
120.851718
120.851718
120.851718
120.851718
120.851718
120.851718
120.851718
120.851718
120.851718
120.851718
120.851718
120.851718
120.851718
120.851718
120.851718
120.851718
120.851718
120.851718
120.851718
120.851718
120.851718
120.851718
120.851718
120.851718
120.851718
120.851718
120.851718
120.851718
120.851718
120.851718
120.851718
120.851718
120.851718
120.851718
120.851718
120.851718
120.851718
120.851718
120.851718
120.851718
120.851718
120.851718
120.851718
120.851718
120.851718
120.851718
120.851718
120.851718
120.851718
120.851718
120.851718
120.851718
120.851611
120.851611
120.851611
120.851611
120.851611
120.851611
120.851611
120.851611
120.851611
120.851611
120.851611
120.851611
120.851611
120.851611
120.851611
120.851611
120.851611
120.851611
120.851611
120.851611
120.851611
120.851611
120.851611
120.851611
120.851611
120.851611
120.851611
120.851611
120.851611
120.851611
120.851611
120.851611
120.851611
120.851611
120.851611
120.851611
120.851611
120.851611
120.851611
120.851611
120.851611
120.851611
120.851611
120.851611
120.851611
120.851611
120.851611
120.851611
120.851611
120.851611
120.851611
120.851611
120.851611
120.851611
120.851611
120.851611
120.851611
120.851611
120.851611
120.851611
120.851611
120.851611
120.851611
120.851611
120.851611
120.851611
120.851611
120.851611
120.851611
120.851611
120.851611
120.851611
120.851611
120.851611
120.851611
120.851611
120.851611
120.851611
120.851611
120.851611
120.851611
120.851611
120.851611
120.851611
120.851611
120.851611
120.851611
120.851611
120.851611
120.851611
120.851611
120.851611
120.851611
120.851611
120.851611
120.851611
120.851607
120.851607
120.851607
120.851607
120.851607
120.851607
120.851607
120.851607
120.851607
120.851607
120.851607
120.851607
120.851607
120.851607
120.851607
120.851607
120.851607
120.851607
120.851607
120.851607
120.851607
120.851607
120.851607
120.851607
120.851607
120.851607
120.851607
120.851607
120.851607
120.851607
120.851607
120.851607
120.851607
120.851607
120.851607
120.851607
120.851607
120.851607
120.851607
120.851607
120.851607
120.851607
120.851607
120.851607
120.851607
120.851607
120.851607
120.851607
120.851607
120.851607
120.851607
120.851607
120.851607
120.851607
120.851607
120.851607
120.851607
120.851607
120.851607
120.851607
120.851607
120.851607
120.851607
120.851607
120.851607
120.851607
120.851607
120.851607
120.851607
120.851607
120.851607
120.851607
120.851607
120.851607
120.851607
120.851607
120.851607
120.851607
120.851607
120.851607
120.851607
120.851607
120.851607
120.851607
120.851607
120.851607
120.851607
120.851607
120.851607
120.851607
120.851607
120.851607
120.851607
120.851607
120.851607
120.851607
120.851607
120.851607
120.851607
120.851607
120.851607
120.851607
120.851607
120.851607
120.851607
120.851607
120.851607
120.851607
120.851607
120.851607
120.851607
120.851607
120.851607
120.851607
120.851607
120.851607
120.851607
120.851607
120.851607
120.851607
120.851607
120.851607
120.851607
120.851607
120.851607
120.851607
120.851607
120.851607
120.851607
120.851607
120.851607
120.851607
120.851607
120.851607
120.851607
120.851607
120.851607
120.851607
120.851607
120.851607
120.851607
120.851607
120.851607
120.851607
120.851607
120.851607
120.851607
120.851607
120.851607
120.851607
120.851607
120.851607
120.851607
120.851607
120.851607
120.851607
120.851607
120.851607
120.851607
120.851607
120.851607
120.851607
120.851607
120.851607
120.851607
120.851607
120.851607
120.851607
120.851607
120.851607
120.851607
120.851607
120.851607
120.851607
120.851607
120.851607
120.851607
120.851607
120.851606
120.851606
120.851606
120.851606
120.851606
120.851606
120.851606
120.851606
120.851606
120.851606
120.851606
120.851606
120.851606
120.851606
120.851606
120.851606
120.851606
120.851606
120.851606
120.851606
120.851606
120.851606
120.851606
120.851606
120.851606
120.851606
120.851606
120.851606
120.851606
120.851606
120.851606
120.851606
120.851606
120.851606
120.851606
120.851606
120.851606
120.851606
120.851606
120.851606
120.851606
120.851606
120.851606
120.851606
120.851606
120.851606
120.851606
120.851606
120.851606
120.851606
120.851606
120.851606
120.851606
120.851606
120.851606
120.851606
120.851606
120.851606
120.851606
120.851606
120.851606
120.851606
120.851606
120.851606
120.851606
120.851606
120.851606
120.851606
120.851606
120.851606
120.851606
120.851606
120.851605
120.851605
120.851605
120.851605
120.851605
120.851605
120.851605
120.851605
120.851605
120.851605
120.851605
120.851605
120.851605
120.851605
120.851605
120.851605
120.851605
120.851605
120.851605
120.851605
120.851605
120.851605
120.851605
120.851605
120.851605
120.851605
120.851605
120.851605
120.851605
120.851605
120.851605
120.851605
120.851605
120.851605
120.851605
120.851605
120.851605
120.851605
120.851605
120.851605
120.851605
120.851605
120.851605
120.851605
120.851605
120.851605
120.851605
120.851605
120.851605
120.851605
120.851605
120.851605
120.851605
120.851605
120.851605
120.851605
120.851605
120.851605
120.851605
120.851605
120.851605
120.851605
120.851605
120.851605
120.851605
120.851605
120.851605
120.851605
120.851605
120.851605
120.851605
120.851605
120.851605
120.851605
120.851605
120.851605
120.851605
120.851605
120.851605
120.851605
120.851605
120.851605
120.851605
120.851605
120.851605
120.851605
120.851605
120.851605
120.851605
120.851605
120.851605
120.851605
120.851605
120.851605
120.851605
120.851605
120.851605
120.851605
120.851605
120.851605
120.851605
120.851605
120.851605
120.851605
120.851605
120.851605
120.851605
120.851605
120.851605
120.851605
120.851605
120.851605
120.851605
120.851605
120.851605
120.851605
120.851605
120.851605
120.851605
120.851605
120.851605
120.851605
120.851605
120.851605
120.851605
120.851605
120.851605
120.851605
120.851605
120.851605
120.851605
120.851605
120.851605
120.851605
120.851605
120.851605
120.851605
120.851605
120.851605
120.851605
120.851605
120.851605
120.851605
120.851605
120.851605
120.851605
120.851605
120.851605
120.851605
120.851605
120.851605
120.851605
120.851605
120.851605
120.851605
120.851605
120.851605
120.851605
120.851605
120.851605
120.851605
120.851605
120.851605
120.851605
120.851605
120.851605
120.851605
120.851605
120.851605
120.851605
120.851605
120.851605
120.851605
120.851605
120.851605
120.851605
120.851605
120.851605
120.851605
120.851605
120.851605
120.851605
120.851605
120.851605
120.851605
120.851605
120.851605
120.851605
120.851605
120.851605
120.851605
120.851605
120.851605
120.851605
120.851605
120.851605
120.851605
120.851605
120.851605
120.851605
120.851605
120.851605
120.851605
120.851605
120.851605
120.851605
120.851605
120.851605
120.851605
120.851605
120.851605
120.851605
120.851605
120.851605
120.851605
120.851605
120.851605
120.851605
120.851605
120.851605
120.851605
120.851605
120.851605
120.851605
120.851605
120.851605
120.851605
120.851605
120.851605
120.851605
120.851605
120.851605
120.851605
120.851605
120.851605
120.851605
120.851605
120.851605
120.851605
120.851605
120.851605
120.851605
120.851605
120.851605
120.851605
120.851605
120.851605
120.851605
120.851605
120.851605
120.851605
120.851605
120.851605
120.851605
120.851605
120.851605
120.851605
120.851605
120.851605
120.851605
120.851605
120.851605
120.851605
120.851605
120.851605
120.851605
120.851605
120.851605
120.851605
120.851605
120.851605
120.851605
120.851605
120.851605
120.851605
120.851605
120.851605
120.851605
120.851605
120.851605
120.851605
120.851605
120.851605
120.851605
120.851605
120.851605
120.851605
120.851605
120.851605
120.851605
120.851605
120.851605
120.851605
120.851605
120.851605
120.851605
120.851605
120.851605
120.851605
120.851605
120.851605
120.851605
120.851605
120.851605
120.851605
120.851605
120.851605
120.851605
120.851605
120.851605
120.851605
120.851605
120.851605
120.851605
120.851605
120.851605
120.851605
120.851605
120.851605
120.851605
120.851605
120.851605
120.851605
120.851605
120.851605
120.851605
120.851605
120.851605
120.851605
120.851605
120.851605
120.851605
120.851605
120.851605
120.851605
120.851605
120.851605
120.851605
120.851605
120.851605
120.851605
120.851605
120.851605
120.851605
120.851605
120.851605
120.851605
120.851605
120.851605
120.851605
120.851605
120.851605
120.851605
120.851605
120.851605
120.851605
120.851605
120.851605
120.851605
120.851605
120.851605
120.851605
120.851605
120.851605
120.851605
120.851605
120.851605
120.851605
120.851605
120.851605
120.851605
120.851605
120.851605
120.851605
120.851605
120.851605
120.851605
120.851605
120.851605
120.851605
120.851605
120.851605
120.851605
120.851605
120.851605
120.851605
120.851605
120.851605
120.851605
120.851605
120.851605
120.851605
120.851605
120.851605
120.851605
120.851605
120.851605
120.851605
120.851605
120.851605
120.851605
120.851605
120.851605
120.851605
120.851605
120.851605
120.851605
120.851605
120.851605
120.851605
120.851605
120.851605
120.851605
120.851605
120.851605
120.851605
120.851605
120.851605
120.851605
120.851605
120.851605
120.851605
120.851605
120.851605
120.851605
120.851605
120.851605
120.851605
120.851605
120.851605
120.851605
120.851605
120.851605
120.851605
120.851605
120.851605
120.851605
120.851605
120.851605
120.851605
120.851605
120.851605
120.851605
120.851605
120.851605
120.851605
120.851605
120.851605
120.851605
120.851605
120.851605
120.851605
120.851605
120.851605
120.851605
120.851605
120.851605
120.851605
120.851605
120.851605
120.851605
120.851605
120.851605
120.851605
120.851605
120.851605
120.851605
120.851605
120.851605
120.851605
120.851605
120.851605
120.851605
120.851605
120.851605
120.851605
120.851605
120.851605
120.851605
120.851605
120.851605
120.851605
120.851605
120.851605
120.851605
120.851605
120.851605
120.851605
120.851605
120.851605
120.851605
120.851605
120.851605
120.851605
120.851605
120.851605
120.851605
120.851605
120.851605
120.851605
120.851605
120.851605
120.851605
120.851605
120.851605
120.851605
120.851605
120.851605
120.851605
120.851605
120.851605
120.851605
120.851605
120.851605
120.851605
120.851605
120.851605
120.851605
120.851605
120.851605
120.851605
120.851605
120.851605
120.851605
120.851605
120.851605
120.851605
120.851605
120.851605
120.851605
120.851605
120.851605
120.851605
120.851605
120.851605
120.851605
120.851605
120.851605
120.851605
120.851605
120.851605
120.851605
120.851605
120.851605
120.851605
120.851605
120.851605
120.851605
120.851605
120.851605
120.851605
120.851605
120.851605
120.851605
120.851605
120.851605
120.851605
120.851605
120.851605
120.851605
120.851605
120.851605
120.851605
120.851605
120.851605
120.851605
120.851605
120.851605
120.851605
120.851605
120.851605
120.851605
120.851605
120.851605
120.851605
120.851605
120.851605
120.851605
120.851605
120.851605
120.851605
120.851605
120.851605
120.851605
120.851605
120.851605
120.851605
120.851605
120.851605
120.851605
120.851605
120.851605
120.851605
120.851605
120.851605
120.851605
120.851605
120.851605
120.851605
120.851605
120.851605
120.851605
120.851605
120.851605
120.851605
120.851605
120.851605
120.851605
120.851605
120.851605
120.851605
120.851605
120.851605
120.851605
120.851605
120.851605
120.851605
120.851605
120.851605
120.851605
120.851605
120.851605
120.851605
120.851605
120.851605
120.851605
120.851605
120.851605
120.851605
120.851605
120.851605
120.851605
120.851605
120.851605
120.851605
120.851605
120.851605
120.851605
120.851605
120.851605
120.851605
120.851605
120.851605
120.851605
120.851605
120.851605
120.851605
120.851605
120.851605
120.851605
120.851605
120.851605
120.851605
120.851605
120.851605
120.851605
120.851605
120.851605
120.851605
120.851605
120.851605
120.851605
120.851605
120.851605
120.851605
120.851605
120.851605
120.851605
120.851605
120.851605
120.851605
120.851605
120.851605
120.851605
120.851605
120.851605
120.851605
120.851605
120.851605
120.851605
120.851605
120.851605
120.851605
120.851605
120.851605
120.851605
120.851605
120.851605
120.851605
120.851605
120.851605
120.851605
120.851605
120.851605
120.851605
120.851605
120.851605
120.851605
120.851605
120.851605
120.851605
120.851605
120.851605
120.851605
120.851605
120.851605
120.851605
120.851605
120.851605
120.851605
120.851605
120.851605
120.851605
120.851605
120.851605
120.851605
120.851605
120.851605
120.851605
120.851605
120.851605
120.851605
120.851605
120.851605
120.851605
120.851605
120.851605
120.851605
120.851605
120.851605
120.851605
120.851605
120.851605
120.851605
120.851605
120.851605
120.851605
120.851605
120.851605
120.851605
120.851605
120.851605
120.851605
120.851605
120.851605
120.851605
120.851605
120.851605
120.851605
120.851605
120.851605
120.851605
120.851605
120.851605
120.851605
120.851605
120.851605
120.851605
120.851605
120.851605
120.851605
120.851605
120.851605
120.851605
120.851605
120.851605
120.851605
120.851605
120.851605
120.851605
120.851605
120.851605
120.851605
120.851605
120.851605
120.851605
120.851605
120.851605
120.851605
120.851605
120.851605
120.851605
120.851605
120.851605
120.851605
120.851605
120.851605
120.851605
120.851605
120.851605
120.851605
120.851605
120.851605
120.851605
120.851605
120.851605
120.851605
120.851605
120.851605
120.851605
120.851605
120.851605
120.851605
120.851605
120.851605
120.851605
120.851605
120.851605
120.851605
120.851605
120.851605
120.851605
120.851605
120.851605
120.851605
120.851605
120.851605
120.851605
120.851605
120.851605
120.851605
120.851605
120.851605
120.851605
120.851605
120.851605
120.851605
120.851605
120.851605
120.851605
120.851605
120.851605
120.851605
120.851605
120.851605
120.851605
120.851605
120.851605
120.851605
120.851605
120.851605
120.851605
120.851605
120.851605
120.851605
120.851605
120.851605
120.851605
120.851605
120.851605
120.851605
120.851605
120.851605
120.851605
120.851605
120.851605
120.851605
120.851605
120.851605
120.851605
120.851605
120.851605
120.851605
120.851605
120.851605
120.851605
120.851605
120.851605
120.851605
120.851605
120.851605
120.851605
120.851605
120.851605
120.851605
120.851605
120.851605
120.851605
120.851605
120.851605
120.851605
120.851605
120.851605
120.851605
120.851605
120.851605
120.851605
120.851605
120.851605
120.851605
120.851605
120.851605
120.851605
120.851605
120.851605
120.851605
120.851605
120.851605
120.851605
120.851605
120.851605
120.851605
120.851605
120.851605
120.851605
120.851605
120.851605
120.851605
120.851605
120.851605
120.851605
120.851605
120.851605
120.851605
120.851605
120.851605
120.851605
120.851605
120.851605
120.851605
120.851605
120.851605
120.851605
120.851605
120.851605
120.851605
120.851605
120.851605
120.851605
120.851605
120.851605
120.851605
120.851605
120.851605
120.851605
120.851605
120.851605
120.851605
120.851605
120.851605
120.851605
120.851605
120.851605
120.851605
120.851605
120.851605
120.851605
120.851605
120.851605
120.851605
120.851605
120.851605
120.851605
120.851605
120.851605
120.851605
120.851605
120.851605
120.851605
120.851605
120.851605
120.851605
120.851605
120.851605
120.851605
120.851605
120.851605
120.851605
120.851605
120.851605
120.851605
120.851605
120.851605
120.851605
120.851605
120.851605
120.851605
120.851605
120.851605
120.851605
120.851605
120.851605
120.851605
120.851605
120.851605
120.851605
120.851605
120.851605
120.851605
120.851605
120.851605
120.851605
120.851605
120.851605
120.851605
120.851605
120.851605
120.851605
120.851605
120.851605
120.851605
120.851605
120.851605
120.851605
120.851605
120.851605
120.851605
120.851605
120.851605
120.851605
120.851605
120.851605
120.851605
120.851605
120.851605
120.851605
120.851605
120.851605
120.851605
120.851605
120.851605
120.851605
120.851605
120.851605
120.851605
120.851605
120.851605
120.851605
120.851605
120.851605
120.851605
120.851605
120.851605
120.851605
120.851605
120.851605
120.851605
120.851605
120.851605
120.851605
120.851605
120.851605
120.851605
120.851605
120.851605
120.851605
120.851605
120.851605
120.851605
120.851605
120.851605
120.851605
120.851605
120.851605
120.851605
120.851605
120.851605
120.851605
120.851605
120.851605
120.851605
120.851605
120.851605
120.851605
120.851605
120.851605
120.851605
120.851605
120.851605
120.851605
120.851605
120.851605
120.851605
120.851605
120.851605
120.851605
120.851605
120.851605
120.851605
120.851605
120.851605
120.851605
120.851605
120.851605
120.851605
120.851605
120.851605
120.851605
120.851605
120.851605
120.851605
120.851605
120.851605
120.851605
120.851605
120.851605
120.851605
120.851605
120.851605
120.851605
120.851605
120.851605
120.851605
120.851605
120.851605
120.851605
120.851605
120.851605
120.851605
120.851605
120.851605
120.851605
120.851605
120.851605
120.851605
120.851605
120.851605
120.851605
120.851605
120.851605
120.851605
120.851605
120.851605
120.851605
120.851605
120.851605
120.851605
120.851605
120.851605
120.851605
120.851605
120.851605
120.851605
120.851605
120.851605
120.851605
120.851605
120.851605
120.851605
120.851605
120.851605
120.851605
120.851605
120.851605
120.851605
120.851605
120.851605
120.851605
120.851605
120.851605
120.851605
120.851605
120.851605
120.851605
120.851605
120.851605
120.851605
120.851605
120.851605
120.851605
120.851605
120.851605
120.851605
120.851605
120.851605
120.851605
120.851605
120.851605
120.851605
120.851605
120.851605
120.851605
120.851605
120.851605
120.851605
120.851605
120.851605
120.851605
120.851605
120.851605
120.851605
120.851605
120.851605
120.851605
120.851605
120.851605
120.851605
120.851605
120.851605
120.851605
120.851605
120.851605
120.851605
120.851605
120.851605
120.851605
120.851605
120.851605
120.851605
120.851605
120.851605
120.851605
120.851605
120.851605
120.851605
120.851605
120.851605
120.851605
120.851605
120.851605
120.851605
120.851605
120.851605
120.851605
120.851605
120.851605
120.851605
120.851605
120.851605
120.851605
120.851605
120.851605
120.851605
120.851605
120.851605
120.851605
120.851605
120.851605
120.851605
120.851605
120.851605
120.851605
120.851605
120.851605
120.851605
120.851605
120.851605
120.851605
120.851605
120.851605
120.851605
120.851605
120.851605
120.851605
120.851605
120.851605
120.851605
120.851605
120.851605
120.851605
120.851605
120.851605
120.851605
120.851605
120.851605
120.851605
120.851605
120.851605
120.851605
120.851605
120.851605
120.851605
120.851605
120.851605
120.851605
120.851605
120.851605
120.851605
120.851605
120.851605
120.851605
120.851605
120.851605
120.851605
120.851605
120.851605
120.851605
120.851605
120.851605
120.851605
120.851605
120.851605
120.851605
120.851605
120.851605
120.851605
120.851605
120.851605
120.851605
120.851605
120.851605
120.851605
120.851605
120.851605
120.851605
120.851605
120.851605
120.851605
120.851605
120.851605
120.851605
120.851605
120.851605
120.851605
120.851605
120.851605
120.851605
120.851605
120.851605
120.851605
120.851605
120.851605
120.851605
120.851605
120.851605
120.851605
120.851605
120.851605
120.851605
120.851605
120.851605
120.851605
120.851605
120.851605
120.851605
120.851605
120.851605
120.851605
120.851605
120.851605
120.851605
120.851605
120.851605
120.851605
120.851605
120.851605
120.851605
120.851605
120.851605
120.851605
120.851605
120.851605
120.851605
120.851605
120.851605
120.851605
120.851605
120.851605
120.851605
120.851605
120.851605
120.851605
120.851605
120.851605
120.851605
120.851605
120.851605
120.851605
120.851605
120.851605
120.851605
120.851605
120.851605
120.851605
120.851605
120.851605
120.851605
120.851605
120.851605
120.851605
120.851605
120.851605
120.851605
120.851605
120.851605
120.851605
120.851605
120.851605
120.851605
120.851605
120.851605
120.851605
120.851605
120.851605
120.851605
120.851605
120.851605
120.851605
120.851605
120.851605
120.851605
120.851605
120.851605
120.851605
120.851605
120.851605
120.851605
120.851605
120.851605
120.851605
120.851605
120.851605
120.851605
120.851605
120.851605
120.851605
120.851605
120.851605
120.851605
120.851605
120.851605
120.851605
120.851605
120.851605
120.851605
120.851605
120.851605
120.851605
120.851605
120.851605
120.851605
120.851605
120.851605
120.851605
120.851605
120.851605
120.851605
120.851605
120.851605
120.851605
120.851605
120.851605
120.851605
120.851605
120.851605
120.851605
120.851605
120.851605
120.851605
120.851605
120.851605
120.851605
120.851605
120.851605
120.851605
120.851605
120.851605
120.851605
120.851605
120.851605
120.851605
120.851605
120.851605
120.851605
120.851605
120.851605
120.851605
120.851605
120.851605
120.851605
120.851605
120.851605
120.851605
120.851605
120.851605
120.851605
120.851605
120.851605
120.851605
120.851605
120.851605
120.851605
120.851605
120.851605
120.851605
120.851605
120.851605
120.851605
120.851605
120.851605
120.851605
120.851605
120.851605
120.851605
120.851605
120.851605
120.851605
120.851605
120.851605
120.851605
120.851605
120.851605
120.851605
120.851605
120.851605
120.851605
120.851605
120.851605
120.851605
120.851605
120.851605
120.851605
120.851605
120.851605
120.851605
120.851605
120.851605
120.851605
120.851605
120.851605
120.851605
120.851605
120.851605
120.851605
120.851605
120.851605
120.851605
120.851605
120.851605
120.851605
120.851605
120.851605
120.851605
120.851605
120.851605
120.851605
120.851605
120.851605
120.851605
120.851605
120.851605
120.851605
120.851605
120.851605
120.851605
120.851605
120.851605
120.851605
120.851605
120.851605
120.851605
120.851605
120.851605
120.851605
120.851605
120.851605
120.851605
120.851605
120.851605
120.851605
120.851605
120.851605
120.851605
120.851605
120.851605
120.851605
120.851605
120.851605
120.851605
120.851605
120.851605
120.851605
120.851605
120.851605
120.851605
120.851605
120.851605
120.851605
120.851605
120.851605
120.851605
120.851605
120.851605
120.851605
120.851605
120.851605
120.851605
120.851605
120.851605
120.851605
120.851605
120.851605
120.851605
120.851605
120.851605
120.851605
120.851605
120.851605
120.851605
120.851605
120.851605
120.851605
120.851605
120.851605
120.851605
120.851605
120.851605
120.851605
120.851605
120.851605
120.851605
120.851605
120.851605
120.851605
120.851605
120.851605
120.851605
120.851605
120.851605
120.851605
120.851605
120.851605
120.851605
120.851605
120.851605
120.851605
120.851605
120.851605
120.851605
120.851605
120.851605
120.851605
120.851605
120.851605
120.851605
120.851605
120.851605
120.851605
120.851605
120.851605
120.851605
120.851605
120.851605
120.851605
120.851605
120.851605
120.851605
120.851605
120.851605
120.851605
120.851605
120.851605
120.851605
120.851605
120.851605
120.851605
120.851605
120.851605
120.851605
120.851605
120.851605
120.851605
120.851605
120.851605
120.851605
120.851605
120.851605
120.851605
120.851605
120.851605
120.851605
120.851605
120.851605
120.851605
120.851605
120.851605
120.851605
120.851605
120.851605
120.851605
120.851605
120.851605
120.851605
120.851605
120.851605
120.851605
120.851605
120.851605
120.851605
120.851605
120.851605
120.851605
120.851605
120.851605
120.851605
120.851605
120.851605
120.851605
120.851605
120.851605
120.851605
120.851605
120.851605
120.851605
120.851605
120.851605
120.851605
120.851605
120.851605
120.851605
120.851605
120.851605
120.851605
120.851605
120.851605
120.851605
120.851605
120.851605
120.851605
120.851605
120.851605
120.851605
120.851605
120.851605
120.851605
120.851605
120.851605
120.851605
120.851605
120.851605
120.851605
120.851605
120.851605
120.851605
120.851605
120.851605
120.851605
120.851605
120.851605
120.851605
120.851605
120.851605
120.851605
120.851605
120.851605
120.851605
120.851605
120.851605
120.851605
120.851605
120.851605
120.851605
120.851605
120.851605
120.851605
120.851605
120.851605
120.851605
120.851605
120.851605
120.851605
120.851605
120.851605
120.851605
120.851605
120.851605
120.851605
120.851605
120.851605
120.851605
120.851605
120.851605
120.851605
120.851605
120.851605
120.851605
120.851605
120.851605
120.851605
120.851605
120.851605
120.851605
120.851605
120.851605
120.851605
120.851605
120.851605
120.851605
120.851605
120.851605
120.851605
120.851605
120.851605
120.851605
120.851605
120.851605
120.851605
120.851605
120.851605
120.851605
120.851605
120.851605
120.851605
120.851605
120.851605
120.851605
120.851605
120.851605
120.851605
120.851605
120.851605
120.851605
120.851605
120.851605
120.851605
120.851605
120.851605
120.851605
120.851605
120.851605
120.851605
120.851605
120.851605
120.851605
120.851605
120.851605
120.851605
120.851605
120.851605
120.851605
120.851605
120.851605
120.851605
120.851605
120.851605
120.851605
120.851605
120.851605
120.851605
120.851605
120.851605
120.851605
120.851605
120.851605
120.851605
120.851605
120.851605
120.851605
120.851605
120.851605
120.851605
120.851605
120.851605
120.851605
120.851605
120.851605
120.851605
120.851605
120.851605
120.851605
120.851605
120.851605
120.851605
120.851605
120.851605
120.851605
120.851605
120.851605
120.851605
120.851605
120.851605
120.851605
120.851605
120.851605
120.851605
120.851605
120.851605
120.851605
120.851605
120.851605
120.851605
120.851605
120.851605
120.851605
120.851605
120.851605
120.851605
120.851605
120.851605
120.851605
120.851605
120.851605
120.851605
120.851605
120.851605
120.851605
120.851605
120.851605
120.851605
120.851605
120.851605
120.851605
120.851605
120.851605
120.851605
120.851605
120.851605
120.851605
120.851605
120.851605
120.851605
120.851605
120.851605
120.851605
120.851605
120.851605
120.851605
120.851605
120.851605
120.851605
120.851605
120.851605
120.851605
120.851605
120.851605
120.851605
120.851605
120.851605
120.851605
120.851605
120.851605
120.851605
120.851605
120.851605
120.851605
120.851605
120.851605
120.851605
120.851605
120.851605
120.851605
120.851605
120.851605
120.851605
120.851605
120.851605
120.851605
120.851605
120.851605
120.851605
120.851605
120.851605
120.851605
120.851605
120.851605
120.851605
120.851605
120.851605
120.851605
120.851605
120.851605
120.851605
120.851605
120.851605
120.851605
120.851605
120.851605
120.851605
120.851605
120.851605
120.851605
120.851605
120.851605
120.851605
120.851605
120.851605
120.851605
120.851605
120.851605
120.851605
120.851605
120.851605
120.851605
120.851605
120.851605
120.851605
120.851605
120.851605
120.851605
120.851605
120.851605
120.851605
120.851605
120.851605
120.851605
120.851605
120.851605
120.851605
120.851605
120.851605
120.851605
120.851605
120.851605
120.851605
120.851605
120.851605
120.851605
120.851605
120.851605
120.851605
120.851605
120.851605
120.851605
120.851605
120.851605
120.851605
120.851605
120.851605
120.851605
120.851605
120.851605
120.851605
120.851605
120.851605
120.851605
120.851605
120.851605
120.851605
120.851605
120.851605
120.851605
120.851605
120.851605
120.851605
120.851605
120.851605
120.851605
120.851605
120.851605
120.851605
120.851605
120.851605
120.851605
120.851605
120.851605
120.851605
120.851605
120.851605
120.851605
120.851605
120.851605
120.851605
120.851605
120.851605
120.851605
120.851605
120.851605
120.851605
120.851605
120.851605
120.851605
120.851605
120.851605
120.851605
120.851605
120.851605
120.851605
120.851605
120.851605
120.851605
120.851605
120.851605
120.851605
120.851605
120.851605
120.851605
120.851605
120.851605
120.851605
120.851605
120.851605
120.851605
120.851605
120.851605
120.851605
120.851605
120.851605
120.851605
120.851605
120.851605
120.851605
120.851605
120.851605
120.851605
120.851605
120.851605
120.851605
120.851605
120.851605
120.851605
120.851605
120.851605
120.851605
120.851605
120.851605
120.851605
120.851605
120.851605
120.851605
120.851605
120.851605
120.851605
120.851605
120.851605
120.851605
120.851605
120.851605
120.851605
120.851605
120.851605
120.851605
120.851605
120.851605
120.851605
120.851605
120.851605
120.851605
120.851605
120.851605
120.851605
120.851605
120.851605
120.851605
120.851605
120.851605
120.851605
120.851605
120.851605
120.851605
120.851605
120.851605
120.851605
120.851605
120.851605
120.851605
120.851605
120.851605
120.851605
120.851605
120.851605
120.851605
120.851605
120.851605
120.851605
120.851605
120.851605
120.851605
120.851605
120.851605
120.851605
120.851605
120.851605
120.851605
120.851605
120.851605
120.851605
120.851605
120.851605
120.851605
120.851605
120.851605
120.851605
120.851605
120.851605
120.851605
120.851605
120.851605
120.851605
120.851605
120.851605
120.851605
120.851605
120.851605
120.851605
120.851605
120.851605
120.851605
120.851605
120.851605
120.851605
120.851605
120.851605
120.851605
120.851605
120.851605
120.851605
120.851605
120.851605
120.851605
120.851605
120.851605
120.851605
120.851605
120.851605
120.851605
120.851605
120.851605
120.851605
120.851605
120.851605
120.851605
120.851605
120.851605
120.851605
120.851605
120.851605
120.851605
120.851605
120.851605
120.851605
120.851605
120.851605
120.851605
120.851605
120.851605
120.851605
120.851605
120.851605
120.851605
120.851605
120.851605
120.851605
120.851605
120.851605
120.851605
120.851605
120.851605
120.851605
120.851605
120.851605
120.851605
120.851605
120.851605
120.851605
120.851605
120.851605
120.851605
120.851605
120.851605
120.851605
120.851605
120.851605
120.851605
120.851605
120.851605
120.851605
120.851605
120.851605
120.851605
120.851605
120.851605
120.851605
120.851605
120.851605
120.851605
120.851605
120.851605
120.851605
120.851605
120.851605
120.851605
120.851605
120.851605
120.851605
120.851605
120.851605
120.851605
120.851605
120.851605
120.851605
120.851605
120.851605
120.851605
120.851605
120.851605
120.851605
120.851605
120.851605
120.851605
120.851605
120.851605
120.851605
120.851605
120.851605
120.851605
120.851605
120.851605
120.851605
120.851605
120.851605
120.851605
120.851605
120.851605
120.851605
120.851605
120.851605
120.851605
120.851605
120.851605
120.851605
120.851605
120.851605
120.851605
120.851605
120.851605
120.851605
120.851605
120.851605
120.851605
120.851605
120.851605
120.851605
120.851605
120.851605
120.851605
120.851605
120.851605
120.851605
120.851605
120.851605
120.851605
120.851605
120.851605
120.851605
120.851605
120.851605
120.851605
120.851605
120.851605
120.851605
120.851605
120.851605
120.851605
120.851605
120.851605
120.851605
120.851605
120.851605
120.851605
120.851605
120.851605
120.851605
120.851605
120.851605
120.851605
120.851605
120.851605
120.851605
120.851605
120.851605
120.851605
120.851605
120.851605
120.851605
120.851605
120.851605
120.851605
120.851605
120.851605
120.851605
120.851605
120.851605
120.851605
120.851605
120.851605
120.851605
120.851605
120.851605
120.851605
120.851605
120.851605
120.851605
120.851605
120.851605
120.851605
120.851605
120.851605
120.851605
120.851605
120.851605
120.851605
120.851605
120.851605
120.851605
120.851605
120.851605
120.851605
120.851605
120.851605
120.851605
120.851605
120.851605
120.851605
120.851605
120.851605
120.851605
120.851605
120.851605
120.851605
120.851605
120.851605
120.851605
120.851605
120.851605
120.851605
120.851605
120.851605
120.851605
120.851605
120.851605
120.851605
120.851605
120.851605
120.851605
120.851605
120.851605
120.851605
120.851605
120.851605
120.851605
120.851605
120.851605
120.851605
120.851605
120.851605
120.851605
120.851605
120.851605
120.851605
120.851605
120.851605
120.851605
120.851605
120.851605
120.851605
120.851605
120.851605
120.851605
120.851605
120.851605
120.851605
120.851605
120.851605
120.851605
120.851605
120.851605
120.851605
120.851605
120.851605
120.851605
120.851605
120.851605
120.851605
120.851605
120.851605
120.851605
120.851605
120.851605
120.851605
120.851605
120.851605
120.851605
120.851605
120.851605
120.851605
120.851605
120.851605
120.851605
120.851605
120.851605
120.851605
120.851605
120.851605
120.851605
120.851605
120.851605
120.851605
120.851605
120.851605
120.851605
120.851605
120.851605
120.851605
120.851605
120.851605
120.851605
120.851605
120.851605
120.851605
120.851605
120.851605
120.851605
120.851605
120.851605
120.851605
120.851605
120.851605
120.851605
120.851605
120.851605
120.851605
120.851605
120.851605
120.851605
120.851605
120.851605
120.851605
120.851605
120.851605
120.851605
120.851605
120.851605
120.851605
120.851605
120.851605
120.851605
120.851605
120.851605
120.851605
120.851605
120.851605
120.851605
120.851605
120.851605
120.851605
120.851605
120.851605
120.851605
120.851605
120.851605
120.851605
120.851605
120.851605
120.851605
120.851605
120.851605
120.851605
120.851605
120.851605
120.851605
120.851605
120.851605
120.851605
120.851605
120.851605
120.851605
120.851605
120.851605
120.851605
120.851605
120.851605
120.851605
120.851605
120.851605
120.851605
120.851605
120.851605
120.851605
120.851605
120.851605
120.851605
120.851605
120.851605
120.851605
120.851605
120.851605
120.851605
120.851605
120.851605
120.851605
120.851605
120.851605
120.851605
120.851605
120.851605
120.851605
120.851605
120.851605
120.851605
120.851605
120.851605
120.851605
120.851605
120.851605
120.851605
120.851605
120.851605
120.851605
120.851605
120.851605
120.851605
120.851605
120.851605
120.851605
120.851605
120.851605
120.851605
120.851605
120.851605
120.851605
120.851605
120.851605
120.851605
120.851605
120.851605
120.851605
120.851605
120.851605
120.851605
120.851605
120.851605
120.851605
120.851605
120.851605
120.851605
120.851605
120.851605
120.851605
120.851605
120.851605
120.851605
120.851605
120.851605
120.851605
120.851605
120.851605
120.851605
120.851605
120.851605
120.851605
120.851605
120.851605
120.851605
120.851605
120.851605
120.851605
120.851605
120.851605
120.851605
120.851605
120.851605
120.851605
120.851605
120.851605
120.851605
120.851605
120.851605
120.851605
120.851605
120.851605
120.851605
120.851605
120.851605
120.851605
120.851605
120.851605
120.851605
120.851605
120.851605
120.851605
120.851605
120.851605
120.851605
120.851605
120.851605
120.851605
120.851605
120.851605
120.851605
120.851605
120.851605
120.851605
120.851605
120.851605
120.851605
120.851605
120.851605
120.851605
120.851605
120.851605
120.851605
120.851605
120.851605
120.851605
120.851605
120.851605
120.851605
120.851605
120.851605
120.851605
120.851605
120.851605
120.851605
120.851605
120.851605
120.851605
120.851605
120.851605
120.851605
120.851605
120.851605
120.851605
120.851605
120.851605
120.851605
120.851605
120.851605
120.851605
120.851605
120.851605
120.851605
120.851605
120.851605
120.851605
120.851605
120.851605
120.851605
120.851605
120.851605
120.851605
120.851605
120.851605
120.851605
120.851605
120.851605
120.851605
120.851605
120.851605
120.851605
120.851605
120.851605
120.851605
120.851605
120.851605
120.851605
120.851605
120.851605
120.851605
120.851605
120.851605
120.851605
120.851605
120.851605
120.851605
120.851605
120.851605
120.851605
120.851605
120.851605
120.851605
120.851605
120.851605
120.851605
120.851605
120.851605
120.851605
120.851605
120.851605
120.851605
120.851605
120.851605
120.851605
120.851605
120.851605
120.851605
120.851605
120.851605
120.851605
120.851605
120.851605
120.851605
120.851605
120.851605
120.851605
120.851605
120.851605
120.851605
120.851605
120.851605
120.851605
120.851605
120.851605
120.851605
120.851605
120.851605
120.851605
120.851605
120.851605
120.851605
120.851605
120.851605
120.851605
120.851605
120.851605
120.851605
120.851605
120.851605
120.851605
120.851605
120.851605
120.851605
120.851605
120.851605
120.851605
120.851605
120.851605
120.851605
120.851605
120.851605
120.851605
120.851605
120.851605
120.851605
120.851605
120.851605
120.851605
120.851605
120.851605
120.851605
120.851605
120.851605
120.851605
120.851605
120.851605
120.851605
120.851605
120.851605
120.851605
120.851605
120.851605
120.851605
120.851605
120.851605
120.851605
120.851605
120.851605
120.851605
120.851605
120.851605
120.851605
120.851605
120.851605
120.851605
120.851605
120.851605
120.851605
120.851605
120.851605
120.851605
120.851605
120.851605
120.851605
120.851605
120.851605
120.851605
120.851605
120.851605
120.851605
120.851605
120.851605
120.851605
120.851605
120.851605
120.851605
120.851605
120.851605
120.851605
120.851605
120.851605
120.851605
120.851605
120.851605
120.851605
120.851605
120.851605
120.851605
120.851605
120.851605
120.851605
120.851605
120.851605
120.851605
120.851605
120.851605
120.851605
120.851605
120.851605
120.851605
120.851605
120.851605
120.851605
120.851605
120.851605
120.851605
120.851605
120.851605
120.851605
120.851605
120.851605
120.851605
120.851605
120.851605
120.851605
120.851605
120.851605
120.851605
120.851605
120.851605
120.851605
120.851605
120.851605
120.851605
120.851605
120.851605
120.851605
120.851605
120.851605
120.851605
120.851605
120.851605
120.851605
120.851605
120.851605
120.851605
120.851605
120.851605
120.851605
120.851605
120.851605
120.851605
120.851605
120.851605
120.851605
120.851605
120.851605
120.851605
120.851605
120.851605
120.851605
120.851605
120.851605
120.851605
120.851605
120.851605
120.851605
120.851605
120.851605
120.851605
120.851605
120.851605
120.851605
120.851605
120.851605
120.851605
120.851605
120.851605
120.851605
120.851605
120.851605
120.851605
120.851605
120.851605
120.851605
120.851605
120.851605
120.851605
120.851605
120.851605
120.851605
120.851605
120.851605
120.851605
120.851605
120.851605
120.851605
120.851605
120.851605
120.851605
120.851605
120.851605
120.851605
120.851605
120.851605
120.851605
120.851605
120.851605
120.851605
120.851605
120.851605
120.851605
120.851605
120.851605
120.851605
120.851605
120.851605
120.851605
120.851605
120.851605
120.851605
120.851605
120.851605
120.851605
120.851605
120.851605
120.851605
120.851605
120.851605
120.851605
120.851605
120.851605
120.851605
120.851605
120.851605
120.851605
120.851605
120.851605
120.851605
120.851605
120.851605
120.851605
120.851605
120.851605
120.851605
120.851605
120.851605
120.851605
120.851605
120.851605
120.851605
120.851605
120.851605
120.851605
120.851605
120.851605
120.851605
120.851605
120.851605
120.851605
120.851605
120.851605
120.851605
120.851605
120.851605
120.851605
120.851605
120.851605
120.851605
120.851605
120.851605
120.851605
120.851605
120.851605
120.851605
120.851605
120.851605
120.851605
120.851605
120.851605
120.851605
120.851605
120.851605
120.851605
120.851605
120.851605
120.851605
120.851605
120.851605
120.851605
120.851605
120.851605
120.851605
120.851605
120.851605
120.851605
120.851605
120.851605
120.851605
120.851605
120.851605
120.851605
120.851605
120.851605
120.851605
120.851605
120.851605
120.851605
120.851605
120.851605
120.851605
120.851605
120.851605
120.851605
120.851605
120.851605
120.851605
120.851605
120.851605
120.851605
120.851605
120.851605
120.851605
120.851605
120.851605
120.851605
120.851605
120.851605
120.851605
120.851605
120.851605
120.851605
120.851605
120.851605
120.851605
120.851605
120.851605
120.851605
120.851605
120.851605
120.851605
120.851605
120.851605
120.851605
120.851605
120.851605
120.851605
120.851605
120.851605
120.851605
120.851605
120.851605
120.851605
120.851605
120.851605
120.851605
120.851605
120.851605
120.851605
120.851605
120.851605
120.851605
120.851605
120.851605
120.851605
120.851605
120.851605
120.851605
120.851605
120.851605
120.851605
120.851605
120.851605
120.851605
120.851605
120.851605
120.851605
120.851605
120.851605
120.851605
120.851605
120.851605
120.851605
120.851605
120.851605
120.851605
120.851605
120.851605
120.851605
120.851605
120.851605
120.851605
120.851605
120.851605
120.851605
120.851605
120.851605
120.851605
120.851605
120.851605
120.851605
120.851605
120.851605
120.851605
120.851605
120.851605
120.851605
120.851605
120.851605
120.851605
120.851605
120.851605
120.851605
120.851605
120.851605
120.851605
120.851605
120.851605
120.851605
120.851605
120.851605
120.851605
120.851605
120.851605
120.851605
120.851605
120.851605
120.851605
120.851605
120.851605
120.851605
120.851605
120.851605
120.851605
120.851605
120.851605
120.851605
120.851605
120.851605
120.851605
120.851605
120.851605
120.851605
120.851605
120.851605
120.851605
120.851605
120.851605
120.851605
120.851605
120.851605
120.851605
120.851605
120.851605
120.851605
120.851605
120.851605
120.851605
120.851605
120.851605
120.851605
120.851605
120.851605
120.851605
120.851605
120.851605
120.851605
120.851605
120.851605
120.851605
120.851605
120.851605
120.851605
120.851605
120.851605
120.851605
120.851605
120.851605
120.851605
120.851605
120.851605
120.851605
120.851605
120.851605
120.851605
120.851605
120.851605
120.851605
120.851605
120.851605
120.851605
120.851605
120.851605
120.851605
120.851605
120.851605
120.851605
120.851605
120.851605
120.851605
120.851605
120.851605
120.851605
120.851605
120.851605
120.851605
120.851605
120.851605
120.851605
120.851605
120.851605
120.851605
120.851605
120.851605
120.851605
120.851605
120.851605
120.851605
120.851605
120.851605
120.851605
120.851605
120.851605
120.851605
120.851605
120.851605
120.851605
120.851605
120.851605
120.851605
120.851605
120.851605
120.851605
120.851605
120.851605
120.851605
120.851605
120.851605
120.851605
120.851605
120.851605
120.851605
120.851605
120.851605
120.851605
120.851605
120.851605
120.851605
120.851605
120.851605
120.851605
120.851605
120.851605
120.851605
120.851605
120.851605
120.851605
120.851605
120.851605
120.851605
120.851605
120.851605
120.851605
120.851605
120.851605
120.851605
120.851605
120.851605
120.851605
120.851605
120.851605
120.851605
120.851605
120.851605
120.851605
120.851605
120.851605
120.851605
120.851605
120.851605
120.851605
120.851605
120.851605
120.851605
120.851605
120.851605
120.851605
120.851605
120.851605
120.851605
120.851605
120.851605
120.851605
120.851605
120.851605
120.851605
120.851605
120.851605
120.851605
120.851605
120.851605
120.851605
120.851605
120.851605
120.851605
120.851605
120.851605
120.851605
120.851605
120.851605
120.851605
120.851605
120.851605
120.851605
120.851605
120.851605
120.851605
120.851605
120.851605
120.851605
120.851605
120.851605
120.851605
120.851605
120.851605
120.851605
120.851605
120.851605
120.851605
120.851605
120.851605
120.851605
120.851605
120.851605
120.851605
120.851605
120.851605
120.851605
120.851605
120.851605
120.851605
120.851605
120.851605
120.851605
120.851605
120.851605
120.851605
120.851605
120.851605
120.851605
120.851605
120.851605
120.851605
120.851605
120.851605
120.851605
120.851605
120.851605
120.851605
120.851605
120.851605
120.851605
120.851605
120.851605
120.851605
120.851605
120.851605
120.851605
120.851605
120.851605
120.851605
120.851605
120.851605
120.851605
120.851605
120.851605
120.851605
120.851605
120.851605
120.851605
120.851605
120.851605
120.851605
120.851605
120.851605
120.851605
120.851605
120.851605
120.851605
120.851605
120.851605
120.851605
120.851605
120.851605
120.851605
120.851605
120.851605
120.851605
120.851605
120.851605
120.851605
120.851605
120.851605
120.851605
120.851605
120.851605
120.851605
120.851605
120.851605
120.851605
120.851605
120.851605
120.851605
120.851605
120.851604
120.851604
120.851604
120.851604
120.851604
120.851604
120.851604
120.851604
120.851604
120.851604
120.851604
120.851604
120.851604
120.851604
120.851604
120.851604
120.851604
120.851604
120.851604
120.851604
120.851604
120.851604
120.851604
120.851604
120.851604
120.851604
120.851604
120.851604
120.851604
120.851604
120.851604
120.851604
120.851604
120.851604
120.851604
120.851604
120.851604
120.851604
120.851604
120.851604
120.851604
120.851604
120.851604
120.851604
120.851604
120.851604
120.851604
120.851604
120.851604
120.851604
120.851604
120.851604
120.851604
120.851604
120.851604
120.851604
120.851604
120.851604
120.851604
120.851604
120.851604
120.851604
120.851604
120.851604
120.851604
120.851604
120.851604
120.851604
120.851604
120.851604
120.851604
120.851604
120.851604
120.851604
120.851604
120.851604
120.851604
120.851604
120.851604
120.851604
120.851604
120.851604
120.851604
120.851604
120.851604
120.851604
120.851604
120.851604
120.851604
120.851604
120.851604
120.851604
120.851604
120.851604
120.851604
120.851604
120.851604
120.851604
120.851604
120.851604
120.851604
120.851604
120.851604
120.851604
120.851604
120.851604
120.851604
120.851604
120.851604
120.851604
120.851604
120.851604
120.851604
120.851604
120.851604
120.851604
120.851604
120.851604
120.851604
120.851604
120.851604
120.851604
120.851604
120.851604
120.851604
120.851604
120.851604
120.851604
120.851604
120.851604
120.851604
120.851604
120.851604
120.851604
120.851604
120.851604
120.851604
120.851604
120.851604
120.851604
120.851604
120.851604
120.851604
120.851604
120.851604
120.851604
120.851604
120.851604
120.851604
120.851604
120.851604
120.851604
120.851604
120.851604
120.851604
120.851604
120.851604
120.851604
120.851604
120.851604
120.851604
120.851604
120.851604
120.851604
120.851604
120.851604
120.851604
120.851604
120.851604
120.851604
120.851604
120.851604
120.851604
120.851604
120.851604
120.851604
120.851604
120.851604
120.851604
120.851604
120.851604
120.851604
120.851604
120.851604
120.851604
120.851604
120.851604
120.851604
120.851604
120.851604
120.851604
120.851604
120.851604
120.851604
120.851604
120.851604
120.851604
120.851604
120.851604
120.851604
120.851604
120.851604
120.851604
120.851604
120.851604
120.851604
120.851604
120.851604
120.851604
120.851604
120.851604
120.851604
120.851604
120.851604
120.851604
120.851604
120.851604
120.851604
120.851604
120.851604
120.851604
120.851604
120.851604
120.851604
120.851604
120.851604
120.851604
120.851604
120.851604
120.851604
120.851604
120.851604
120.851604
120.851604
120.851604
120.851604
120.851604
120.851604
120.851604
120.851604
120.851604
120.851604
120.851604
120.851604
120.851604
120.851604
120.851604
120.851604
120.851604
120.851604
120.851604
120.851604
120.851604
120.851604
120.851604
120.851604
120.851604
120.851604
120.851604
120.851604
120.851604
120.851604
120.851604
120.851604
120.851604
120.851604
120.851604
120.851604
120.851604
120.851604
120.851604
120.851604
120.851604
120.851604
120.851604
120.851604
120.851604
120.851604
120.851604
120.851604
120.851604
120.851604
120.851604
120.851604
120.851604
120.851604
120.851604
120.851604
120.851604
120.851604
120.851604
120.851604
120.851604
120.851604
120.851604
120.851604
120.851604
120.851604
120.851604
120.851604
120.851604
120.851604
120.851604
120.851604
120.851604
120.851604
120.851604
120.851604
120.851604
120.851604
120.851604
120.851604
120.851604
120.851604
120.851604
120.851604
120.851604
120.851604
120.851604
120.851604
120.851604
120.851604
120.851604
120.851604
120.851604
120.851604
120.851604
120.851604
120.851604
120.851604
120.851604
120.851604
120.851604
120.851604
120.851604
120.851604
120.851604
120.851604
120.851604
120.851604
120.851604
120.851604
120.851604
120.851604
120.851604
120.851604
120.851604
120.851604
120.851604
120.851604
120.851604
120.851604
120.851604
120.851604
120.851604
120.851603
120.851603
120.851603
120.851603
120.851603
120.851603
120.851603
120.851603
120.851603
120.851603
120.851603
120.851603
120.851603
120.851603
120.851603
120.851603
120.851603
120.851603
120.851603
120.851603
120.851603
120.851603
120.851603
120.851603
120.851603
120.851603
120.851603
120.851603
120.851603
120.851603
120.851603
120.851603
120.851603
120.851603
120.851603
120.851603
120.851603
120.851603
120.851603
120.851603
120.851603
120.851603
120.851603
120.851603
120.851603
120.851603
120.851603
120.851603
120.851603
120.851603
120.851603
120.851603
120.851603
120.851603
120.851603
120.851603
120.851603
120.851603
120.851603
120.851603
120.851603
120.851603
120.851603
120.851603
120.851603
120.851603
120.851603
120.851603
120.851603
120.851603
120.851603
120.851603
120.851603
120.851603
120.851603
120.851603
120.851603
120.851603
120.851603
120.851603
120.851603
120.851603
120.851603
120.851603
120.851603
120.851603
120.851603
120.851603
120.851603
120.851603
120.851603
120.851603
120.851603
120.851603
120.851603
120.851603
120.851603
120.851603
120.851603
120.851603
120.851603
120.851603
120.851603
120.851602
120.851602
120.851602
120.851602
120.851602
120.851602
120.851602
120.851602
120.851602
120.851602
120.851602
120.851602
120.851602
120.851602
120.851602
120.851602
120.851602
120.851602
120.851602
120.851602
120.851602
120.851602
120.851602
120.851602
120.851602
120.851602
120.851602
120.851602
120.851602
120.851602
120.851602
120.851602
120.851602
120.851602
120.851602
120.851602
120.851602
120.851602
120.851602
120.851602
120.851602
120.851602
120.851602
120.851602
120.851602
120.851602
120.851602
120.851602
120.851602
120.851602
120.851602
120.851602
120.851602
120.851602
120.851602
120.851602
120.851602
120.851602
120.851602
120.851602
120.851602
120.851602
120.851602
120.851602
120.851602
120.851602
120.851602
120.851602
120.851602
120.851602
120.851602
120.851602
120.851602
120.851602
120.851602
120.851602
120.851602
120.851602
120.851602
120.851602
120.851602
120.851602
120.851602
120.851602
120.851602
120.851602
120.851602
120.851602
120.851602
120.851602
120.851602
120.851602
120.851602
120.851602
120.851602
120.851602
120.851602
120.851602
120.851602
120.851602
120.851602
120.851602
120.851601
120.851601
120.851601
120.851601
120.851601
120.851601
120.851601
120.851601
120.851601
120.851601
120.851601
120.851601
120.851601
120.851601
120.851601
120.851601
120.851601
120.851601
120.851601
120.851601
120.851601
120.851601
120.851601
120.851601
120.851601
120.851601
120.851601
120.851601
120.851601
120.851601
120.851601
120.851601
120.851601
120.851601
120.851601
120.851601
120.851601
120.851601
120.851601
120.851601
120.851601
120.851601
120.851601
120.851601
120.851601
120.851601
120.851601
120.851601
120.851601
120.851601
120.851601
120.851601
120.851601
120.851601
120.851601
120.851601
120.851601
120.851601
120.851601
120.851601
120.851601
120.851601
120.851601
120.851601
120.851601
120.851601
120.851601
120.851601
120.851601
120.851601
120.851601
120.851601
120.851600
120.851600
120.851600
120.851600
120.851600
120.851600
120.851600
120.851600
120.851600
120.851600
120.851600
120.851600
120.851600
120.851600
120.851600
120.851600
120.851600
120.851600
120.851600
120.851600
120.851600
120.851600
120.851600
120.851600
120.851600
120.851600
120.851600
120.851600
120.851600
120.851600
120.851600
120.851600
120.851600
120.851600
120.851600
120.851600
120.851600
120.851600
120.851600
120.851600
120.851600
120.851600
120.851600
120.851600
120.851600
120.851600
120.851600
120.851600
120.851600
120.851600
120.851600
120.851600
120.851600
120.851600
120.851600
120.851600
120.851600
120.851600
120.851600
120.851600
120.851600
120.851600
120.851600
120.851600
120.851600
120.851600
120.851600
120.851600
120.851600
120.851600
120.851599
120.851599
120.851599
120.851599
120.851599
120.851599
120.851599
120.851599
120.851599
120.851599
120.851599
120.851599
120.851599
120.851599
120.851599
120.851599
120.851599
120.851599
120.851599
120.851599
120.851599
120.851599
120.851599
120.851599
120.851599
120.851599
120.851599
120.851599
120.851599
120.851599
120.851599
120.851599
120.851599
120.851599
120.851599
120.851599
120.851599
120.851599
120.851599
120.851599
120.851599
120.851599
120.851599
120.851599
120.851599
120.851599
120.851599
120.851599
120.851599
120.851599
120.851599
120.851599
120.851599
120.851598
120.851598
120.851598
120.851598
120.851598
120.851598
120.851598
120.851598
120.851598
120.851598
120.851598
120.851598
120.851598
120.851598
120.851598
120.851598
120.851598
120.851598
120.851598
120.851598
120.851598
120.851598
120.851598
120.851598
120.851598
120.851598
120.851598
120.851598
120.851598
120.851598
120.851598
120.851598
120.851598
120.851598
120.851598
120.851598
120.851598
120.851598
120.851598
120.851598
120.851598
120.851598
120.851598
120.851598
120.851598
120.851598
120.851598
120.851598
120.851598
120.851598
120.851598
120.851598
120.851598
120.851598
120.851598
120.851598
120.851598
120.851598
120.851598
120.851598
120.851598
120.851598
120.851598
120.851598
120.851598
120.851598
120.851598
120.851598
120.851598
120.851598
120.851598
120.851598
120.851598
120.851598
120.851598
120.851598
120.851598
120.851598
120.851598
120.851598
120.851598
120.851598
120.851598
120.851598
120.851598
120.851598
120.851598
120.851598
120.851598
120.851598
120.851598
120.851598
120.851598
120.851598
120.851598
120.851598
120.851598
120.851598
120.851598
120.851598
120.851598
120.851597
120.851597
120.851597
120.851597
120.851597
120.851597
120.851597
120.851597
120.851597
120.851597
120.851597
120.851597
120.851597
120.851597
120.851596
120.851596
120.851596
120.851596
120.851596
120.851596
120.851596
120.851596
120.851596
120.851596
120.851596
120.851596
120.851596
120.851596
120.851596
120.851596
120.851596
120.851596
120.851595
120.851595
120.851595
120.851595
120.851595
120.851595
120.851595
120.851595
120.851595
120.851595
120.851593
120.851593
120.851593
120.851593
120.851593
120.851593
120.851593
120.851593
120.851593
120.851593
120.851593
120.851593
120.851593
120.851593
120.851593
120.851593
120.851593
120.851593
120.851593
120.851593
120.851593
120.851593
120.851593
120.851593
120.851593
120.851593
120.851593
120.851593
120.851593
120.851593
120.851593
120.851593
120.851593
120.851593
120.851593
120.851593
120.851593
120.851593
120.851593
120.851593
120.851593
120.851593
120.851593
120.851593
120.851593
120.851593
120.851593
120.851593
120.851593
120.851593
120.851593
120.851593
120.851593
120.851593
120.851593
120.851593
120.851593
120.851593
120.851593
120.851593
120.851593
120.851593
120.851593
120.851593
120.851593
120.851591
120.851591
120.851591
120.851591
120.851591
120.851591
120.851591
120.851591
120.851591
120.851591
120.851591
120.851591
120.851591
120.851591
120.851591
120.851591
120.851591
120.851591
120.851591
120.851591
120.851591
120.851591
120.851591
120.851591
120.851591
120.851591
120.851591
120.851591
120.851591
120.851591
120.851591
120.851591
120.851591
120.851591
120.851591
120.851591
120.851591
120.851591
120.851591
120.851591
120.851591
120.851591
120.851591
120.851591
120.851591
120.851591
120.851591
120.851590
120.851590
120.851590
120.851590
120.851590
120.851590
120.851590
120.851590
120.851590
120.851590
120.851590
120.851590
120.851590
120.851588
120.851588
120.851588
120.851587
120.851587
120.851587
120.851587
120.851587
120.851587
120.851587
120.851587
120.851587
120.851587
120.851587
120.851587
120.851587
120.851587
120.851586
120.851586
120.851586
120.851586
120.851586
120.851586
120.851586
120.851586
120.851586
120.851586
120.851586
120.851586
120.851586
120.851586
120.851586
120.851586
120.851586
120.851586
120.851586
120.851586
120.851586
120.851586
120.851586
120.851584
120.851584
120.851584
120.851584
120.851584
120.851584
120.851584
120.851584
120.851584
120.851584
120.851584
120.851584
120.851584
120.851584
120.851584
120.851584
120.851584
120.851584
120.851584
120.851584
120.851584
120.851584
120.851584
120.851584
120.851584
120.851584
120.851584
120.851584
120.851584
120.851584
120.851581
120.851581
120.851581
120.851581
120.851581
120.851581
120.851581
120.851581
120.851581
120.851581
120.851581
120.851581
120.851581
120.851581
120.851581
120.851581
120.851581
120.851581
120.851581
120.851581
120.851581
120.851581
120.851581
120.851581
120.851581
120.851581
120.851581
120.851581
120.851581
120.851581
120.851581
120.851581
120.851581
120.851581
120.851581
120.851581
120.851581
120.851581
120.851581
120.851581
120.851581
120.851581
120.851581
120.851581
120.851581
120.851581
120.851581
120.851580
120.851580
120.851580
120.851580
120.851580
120.851580
120.851580
120.851580
120.851580
120.851580
120.851580
120.851580
120.851578
120.851578
120.851578
120.851578
120.851578
120.851578
120.851578
120.851578
120.851578
120.851578
120.851578
120.851578
120.851578
120.851578
120.851578
120.851578
120.851578
120.851578
120.851578
120.851578
120.851572
120.851572
120.851572
120.851572
120.851572
120.851572
120.851572
120.851572
120.851572
120.851572
120.851568
120.851568
120.851568
120.851568
120.851568
120.851568
120.851568
120.851568
120.851568
120.851568
120.851568
120.851568
120.851568
120.851568
120.851568
120.851568
120.851568
120.851568
120.851568
120.851568
120.851568
120.851568
120.851568
120.851568
120.851568
120.851568
120.851568
120.851568
120.851568
120.851568
120.851568
120.851568
120.851568
120.851568
120.851568
120.851568
120.851568
120.851568
120.851568
120.851568
120.851568
120.851568
120.851568
120.851568
120.851568
120.851568
120.851568
120.851568
120.851568
120.851568
120.851568
120.851568
120.851568
120.851568
120.851568
120.851568
120.851568
120.851568
120.851568
120.851568
120.851568
120.851568
120.851568
120.851568
120.851565
120.851565
120.851565
120.851565
120.851565
120.851565
120.851565
120.851565
120.851565
120.851560
120.851560
120.851560
120.851560
120.851560
120.851560
120.851560
120.851560
120.851560
120.851560
120.851560
120.851560
120.851560
120.851560
120.851560
120.851560
120.851560
120.851560
120.851560
120.851560
120.851560
120.851557
120.851557
120.851557
120.851557
120.851557
120.851557
120.851552
120.851552
120.851552
120.851552
120.851552
120.851552
120.851552
120.851552
120.851552
120.851552
120.851552
120.851552
120.851552
120.851552
120.851552
120.851552
120.851552
120.851552
120.851552
120.851552
120.851552
120.851552
120.851552
120.851552
120.851552
120.851552
120.851552
120.851552
120.851552
120.851552
120.851552
120.851552
120.851552
120.851552
120.851552
120.851552
120.851552
120.851552
120.851552
120.851552
120.851552
120.851552
120.851552
120.851552
120.851552
120.851552
120.851552
120.851552
120.851552
120.851552
120.851552
120.851549
120.851549
120.851549
120.851549
120.851549
120.851549
120.851549
120.851549
120.851549
120.851549
120.851549
120.851549
120.851549
120.851549
120.851549
120.851549
120.851549
120.851549
120.851549
120.851549
120.851549
120.851549
120.851549
120.851549
120.851549
120.851549
120.851549
120.851549
120.851549
120.851549
120.851549
120.851549
120.851546
120.851545
120.851545
120.851545
120.851545
120.851545
120.851545
120.851545
120.851544
120.851544
120.851544
120.851544
120.851544
120.851544
120.851544
120.851544
120.851544
120.851544
120.851544
120.851544
120.851544
120.851544
120.851544
120.851544
120.851544
120.851544
120.851544
120.851544
120.851544
120.851544
120.851544
120.851544
120.851544
120.851544
120.851544
120.851543
120.851543
120.851543
120.851543
120.851543
120.851543
120.851543
120.851543
120.851543
120.851543
120.851543
120.851543
120.851543
120.851543
120.851543
120.851543
120.851543
120.851543
120.851543
120.851543
120.851543
120.851543
120.851543
120.851543
120.851543
120.851543
120.851543
120.851543
120.851543
120.851543
120.851543
120.851543
120.851543
120.851543
120.851543
120.851543
120.851543
120.851543
120.851543
120.851543
120.851543
120.851543
120.851543
120.851543
120.851543
120.851537
120.851537
120.851537
120.851533
120.851533
120.851533
120.851533
120.851533
120.851533
120.851533
120.851533
120.851533
120.851533
120.851533
120.851533
120.851533
120.851533
120.851533
120.851533
120.851533
120.851533
120.851533
120.851533
120.851533
120.851533
120.851533
120.851533
120.851533
120.851533
120.851533
120.851533
120.851533
120.851533
120.851533
120.851533
120.851533
120.851533
120.851533
120.851533
120.851533
120.851533
120.851533
120.851533
120.851523
120.851523
120.851523
120.851523
120.851523
120.851523
120.851523
120.851523
120.851523
120.851523
120.851523
120.851523
120.851523
120.851523
120.851523
120.851523
120.851523
120.851523
120.851523
120.851523
120.851523
120.851523
120.851523
120.851523
120.851523
120.851523
120.851523
120.851523
120.851523
120.851523
120.851523
120.851523
120.851523
120.851523
120.851523
120.851523
120.851523
120.851523
120.851523
120.851523
120.851523
120.851523
120.851523
120.851523
120.851523
120.851523
120.851523
120.851523
120.851523
120.851523
120.851523
120.851523
120.851523
120.851523
120.851523
120.851523
120.851523
120.851523
120.851523
120.851523
120.851523
120.851523
120.851523
120.851523
120.851523
120.851523
120.851523
120.851520
120.851520
120.851520
120.851520
120.851520
120.851520
120.851520
120.851520
120.851520
120.851520
120.851520
120.851520
120.851520
120.851520
120.851520
120.851520
120.851520
120.851520
120.851520
120.851520
120.851520
120.851520
120.851520
120.851520
120.851520
120.851520
120.851520
120.828283
120.828283
120.828283
120.828283
120.828283
120.828283
120.818896
120.818896
120.818896
120.818896
120.766660
120.766660
120.766660
120.766660
120.766660
120.766660
120.766660
120.766660
120.766660
120.766660
120.766660
120.766660
120.766660
120.766660
120.766660
120.766660
120.766660
120.766660
120.766660
120.766660
120.766660
120.766660
120.766660
120.766660
120.766660
120.766660
120.766660
120.766660
120.766660
120.766660
120.766660
120.766660
120.766660
120.766660
120.766660
120.766660
120.766660
120.766660
120.766660
120.766660
120.766660
120.766660
120.766660
120.766660
120.766660
120.766660
120.766660
120.766660
120.766660
120.766660
120.766660
120.766660
120.766660
120.766660
120.766660
120.766660
120.766660
120.766660
120.766660
120.766660
120.766660
120.766660
120.766660
120.766660
120.766660
120.766660
120.766660
120.766660
120.765486
120.765486
120.765486
120.765486
120.765486
120.765486
120.765486
120.765486
120.765486
120.765486
120.765486
120.765486
120.756683
120.756683
120.756683
120.756683
120.744375
120.744375
120.744375
120.744375
120.744375
120.744375
120.744375
120.744375
120.744375
120.744375
120.744375
120.744375
120.744375
120.744375
120.744375
120.744375
120.744375
120.742011
120.742011
120.742011
120.742011
120.742011
120.742011
120.742011
120.742011
120.742011
120.742011
120.742011
120.742011
120.742011
120.742011
120.742011
120.742011
120.742011
120.742011
120.742011
120.742011
120.742011
120.742011
120.742011
120.742011
120.742011
120.742011
120.742011
120.742011
120.742011
120.742011
120.709252
120.709252
120.709252
120.699819
120.699819
120.699819
120.699819
120.699819
120.699819
120.699819
120.699819
120.699819
120.699819
120.699819
120.699819
120.699819
120.699819
120.699819
120.699819
120.699819
120.666985
120.666985
120.666985
120.666985
120.666985
120.666985
120.666985
120.666985
120.666985
120.666985
120.660662
120.660662
120.660662
120.660662
120.660662
120.660662
120.660662
120.660662
120.660662
120.660662
120.660662
120.660662
120.660662
120.660662
120.660662
120.660662
120.660662
120.660662
120.660662
120.660662
120.660662
120.660662
120.660662
120.660662
120.660662
120.660662
120.660662
120.660662
120.660662
120.660662
120.636629
120.636629
120.636629
120.636629
120.636629
120.636629
120.636629
120.636214
120.636214
120.636214
120.636214
120.636214
120.636214
120.636214
120.636214
120.636214
120.636214
120.636214
120.636214
120.636214
120.636214
120.636214
120.636214
120.636214
120.636214
120.636214
120.636214
120.636214
120.636214
120.636214
120.636214
120.636214
120.636214
120.636214
120.636214
120.636214
120.636214
120.636214
120.636214
120.636214
120.626819
120.626819
120.626239
120.626239
120.626239
120.626239
120.626239
120.626239
120.626239
120.602346
120.602346
120.602346
120.602346
120.602346
120.602346
120.602346
120.602346
120.602346
120.602346
120.602346
120.602346
120.602346
120.602346
120.602346
120.602346
120.602346
120.602346
120.602346
120.602346
120.602346
120.602346
120.602346
120.602346
120.602346
120.602346
120.602346
120.602346
120.602346
120.602346
120.602346
120.573218
120.573218
120.573218
120.573218
120.573218
120.573218
120.573218
120.573218
120.573218
120.573218
120.573218
120.573218
120.573218
120.573218
120.573218
120.573218
120.573218
120.573218
120.573218
120.573218
120.573218
120.573218
120.573218
120.573218
120.573218
120.573218
120.573218
120.573218
120.573218
120.573218
120.567525
120.567525
120.567525
120.567525
120.567525
120.567525
120.567525
120.567525
120.567525
120.567525
120.567525
120.567525
120.567525
120.567525
120.567525
120.567525
120.567525
120.567525
120.567525
120.567525
120.554693
120.554693
120.554693
120.554693
120.554693
120.554693
120.554693
120.554693
120.554693
120.554693
120.554693
120.554693
120.554693
120.554693
120.554693
120.554693
120.554693
120.554693
120.554693
120.554693
120.554693
120.554693
120.554693
120.554693
120.554693
120.554693
120.554693
120.554693
120.554693
120.554693
120.554693
120.554693
120.554693
120.554693
120.554693
120.554693
120.554693
120.554693
120.554693
120.554693
120.554693
120.554693
120.554693
120.554693
120.554693
120.554693
120.554693
120.554693
120.554693
120.554693
120.550421
120.550421
120.550421
120.550421
120.550421
120.550421
120.550421
120.550421
120.550421
120.550421
120.547408
120.547408
120.544293
120.544293
120.544293
120.544293
120.544293
120.544293
120.544293
120.544293
120.526587
120.526587
120.526587
120.526587
120.526587
120.526587
120.526587
120.526587
120.526587
120.526587
120.514479
120.514479
120.514479
120.514479
120.514479
120.514479
120.514479
120.514479
120.514479
120.514479
120.514479
120.514479
120.512613
120.512613
120.512613
120.512613
120.512613
120.512613
120.512613
120.512613
120.512613
120.512613
120.512613
120.512613
120.512613
120.512613
120.512613
120.512613
120.512613
120.512613
120.505351
120.505351
120.504075
120.504075
120.504075
120.504075
120.504075
120.504075
120.504075
120.504075
120.504075
120.504075
120.504075
120.504075
120.504075
120.504075
120.504075
120.504075
120.504075
120.504075
120.504075
120.504075
120.504075
120.504075
120.504075
120.504075
120.504075
120.504075
120.504075
120.504075
120.504075
120.504075
120.504075
120.504075
120.504075
120.504075
120.504075
120.504075
120.504075
120.504075
120.504075
120.504075
120.504075
120.504075
120.504075
120.504075
120.504075
120.504075
120.504075
120.504075
120.504075
120.504075
120.504075
120.504075
120.504075
120.504075
120.504075
120.504075
120.504075
120.504075
120.504075
120.504075
120.499269
120.499269
120.499269
120.499269
120.499269
120.499269
120.499269
120.488549
120.488549
120.488549
120.488549
120.488549
120.488549
120.488549
120.488549
120.488549
120.488549
120.488549
120.488549
120.488549
120.488549
120.488549
120.488549
120.480830
120.480830
120.459299
120.459299
120.459299
120.459299
120.459299
120.459299
120.459299
120.459299
120.459299
120.459299
120.443628
120.443628
120.443628
120.443628
120.443628
120.443628
120.443628
120.443628
120.443628
120.443628
120.443628
120.443628
120.443628
120.443628
120.443628
120.443628
120.443628
120.443628
120.433347
120.433347
120.433347
120.433347
120.433347
120.433347
120.433347
120.433347
120.433347
120.433347
120.433347
120.433347
120.433347
120.433347
120.433347
120.433347
120.433347
120.433347
120.433347
120.433347
120.433347
120.433347
120.433347
120.433347
120.433347
120.433347
120.433347
120.433347
120.433347
120.433347
120.433347
120.433347
120.433347
120.433347
120.433347
120.433347
120.433347
120.433347
120.433347
120.433347
120.421595
120.421595
120.421595
120.421595
120.421595
120.421595
120.421595
120.418071
120.418071
120.418071
120.418071
120.418071
120.418071
120.418071
120.418071
120.418071
120.418071
120.418071
120.418071
120.418071
120.418071
120.418071
120.418071
120.418071
120.418071
120.418071
120.418071
120.418071
120.418071
120.418071
120.418071
120.418071
120.418071
120.418071
120.418071
120.418071
120.418071
120.417085
120.417085
120.417085
120.417085
120.417085
120.417085
120.417085
120.417085
120.417085
120.417085
120.417085
120.417085
120.417085
120.417085
120.417085
120.417085
120.417085
120.391957
120.391957
120.391957
120.391957
120.391957
120.391957
120.391957
120.391957
120.391957
120.391957
120.391957
120.391957
120.391957
120.391957
120.385604
120.385604
120.385604
120.385604
120.385604
120.385604
120.385604
120.385604
120.385604
120.364516
120.354916
120.354916
120.354916
120.354916
120.354916
120.354916
120.354916
120.354916
120.354916
120.347027
120.347027
120.347027
120.326184
120.326184
120.326184
120.326184
120.326184
120.326184
120.326184
120.326184
120.326184
120.326184
120.305368
120.305368
120.305368
120.305368
120.305368
120.305368
120.305368
120.305368
120.305368
120.305368
120.305368
120.305368
120.305368
120.305368
120.305368
120.305368
120.305368
120.305368
120.305368
120.305368
120.305368
120.305368
120.305368
120.305368
120.305368
120.305368
120.305368
120.305368
120.305368
120.305368
120.305368
120.305368
120.305368
120.305368
120.305368
120.305368
120.305368
120.305368
120.305368
120.305368
120.305368
120.305368
120.298934
120.298934
120.298934
120.298934
120.298934
120.298934
120.298934
120.298934
120.298934
120.298934
120.293566
120.293566
120.293566
120.293566
120.293566
120.293566
120.293566
120.293566
120.293566
120.293566
120.293566
120.293566
120.293566
120.293566
120.293566
120.293566
120.293566
120.293566
120.293566
120.293566
120.293566
120.293566
120.293566
120.293566
120.293566
120.293566
120.293566
120.293566
120.293566
120.293566
120.293566
120.293566
120.293566
120.293566
120.293566
120.293566
120.293566
120.293566
120.293566
120.293566
120.293566
120.293566
120.293566
120.283830
120.283830
120.283830
120.283830
120.283830
120.283830
120.283830
120.283830
120.283830
120.283830
120.283830
120.283830
120.283830
120.283830
120.283830
120.283830
120.283830
120.283830
120.283830
120.283830
120.283830
120.283830
120.269221
120.269221
120.269221
120.269221
120.269221
120.269221
120.269221
120.269221
120.269221
120.269221
120.269221
120.269221
120.269221
120.269221
120.269221
120.269221
120.269221
120.269221
120.262824
120.262824
120.262824
120.262824
120.262824
120.262824
120.262824
120.262824
120.262824
120.262824
120.262824
120.262824
120.238517
120.238517
120.238517
120.238517
120.238517
120.238517
120.238517
120.238517
120.238517
120.238517
120.238517
120.238517
120.238517
120.238517
120.238517
120.238517
120.238517
120.222281
120.222281
120.222281
120.222281
120.222281
120.222281
120.204768
120.204768
120.204768
120.204768
120.204768
120.204768
120.204768
120.204768
120.204768
120.204768
120.204768
120.204768
120.204768
120.204768
120.204768
120.204768
120.204768
120.204768
120.204768
120.204768
120.204768
120.204768
120.204768
120.204768
120.204768
120.204768
120.204768
120.204768
120.204768
120.204768
120.196879
120.196879
120.196879
120.196879
120.196879
120.196879
120.196879
120.196879
120.196879
120.196879
120.196879
120.196879
120.196879
120.196879
120.196879
120.196879
120.196879
120.172590
120.172590
120.172590
120.170643
120.170643
120.170643
120.170643
120.170643
120.170643
120.170643
120.169655
120.169655
120.169655
120.128429
120.128429
120.128429
120.128429
120.128429
120.128429
120.128429
120.128429
120.128429
120.128429
120.128429
120.128429
120.128429
120.128429
120.128429
120.128429
120.128429
120.128429
120.128429
120.128429
120.128429
120.128429
120.128429
120.128429
120.128429
120.128429
120.128429
120.128429
120.128429
120.128429
120.128429
120.128429
120.128429
120.128429
120.128429
120.128429
120.128429
120.128429
120.128429
120.128429
120.128429
120.128429
120.128429
120.128429
120.128429
120.128429
120.128429
120.128429
120.128429
120.128429
120.128429
120.128429
120.128429
120.128429
120.121462
120.121462
120.121462
120.121462
120.121462
120.121462
120.120295
120.120295
120.120295
120.120295
120.120295
120.120295
120.120295
120.120295
120.120295
120.120295
120.120295
120.120295
120.120295
120.120295
120.120295
120.120295
120.120295
120.120295
120.120295
120.120295
120.120295
120.120295
120.120295
120.120295
120.120295
120.120295
120.120295
120.110757
120.110757
120.110757
120.110757
120.110757
120.110757
120.110757
120.110757
120.110757
120.110757
120.093469
120.093469
120.093469
120.093469
120.093469
120.093469
120.093469
120.093469
120.093469
120.093469
120.093469
120.093469
120.093469
120.093469
120.093469
120.093469
120.093469
120.078132
120.078132
120.078132
120.078132
120.078132
120.078132
120.078132
120.078132
120.078132
120.078132
120.078132
120.078132
120.078132
120.078132
120.078132
120.078132
120.078132
120.078132
120.078132
120.078132
120.078132
120.078132
120.078132
120.078132
120.078132
120.078132
120.078132
120.078132
120.078132
120.078132
120.078132
120.078132
120.078132
120.078132
120.078132
120.078132
120.078132
120.078132
120.078132
120.078132
120.078132
120.062877
120.062877
120.062877
120.062877
120.062877
120.062877
120.062877
120.044229
120.044229
120.044229
120.029117
120.029117
120.029117
120.029117
120.029117
120.029117
120.029117
120.029117
120.029117
120.020455
120.020455
120.020455
120.020455
120.020455
120.020455
120.020455
120.020455
120.020455
120.020455
119.994965
119.994965
119.994965
119.994965
119.994965
119.994965
119.994965
119.994965
119.994965
119.994965
119.968694
119.968694
119.968694
119.968694
119.968694
119.968694
119.968694
119.968694
119.968694
119.968694
119.968694
119.968694
119.968694
119.968694
119.968694
119.968694
119.968694
119.968694
119.968694
119.968694
119.968694
119.968694
119.968694
119.968694
119.968694
119.968694
119.968694
119.968694
119.968694
119.968694
119.968694
119.950509
119.950509
119.950509
119.950509
119.950509
119.950509
119.950509
119.950509
119.950509
119.950509
119.946377
119.946377
119.946377
119.946377
119.946377
119.946377
119.946377
119.946377
119.946377
119.946377
119.946377
119.946377
119.946377
119.946377
119.946377
119.946377
119.946377
119.946377
119.946377
119.946377
119.946377
119.946377
119.946377
119.946377
119.946377
119.946377
119.946377
119.946377
119.946377
119.946377
119.946377
119.946377
119.946377
119.946377
119.946377
119.946377
119.946377
119.946377
119.946377
119.946377
119.946377
119.946377
119.946377
119.946377
119.946377
119.946377
119.946377
119.946377
119.946377
119.946377
119.946377
119.946377
119.946377
119.946377
119.946377
119.946377
119.946377
119.946377
119.946377
119.946377
119.946377
119.946377
119.946377
119.946377
119.946377
119.946377
119.946377
119.946377
119.946377
119.946377
119.946377
119.946377
119.946377
119.946377
119.946377
119.946377
119.946377
119.946377
119.946377
119.916909
119.916909
119.916909
119.916909
119.916909
119.916909
119.916909
119.916909
119.916909
119.916909
119.916909
119.916909
119.916909
119.916909
119.916909
119.916909
119.916909
119.916909
119.916909
119.916909
119.916909
119.916909
119.916909
119.916909
119.916909
119.916909
119.916909
119.916909
119.916909
119.916909
119.916909
119.916909
119.916909
119.916909
119.916909
119.916909
119.916909
119.916909
119.916909
119.916909
119.916909
119.916909
119.916909
119.916909
119.916909
119.916909
119.916909
119.916909
119.916909
119.916909
119.916909
119.916909
119.916909
119.916909
119.916909
119.916909
119.916909
119.916909
119.916909
119.916909
119.916909
119.916909
119.916909
119.916909
119.916909
119.916909
119.916909
119.916909
119.916909
119.916909
119.916909
119.916909
119.916909
119.916909
119.916909
119.916909
119.914684
119.914684
119.914684
119.914684
119.914684
119.906379
119.906379
119.906379
119.906379
119.906379
119.906379
119.906379
119.906379
119.906379
119.906379
119.905219
119.905219
119.905219
119.905219
119.905219
119.905219
119.905219
119.905219
119.905219
119.905219
119.905219
119.905219
119.905219
119.905219
119.905219
119.905219
119.905219
119.905219
119.905219
119.905219
119.905219
119.905219
119.905219
119.905219
119.905219
119.905219
119.905219
119.905219
119.905219
119.905219
119.904422
119.904422
119.904422
119.904422
119.904422
119.904422
119.904422
119.904422
119.904422
119.904422
119.904422
119.904422
119.904422
119.904422
119.904422
119.904422
119.904422
119.904422
119.904422
119.904422
119.900212
119.900212
119.900212
119.900212
119.900212
119.900212
119.900212
119.900212
119.900212
119.900212
119.895840
119.895840
119.895840
119.895840
119.895840
119.895840
119.895840
119.895840
119.895840
119.895840
119.895840
119.895840
119.895840
119.895840
119.895840
119.895840
119.895840
119.895840
119.895840
119.895840
119.895840
119.895840
119.895840
119.895840
119.895840
119.895840
119.895840
119.895840
119.895840
119.895840
119.895840
119.895840
119.895840
119.895840
119.895840
119.895840
119.895840
119.895840
119.895840
119.895840
119.893154
119.893154
119.893154
119.892780
119.892780
119.892780
119.892780
119.892780
119.892780
119.892780
119.892780
119.892780
119.892780
119.892780
119.892780
119.892780
119.892780
119.892780
119.892780
119.890175
119.890175
119.890175
119.890175
119.890175
119.890175
119.890175
119.890175
119.890175
119.890175
119.890175
119.890175
119.890175
119.890175
119.890175
119.890175
119.890175
119.890175
119.890175
119.890175
119.890175
119.882063
119.882063
119.882063
119.882063
119.882063
119.882063
119.882063
119.882063
119.882063
119.882063
119.882063
119.882063
119.882063
119.882063
119.882063
119.882063
119.882063
119.882063
119.882063
119.882063
119.874503
119.874503
119.874503
119.874503
119.874503
119.874503
119.874503
119.874503
119.874503
119.847727
119.847727
119.847727
119.847727
119.847727
119.847727
119.847727
119.847727
119.847727
119.847727
119.847727
119.847727
119.847727
119.847727
119.847727
119.847727
119.847727
119.847727
119.847727
119.847727
119.847727
119.836757
119.836757
119.836757
119.836757
119.836757
119.836757
119.836757
119.836757
119.836757
119.836757
119.836757
119.836757
119.836757
119.836757
119.836757
119.836757
119.836757
119.836757
119.836757
119.836757
119.836757
119.836757
119.836757
119.836757
119.836757
119.836757
119.836757
119.836757
119.836757
119.836757
119.836757
119.836757
119.836757
119.836757
119.836757
119.836757
119.836757
119.836757
119.836757
119.836757
119.836757
119.836757
119.836757
119.836757
119.836757
119.836757
119.836757
119.836757
119.836757
119.836757
119.836757
119.836757
119.836757
119.836757
119.836757
119.836757
119.836757
119.836757
119.836757
119.836757
119.836757
119.836757
119.836757
119.836757
119.836757
119.836757
119.836757
119.836757
119.836757
119.836757
119.836757
119.836757
119.836757
119.836757
119.836757
119.836757
119.836757
119.836757
119.836757
119.836757
119.836757
119.836757
119.836757
119.836757
119.836757
119.836757
119.836757
119.836757
119.836757
119.836757
119.836757
119.836757
119.836757
119.836757
119.836757
119.836757
119.836757
119.836757
119.836757
119.836757
119.836757
119.836757
119.836757
119.836757
119.836757
119.836757
119.836757
119.836757
119.836757
119.836757
119.836757
119.836757
119.836757
119.833809
119.833809
119.818498
119.818498
119.818498
119.818498
119.818498
119.818498
119.818498
119.818498
119.818498
119.818498
119.818498
119.818498
119.818498
119.818498
119.802480
119.802480
119.802480
119.802480
119.802480
119.802480
119.802480
119.802480
119.802480
119.802480
119.802480
119.788361
119.788361
119.788361
119.788361
119.788361
119.788361
119.788361
119.788361
119.788361
119.788361
119.788361
119.788361
119.788361
119.788361
119.788361
119.788361
119.788361
119.788361
119.788361
119.788361
119.788361
119.788361
119.788361
119.788361
119.788361
119.788361
119.788361
119.788361
119.788361
119.788361
119.788361
119.788361
119.788361
119.788361
119.788361
119.788361
119.788361
119.788361
119.788361
119.784801
119.784801
119.784801
119.784801
119.784801
119.784801
119.784801
119.784801
119.784801
119.784801
119.784801
119.776891
119.776891
119.776891
119.776891
119.776891
119.776891
119.776891
119.776891
119.776891
119.776891
119.776891
119.776891
119.776891
119.776891
119.776891
119.776891
119.776891
119.776891
119.776891
119.776891
119.776891
119.776891
119.776891
119.776891
119.776891
119.776891
119.776891
119.776891
119.776891
119.776891
119.776891
119.776891
119.776891
119.776891
119.776891
119.776891
119.776891
119.776891
119.776891
119.776891
119.774103
119.774103
119.774103
119.774103
119.774103
119.774103
119.774103
119.774103
119.774103
119.768380
119.768380
119.768380
119.768380
119.768380
119.768380
119.768380
119.768380
119.768380
119.768380
119.768380
119.768380
119.768380
119.768380
119.768380
119.768380
119.768380
119.768380
119.768380
119.768380
119.768380
119.768380
119.768380
119.768380
119.768380
119.768380
119.768380
119.768380
119.768380
119.768380
119.768380
119.768380
119.768380
119.768380
119.768380
119.768380
119.768380
119.768380
119.768380
119.768380
119.768380
119.768380
119.768380
119.768380
119.768380
119.768380
119.768380
119.768380
119.768380
119.768380
119.768380
119.768380
119.768380
119.768380
119.768380
119.768380
119.768380
119.768380
119.768380
119.768380
119.768380
119.768380
119.768380
119.768380
119.768380
119.768380
119.768380
119.768380
119.768380
119.768380
119.747985
119.747985
119.747985
119.747985
119.747985
119.747985
119.747985
119.747985
119.747985
119.747985
119.747985
119.747985
119.747985
119.747985
119.747985
119.747985
119.747985
119.747985
119.747985
119.747985
119.717228
119.717228
119.717228
119.717228
119.717228
119.717228
119.717228
119.717228
119.717228
119.717228
119.717219
119.717219
119.717219
119.717219
119.717219
119.717219
119.717219
119.717219
119.717219
119.717219
119.717219
119.717219
119.717219
119.717219
119.717219
119.717219
119.717219
119.717219
119.717219
119.717219
119.714030
119.714030
119.714030
119.714030
119.714030
119.714030
119.714030
119.714030
119.714030
119.714030
119.714030
119.714030
119.714030
119.714030
119.714030
119.714030
119.714030
119.714030
119.714030
119.714030
119.714030
119.714030
119.714030
119.714030
119.714030
119.714030
119.687573
119.687573
119.687573
119.687573
119.687573
119.687573
119.687573
119.687573
119.687573
119.687573
119.687573
119.687573
119.687573
119.687573
119.687573
119.687573
119.687573
119.687573
119.687573
119.687573
119.687573
119.687573
119.687573
119.687573
119.687573
119.687573
119.687573
119.687573
119.687573
119.687573
119.687573
119.687573
119.687573
119.687573
119.687573
119.687573
119.687573
119.687573
119.687573
119.687573
119.687573
119.687573
119.687573
119.687573
119.687573
119.687573
119.687573
119.687573
119.687573
119.687573
119.687573
119.687573
119.687573
119.687573
119.687573
119.687573
119.687573
119.687573
119.687573
119.687573
119.687573
119.687573
119.687573
119.687573
119.687573
119.687573
119.687573
119.687573
119.687573
119.687573
119.687573
119.687573
119.687573
119.687573
119.687573
119.682117
119.682117
119.682117
119.682117
119.682117
119.682117
119.682117
119.664244
119.664244
119.664244
119.664244
119.664244
119.664244
119.664244
119.664244
119.664244
119.664244
119.664244
119.664244
119.664244
119.664244
119.664244
119.664244
119.664244
119.664244
119.664244
119.664244
119.664244
119.664244
119.664244
119.664244
119.664244
119.651623
119.651623
119.651623
119.651623
119.651623
119.651623
119.651623
119.651623
119.635984
119.635984
119.635984
119.635984
119.635984
119.635984
119.635984
119.635984
119.635984
119.635984
119.635984
119.635984
119.629867
119.629867
119.629867
119.629867
119.629867
119.629867
119.629867
119.629867
119.536149
119.536149
119.536149
119.536149
119.536149
119.536149
119.536149
119.536149
119.536149
119.535045
119.535045
119.535045
119.535045
119.535045
119.535045
119.535045
119.535045
119.535045
119.535045
119.535045
119.535045
119.535045
119.535045
119.535045
119.535045
119.535045
119.535045
119.535045
119.535045
119.534705
119.534705
119.534705
119.534705
119.534705
119.534705
119.534705
119.534705
119.534705
119.534705
119.534705
119.530698
119.530698
119.530698
119.530698
119.530698
119.530698
119.530698
119.530698
119.530698
119.530698
119.530698
119.530698
119.530698
119.530698
119.530698
119.530698
119.530698
119.530698
119.530698
119.525192
119.525192
119.525192
119.525192
119.470970
119.470970
119.470970
119.470970
119.470970
119.470970
119.470970
119.470970
119.470970
119.470970
119.470970
119.470970
119.470970
119.470970
119.470970
119.470970
119.470970
119.470970
119.470970
119.470970
119.458667
119.458667
119.458667
119.458667
119.458667
119.458667
119.458667
119.458667
119.458667
119.458667
119.458667
119.458667
119.458667
119.458667
119.458667
119.458667
119.458667
119.458667
119.458667
119.458667
119.458667
119.458667
119.458667
119.458667
119.458667
119.458667
119.458667
119.458667
119.458667
119.458667
119.458667
119.458667
119.458667
119.458667
119.458667
119.458667
119.458667
119.451024
119.451024
119.405100
119.405100
119.405100
119.405100
119.405100
119.405100
119.405100
119.405100
119.405100
119.405100
119.405100
119.376831
119.376831
119.376831
119.376831
119.376831
119.376831
119.376831
119.376831
119.376831
119.376831
119.376831
119.376831
119.376831
119.376831
119.376831
119.376831
119.376831
119.376831
119.376831
119.376831
119.376831
119.376831
119.376831
119.376831
119.376831
119.376831
119.376831
119.376831
119.376831
119.376831
119.376831
119.376831
119.376831
119.376831
119.376831
119.376831
119.376831
119.376831
119.376831
119.376831
119.361519
119.361519
119.361519
119.361519
119.361519
119.361519
119.361519
119.361519
119.361519
119.361519
119.348630
119.348630
119.348630
119.348630
119.348630
119.348630
119.348630
119.348630
119.348630
119.348630
119.348630
119.348630
119.348630
119.348630
119.348630
119.348630
119.348630
119.348630
119.348630
119.348630
119.348630
119.348630
119.348630
119.348630
119.348630
119.348630
119.348630
119.348630
119.348630
119.348630
119.348630
119.348630
119.348630
119.348630
119.348630
119.348630
119.348630
119.348630
119.348630
119.348630
119.348630
119.348630
119.348630
119.348630
119.348630
119.348630
119.348630
119.348630
119.348630
119.348630
119.348630
119.348630
119.348630
119.348630
119.348630
119.348630
119.348630
119.337733
119.337733
119.337733
119.337733
119.337733
119.337733
119.337733
119.337733
119.337733
119.337733
119.337733
119.337733
119.337733
119.337733
119.337733
119.337733
119.337733
119.337733
119.337733
119.337733
119.333164
119.333164
119.333164
119.333164
119.333164
119.333164
119.333164
119.333164
119.333164
119.333164
119.333164
119.333164
119.333164
119.320842
119.320842
119.311434
119.311434
119.311434
119.311434
119.311434
119.311434
119.311434
119.311434
119.311434
119.311434
119.311434
119.311434
119.311434
119.311434
119.311434
119.311434
119.311434
119.311434
119.311434
119.311434
119.311434
119.311434
119.311434
119.311434
119.311434
119.311434
119.311434
119.311434
119.298224
119.298224
119.298224
119.298224
119.298224
119.298224
119.298224
119.298224
119.298224
119.298224
119.295081
119.295081
119.295081
119.295081
119.295081
119.295081
119.295081
119.295081
119.295081
119.295081
119.287364
119.287364
119.287364
119.287364
119.287364
119.287364
119.287364
119.287364
119.287364
119.287364
119.281413
119.281413
119.281413
119.281413
119.281413
119.281413
119.281413
119.281413
119.281413
119.281413
119.281413
119.281413
119.281413
119.281413
119.281413
119.281413
119.281413
119.281413
119.281413
119.281413
119.272981
119.272981
119.272981
119.272981
119.272981
119.272981
119.272981
119.272981
119.272981
119.272981
119.272981
119.272981
119.272981
119.272981
119.265169
119.265169
119.265169
119.265169
119.265169
119.265169
119.265169
119.265169
119.248209
119.248209
119.248209
119.248209
119.248209
119.248209
119.248209
119.248209
119.248209
119.248209
119.248209
119.248209
119.248209
119.248209
119.248209
119.248209
119.248209
119.248209
119.248209
119.248209
119.248209
119.248209
119.248209
119.248209
119.247059
119.247059
119.247059
119.247059
119.247059
119.247059
119.247059
119.247059
119.247059
119.247059
119.245257
119.245257
119.245257
119.245257
119.242837
119.242837
119.242837
119.242837
119.242837
119.242837
119.242837
119.242837
119.242837
119.242837
119.242837
119.242837
119.242837
119.242837
119.242837
119.242837
119.242837
119.228291
119.228291
119.228291
119.228291
119.228291
119.228291
119.228291
119.228291
119.228291
119.228291
119.228291
119.228291
119.228291
119.228291
119.228291
119.228291
119.228291
119.228291
119.228291
119.228291
119.228291
119.228291
119.228291
119.228291
119.228291
119.228291
119.228291
119.228291
119.228291
119.228291
119.228291
119.228291
119.228291
119.228291
119.228291
119.228291
119.228291
119.228291
119.228291
119.228291
119.228291
119.228291
119.228291
119.228291
119.228291
119.228291
119.228291
119.215925
119.215925
119.215925
119.215925
119.215925
119.215925
119.215925
119.215925
119.215925
119.215925
119.215925
119.215925
119.215925
119.215925
119.215925
119.215925
119.215925
119.215925
119.215925
119.215925
119.215925
119.215925
119.215925
119.215925
119.215925
119.215925
119.215925
119.215925
119.215925
119.215925
119.215925
119.215925
119.215925
119.215925
119.215925
119.215925
119.215925
119.215925
119.215925
119.215925
119.212925
119.212925
119.212925
119.212925
119.212925
119.212925
119.212925
119.212925
119.212925
119.212925
119.198338
119.198338
119.198338
119.198338
119.198338
119.198338
119.198338
119.198338
119.198338
119.198338
119.194654
119.194654
119.194654
119.194654
119.194654
119.194654
119.194654
119.194654
119.194654
119.194654
119.194654
119.194654
119.194654
119.194654
119.194654
119.194654
119.194654
119.194654
119.194654
119.194654
119.194654
119.194654
119.194654
119.194654
119.194654
119.194654
119.194654
119.194654
119.194654
119.194654
119.194654
119.194654
119.194654
119.194654
119.194654
119.194654
119.194654
119.194654
119.194654
119.194654
119.194654
119.194654
119.194654
119.194654
119.194654
119.194654
119.194654
119.194654
119.194654
119.194654
119.182473
119.182473
119.182473
119.182473
119.182473
119.182473
119.182473
119.182473
119.182473
119.182473
119.182473
119.182473
119.182473
119.182473
119.182473
119.182473
119.182473
119.182473
119.182473
119.182473
119.182473
119.182473
119.182473
119.182473
119.182473
119.182473
119.182473
119.182473
119.182473
119.182473
119.182473
119.182473
119.182473
119.182473
119.182473
119.182473
119.182473
119.182473
119.182473
119.182473
119.182473
119.182473
119.182473
119.182473
119.182473
119.182473
119.182473
119.182473
119.182473
119.182473
119.182473
119.182473
119.182473
119.182473
119.182473
119.181746
119.181746
119.181746
119.174969
119.174969
119.174969
119.174969
119.174969
119.174969
119.174969
119.174969
119.174969
119.174969
119.168820
119.168820
119.168820
119.168820
119.168820
119.168820
119.168820
119.168820
119.168820
119.168820
119.168820
119.168820
119.168820
119.168820
119.168820
119.168820
119.168820
119.167827
119.167827
119.167827
119.167827
119.167827
119.167827
119.167827
119.167827
119.167827
119.167827
119.167827
119.167827
119.167827
119.167827
119.167827
119.167827
119.167827
119.167827
119.167827
119.167827
119.167827
119.167827
119.167827
119.167197
119.167197
119.167073
119.167073
119.167073
119.164398
119.164398
119.164398
119.164398
119.164398
119.164398
119.164398
119.164398
119.164398
119.164398
119.164398
119.164398
119.164398
119.164398
119.164398
119.164398
119.164398
119.164398
119.164398
119.164398
119.164398
119.164398
119.164398
119.164398
119.164398
119.164398
119.164398
119.164398
119.164398
119.164398
119.164398
119.164398
119.164398
119.164398
119.164398
119.164398
119.164398
119.164398
119.164398
119.164398
119.162741
119.162741
119.162741
119.162741
119.162741
119.162741
119.162741
119.162741
119.162741
119.162741
119.162741
119.162741
119.162741
119.162741
119.162741
119.162741
119.162741
119.162741
119.162741
119.162741
119.162741
119.162741
119.162741
119.162741
119.162741
119.162741
119.162741
119.161446
119.161446
119.161446
119.161446
119.161446
119.161446
119.161446
119.161446
119.160929
119.160929
119.160929
119.160929
119.160929
119.160828
119.160828
119.158889
119.158889
119.158889
119.158889
119.158889
119.158889
119.158889
119.158889
119.158889
119.158889
119.158889
119.158889
119.158889
119.158889
119.158889
119.158889
119.158889
119.158889
119.158889
119.158889
119.158889
119.158889
119.158889
119.158889
119.158889
119.158889
119.158889
119.158889
119.158889
119.158889
119.158422
119.154339
119.154339
119.154339
119.154339
119.154339
119.154339
119.154339
119.154339
119.154339
119.154339
119.154339
119.154339
119.154339
119.154339
119.154339
119.154339
119.154339
119.154339
119.154339
119.154339
119.151799
119.151799
119.151799
119.151799
119.151799
119.151799
119.151799
119.151799
119.151799
119.151799
119.151799
119.151799
119.151799
119.151799
119.151799
119.151799
119.151799
119.151799
119.151799
119.151799
119.151799
119.151799
119.151799
119.151799
119.151799
119.151799
119.151799
119.151799
119.151799
119.151799
119.151799
119.151799
119.151799
119.151799
119.151799
119.151799
119.151799
119.151799
119.151799
119.151799
119.151799
119.151799
119.151799
119.151799
119.151799
119.151799
119.151799
119.151799
119.151799
119.151799
119.151467
119.151467
119.151467
119.151467
119.151467
119.151467
119.151467
119.151467
119.151467
119.151467
119.151467
119.151467
119.151467
119.151467
119.151467
119.151467
119.151467
119.151467
119.151467
119.151467
119.150939
119.150939
119.150939
119.150939
119.150377
119.150377
119.150377
119.150377
119.150377
119.150377
119.150377
119.150377
119.150377
119.150377
119.150377
119.150377
119.150377
119.150377
119.150377
119.150377
119.150377
119.150377
119.150377
119.150377
119.150377
119.150377
119.150377
119.145317
119.145317
119.145317
119.145317
119.145317
119.145317
119.145317
119.145317
119.145317
119.145317
119.145317
119.145317
119.145317
119.145317
119.145317
119.145317
119.145317
119.145317
119.145317
119.145317
119.144362
119.144362
119.144362
119.144362
119.144362
119.144362
119.144362
119.144362
119.144362
119.144362
119.144362
119.144362
119.144362
119.144362
119.144362
119.144362
119.144362
119.144362
119.144362
119.144362
119.144362
119.144362
119.144362
119.144362
119.144362
119.144362
119.144362
119.144362
119.144362
119.144362
119.144362
119.144362
119.144362
119.144362
119.144362
119.144362
119.144362
119.144362
119.144362
119.144362
119.144362
119.144362
119.144362
119.144362
119.144362
119.144362
119.144362
119.144362
119.144362
119.144362
119.144362
119.144362
119.144362
119.144362
119.144362
119.144362
119.144362
119.144362
119.144362
119.144362
119.144362
119.144362
119.144362
119.144362
119.144362
119.144362
119.144362
119.144362
119.144362
119.144362
119.144362
119.144362
119.144362
119.144362
119.144362
119.144362
119.144362
119.135806
119.135806
119.135806
119.135806
119.135806
119.135806
119.135806
119.135806
119.135806
119.135806
119.135806
119.135806
119.135806
119.135806
119.135806
119.135806
119.135094
119.135094
119.135094
119.135094
119.135094
119.135094
119.135094
119.135094
119.135094
119.135094
119.135094
119.135094
119.135094
119.135094
119.135094
119.135094
119.135094
119.135094
119.135094
119.135094
119.133895
119.133895
119.133895
119.133895
119.133895
119.133895
119.133895
119.133895
119.133895
119.133895
119.133895
119.133895
119.133895
119.133895
119.133895
119.133895
119.127746
119.127746
119.127746
119.127746
119.127746
119.127746
119.127746
119.127746
119.127746
119.127746
119.127746
119.127746
119.127746
119.127746
119.126353
119.126353
119.126353
119.126353
119.126353
119.126353
119.126353
119.126353
119.126353
119.126353
119.126353
119.126353
119.126353
119.126353
119.126353
119.126353
119.126353
119.126353
119.126353
119.126353
119.121260
119.121260
119.121260
119.121260
119.121260
119.121260
119.121260
119.121260
119.121260
119.121260
119.121260
119.121260
119.121260
119.121260
119.121260
119.121260
119.121260
119.121260
119.121260
119.121260
119.121260
119.121260
119.119569
119.119569
119.119569
119.119569
119.119569
119.115520
119.115520
119.115520
119.115520
119.115520
119.115520
119.115520
119.115520
119.115520
119.115520
119.115520
119.115520
119.115520
119.115520
119.115520
119.107541
119.107541
119.107541
119.107541
119.107541
119.107541
119.107541
119.107541
119.107541
119.107541
119.102195
119.102195
119.102195
119.102195
119.102195
119.102195
119.102195
119.102195
119.102195
119.102195
119.102195
119.102195
119.102195
119.102195
119.102195
119.102195
119.102195
119.102195
119.102195
119.102195
119.102195
119.102195
119.102195
119.102195
119.102195
119.102195
119.102195
119.102195
119.102195
119.102195
119.099613
119.099613
119.099613
119.099613
119.099613
119.099613
119.099613
119.099613
119.099613
119.099613
119.099613
119.099613
119.099613
119.099613
119.099613
119.099613
119.099613
119.097604
119.097604
119.097604
119.097224
119.097224
119.097224
119.097224
119.097224
119.097224
119.097224
119.097224
119.097224
119.097224
119.097224
119.097224
119.097057
119.097057
119.097057
119.097057
119.097057
119.097057
119.097057
119.097057
119.097057
119.097057
119.097057
119.097057
119.097057
119.097057
119.097057
119.097057
119.097057
119.097057
119.097057
119.097057
119.097057
119.097057
119.097057
119.097057
119.097057
119.097057
119.097057
119.097057
119.097057
119.097057
119.097057
119.097057
119.097057
119.097057
119.097057
119.097057
119.097057
119.097057
119.096832
119.096832
119.096832
119.096832
119.096832
119.096832
119.096832
119.096832
119.096832
119.096832
119.096832
119.096832
119.096832
119.096832
119.096832
119.091439
119.091439
119.091439
119.091439
119.091439
119.091439
119.091439
119.091439
119.091439
119.091439
119.089853
119.089853
119.089853
119.089853
119.089853
119.089853
119.089853
119.089853
119.089853
119.089853
119.089853
119.089853
119.089853
119.089853
119.089853
119.089853
119.089853
119.089853
119.089853
119.089853
119.081957
119.081957
119.081957
119.081957
119.081957
119.081957
119.081957
119.081957
119.081957
119.077349
119.077349
119.077349
119.077349
119.077349
119.077349
119.077349
119.077349
119.077349
119.077349
119.075854
119.075854
119.075854
119.075854
119.075854
119.075854
119.075854
119.075854
119.075854
119.075854
119.075854
119.075854
119.075854
119.075854
119.075854
119.075854
119.075854
119.075854
119.075854
119.075854
119.075854
119.075854
119.075854
119.075854
119.075854
119.075854
119.075854
119.075854
119.075854
119.075854
119.075854
119.075854
119.075854
119.073900
119.073900
119.073900
119.073900
119.073900
119.073900
119.073900
119.073900
119.073900
119.073900
119.073900
119.073900
119.073900
119.073900
119.073900
119.073900
119.073900
119.073900
119.073900
119.073900
119.073900
119.073900
119.073900
119.073900
119.073900
119.073900
119.073900
119.073900
119.073900
119.073900
119.073900
119.073900
119.073900
119.073900
119.073900
119.071482
119.071482
119.071482
119.071482
119.071482
119.071482
119.071482
119.071482
119.071482
119.071482
119.071482
119.071482
119.071482
119.071482
119.071482
119.071482
119.071482
119.071482
119.071482
119.071482
119.069343
119.069343
119.069343
119.069343
119.069343
119.069343
119.069343
119.069343
119.069343
119.069343
119.069343
119.069343
119.069343
119.069343
119.069343
119.069343
119.069343
119.069343
119.069343
119.069343
119.069343
119.069343
119.069343
119.069343
119.069343
119.069343
119.069343
119.069343
119.069343
119.069343
119.069343
119.069343
119.069343
119.069343
119.069343
119.063095
119.063095
119.063095
119.063095
119.063095
119.063095
119.063095
119.063095
119.063095
119.063095
119.063095
119.063095
119.063095
119.063095
119.063095
119.063095
119.063095
119.063095
119.063095
119.063095
119.063095
119.063095
119.063095
119.063095
119.063095
119.063095
119.063095
119.063095
119.063095
119.063095
119.058613
119.058613
119.058613
119.058613
119.058613
119.058613
119.058613
119.058613
119.055558
119.055558
119.055558
119.055558
119.055558
119.055558
119.055558
119.055558
119.055558
119.055558
119.055558
119.055558
119.055558
119.055558
119.055558
119.055558
119.055558
119.055558
119.055558
119.055558
119.055558
119.055558
119.055558
119.055558
119.055558
119.055558
119.055558
119.055558
119.055558
119.055558
119.055558
119.055558
119.055558
119.055558
119.055558
119.055558
119.055558
119.055558
119.055558
119.055558
119.055558
119.055558
119.055558
119.055558
119.055558
119.055558
119.055558
119.055558
119.055558
119.055558
119.055558
119.055558
119.055558
119.055558
119.055558
119.055558
119.055558
119.055558
119.055558
119.055558
119.054238
119.054238
119.054238
119.054238
119.054238
119.054238
119.054238
119.054238
119.054238
119.054238
119.053981
119.053981
119.053981
119.053981
119.053981
119.053981
119.053981
119.050534
119.050534
119.050534
119.049996
119.049996
119.049996
119.049996
119.049996
119.046696
119.046696
119.046696
119.046696
119.046696
119.035016
119.035016
119.035016
119.035016
119.035016
119.035016
119.035016
119.016635
119.016635
119.016635
119.016635
119.016635
119.016635
119.016635
119.016635
118.997562
118.997562
118.997562
118.997562
118.997562
118.997562
118.997562
118.997562
118.997562
118.997562
118.997562
118.997562
118.997562
118.997562
118.997562
118.997562
118.997562
118.997562
118.997562
118.997562
118.997562
118.997562
118.997562
118.997562
118.997562
118.997562
118.997562
118.997562
118.997562
118.997562
118.997562
118.997562
118.997562
118.997562
118.997562
118.997562
118.997562
118.997562
118.997562
118.997562
118.997562
118.997562
118.997562
118.997562
118.997562
118.992270
118.992270
118.992270
118.992270
118.992270
118.982146
118.982146
118.982146
118.982146
118.982146
118.982146
118.982146
118.982146
118.982146
118.982146
118.982146
118.982146
118.982146
118.982146
118.982146
118.969532
118.969532
118.969532
118.969532
118.969532
118.969532
118.969532
118.967828
118.967828
118.967828
118.967828
118.967828
118.967828
118.967828
118.967828
118.967828
118.967828
118.966734
118.966734
118.966734
118.966734
118.966734
118.966734
118.966734
118.966734
118.966734
118.966734
118.966734
118.966734
118.966734
118.965147
118.965147
118.965147
118.965147
118.965147
118.965147
118.965147
118.965147
118.965147
118.965147
118.965147
118.965147
118.965147
118.965147
118.965147
118.965147
118.965147
118.965147
118.965147
118.965147
118.965147
118.965147
118.965147
118.965147
118.965147
118.965147
118.965147
118.965147
118.965147
118.965147
118.965147
118.965147
118.965147
118.965147
118.965147
118.965147
118.965147
118.965147
118.965147
118.965147
118.964615
118.964615
118.964615
118.964615
118.964615
118.963261
118.963261
118.963261
118.963261
118.963261
118.963261
118.963261
118.963261
118.963261
118.963261
118.963261
118.963261
118.963261
118.963261
118.963261
118.963261
118.963261
118.963261
118.963261
118.963261
118.963261
118.963261
118.963261
118.963261
118.960676
118.960676
118.960676
118.960676
118.960676
118.960676
118.960676
118.960676
118.960676
118.960676
118.960676
118.960676
118.960676
118.960676
118.960676
118.960676
118.960676
118.960676
118.960676
118.960676
118.958693
118.958693
118.958693
118.958693
118.958693
118.958693
118.958693
118.958693
118.958693
118.958693
118.958693
118.958693
118.958693
118.958391
118.958391
118.958391
118.958391
118.958391
118.958391
118.958391
118.958391
118.958304
118.958304
118.958304
118.958304
118.958304
118.958304
118.958304
118.958304
118.958304
118.958304
118.957247
118.957247
118.957247
118.957247
118.957247
118.957247
118.957247
118.957247
118.957247
118.957247
118.957247
118.957247
118.957247
118.957247
118.957247
118.957247
118.957247
118.957247
118.957247
118.957121
118.957121
118.957121
118.955351
118.955351
118.955351
118.955351
118.955351
118.955351
118.955351
118.955351
118.955351
118.955351
118.952260
118.952260
118.952260
118.952260
118.952260
118.952260
118.952260
118.951925
118.951925
118.951925
118.951808
118.951808
118.951808
118.951808
118.951808
118.951808
118.951808
118.951738
118.951738
118.951738
118.951127
118.951127
118.951127
118.951127
118.951127
118.951127
118.951127
118.951127
118.951127
118.951127
118.951127
118.951127
118.951127
118.951127
118.951127
118.951127
118.951127
118.951127
118.951127
118.951127
118.950424
118.950424
118.950424
118.950424
118.950424
118.950424
118.950424
118.950424
118.950424
118.950424
118.950424
118.950424
118.950424
118.950424
118.950424
118.950424
118.950424
118.950424
118.950424
118.950424
118.950424
118.950424
118.950424
118.950398
118.950398
118.950398
118.950398
118.950398
118.950398
118.950398
118.950398
118.950398
118.950398
118.950398
118.950398
118.950398
118.950398
118.950398
118.950398
118.950398
118.950398
118.950398
118.950398
118.950398
118.950398
118.950398
118.950398
118.950232
118.950232
118.950232
118.950232
118.950232
118.950232
118.950232
118.950232
118.950232
118.950232
118.950232
118.950232
118.950232
118.949752
118.949752
118.949752
118.949752
118.949752
118.949752
118.949752
118.949752
118.949752
118.949752
118.948852
118.948852
118.948852
118.948852
118.948852
118.948852
118.948852
118.948852
118.948852
118.948852
118.948852
118.948852
118.948852
118.948852
118.948852
118.948852
118.948852
118.948852
118.948852
118.948852
118.948852
118.948852
118.948852
118.948852
118.948852
118.948852
118.948852
118.948852
118.948852
118.948852
118.948852
118.948852
118.948852
118.948852
118.948852
118.948852
118.948852
118.948852
118.948852
118.948852
118.948852
118.948852
118.948852
118.948852
118.948852
118.948852
118.948852
118.948697
118.948697
118.948697
118.948697
118.948697
118.948697
118.948697
118.948697
118.948697
118.948697
118.948697
118.948665
118.948665
118.948665
118.946264
118.946264
118.946264
118.946264
118.946264
118.946264
118.946264
118.946264
118.946264
118.946264
118.946214
118.946214
118.946214
118.946214
118.946214
118.946214
118.946214
118.945113
118.945113
118.945113
118.945113
118.945113
118.945113
118.945113
118.945113
118.945113
118.945113
118.945113
118.945113
118.945113
118.945113
118.945113
118.945113
118.945113
118.945113
118.945113
118.945113
118.945113
118.945113
118.945113
118.945113
118.945113
118.945113
118.945113
118.945113
118.945113
118.945113
118.945113
118.945113
118.945113
118.944504
118.944504
118.944504
118.944504
118.944504
118.944504
118.944504
118.944504
118.944504
118.944504
118.944504
118.944504
118.944504
118.944504
118.944504
118.944504
118.944504
118.944504
118.944504
118.944504
118.944504
118.944504
118.944504
118.944504
118.944504
118.944504
118.944504
118.944504
118.944504
118.944504
118.944504
118.944504
118.944504
118.944504
118.944504
118.944504
118.944504
118.944504
118.944504
118.944504
118.944504
118.944504
118.944504
118.944504
118.944039
118.944039
118.944039
118.944039
118.944039
118.944039
118.944039
118.944039
118.944039
118.944039
118.944039
118.944039
118.944039
118.944039
118.944039
118.944039
118.944039
118.944039
118.944039
118.944039
118.943624
118.943624
118.943624
118.943624
118.943624
118.943624
118.943484
118.943484
118.943484
118.943484
118.943465
118.943465
118.943465
118.943465
118.943465
118.943465
118.943465
118.943465
118.943465
118.943465
118.943465
118.943465
118.943465
118.943465
118.943465
118.943465
118.943465
118.943465
118.943465
118.943465
118.943465
118.943465
118.943465
118.943465
118.943465
118.943465
118.943465
118.943465
118.943465
118.943465
118.943465
118.943465
118.943465
118.943412
118.943412
118.943412
118.942566
118.942566
118.942566
118.942566
118.942566
118.942566
118.942566
118.942566
118.942566
118.942566
118.942557
118.942557
118.942557
118.942557
118.942557
118.942557
118.942557
118.942557
118.942557
118.942557
118.942557
118.942557
118.942557
118.942557
118.942557
118.942557
118.942557
118.942557
118.942557
118.942557
118.942557
118.942557
118.942557
118.942557
118.942557
118.942557
118.942557
118.942557
118.942557
118.942557
118.942557
118.942557
118.942557
118.942557
118.942557
118.942557
118.942557
118.941584
118.941584
118.941584
118.941584
118.941584
118.941584
118.941584
118.941584
118.941584
118.941584
118.941584
118.941584
118.941584
118.940240
118.940240
118.940240
118.940240
118.940240
118.940240
118.940240
118.940240
118.940240
118.940240
118.940240
118.940240
118.940240
118.940240
118.940240
118.940240
118.940240
118.940240
118.940240
118.940240
118.940240
118.940240
118.938979
118.938979
118.938979
118.938979
118.938979
118.938979
118.938979
118.938979
118.938979
118.938979
118.938979
118.938979
118.938979
118.938979
118.938979
118.938979
118.938979
118.938979
118.938979
118.938979
118.938979
118.938979
118.938979
118.938979
118.938979
118.938979
118.938979
118.938979
118.938979
118.938979
118.938979
118.938979
118.938979
118.938979
118.938979
118.938979
118.938979
118.938979
118.938979
118.938979
118.938979
118.938979
118.938979
118.938979
118.938979
118.938979
118.938979
118.938979
118.938979
118.938979
118.938979
118.938979
118.938979
118.938979
118.938979
118.938979
118.938979
118.938979
118.938979
118.938979
118.938979
118.938979
118.938979
118.938979
118.938979
118.938920
118.938920
118.938920
118.938920
118.938920
118.938920
118.938920
118.938920
118.938920
118.938920
118.938920
118.938920
118.938920
118.938212
118.938212
118.938212
118.938212
118.938212
118.938212
118.938211
118.938188
118.938188
118.937242
118.937242
118.937242
118.937242
118.937242
118.937242
118.937242
118.937242
118.937242
118.937242
118.937242
118.937242
118.937242
118.937242
118.937242
118.937242
118.937242
118.937242
118.937242
118.937242
118.937242
118.937242
118.937242
118.937242
118.937242
118.937242
118.937242
118.937242
118.937242
118.937242
118.936236
118.936236
118.936236
118.936236
118.936236
118.936236
118.936236
118.936236
118.936236
118.936236
118.936236
118.936236
118.936236
118.936236
118.936236
118.936236
118.936236
118.936236
118.936236
118.936236
118.936236
118.936236
118.936236
118.936236
118.936236
118.936236
118.936236
118.936236
118.936236
118.936236
118.935012
118.935012
118.935012
118.935012
118.935012
118.935012
118.935012
118.935012
118.935012
118.935012
118.935012
118.935012
118.935012
118.935012
118.935012
118.935012
118.935012
118.935012
118.935012
118.935012
118.935012
118.935012
118.935012
118.935012
118.935012
118.935012
118.935012
118.935012
118.934801
118.934801
118.934801
118.934801
118.934801
118.933853
118.933853
118.933853
118.933853
118.933853
118.933853
118.933853
118.933853
118.933853
118.933853
118.933853
118.933853
118.933853
118.933853
118.933853
118.933853
118.933853
118.933853
118.933853
118.933853
118.933853
118.933853
118.933853
118.933853
118.933375
118.933375
118.933375
118.933375
118.933375
118.933375
118.933375
118.933375
118.933375
118.933375
118.933030
118.933030
118.933030
118.933030
118.931389
118.931389
118.931389
118.931389
118.930570
118.930570
118.930570
118.930570
118.930570
118.930570
118.930570
118.930570
118.930570
118.930570
118.930570
118.930570
118.930552
118.930552
118.930552
118.930552
118.930552
118.930552
118.930552
118.930552
118.930552
118.930552
118.930552
118.930552
118.930552
118.930552
118.930552
118.930552
118.930552
118.930552
118.930552
118.930552
118.930552
118.930552
118.930552
118.930552
118.930552
118.930552
118.930552
118.930552
118.929974
118.929974
118.929974
118.929974
118.929974
118.929974
118.926948
118.926948
118.926948
118.926948
118.926948
118.926948
118.926948
118.926948
118.926948
118.924497
118.924497
118.924497
118.924497
118.924497
118.924497
118.924497
118.924497
118.924497
118.924497
118.924175
118.924175
118.924175
118.924175
118.924175
118.924175
118.924175
118.924175
118.924175
118.924175
118.924175
118.924175
118.924175
118.924175
118.924175
118.924175
118.924175
118.924175
118.924175
118.924175
118.924175
118.919018
118.919018
118.919018
118.919018
118.919018
118.919018
118.919018
118.919018
118.919018
118.919018
118.919018
118.919018
118.919018
118.919018
118.919018
118.919018
118.913943
118.913943
118.913943
118.913943
118.913943
118.913943
118.913943
118.913943
118.913943
118.913943
118.913943
118.913943
118.913943
118.913943
118.913943
118.913943
118.913943
118.913943
118.913943
118.913943
118.913939
118.913939
118.913939
118.913939
118.913939
118.913939
118.913939
118.913939
118.913939
118.913939
118.913939
118.913939
118.913939
118.913939
118.913939
118.913939
118.913939
118.913939
118.913939
118.913939
118.913939
118.913939
118.913939
118.913939
118.913939
118.913939
118.913939
118.913939
118.913939
118.913939
118.913939
118.913939
118.913939
118.913939
118.913939
118.913939
118.913299
118.913299
118.913299
118.913299
118.907843
118.907843
118.907843
118.907843
118.907843
118.907843
118.907843
118.907843
118.907843
118.907843
118.901806
118.901806
118.901806
118.901806
118.901806
118.901806
118.901806
118.901806
118.901806
118.901806
118.901806
118.901103
118.901103
118.901103
118.901103
118.901103
118.901103
118.901103
118.901103
118.901103
118.901103
118.901103
118.901103
118.901103
118.901103
118.901103
118.901103
118.901103
118.901103
118.901103
118.894720
118.894720
118.894720
118.894720
118.894720
118.894720
118.894720
118.894720
118.894720
118.894720
118.894720
118.894720
118.894720
118.894720
118.894720
118.894720
118.894720
118.894720
118.894720
118.894720
118.894720
118.894720
118.894720
118.894720
118.894720
118.894720
118.894720
118.894720
118.894333
118.894333
118.893623
118.893623
118.893623
118.893623
118.893623
118.893623
118.893623
118.893623
118.887661
118.887661
118.887661
118.887661
118.887661
118.887661
118.887661
118.887661
118.887661
118.887661
118.887661
118.887661
118.887661
118.887661
118.887661
118.887661
118.887661
118.887661
118.887661
118.887661
118.884782
118.884782
118.884782
118.884782
118.884782
118.884782
118.884782
118.884782
118.884782
118.884782
118.884782
118.884782
118.884782
118.884782
118.884782
118.884782
118.884782
118.884782
118.884782
118.884782
118.884782
118.884782
118.884782
118.884782
118.884782
118.884782
118.884782
118.884782
118.884782
118.884782
118.879178
118.879178
118.879178
118.879178
118.879178
118.879178
118.879178
118.879178
118.879178
118.879178
118.877701
118.877701
118.877701
118.877701
118.877701
118.877701
118.877701
118.877701
118.877701
118.877701
118.877701
118.877701
118.877701
118.877701
118.877701
118.872749
118.872749
118.872749
118.872749
118.872749
118.872749
118.872749
118.872749
118.872749
118.872749
118.869526
118.869526
118.869526
118.866167
118.866167
118.866167
118.866167
118.866167
118.866167
118.866167
118.866167
118.866167
118.866167
118.860942
118.860942
118.860942
118.860942
118.860942
118.860942
118.860942
118.860942
118.860942
118.860942
118.860942
118.860942
118.860942
118.860942
118.860942
118.860942
118.860942
118.849313
118.849313
118.849313
118.849313
118.849313
118.849313
118.849313
118.849313
118.849313
118.849313
118.849313
118.849313
118.849313
118.849313
118.849313
118.849313
118.849313
118.849313
118.849313
118.849313
118.848677
118.839116
118.839116
118.839116
118.839116
118.839116
118.839116
118.830470
118.830470
118.830470
118.830470
118.830470
118.830470
118.830470
118.830470
118.830470
118.830470
118.829943
118.829943
118.829943
118.829943
118.829943
118.829943
118.829943
118.829943
118.829943
118.829943
118.829943
118.829943
118.829943
118.829943
118.829943
118.829943
118.824055
118.824055
118.824055
118.824055
118.810144
118.810144
118.810144
118.810144
118.810144
118.810144
118.810144
118.810144
118.810144
118.810144
118.810144
118.810144
118.810144
118.810144
118.810144
118.810144
118.810144
118.810144
118.810144
118.810144
118.810144
118.810144
118.810144
118.810144
118.810144
118.810144
118.810144
118.810144
118.810144
118.810144
118.810144
118.810144
118.810144
118.810144
118.810144
118.810144
118.810144
118.810144
118.810144
118.810144
118.809852
118.809852
118.809852
118.809852
118.809852
118.809852
118.809852
118.809852
118.809852
118.809852
118.789555
118.789555
118.789555
118.789555
118.789555
118.789555
118.789555
118.789555
118.789555
118.789555
118.788257
118.788257
118.788257
118.788257
118.788257
118.788257
118.788257
118.788257
118.788257
118.788257
118.788257
118.788257
118.788257
118.788257
118.788257
118.788257
118.788257
118.788257
118.788257
118.788257
118.788257
118.788257
118.788257
118.788257
118.788257
118.788257
118.788257
118.788257
118.788257
118.788257
118.788257
118.788257
118.788257
118.788257
118.788257
118.788257
118.788257
118.788257
118.788257
118.788257
118.788257
118.788257
118.788257
118.788257
118.788257
118.788257
118.788257
118.788257
118.788257
118.788257
118.788257
118.788257
118.788257
118.788257
118.788257
118.788257
118.788257
118.788257
118.788257
118.788257
118.788257
118.788257
118.788257
118.788257
118.788257
118.788257
118.788257
118.788257
118.788257
118.788257
118.788257
118.788257
118.788257
118.788257
118.788257
118.788257
118.779208
118.779208
118.779208
118.779208
118.779208
118.779208
118.779208
118.779208
118.779208
118.779208
118.764525
118.764525
118.764525
118.764525
118.764525
118.764525
118.764525
118.764525
118.764525
118.764525
118.761927
118.761927
118.761927
118.761927
118.761927
118.761927
118.761927
118.761927
118.761927
118.761927
118.761927
118.761927
118.761927
118.761927
118.761927
118.761927
118.761927
118.761927
118.761927
118.761927
118.761927
118.761927
118.761927
118.761927
118.761927
118.761927
118.761927
118.761927
118.761927
118.761927
118.761927
118.761927
118.761927
118.761927
118.761927
118.761927
118.761927
118.761927
118.761927
118.761927
118.761927
118.761927
118.761927
118.761927
118.761927
118.761927
118.761927
118.761927
118.761927
118.761927
118.761927
118.761927
118.761927
118.761927
118.761927
118.761927
118.761927
118.761927
118.751522
118.751522
118.751522
118.751522
118.751522
118.751522
118.751522
118.751522
118.751522
118.751522
118.751522
118.751522
118.751522
118.751522
118.751522
118.751522
118.751522
118.751522
118.751522
118.751522
118.751522
118.751522
118.751522
118.751522
118.751522
118.751522
118.751522
118.751522
118.751522
118.751522
118.751522
118.751522
118.751522
118.751522
118.751522
118.751522
118.751522
118.751522
118.751522
118.751522
118.750084
118.750084
118.743273
118.743273
118.743273
118.743273
118.743273
118.743273
118.743273
118.743273
118.741441
118.741441
118.741441
118.741441
118.741441
118.741441
118.741441
118.741441
118.741441
118.741441
118.741441
118.741441
118.741441
118.741441
118.722667
118.722667
118.722667
118.722667
118.722667
118.722667
118.722667
118.722667
118.722667
118.722667
118.722667
118.722667
118.722667
118.722667
118.722667
118.722667
118.722667
118.722667
118.722667
118.722667
118.722267
118.722267
118.722267
118.722267
118.722267
118.714961
118.714961
118.714961
118.714961
118.714961
118.714961
118.714961
118.714961
118.714961
118.714961
118.714961
118.714961
118.714961
118.714961
118.714961
118.714961
118.714961
118.714961
118.714961
118.714961
118.714961
118.714961
118.714961
118.714961
118.714961
118.714961
118.714961
118.714961
118.714961
118.714961
118.714961
118.714961
118.714961
118.714961
118.714961
118.705352
118.705352
118.705352
118.705352
118.705352
118.705352
118.705352
118.705352
118.705352
118.705352
118.705352
118.705352
118.705352
118.705352
118.705352
118.705352
118.705352
118.705352
118.705352
118.705352
118.705352
118.705352
118.705352
118.705352
118.705352
118.705352
118.705352
118.705352
118.705352
118.705352
118.705352
118.705352
118.705352
118.705352
118.705352
118.705352
118.705352
118.705352
118.705352
118.705352
118.695764
118.695764
118.695764
118.695764
118.695764
118.695764
118.695764
118.695764
118.695764
118.695764
118.695764
118.695764
118.695764
118.695764
118.695764
118.695764
118.695764
118.695764
118.695764
118.695764
118.695764
118.695764
118.695764
118.695764
118.695764
118.695764
118.695764
118.695764
118.695764
118.695764
118.695764
118.695764
118.695764
118.695764
118.695764
118.695764
118.695764
118.695764
118.695764
118.695764
118.695764
118.695764
118.695764
118.695764
118.695764
118.689757
118.689757
118.689757
118.689757
118.689757
118.689757
118.689757
118.689757
118.689757
118.689757
118.689757
118.689757
118.689757
118.689757
118.689757
118.678351
118.678351
118.678351
118.678351
118.678351
118.678351
118.678351
118.678351
118.678351
118.678351
118.678351
118.678351
118.678351
118.678351
118.678351
118.678351
118.678351
118.678351
118.678351
118.678351
118.678351
118.678351
118.678351
118.678351
118.678351
118.678351
118.678351
118.678351
118.678351
118.678351
118.678351
118.678351
118.678351
118.636680
118.636680
118.636680
118.636680
118.636680
118.636680
118.636680
118.636680
118.636680
118.636680
118.636680
118.636680
118.636680
118.636680
118.636680
118.636680
118.636680
118.627427
118.627427
118.627427
118.627427
118.627427
118.627427
118.627427
118.627427
118.627427
118.627427
118.627427
118.627427
118.627427
118.627427
118.627427
118.627427
118.627427
118.627427
118.627427
118.627427
118.627427
118.627427
118.627427
118.627427
118.627427
118.627427
118.627427
118.627427
118.627427
118.627427
118.604542
118.604542
118.604542
118.604542
118.604542
118.604542
118.604542
118.604542
118.604542
118.604542
118.604542
118.604542
118.604542
118.604542
118.604542
118.604542
118.604542
118.604542
118.599816
118.599816
118.599816
118.599816
118.599816
118.599816
118.599816
118.599816
118.599816
118.599816
118.599816
118.599816
118.599816
118.599816
118.599816
118.599816
118.599816
118.599816
118.599816
118.599816
118.599816
118.599816
118.576792
118.576792
118.576792
118.576792
118.576792
118.576792
118.576792
118.576792
118.576792
118.576792
118.576792
118.576792
118.576792
118.576792
118.576792
118.576792
118.576792
118.576792
118.576792
118.576792
118.576792
118.576792
118.576792
118.576792
118.576792
118.576792
118.576792
118.576792
118.576792
118.576792
118.576792
118.576792
118.576792
118.576792
118.576792
118.576792
118.576792
118.576792
118.576792
118.576792
118.576792
118.576792
118.576792
118.576792
118.576792
118.576792
118.576792
118.576792
118.576792
118.576792
118.575066
118.575066
118.575066
118.575066
118.575066
118.575066
118.575066
118.575066
118.575066
118.575066
118.575066
118.575066
118.575066
118.575066
118.575066
118.575066
118.575066
118.575066
118.575066
118.575066
118.575066
118.575066
118.575066
118.575066
118.575066
118.575066
118.575066
118.575066
118.575066
118.575066
118.560035
118.560035
118.560035
118.560035
118.560035
118.560035
118.560035
118.560035
118.560035
118.560035
118.559904
118.559904
118.559904
118.559904
118.559904
118.559904
118.547935
118.547935
118.547935
118.547935
118.547935
118.547935
118.547935
118.547935
118.547935
118.547935
118.547935
118.547935
118.547935
118.547935
118.547935
118.547935
118.545019
118.545019
118.545019
118.545019
118.545019
118.545019
118.545019
118.545019
118.545019
118.545019
118.545019
118.545019
118.545019
118.545019
118.545019
118.545019
118.545019
118.545019
118.545019
118.545019
118.545019
118.532340
118.532340
118.532340
118.532340
118.532340
118.532340
118.532340
118.532340
118.532340
118.532340
118.532340
118.532340
118.529466
118.529466
118.529466
118.529466
118.529466
118.529466
118.529466
118.529466
118.529466
118.529466
118.529414
118.529414
118.529414
118.529414
118.529414
118.529414
118.529414
118.529414
118.529414
118.529414
118.529414
118.529414
118.529414
118.529414
118.529414
118.529414
118.529414
118.529414
118.529414
118.529414
118.529414
118.529414
118.529414
118.529414
118.529414
118.529414
118.529414
118.529414
118.529414
118.529414
118.529414
118.529414
118.529414
118.529414
118.529414
118.529414
118.529414
118.529414
118.529414
118.529414
118.529414
118.529414
118.529414
118.529414
118.529414
118.529414
118.529414
118.529414
118.529414
118.529414
118.529175
118.529175
118.529175
118.529175
118.529175
118.529175
118.529175
118.529175
118.529175
118.529175
118.529175
118.529175
118.529175
118.529175
118.529175
118.529175
118.529175
118.529175
118.529175
118.529175
118.529146
118.529146
118.529146
118.529146
118.529146
118.529146
118.529146
118.529146
118.529146
118.529146
118.529146
118.529146
118.529146
118.529146
118.529146
118.529146
118.529146
118.529146
118.529146
118.529146
118.525995
118.525995
118.525995
118.525995
118.525995
118.525960
118.525960
118.525960
118.525960
118.525960
118.525960
118.525960
118.525960
118.525960
118.525960
118.525960
118.525960
118.525960
118.525960
118.525960
118.525960
118.525960
118.525960
118.525960
118.525960
118.525960
118.525960
118.525960
118.525960
118.525960
118.525960
118.525960
118.525960
118.525960
118.525960
118.525706
118.525706
118.525706
118.525706
118.525706
118.525706
118.525706
118.525706
118.525706
118.525706
118.525481
118.525481
118.523121
118.523121
118.523121
118.523121
118.523121
118.523121
118.523121
118.523121
118.523121
118.523121
118.522570
118.522570
118.522570
118.522570
118.521793
118.521793
118.521793
118.521793
118.521793
118.521793
118.521793
118.521793
118.521793
118.521793
118.521793
118.521793
118.521793
118.521793
118.521793
118.521793
118.521793
118.521793
118.521793
118.521704
118.521704
118.521704
118.521704
118.521704
118.521704
118.521704
118.521704
118.521000
118.521000
118.521000
118.521000
118.521000
118.521000
118.521000
118.521000
118.521000
118.521000
118.521000
118.521000
118.521000
118.521000
118.521000
118.521000
118.521000
118.521000
118.521000
118.521000
118.521000
118.521000
118.521000
118.521000
118.521000
118.520891
118.520891
118.520891
118.520891
118.520891
118.520777
118.520777
118.520777
118.520777
118.520777
118.520370
118.520370
118.520370
118.520370
118.520370
118.520370
118.520370
118.520370
118.520370
118.520370
118.520370
118.520370
118.520370
118.520370
118.520132
118.520132
118.520132
118.520132
118.520132
118.520132
118.520132
118.520132
118.520132
118.520132
118.520132
118.520132
118.520132
118.520132
118.520132
118.520132
118.520132
118.520132
118.520132
118.520132
118.520132
118.520132
118.520132
118.520132
118.520132
118.520132
118.520132
118.520132
118.520132
118.520132
118.520132
118.520132
118.520132
118.520132
118.520132
118.520132
118.520132
118.520132
118.520132
118.520132
118.519905
118.519905
118.519905
118.519905
118.519905
118.519905
118.519905
118.519905
118.519905
118.519905
118.519905
118.519905
118.519905
118.519905
118.519905
118.519905
118.519905
118.519905
118.519905
118.519905
118.519905
118.519905
118.519905
118.519905
118.519905
118.519905
118.519905
118.519905
118.519905
118.519905
118.519905
118.519905
118.519905
118.519905
118.519905
118.519905
118.519905
118.519905
118.519905
118.519905
118.519905
118.519905
118.519905
118.519905
118.519905
118.519905
118.519905
118.519905
118.519905
118.519905
118.519905
118.519905
118.519905
118.519905
118.519905
118.519905
118.519905
118.519905
118.519905
118.519905
118.519905
118.519905
118.519905
118.519905
118.519905
118.519905
118.519905
118.519905
118.519905
118.519905
118.519655
118.519655
118.519655
118.519655
118.519655
118.519655
118.519655
118.519655
118.519655
118.519655
118.519655
118.519655
118.519655
118.519655
118.519655
118.519655
118.519655
118.519655
118.519655
118.519655
118.519655
118.519655
118.519655
118.519655
118.519655
118.519655
118.519655
118.519655
118.519655
118.519655
118.519655
118.519655
118.519655
118.519655
118.519655
118.519655
118.519655
118.519655
118.519655
118.519655
118.519655
118.519655
118.519655
118.519655
118.519655
118.519655
118.519655
118.519655
118.519655
118.519655
118.519495
118.519495
118.519495
118.519495
118.519495
118.519495
118.519495
118.519495
118.519495
118.519495
118.519495
118.519495
118.519495
118.519495
118.519495
118.519495
118.519495
118.519495
118.519495
118.519495
118.519495
118.519495
118.519495
118.519495
118.519495
118.519495
118.519495
118.519495
118.519495
118.519495
118.519408
118.519408
118.519408
118.519408
118.519408
118.519408
118.519408
118.519408
118.519408
118.519408
118.519408
118.519408
118.519408
118.519408
118.519408
118.519408
118.519408
118.519408
118.519408
118.519408
118.519408
118.519408
118.519408
118.519408
118.519408
118.519408
118.519408
118.519408
118.519408
118.519408
118.519408
118.519408
118.519408
118.519408
118.519408
118.519408
118.518939
118.518939
118.518939
118.518939
118.518939
118.518939
118.518939
118.518939
118.518939
118.518939
118.518939
118.518939
118.518939
118.518939
118.518939
118.518939
118.518939
118.518939
118.518939
118.518939
118.518939
118.518939
118.518939
118.518939
118.518939
118.518939
118.518939
118.518939
118.518939
118.518939
118.518939
118.518939
118.518939
118.518939
118.518939
118.518939
118.518939
118.518939
118.518939
118.518939
118.518939
118.518939
118.518939
118.518939
118.518939
118.518939
118.518939
118.518939
118.518939
118.518939
118.518939
118.518939
118.518939
118.518939
118.518939
118.518939
118.518939
118.518939
118.518939
118.518939
118.518939
118.518939
118.518926
118.518926
118.518574
118.518574
118.518574
118.518574
118.518574
118.518574
118.518574
118.518574
118.518574
118.518574
118.518574
118.518574
118.518574
118.518574
118.518574
118.518574
118.518574
118.518574
118.518574
118.518574
118.518574
118.518574
118.518574
118.518574
118.518574
118.518574
118.518574
118.518574
118.518574
118.518574
118.518574
118.518574
118.518574
118.518574
118.518574
118.518574
118.518574
118.518574
118.518574
118.518574
118.518574
118.518574
118.518574
118.518574
118.518574
118.518574
118.518574
118.518574
118.518574
118.518574
118.518202
118.518202
118.518202
118.518202
118.518202
118.518202
118.518202
118.518202
118.518202
118.518202
118.518202
118.518202
118.518202
118.518202
118.518202
118.518202
118.518202
118.518202
118.518202
118.518202
118.518202
118.518202
118.518202
118.518202
118.518202
118.518202
118.518202
118.518202
118.518202
118.518202
118.518195
118.518195
118.518195
118.518195
118.518195
118.518195
118.518195
118.518195
118.518195
118.518195
118.518195
118.518195
118.518195
118.518195
118.518195
118.518195
118.518195
118.518195
118.518195
118.518195
118.518195
118.518158
118.518158
118.518158
118.518158
118.518158
118.518158
118.518158
118.518158
118.518158
118.518158
118.518158
118.518158
118.518158
118.518158
118.518158
118.518158
118.518158
118.518158
118.518158
118.518158
118.518158
118.518158
118.518158
118.518158
118.518158
118.518158
118.518158
118.518158
118.518158
118.518158
118.518158
118.518158
118.518158
118.518158
118.518158
118.518158
118.518158
118.518158
118.518158
118.518158
118.518158
118.518158
118.518158
118.518158
118.518158
118.518158
118.518158
118.518158
118.518158
118.518158
118.517738
118.517738
118.517738
118.517738
118.517738
118.517738
118.517738
118.517738
118.517738
118.517738
118.517738
118.517738
118.517738
118.517738
118.517738
118.517738
118.517738
118.517738
118.517738
118.517738
118.517738
118.517738
118.517738
118.517738
118.517738
118.517738
118.517738
118.517620
118.517620
118.517620
118.517620
118.517620
118.517620
118.517620
118.517620
118.517526
118.517526
118.517526
118.517526
118.517526
118.517526
118.517526
118.517526
118.517526
118.517526
118.517526
118.517526
118.517526
118.517526
118.517526
118.517526
118.517526
118.517526
118.517405
118.517405
118.517405
118.517405
118.517405
118.517405
118.517405
118.517405
118.517405
118.517405
118.517405
118.517405
118.517234
118.517234
118.517234
118.517234
118.517234
118.517234
118.517234
118.517234
118.517180
118.517180
118.517180
118.517180
118.517180
118.517180
118.517180
118.517180
118.517180
118.517180
118.517180
118.517180
118.517180
118.517180
118.517180
118.517180
118.517180
118.517180
118.517180
118.517180
118.517111
118.517111
118.517111
118.517111
118.517111
118.517111
118.517111
118.517111
118.517111
118.517111
118.517111
118.517111
118.517111
118.517111
118.517111
118.517111
118.517111
118.517111
118.517111
118.517111
118.517111
118.517111
118.517111
118.517111
118.517111
118.517111
118.517111
118.516828
118.516828
118.516828
118.516828
118.516828
118.516828
118.516828
118.516828
118.516828
118.516828
118.516828
118.516828
118.516828
118.516828
118.516828
118.516828
118.516828
118.516828
118.516828
118.516828
118.516449
118.516449
118.516449
118.516449
118.516449
118.516449
118.516449
118.516449
118.516449
118.516449
118.516449
118.516449
118.516449
118.516449
118.516449
118.516449
118.516449
118.516449
118.516449
118.516449
118.516449
118.516449
118.516338
118.516338
118.516338
118.516338
118.516338
118.516338
118.516338
118.516338
118.516338
118.516338
118.516338
118.516338
118.516338
118.516338
118.516338
118.516338
118.516338
118.516338
118.516338
118.516338
118.516304
118.516304
118.516304
118.516304
118.516304
118.516304
118.516304
118.516304
118.516304
118.516304
118.515995
118.515995
118.515995
118.515995
118.515995
118.515995
118.515995
118.515995
118.515995
118.515995
118.515995
118.515995
118.515995
118.515995
118.515995
118.515995
118.515995
118.515995
118.515995
118.515995
118.515995
118.515995
118.515995
118.515995
118.515995
118.515995
118.515995
118.515995
118.515995
118.515995
118.515995
118.515995
118.515995
118.515995
118.515995
118.515995
118.515995
118.515995
118.515995
118.515995
118.515995
118.515995
118.515995
118.515995
118.515995
118.515995
118.515995
118.515995
118.515995
118.515995
118.515995
118.515995
118.515995
118.515995
118.515995
118.515995
118.515995
118.515995
118.515995
118.515995
118.515995
118.515995
118.515995
118.515995
118.515995
118.515995
118.515995
118.515995
118.515995
118.515995
118.515995
118.515995
118.515995
118.515995
118.515995
118.515995
118.515995
118.515995
118.515995
118.515995
118.515995
118.515995
118.515995
118.515995
118.515995
118.515995
118.515995
118.515995
118.515995
118.515995
118.515995
118.515995
118.515995
118.515995
118.515995
118.515916
118.515916
118.515562
118.515562
118.515562
118.515562
118.515562
118.515562
118.515562
118.515562
118.515562
118.515562
118.515562
118.515562
118.515562
118.515562
118.515562
118.515562
118.515562
118.515562
118.515562
118.515562
118.515562
118.515562
118.515562
118.515562
118.515562
118.515562
118.515562
118.515562
118.515562
118.515562
118.515562
118.515562
118.515562
118.515539
118.515539
118.515539
118.515539
118.515539
118.515271
118.515271
118.515271
118.515271
118.515271
118.515271
118.515271
118.515271
118.515271
118.515271
118.515271
118.515271
118.515271
118.515271
118.515271
118.515271
118.515271
118.515271
118.515271
118.515271
118.515271
118.515271
118.515271
118.515271
118.515271
118.515271
118.515271
118.515271
118.515271
118.515271
118.515271
118.515271
118.515271
118.515271
118.515271
118.515271
118.515271
118.515271
118.515271
118.515271
118.515271
118.515271
118.515271
118.515271
118.515271
118.515271
118.515271
118.515271
118.515271
118.515271
118.515262
118.515262
118.515262
118.515262
118.515262
118.515262
118.515262
118.515262
118.515262
118.515262
118.515262
118.515262
118.515262
118.515262
118.515262
118.515262
118.515262
118.515262
118.515262
118.515262
118.515262
118.515262
118.515262
118.515262
118.515262
118.515262
118.515262
118.515262
118.515262
118.515262
118.515262
118.515262
118.515262
118.515262
118.515262
118.515262
118.515262
118.515262
118.515262
118.515262
118.515262
118.515262
118.515262
118.515262
118.515262
118.515262
118.515262
118.515262
118.515262
118.515262
118.515262
118.515262
118.515262
118.515262
118.515262
118.515262
118.515262
118.515262
118.515262
118.515262
118.515261
118.515261
118.515261
118.515261
118.515261
118.515261
118.515261
118.515261
118.515261
118.515261
118.515261
118.515261
118.515261
118.515261
118.515261
118.515261
118.515261
118.515261
118.515261
118.515261
118.515261
118.515261
118.515261
118.515261
118.515261
118.515261
118.515261
118.515261
118.515261
118.515261
118.515199
118.515199
118.515199
118.515199
118.515199
118.515199
118.515199
118.515199
118.515199
118.515199
118.514939
118.514939
118.514939
118.514939
118.514939
118.514939
118.514939
118.514939
118.514939
118.514939
118.514925
118.514925
118.514925
118.514925
118.514925
118.514925
118.514925
118.514925
118.514925
118.514925
118.514925
118.514925
118.514925
118.514925
118.514925
118.514925
118.514925
118.514925
118.514925
118.514925
118.514925
118.514925
118.514925
118.514925
118.514925
118.514925
118.514925
118.514925
118.514925
118.514925
118.514915
118.514915
118.514915
118.514915
118.514915
118.514915
118.514915
118.514915
118.514915
118.514915
118.514914
118.514914
118.514914
118.514914
118.514914
118.514914
118.514914
118.514914
118.514791
118.514791
118.514791
118.514791
118.514791
118.514791
118.514791
118.514791
118.514791
118.514791
118.514791
118.514791
118.514791
118.514791
118.514791
118.514791
118.514791
118.514791
118.514791
118.514791
118.514789
118.514789
118.514594
118.514594
118.514594
118.514594
118.514594
118.514594
118.514594
118.514594
118.514594
118.514594
118.514594
118.514594
118.514594
118.514594
118.514594
118.514594
118.514594
118.514594
118.514594
118.514594
118.514594
118.514594
118.514594
118.514530
118.514530
118.514530
118.514530
118.514530
118.514530
118.514530
118.514530
118.514530
118.514530
118.514516
118.514516
118.514516
118.514516
118.514516
118.514516
118.514516
118.514516
118.514516
118.514347
118.514347
118.514347
118.514347
118.514347
118.514347
118.514347
118.514347
118.514242
118.514242
118.514242
118.514242
118.514242
118.514242
118.514242
118.514242
118.514242
118.514242
118.514242
118.514242
118.514242
118.514242
118.514242
118.514174
118.514174
118.514174
118.514174
118.514174
118.514174
118.514174
118.514174
118.514174
118.514174
118.514174
118.514174
118.514174
118.514174
118.514174
118.514174
118.514174
118.514174
118.514174
118.514174
118.514174
118.514174
118.514174
118.513962
118.513962
118.513962
118.513962
118.513962
118.513962
118.513962
118.513962
118.513962
118.513962
118.513948
118.513948
118.513948
118.513948
118.513948
118.513948
118.513948
118.513788
118.513788
118.513788
118.513788
118.513788
118.513788
118.513788
118.513788
118.513788
118.513788
118.513788
118.513788
118.513788
118.513788
118.513788
118.513788
118.513788
118.513788
118.513788
118.513788
118.513788
118.513788
118.513788
118.513788
118.513788
118.513788
118.513788
118.513788
118.513788
118.513788
118.513788
118.513788
118.513788
118.513562
118.513562
118.513562
118.513562
118.513562
118.513225
118.513225
118.513225
118.512973
118.512973
118.512973
118.512973
118.512973
118.512973
118.512973
118.512973
118.512973
118.512973
118.512973
118.512973
118.512973
118.512973
118.512973
118.512973
118.512973
118.512973
118.512973
118.512973
118.512961
118.512961
118.512961
118.512961
118.512961
118.512961
118.512961
118.512961
118.512961
118.512961
118.512961
118.512961
118.512961
118.512961
118.512961
118.512961
118.512961
118.512961
118.512961
118.512961
118.512830
118.512830
118.512830
118.512830
118.512830
118.512830
118.512830
118.512608
118.512608
118.512608
118.512608
118.512608
118.512608
118.512608
118.512608
118.512608
118.512608
118.512608
118.512608
118.512608
118.512501
118.512501
118.512115
118.512115
118.512115
118.512115
118.512115
118.512115
118.512115
118.512115
118.512115
118.512115
118.512115
118.512115
118.512115
118.512115
118.512115
118.512115
118.512115
118.512115
118.512115
118.512115
118.512115
118.512115
118.512115
118.512115
118.512115
118.512115
118.512115
118.512115
118.512115
118.512115
118.512115
118.512115
118.512115
118.512115
118.512115
118.512115
118.512115
118.512115
118.512115
118.512115
118.512115
118.512115
118.512115
118.512115
118.512115
118.512115
118.512115
118.512115
118.512115
118.512115
118.512108
118.512108
118.512108
118.512108
118.512108
118.512108
118.512108
118.512108
118.512108
118.512108
118.512108
118.512108
118.512108
118.512108
118.512108
118.512108
118.512108
118.512108
118.512108
118.512108
118.512108
118.512108
118.512108
118.512108
118.512108
118.511832
118.511832
118.511832
118.511832
118.511832
118.511832
118.511832
118.511832
118.511832
118.511832
118.511832
118.511832
118.511832
118.511832
118.511832
118.511832
118.511832
118.511789
118.511789
118.511789
118.511789
118.511789
118.511789
118.511789
118.511789
118.511789
118.511789
118.511659
118.511659
118.511659
118.511659
118.511659
118.511659
118.511659
118.511659
118.511659
118.511659
118.511659
118.511659
118.511659
118.511659
118.511659
118.511659
118.511659
118.511659
118.511659
118.511659
118.511461
118.511461
118.511461
118.511461
118.511461
118.511461
118.511461
118.511461
118.511461
118.511461
118.511461
118.511461
118.511461
118.511461
118.511461
118.511461
118.511335
118.511335
118.511239
118.511239
118.511239
118.511239
118.511070
118.511070
118.511070
118.511070
118.511056
118.511056
118.511056
118.511056
118.511056
118.511056
118.511056
118.510927
118.510927
118.510927
118.510927
118.510927
118.510927
118.510927
118.510927
118.510927
118.510927
118.510927
118.510927
118.510927
118.510927
118.510927
118.510380
118.510380
118.510380
118.510380
118.510380
118.510380
118.510380
118.510380
118.510380
118.510380
118.510376
118.510376
118.510376
118.510376
118.510376
118.510376
118.510376
118.510376
118.510376
118.510376
118.510078
118.510078
118.510078
118.510078
118.510078
118.510078
118.510078
118.510078
118.510078
118.510078
118.510078
118.510078
118.510078
118.510078
118.510078
118.510078
118.510078
118.510078
118.510078
118.510078
118.510078
118.510078
118.510078
118.510078
118.510078
118.510078
118.510078
118.510078
118.510078
118.510078
118.510078
118.510078
118.510078
118.510078
118.510078
118.510078
118.510078
118.510078
118.510078
118.510078
118.510078
118.510078
118.510078
118.510078
118.510078
118.510078
118.510078
118.510078
118.510078
118.510078
118.510078
118.510078
118.510078
118.510078
118.510078
118.510078
118.510078
118.510078
118.510078
118.510078
118.510072
118.510072
118.510072
118.510072
118.510072
118.510072
118.510072
118.510072
118.510072
118.510072
118.510061
118.510061
118.510061
118.510061
118.509524
118.509524
118.509524
118.509524
118.509524
118.509524
118.509524
118.509524
118.509524
118.509524
118.508956
118.508956
118.508956
118.508956
118.508956
118.508956
118.508956
118.508956
118.508956
118.508956
118.508956
118.508956
118.508956
118.508956
118.508956
118.508956
118.508956
118.508956
118.508956
118.508956
118.508809
118.508809
118.508809
118.508809
118.508809
118.508809
118.508809
118.508809
118.508809
118.508809
118.508809
118.508809
118.508809
118.508809
118.508809
118.508809
118.508809
118.508809
118.508809
118.508809
118.508809
118.508599
118.508599
118.508599
118.508599
118.508599
118.508599
118.508599
118.508599
118.508599
118.508599
118.508599
118.508599
118.508311
118.508311
118.508311
118.508311
118.508311
118.508311
118.508311
118.508311
118.508270
118.508270
118.508270
118.508270
118.508270
118.508270
118.508270
118.508270
118.508270
118.508048
118.508048
118.508048
118.508048
118.508048
118.508048
118.508048
118.508048
118.508048
118.508048
118.508048
118.508048
118.508048
118.508048
118.508048
118.508048
118.508048
118.508048
118.508048
118.508048
118.508048
118.508048
118.508048
118.508048
118.508048
118.508048
118.508048
118.508048
118.508048
118.508048
118.508048
118.508048
118.508048
118.508048
118.508048
118.508048
118.508048
118.508048
118.508048
118.508048
118.508048
118.508048
118.508048
118.508048
118.508048
118.508048
118.508048
118.508048
118.507943
118.507943
118.507943
118.507943
118.507943
118.507943
118.507943
118.507943
118.507943
118.507943
118.507943
118.507943
118.507943
118.507726
118.507726
118.507726
118.507612
118.507612
118.507612
118.507612
118.507612
118.507612
118.507612
118.507612
118.507612
118.507612
118.507612
118.507612
118.507612
118.507612
118.507612
118.507612
118.507612
118.507612
118.507612
118.507612
118.507612
118.507612
118.507612
118.507612
118.507612
118.507612
118.507612
118.507612
118.507612
118.507612
118.507612
118.507612
118.507612
118.507612
118.507612
118.507612
118.507612
118.507612
118.507612
118.507612
118.507612
118.507612
118.506991
118.506991
118.506991
118.506991
118.506991
118.506991
118.506991
118.506991
118.506991
118.506991
118.506991
118.506991
118.506979
118.506979
118.506979
118.506979
118.506979
118.506979
118.506979
118.506979
118.506979
118.506979
118.506979
118.506979
118.506979
118.506979
118.506979
118.506979
118.506979
118.506979
118.506979
118.506979
118.506979
118.506979
118.506979
118.506979
118.506979
118.506979
118.506979
118.506979
118.506975
118.506975
118.506970
118.506970
118.506970
118.506970
118.506970
118.506970
118.506970
118.506970
118.506877
118.506877
118.506722
118.506722
118.506722
118.506722
118.506722
118.506722
118.506722
118.506722
118.506722
118.506722
118.506722
118.506722
118.506722
118.506722
118.506722
118.506722
118.506722
118.506722
118.506722
118.506722
118.506722
118.506722
118.506532
118.506532
118.506532
118.506532
118.506532
118.506532
118.506532
118.506532
118.506532
118.506532
118.506532
118.506380
118.506380
118.506380
118.506380
118.506380
118.506343
118.506343
118.506343
118.506343
118.506343
118.506343
118.506343
118.506343
118.506217
118.506217
118.506217
118.506217
118.506217
118.506217
118.506217
118.506217
118.506217
118.505995
118.505995
118.505995
118.505995
118.505995
118.505995
118.505995
118.505995
118.505995
118.505995
118.505904
118.505885
118.505885
118.505885
118.505885
118.505885
118.505885
118.505885
118.505885
118.505885
118.505619
118.505619
118.505619
118.505619
118.505619
118.505619
118.505619
118.505619
118.505619
118.505619
118.505619
118.505619
118.505619
118.505619
118.505619
118.505619
118.505619
118.505619
118.505619
118.505619
118.505605
118.505605
118.505605
118.505605
118.505605
118.505605
118.505605
118.505605
118.505605
118.505605
118.505605
118.505605
118.505605
118.505605
118.505605
118.505605
118.505605
118.505605
118.505605
118.505605
118.505605
118.505605
118.505605
118.505605
118.505605
118.505605
118.505605
118.505605
118.505605
118.505605
118.505605
118.505605
118.505605
118.505605
118.505605
118.505605
118.505605
118.505605
118.505605
118.505605
118.505605
118.505432
118.505432
118.505432
118.505432
118.505432
118.505432
118.505432
118.505432
118.505432
118.505432
118.505432
118.505432
118.505432
118.505432
118.505432
118.505432
118.505432
118.505432
118.505432
118.505432
118.505432
118.505432
118.505432
118.505432
118.505432
118.505432
118.505432
118.505432
118.505432
118.505432
118.505432
118.505432
118.505432
118.505432
118.505432
118.505432
118.505432
118.505432
118.505432
118.505432
118.505432
118.505432
118.505432
118.505432
118.505432
118.505432
118.505432
118.505432
118.505432
118.505432
118.505367
118.505367
118.505367
118.505367
118.505367
118.505367
118.505367
118.505367
118.505367
118.505367
118.505367
118.505367
118.505367
118.505367
118.505367
118.505367
118.505367
118.505367
118.505367
118.505367
118.505367
118.505367
118.505367
118.505367
118.505367
118.505367
118.505330
118.505266
118.505266
118.505266
118.505266
118.505266
118.504886
118.504886
118.504886
118.504886
118.504886
118.504886
118.504886
118.504886
118.504886
118.504886
118.504886
118.504886
118.504886
118.504886
118.504886
118.504886
118.504886
118.504886
118.504886
118.504886
118.504886
118.504886
118.504886
118.504886
118.504886
118.504886
118.504886
118.504886
118.504886
118.504886
118.504886
118.504886
118.504886
118.504886
118.504886
118.504886
118.504886
118.504886
118.504886
118.504886
118.504886
118.504886
118.504886
118.504886
118.504886
118.504804
118.504804
118.504804
118.504804
118.504804
118.504804
118.504804
118.504788
118.504788
118.504788
118.504788
118.504788
118.504788
118.504788
118.504788
118.504788
118.504788
118.504788
118.504788
118.504788
118.504788
118.504788
118.504788
118.504788
118.504788
118.504788
118.504788
118.504699
118.504699
118.504699
118.504699
118.504699
118.504699
118.504699
118.504699
118.504699
118.504699
118.504699
118.504699
118.504699
118.504699
118.504699
118.504699
118.504699
118.504699
118.504699
118.504699
118.504699
118.504699
118.504699
118.504699
118.504699
118.504699
118.504699
118.504699
118.504699
118.504699
118.504699
118.504699
118.504699
118.504699
118.504699
118.504699
118.504699
118.504699
118.504699
118.504699
118.504695
118.504695
118.504695
118.504695
118.504695
118.504695
118.504695
118.504695
118.504695
118.504695
118.504691
118.504691
118.504691
118.504691
118.504691
118.504691
118.504691
118.504691
118.504691
118.504691
118.504691
118.504691
118.504691
118.504690
118.504690
118.504690
118.504690
118.504690
118.504690
118.504690
118.504690
118.504690
118.504690
118.504690
118.504690
118.504690
118.504690
118.504690
118.504690
118.504690
118.504690
118.504690
118.504690
118.504690
118.504690
118.504690
118.504690
118.504690
118.504690
118.504690
118.504689
118.504689
118.504689
118.504680
118.504680
118.504680
118.504680
118.504680
118.504680
118.504680
118.504680
118.504680
118.504680
118.504680
118.504680
118.504680
118.504676
118.504676
118.504676
118.504676
118.504676
118.504676
118.504676
118.504676
118.504676
118.504676
118.504676
118.504676
118.504676
118.504676
118.504676
118.504676
118.504676
118.504676
118.504676
118.504676
118.504668
118.504668
118.504668
118.504668
118.504668
118.504668
118.504668
118.504668
118.504668
118.504668
118.504668
118.504668
118.504668
118.504668
118.504668
118.504668
118.504668
118.504668
118.504668
118.504658
118.504658
118.504658
118.504658
118.504658
118.504658
118.504658
118.504658
118.504658
118.504658
118.504658
118.504658
118.504658
118.504658
118.504658
118.504658
118.504658
118.504658
118.504658
118.504658
118.504658
118.504658
118.504658
118.504658
118.504658
118.504658
118.504658
118.504658
118.504658
118.504658
118.504652
118.504645
118.504645
118.504645
118.504645
118.504645
118.504645
118.504645
118.504645
118.504645
118.504645
118.504645
118.504645
118.504645
118.504645
118.504645
118.504645
118.504645
118.504645
118.504645
118.504645
118.504637
118.504637
118.504637
118.504637
118.504637
118.504637
118.504637
118.504637
118.504637
118.504637
118.504637
118.504637
118.504637
118.504637
118.504637
118.504637
118.504637
118.504637
118.504637
118.504637
118.504629
118.504629
118.504629
118.504629
118.504629
118.504629
118.504629
118.504629
118.504629
118.504629
118.504629
118.504629
118.504629
118.504629
118.504629
118.504629
118.504626
118.504626
118.504626
118.504626
118.504626
118.504626
118.504626
118.504626
118.504626
118.504626
118.504616
118.504616
118.504616
118.504616
118.504616
118.504616
118.504616
118.504616
118.504616
118.504616
118.504616
118.504616
118.504616
118.504602
118.504602
118.504602
118.504602
118.504602
118.504602
118.504602
118.504599
118.504599
118.504599
118.504599
118.504599
118.504599
118.504598
118.504598
118.504598
118.504598
118.504598
118.504598
118.504598
118.504598
118.504598
118.504598
118.504598
118.504598
118.504598
118.504598
118.504590
118.504590
118.504590
118.504590
118.504590
118.504590
118.504568
118.504568
118.504568
118.504568
118.504568
118.504568
118.504568
118.504568
118.504568
118.504568
118.504546
118.504546
118.504546
118.504546
118.504546
118.504546
118.504546
118.504546
118.504546
118.504546
118.504546
118.504546
118.504546
118.504546
118.504546
118.504546
118.504546
118.504546
118.504546
118.504546
118.504546
118.504546
118.504546
118.504546
118.504546
118.504546
118.504546
118.504546
118.504546
118.504546
118.504544
118.504544
118.504544
118.504544
118.504544
118.504544
118.504544
118.504544
118.504544
118.504544
118.504544
118.504544
118.504544
118.504544
118.504544
118.504537
118.504537
118.504537
118.504537
118.504537
118.504537
118.504537
118.504537
118.504537
118.504537
118.504528
118.504528
118.504528
118.504528
118.504528
118.504528
118.504528
118.504528
118.504528
118.504528
118.504528
118.504528
118.504528
118.504528
118.504528
118.504528
118.504528
118.504528
118.504528
118.504528
118.504528
118.504528
118.504528
118.504528
118.504528
118.504528
118.504528
118.504528
118.504528
118.504528
118.504528
118.504528
118.504528
118.504528
118.504528
118.504528
118.504528
118.504528
118.504528
118.504528
118.504528
118.504528
118.504528
118.504528
118.504528
118.504520
118.504520
118.504520
118.504520
118.504520
118.504488
118.504488
118.504488
118.504488
118.504488
118.504488
118.504488
118.504488
118.504488
118.504488
118.504488
118.504488
118.504488
118.504488
118.504488
118.504488
118.504488
118.504488
118.504488
118.504488
118.504476
118.504476
118.504476
118.504476
118.504476
118.504476
118.504476
118.504476
118.504476
118.504476
118.504475
118.504475
118.504475
118.504475
118.504475
118.504475
118.504475
118.504475
118.504475
118.504475
118.504475
118.504475
118.504475
118.504475
118.504475
118.504475
118.504475
118.504475
118.504475
118.504475
118.504475
118.504475
118.504475
118.504475
118.504475
118.504475
118.504475
118.504475
118.504475
118.504475
118.504475
118.504475
118.504475
118.504475
118.504475
118.504475
118.504475
118.504475
118.504475
118.504475
118.504475
118.504475
118.504475
118.504475
118.504475
118.504475
118.504475
118.504475
118.504475
118.504475
118.504475
118.504475
118.504475
118.504475
118.504475
118.504475
118.504475
118.504475
118.504475
118.504475
118.504475
118.504475
118.504475
118.504475
118.504475
118.504475
118.504475
118.504475
118.504475
118.504475
118.504475
118.504475
118.504475
118.504475
118.504475
118.504475
118.504475
118.504475
118.504475
118.504475
118.504475
118.504475
118.504475
118.504475
118.504475
118.504475
118.504475
118.504475
118.504475
118.504475
118.504475
118.504475
118.504475
118.504465
118.504465
118.504465
118.504465
118.504465
118.504465
118.504465
118.504465
118.504465
118.504465
118.504465
118.504465
118.504465
118.504465
118.504465
118.504465
118.504465
118.504465
118.504465
118.504465
118.504464
118.504464
118.504464
118.504464
118.504464
118.504464
118.504464
118.504464
118.504464
118.504464
118.504464
118.504464
118.504428
118.504428
118.504428
118.504428
118.504428
118.504428
118.504428
118.504428
118.504428
118.504428
118.504428
118.504428
118.504428
118.504428
118.504428
118.504428
118.504428
118.504428
118.504428
118.504428
118.504427
118.504427
118.504427
118.504427
118.504427
118.504427
118.504427
118.504427
118.504427
118.504427
118.504427
118.504427
118.504415
118.504415
118.504415
118.504415
118.504415
118.504415
118.504415
118.504415
118.504415
118.504415
118.504415
118.504415
118.504415
118.504365
118.504365
118.504365
118.504365
118.504365
118.504365
118.504365
118.504365
118.504365
118.504365
118.504358
118.504358
118.504358
118.504358
118.504358
118.504358
118.504358
118.504358
118.504358
118.504358
118.504353
118.504353
118.504353
118.504353
118.504353
118.504353
118.504353
118.504353
118.504353
118.504353
118.504353
118.504353
118.504353
118.504353
118.504353
118.504353
118.504353
118.504353
118.504353
118.502068
118.502068
118.502068
118.502068
118.502068
118.502068
118.502068
118.502068
118.502068
118.502068
118.502046
118.502046
118.502046
118.502046
118.502046
118.502046
118.502046
118.502046
118.502046
118.502046
118.502046
118.502046
118.502046
118.502046
118.502046
118.502046
118.502046
118.502046
118.502046
118.502046
118.502046
118.502046
118.502046
118.502046
118.502046
118.502046
118.502046
118.502046
118.502046
118.502046
118.502046
118.502046
118.502046
118.502046
118.502046
118.502046
118.502046
118.502046
118.502046
118.502046
118.502046
118.502046
118.502046
118.502046
118.502046
118.502046
118.502046
118.502046
118.501805
118.501805
118.501711
118.501711
118.501711
118.501711
118.501711
118.501711
118.501711
118.501711
118.501711
118.501711
118.501711
118.501711
118.501711
118.501711
118.501711
118.501711
118.501711
118.501711
118.501711
118.501711
118.501711
118.501711
118.501711
118.501711
118.501094
118.501094
118.501094
118.501094
118.501094
118.501094
118.501094
118.501094
118.501094
118.501094
118.501094
118.501094
118.501094
118.501094
118.501094
118.501094
118.501094
118.501094
118.501094
118.501094
118.501094
118.501094
118.501094
118.501094
118.501094
118.501094
118.501094
118.501094
118.501094
118.501094
118.501094
118.501094
118.501094
118.501094
118.501094
118.501094
118.501094
118.501094
118.501094
118.501094
118.501094
118.501094
118.501094
118.501094
118.501094
118.501094
118.501017
118.500886
118.500886
118.500886
118.500886
118.500886
118.500886
118.500886
118.500886
118.500886
118.500886
118.500886
118.500886
118.500886
118.500886
118.500886
118.500886
118.500886
118.500886
118.500886
118.500696
118.500696
118.500696
118.500696
118.500696
118.500696
118.500696
118.500696
118.500696
118.500696
118.500696
118.500696
118.500696
118.500696
118.500696
118.500696
118.500696
118.500696
118.500696
118.500696
118.500696
118.500614
118.500614
118.500614
118.500614
118.500614
118.500614
118.500614
118.500614
118.500614
118.500614
118.500614
118.500614
118.500614
118.500614
118.500614
118.500614
118.500614
118.500614
118.500614
118.500614
118.500585
118.500585
118.500585
118.500585
118.500585
118.500585
118.500585
118.500585
118.500585
118.500585
118.500585
118.500585
118.500585
118.500585
118.500585
118.500585
118.500585
118.500585
118.500585
118.500585
118.500585
118.500585
118.500585
118.500585
118.500585
118.500585
118.500585
118.500585
118.500585
118.500585
118.500585
118.500585
118.500585
118.500585
118.500585
118.500585
118.500585
118.500585
118.500585
118.500585
118.500545
118.500545
118.500545
118.500545
118.500545
118.500545
118.500545
118.500545
118.500545
118.500545
118.500545
118.500545
118.500545
118.500545
118.500545
118.500545
118.500545
118.500545
118.500545
118.500545
118.500545
118.500545
118.500545
118.500545
118.500545
118.500545
118.500545
118.500545
118.500545
118.500545
118.500545
118.500545
118.500545
118.500545
118.500545
118.500545
118.500545
118.500545
118.500545
118.500545
118.500545
118.500545
118.500545
118.500545
118.500545
118.500545
118.500545
118.500545
118.500545
118.500545
118.500545
118.500545
118.500545
118.500545
118.500545
118.500545
118.500545
118.500545
118.500545
118.500545
118.500545
118.500545
118.500497
118.500497
118.500497
118.500497
118.500497
118.500497
118.500497
118.500497
118.500497
118.500497
118.500496
118.500488
118.500488
118.500488
118.500488
118.500488
118.500488
118.500488
118.500488
118.500488
118.500488
118.500488
118.500488
118.500488
118.500488
118.500488
118.500488
118.500488
118.500488
118.500488
118.500488
118.500488
118.500488
118.500488
118.500488
118.500488
118.500488
118.500488
118.500342
118.500342
118.500342
118.500342
118.500342
118.500342
118.500342
118.500342
118.500342
118.500342
118.500342
118.500342
118.500342
118.500342
118.500342
118.500342
118.500342
118.500342
118.500342
118.500342
118.500342
118.500342
118.500342
118.500342
118.500342
118.500342
118.500342
118.500342
118.500342
118.500342
118.500230
118.500230
118.500230
118.500230
118.500230
118.500230
118.500230
118.500230
118.500230
118.500230
118.500230
118.500230
118.500230
118.500230
118.500230
118.500230
118.500230
118.500230
118.500230
118.500230
118.500230
118.500230
118.500224
118.500224
118.500224
118.500224
118.500224
118.500224
118.500224
118.500224
118.500224
118.500224
118.500224
118.500224
118.500224
118.500224
118.500224
118.500224
118.500224
118.500224
118.500224
118.500224
118.500121
118.500121
118.500121
118.500121
118.500121
118.500121
118.500121
118.500121
118.500121
118.500121
118.500121
118.500121
118.500121
118.500121
118.500121
118.500121
118.500121
118.500121
118.500121
118.500121
118.500121
118.500121
118.500121
118.500121
118.500121
118.500121
118.500121
118.500121
118.500121
118.500121
118.500098
118.500098
118.500098
118.500058
118.500058
118.500058
118.500058
118.500058
118.500058
118.500058
118.500058
118.500058
118.500058
118.500058
118.500058
118.500058
118.500058
118.500058
118.500058
118.500058
118.500058
118.500058
118.500058
118.500058
118.500058
118.500058
118.500058
118.500058
118.500058
118.500058
118.500058
118.499801
118.499801
118.499801
118.499801
118.499801
118.499801
118.499801
118.499801
118.499801
118.499801
118.499801
118.499801
118.499801
118.499801
118.499801
118.499801
118.499801
118.499801
118.499801
118.499801
118.499801
118.499801
118.499801
118.499801
118.499801
118.499801
118.499801
118.499801
118.499801
118.499801
118.499801
118.499801
118.499801
118.499801
118.499801
118.499801
118.499801
118.499801
118.499801
118.499801
118.499801
118.499801
118.499801
118.499801
118.499801
118.499801
118.499801
118.499801
118.499801
118.499801
118.499795
118.499795
118.499795
118.499795
118.499795
118.499795
118.499795
118.499795
118.499795
118.499795
118.499729
118.499729
118.499729
118.499729
118.499729
118.499729
118.499729
118.499729
118.499729
118.499729
118.499729
118.499729
118.499729
118.499729
118.499729
118.499729
118.499729
118.499729
118.499729
118.499729
118.499729
118.499729
118.499729
118.499729
118.499729
118.499729
118.499729
118.499729
118.499729
118.499729
118.499729
118.499729
118.499729
118.499729
118.499729
118.499729
118.499729
118.499729
118.499729
118.499729
118.499729
118.499729
118.499729
118.499729
118.499729
118.499729
118.499729
118.499729
118.499729
118.499729
118.499729
118.499729
118.499729
118.499729
118.499729
118.499729
118.499728
118.499728
118.499728
118.499728
118.499728
118.499728
118.499728
118.499728
118.499728
118.499728
118.499728
118.499728
118.499728
118.499728
118.499728
118.499728
118.499728
118.499728
118.499728
118.499728
118.499728
118.499728
118.499728
118.499728
118.499728
118.499728
118.499728
118.499728
118.499648
118.499648
118.499648
118.499648
118.499648
118.499648
118.499648
118.499648
118.499648
118.499648
118.499648
118.499648
118.499648
118.499648
118.499648
118.499623
118.499623
118.499623
118.499623
118.499623
118.499623
118.499623
118.499623
118.499623
118.499623
118.499623
118.499623
118.499623
118.499623
118.499623
118.499623
118.499623
118.499623
118.499623
118.499623
118.499623
118.499623
118.499623
118.499623
118.499623
118.499623
118.499623
118.499623
118.499618
118.499618
118.499618
118.499618
118.499618
118.499618
118.499618
118.499618
118.499618
118.499618
118.499618
118.499618
118.499618
118.499618
118.499618
118.499602
118.499602
118.499563
118.499563
118.499563
118.499563
118.499563
118.499563
118.499563
118.499563
118.499563
118.499563
118.499563
118.499563
118.499534
118.499534
118.499534
118.499534
118.499534
118.499534
118.499534
118.499534
118.499534
118.499534
118.499534
118.499534
118.499534
118.499534
118.499534
118.499534
118.499534
118.499534
118.499534
118.499534
118.499534
118.499534
118.499534
118.499534
118.499534
118.499534
118.499521
118.499521
118.499521
118.499521
118.499521
118.499490
118.499490
118.499490
118.499490
118.499490
118.499490
118.499490
118.499490
118.499490
118.499466
118.499466
118.499466
118.499466
118.499466
118.499466
118.499466
118.499466
118.499466
118.499466
118.499466
118.499466
118.499466
118.499466
118.499466
118.499466
118.499466
118.499466
118.499466
118.499466
118.499466
118.499466
118.499466
118.499443
118.499443
118.499443
118.499443
118.499443
118.499433
118.499433
118.499433
118.499433
118.499433
118.499433
118.499433
118.499433
118.499433
118.499433
118.499433
118.499433
118.499433
118.499433
118.499433
118.499433
118.499433
118.499433
118.499433
118.499433
118.499433
118.499433
118.499433
118.499433
118.499433
118.499433
118.499433
118.499433
118.499408
118.499408
118.499408
118.499408
118.499408
118.499408
118.499408
118.499408
118.499408
118.499408
118.499404
118.499404
118.499404
118.499404
118.499404
118.499404
118.499404
118.499404
118.499404
118.499404
118.499398
118.499398
118.499398
118.499398
118.499398
118.499398
118.499398
118.499398
118.499384
118.499384
118.499384
118.499384
118.499384
118.499384
118.499384
118.499384
118.499384
118.499384
118.499384
118.499384
118.499384
118.499384
118.499384
118.499384
118.499384
118.499384
118.499384
118.499384
118.499384
118.499384
118.499384
118.499384
118.499384
118.499384
118.499384
118.499384
118.499384
118.499374
118.499374
118.499374
118.499374
118.499374
118.499374
118.499374
118.499374
118.499374
118.499374
118.499374
118.499370
118.499370
118.499370
118.499370
118.499370
118.499370
118.499370
118.499370
118.499370
118.499367
118.499367
118.499367
118.499353
118.499353
118.499353
118.499353
118.499353
118.499353
118.499353
118.499353
118.499353
118.499353
118.499353
118.499353
118.499353
118.499353
118.499353
118.499353
118.499353
118.499351
118.499351
118.499351
118.499351
118.499351
118.499351
118.499351
118.499351
118.499351
118.499351
118.499336
118.499336
118.499336
118.499336
118.499336
118.499336
118.499336
118.499336
118.499336
118.499336
118.499324
118.499324
118.499324
118.499324
118.499324
118.499324
118.499324
118.499324
118.499324
118.499324
118.499324
118.499324
118.499324
118.499324
118.499324
118.499324
118.499324
118.499324
118.499324
118.499324
118.499324
118.499324
118.499324
118.499324
118.499324
118.499324
118.499324
118.499324
118.499324
118.499324
118.499304
118.499304
118.499304
118.499304
118.499304
118.499304
118.499304
118.499304
118.499304
118.499304
118.499304
118.499304
118.499304
118.499304
118.499304
118.499304
118.499304
118.499304
118.499304
118.499304
118.499304
118.499304
118.499304
118.499304
118.499304
118.499304
118.499304
118.499304
118.499304
118.499304
118.499304
118.499304
118.499304
118.499287
118.499287
118.499287
118.499287
118.499287
118.499287
118.499287
118.499287
118.499287
118.499287
118.499280
118.499280
118.499280
118.499280
118.499280
118.499280
118.499280
118.499280
118.499280
118.499280
118.499280
118.499280
118.499280
118.499280
118.499280
118.499280
118.499280
118.499280
118.499280
118.499280
118.499280
118.499280
118.499280
118.499280
118.499280
118.499280
118.499280
118.499280
118.499280
118.499280
118.499274
118.499274
118.499274
118.499274
118.499249
118.499249
118.499249
118.499249
118.499249
118.499249
118.499249
118.499249
118.499249
118.499249
118.499249
118.499249
118.499249
118.499249
118.499249
118.499249
118.499249
118.499249
118.499249
118.499249
118.499249
118.499249
118.499249
118.499249
118.499249
118.499249
118.499249
118.499249
118.499249
118.499249
118.499239
118.499239
118.499239
118.499239
118.499239
118.499239
118.499210
118.499210
118.499210
118.499210
118.499210
118.499210
118.499210
118.499210
118.499210
118.499210
118.499210
118.499210
118.499210
118.499210
118.499210
118.499210
118.499210
118.499210
118.499210
118.499210
118.499210
118.499210
118.499210
118.499210
118.499210
118.499210
118.499210
118.499210
118.499210
118.499210
118.499210
118.499210
118.499210
118.499210
118.499210
118.499210
118.499210
118.499210
118.499210
118.499210
118.499210
118.499210
118.499210
118.499210
118.499210
118.499210
118.499210
118.499210
118.499210
118.499210
118.499210
118.499210
118.499210
118.499210
118.499210
118.499210
118.499210
118.499210
118.499210
118.499210
118.499210
118.499210
118.499210
118.499210
118.499210
118.499210
118.499210
118.499210
118.499202
118.499202
118.499200
118.499200
118.499200
118.499200
118.499200
118.499200
118.499200
118.499200
118.499200
118.499200
118.499143
118.499143
118.499143
118.499143
118.499143
118.499143
118.499143
118.499143
118.499143
118.499143
118.499143
118.499143
118.499143
118.499143
118.499143
118.499143
118.499143
118.499143
118.499122
118.499122
118.499088
118.499088
118.499088
118.499088
118.499088
118.499088
118.499088
118.499088
118.499088
118.499088
118.499088
118.499088
118.499088
118.499088
118.499088
118.499088
118.499088
118.499088
118.499088
118.499088
118.499020
118.499020
118.499020
118.499020
118.499020
118.499020
118.499020
118.499020
118.499020
118.499020
118.498995
118.498995
118.498995
118.498995
118.498995
118.498995
118.498995
118.498995
118.498995
118.498995
118.498995
118.498995
118.498995
118.498995
118.498995
118.498995
118.498995
118.498995
118.498995
118.498995
118.498995
118.498995
118.498995
118.498995
118.498995
118.498995
118.498995
118.498995
118.498995
118.498995
118.498995
118.498995
118.498995
118.498995
118.498995
118.498995
118.498995
118.498995
118.498957
118.498957
118.498957
118.498957
118.498957
118.498957
118.498957
118.498957
118.498957
118.498957
118.498951
118.498951
118.498951
118.498951
118.498951
118.498951
118.498951
118.498951
118.498951
118.498925
118.498925
118.498925
118.498925
118.498925
118.498925
118.498925
118.498925
118.498925
118.498925
118.498925
118.498925
118.498925
118.498925
118.498925
118.498925
118.498925
118.498925
118.498925
118.498925
118.498925
118.498925
118.498925
118.498925
118.498925
118.498925
118.498925
118.498925
118.498925
118.498925
118.498925
118.498878
118.498878
118.498878
118.498878
118.498878
118.498878
118.498878
118.498878
118.498878
118.498819
118.498819
118.498819
118.498819
118.498819
118.498819
118.498819
118.498819
118.498819
118.498819
118.498819
118.498819
118.498819
118.498819
118.498819
118.498819
118.498819
118.498819
118.498819
118.498819
118.498819
118.498819
118.498819
118.498819
118.498819
118.498819
118.498819
118.498819
118.498819
118.498819
118.498819
118.498819
118.498819
118.498819
118.498819
118.498819
118.498819
118.498819
118.498819
118.498819
118.498816
118.498816
118.498816
118.498816
118.498816
118.498816
118.498816
118.498816
118.498816
118.498816
118.498816
118.498816
118.498816
118.498816
118.498816
118.498816
118.498816
118.498816
118.498816
118.498816
118.498816
118.498816
118.498816
118.498816
118.498816
118.498816
118.498816
118.498816
118.498816
118.498816
118.498816
118.498816
118.498816
118.498816
118.498816
118.498816
118.498816
118.498816
118.498816
118.498816
118.498815
118.498815
118.498815
118.498815
118.498815
118.498815
118.498815
118.498815
118.498815
118.498815
118.498815
118.498815
118.498815
118.498815
118.498815
118.498815
118.498815
118.498815
118.498710
118.498710
118.498710
118.498710
118.498710
118.498710
118.498710
118.498710
118.498710
118.498710
118.498710
118.498710
118.498710
118.498710
118.498710
118.498710
118.498710
118.498710
118.498710
118.498710
118.498706
118.498706
118.498706
118.498706
118.498706
118.498706
118.498706
118.498706
118.498706
118.498706
118.498706
118.498706
118.498674
118.498674
118.498674
118.498674
118.498674
118.498674
118.498674
118.498674
118.498674
118.498674
118.498674
118.498674
118.498674
118.498622
118.498622
118.498622
118.498622
118.498622
118.498622
118.498622
118.498622
118.498622
118.498622
118.498439
118.498439
118.498439
118.498439
118.498439
118.498439
118.498439
118.498439
118.498439
118.498439
118.498439
118.498439
118.498439
118.498439
118.498439
118.498439
118.498439
118.498439
118.498439
118.498439
118.498439
118.498439
118.498439
118.498439
118.498439
118.498439
118.498439
118.498439
118.498439
118.498439
118.498439
118.498439
118.498439
118.498439
118.498439
118.498439
118.498439
118.498439
118.498439
118.498439
118.498439
118.498439
118.498439
118.498439
118.498439
118.498439
118.498439
118.498439
118.498439
118.498439
118.498439
118.498439
118.498439
118.498439
118.498439
118.498439
118.498439
118.498439
118.498439
118.498439
118.498439
118.498439
118.498439
118.498439
118.498439
118.498439
118.498439
118.498439
118.498439
118.498439
118.498438
118.498438
118.498438
118.498438
118.498438
118.498438
118.498438
118.498438
118.498438
118.498438
118.498438
118.498438
118.498438
118.498438
118.498438
118.498438
118.498438
118.498438
118.498438
118.498438
118.498438
118.498438
118.498438
118.498438
118.498438
118.498438
118.498438
118.498438
118.498438
118.498438
118.498438
118.498438
118.498438
118.498438
118.498438
118.498438
118.498438
118.498438
118.498438
118.498438
118.498391
118.498391
118.498391
118.498391
118.498391
118.498391
118.498391
118.498391
118.498391
118.498391
118.498387
118.498387
118.498387
118.498387
118.498387
118.498387
118.498387
118.498387
118.498387
118.498387
118.498387
118.498387
118.498387
118.498387
118.498387
118.498376
118.498376
118.498376
118.498376
118.498376
118.498376
118.498376
118.498376
118.498376
118.498376
118.498185
118.498185
118.498185
118.498185
118.498185
118.498185
118.498185
118.498185
118.498185
118.498185
118.498185
118.498185
118.498185
118.498185
118.498185
118.498185
118.498185
118.498185
118.498185
118.498185
118.498185
118.498185
118.498185
118.498185
118.498185
118.498185
118.498185
118.498185
118.498185
118.498185
118.498185
118.498185
118.498185
118.498152
118.498152
118.498152
118.498152
118.498152
118.498152
118.498152
118.498152
118.498152
118.498152
118.498152
118.498152
118.498152
118.498152
118.498152
118.498152
118.498152
118.498152
118.498152
118.498152
118.498152
118.498152
118.498152
118.498152
118.498152
118.498152
118.498152
118.498152
118.498152
118.498152
118.498152
118.498152
118.498152
118.498152
118.498152
118.498152
118.498152
118.498152
118.498152
118.498152
118.498152
118.498152
118.498020
118.498020
118.498020
118.498020
118.498020
118.498020
118.498020
118.498020
118.498020
118.498020
118.498020
118.498020
118.498020
118.498020
118.498020
118.498020
118.498020
118.498020
118.498020
118.498020
118.497932
118.497932
118.497932
118.497932
118.497932
118.497932
118.497932
118.497932
118.497932
118.497932
118.497932
118.497932
118.497932
118.497932
118.497932
118.497932
118.497932
118.497932
118.497932
118.497932
118.497932
118.497932
118.497932
118.497932
118.497932
118.497932
118.497932
118.497843
118.497843
118.497843
118.497843
118.497843
118.497843
118.497843
118.497843
118.497756
118.497756
118.497756
118.497756
118.497756
118.497522
118.497522
118.497522
118.497522
118.497522
118.497522
118.497522
118.497522
118.497522
118.497522
118.497522
118.497522
118.497522
118.497522
118.497522
118.497522
118.497522
118.497522
118.497522
118.497522
118.497522
118.497522
118.497522
118.497522
118.497522
118.497522
118.497522
118.497522
118.497522
118.497522
118.497522
118.497522
118.497522
118.497522
118.497522
118.497522
118.497522
118.497522
118.497522
118.497522
118.497522
118.497522
118.497522
118.497522
118.497522
118.497522
118.497522
118.497373
118.497373
118.497373
118.497373
118.497373
118.497373
118.497373
118.497373
118.497373
118.497373
118.497373
118.497373
118.497373
118.497373
118.497373
118.497373
118.497373
118.497373
118.497373
118.497373
118.497373
118.497373
118.497373
118.497373
118.497373
118.497373
118.497373
118.497373
118.497373
118.497373
118.497055
118.497055
118.497055
118.497055
118.497055
118.497055
118.497055
118.497055
118.497055
118.497055
118.497055
118.497055
118.497055
118.497055
118.497055
118.497055
118.497055
118.496854
118.496854
118.496854
118.496813
118.496813
118.496813
118.496813
118.496813
118.496813
118.496813
118.496768
118.496768
118.496768
118.496768
118.496768
118.496768
118.496768
118.496768
118.496768
118.496768
118.496768
118.496768
118.496768
118.496369
118.496369
118.496369
118.496369
118.496369
118.496369
118.496369
118.496369
118.496369
118.496369
118.496369
118.496369
118.496369
118.496369
118.496369
118.496369
118.496369
118.496369
118.496369
118.496369
118.496369
118.496369
118.496369
118.496369
118.496369
118.496369
118.496369
118.496369
118.496369
118.496369
118.496369
118.496369
118.496369
118.496369
118.496369
118.496369
118.496369
118.496369
118.496369
118.496369
118.496369
118.496369
118.496369
118.496369
118.496369
118.496369
118.496369
118.496369
118.496369
118.496369
118.496369
118.496369
118.496369
118.496369
118.496369
118.496369
118.496369
118.496369
118.496369
118.496369
118.496369
118.496369
118.496369
118.496369
118.496369
118.496369
118.496369
118.496369
118.496369
118.496369
118.496369
118.496369
118.496369
118.496369
118.496369
118.496369
118.496369
118.496369
118.496369
118.496369
118.496369
118.496369
118.496369
118.496369
118.496369
118.496369
118.496369
118.496369
118.496272
118.496272
118.496272
118.496272
118.496272
118.496272
118.496272
118.496272
118.496272
118.496272
118.496272
118.496272
118.496272
118.496272
118.496272
118.496272
118.496272
118.496272
118.496272
118.496272
118.496272
118.496272
118.496272
118.496272
118.496272
118.496272
118.496272
118.496272
118.496272
118.496272
118.496272
118.496272
118.496272
118.496272
118.496272
118.496272
118.496272
118.496272
118.496272
118.496272
118.496272
118.496272
118.496272
118.496272
118.496272
118.496272
118.496272
118.496272
118.496272
118.496272
118.496272
118.496272
118.496186
118.496186
118.496186
118.496186
118.496186
118.496186
118.496186
118.496186
118.496053
118.496053
118.496053
118.496053
118.496053
118.496053
118.496053
118.496053
118.496053
118.496053
118.496053
118.496053
118.495871
118.495871
118.495871
118.495871
118.495871
118.495871
118.495871
118.495871
118.495871
118.495871
118.495871
118.495871
118.495871
118.495871
118.495871
118.495871
118.495871
118.495871
118.495871
118.495871
118.495871
118.495871
118.495871
118.495871
118.495871
118.495871
118.495871
118.495871
118.495871
118.495871
118.495871
118.495871
118.495871
118.495871
118.495871
118.495871
118.495871
118.495871
118.495855
118.495855
118.495855
118.495855
118.495855
118.495855
118.495855
118.495855
118.495855
118.495855
118.495855
118.495855
118.495686
118.495686
118.495686
118.495686
118.495686
118.495686
118.495686
118.495686
118.495686
118.495686
118.495686
118.495686
118.495686
118.495686
118.495686
118.495686
118.495686
118.495686
118.495686
118.495686
118.495686
118.495686
118.495686
118.495496
118.495496
118.495496
118.495496
118.495390
118.495390
118.495390
118.495390
118.495390
118.495390
118.495390
118.495390
118.495390
118.495390
118.495390
118.495390
118.495390
118.495390
118.495390
118.495390
118.495390
118.495390
118.495390
118.495390
118.495390
118.495390
118.495390
118.495390
118.495390
118.495390
118.495390
118.495390
118.495390
118.495390
118.495378
118.495378
118.495378
118.495378
118.495378
118.495378
118.495378
118.495378
118.495378
118.495378
118.495377
118.495377
118.495377
118.495377
118.495377
118.495377
118.495377
118.495377
118.495377
118.495377
118.495377
118.495377
118.495377
118.495377
118.495377
118.495377
118.495110
118.495110
118.495110
118.495110
118.495110
118.495110
118.495110
118.495110
118.495110
118.495110
118.495110
118.495110
118.495110
118.495110
118.494904
118.494904
118.494904
118.494812
118.494812
118.494812
118.494812
118.494812
118.494812
118.494812
118.494812
118.494812
118.494812
118.494812
118.494812
118.494812
118.494812
118.494812
118.492792
118.492792
118.492792
118.492792
118.492792
118.492792
118.492792
118.492792
118.492792
118.492792
118.492792
118.492792
118.492792
118.492792
118.492792
118.492792
118.492792
118.492792
118.492792
118.492792
118.492792
118.492792
118.492792
118.492792
118.492792
118.492792
118.492792
118.492792
118.492792
118.492792
118.492792
118.492792
118.492792
118.492792
118.492792
118.492792
118.492792
118.492792
118.492792
118.492792
118.492792
118.492792
118.492792
118.492792
118.492792
118.492792
118.492792
118.492792
118.492792
118.492792
118.492611
118.492611
118.492611
118.492611
118.492611
118.492611
118.492611
118.492611
118.492611
118.492611
118.492141
118.492141
118.492141
118.492141
118.492141
118.492141
118.492141
118.492141
118.492141
118.492141
118.492141
118.492141
118.492141
118.492141
118.492141
118.492141
118.492141
118.492141
118.492141
118.492141
118.492141
118.492141
118.492141
118.492141
118.492141
118.492141
118.492141
118.492141
118.492141
118.492141
118.492141
118.492141
118.492141
118.492141
118.492141
118.492141
118.492141
118.492141
118.492141
118.492141
118.491613
118.491613
118.491613
118.491613
118.491613
118.491613
118.491613
118.491613
118.491376
118.491376
118.490479
118.490479
118.490479
118.490479
118.490479
118.490479
118.490479
118.490479
118.490479
118.490479
118.490479
118.490479
118.490479
118.490479
118.490479
118.490479
118.490479
118.490479
118.490479
118.490479
118.490479
118.490479
118.490479
118.490479
118.490479
118.490479
118.490479
118.490479
118.490479
118.490479
118.490479
118.490479
118.490479
118.490479
118.490479
118.490479
118.490479
118.490479
118.490479
118.490479
118.490479
118.490479
118.490479
118.490479
118.490479
118.490479
118.490479
118.490479
118.490479
118.490479
118.490479
118.490479
118.490479
118.490479
118.490479
118.490479
118.490479
118.490479
118.489175
118.489175
118.489175
118.489175
118.489175
118.489175
118.489175
118.489175
118.489175
118.489175
118.489175
118.489175
118.489175
118.489175
118.489175
118.489175
118.489175
118.489175
118.489175
118.489175
118.489175
118.489175
118.489175
118.489175
118.489175
118.489175
118.489175
118.489175
118.489175
118.489175
118.489175
118.489175
118.489175
118.489175
118.489175
118.489175
118.489175
118.489175
118.489175
118.489175
118.489175
118.489175
118.489175
118.489175
118.489175
118.489175
118.489175
118.489175
118.489175
118.489175
118.489175
118.489175
118.489175
118.489175
118.489175
118.489175
118.489175
118.489175
118.489175
118.489175
118.488598
118.488598
118.488598
118.488598
118.488598
118.488598
118.488598
118.488598
118.488598
118.488598
118.488598
118.488598
118.488598
118.488598
118.488598
118.488598
118.488598
118.488598
118.488598
118.488598
118.488598
118.488598
118.488598
118.488598
118.488598
118.488598
118.488598
118.487253
118.487253
118.487253
118.487253
118.487253
118.487253
118.487253
118.487253
118.487253
118.487253
118.487246
118.487246
118.487246
118.487246
118.487246
118.487246
118.487246
118.486796
118.486796
118.486796
118.486796
118.486796
118.486796
118.486796
118.486796
118.486796
118.486796
118.486792
118.486792
118.486792
118.486792
118.486792
118.486792
118.486792
118.486792
118.486792
118.486792
118.486792
118.486792
118.486792
118.486792
118.486792
118.486792
118.486792
118.486792
118.486792
118.486792
118.486792
118.486488
118.486488
118.486488
118.486488
118.486488
118.486488
118.486488
118.486488
118.486488
118.486488
118.486488
118.486488
118.486488
118.486488
118.486488
118.486488
118.486488
118.486488
118.486488
118.486317
118.486317
118.486317
118.486317
118.483886
118.483886
118.483886
118.483886
118.483886
118.483886
118.483886
118.483886
118.483886
118.483886
118.483886
118.483886
118.483886
118.483886
118.483886
118.483886
118.483886
118.483886
118.483886
118.483886
118.483886
118.483886
118.483886
118.483886
118.483886
118.483886
118.483886
118.483886
118.483886
118.483886
118.483886
118.483886
118.483886
118.483886
118.483886
118.483886
118.483886
118.483886
118.483886
118.483886
118.483886
118.483886
118.483886
118.483886
118.483886
118.483886
118.483886
118.483886
118.483886
118.483886
118.483886
118.483886
118.483886
118.483886
118.483886
118.483886
118.483886
118.483886
118.483886
118.483886
118.483886
118.483886
118.483597
118.483597
118.483597
118.483597
118.483597
118.483597
118.483597
118.483597
118.483597
118.483597
118.483597
118.483597
118.483597
118.483597
118.483259
118.483259
118.483259
118.483259
118.483259
118.483259
118.483259
118.483259
118.483259
118.483259
118.483259
118.483259
118.483259
118.483259
118.483259
118.483259
118.483259
118.483259
118.483259
118.483259
118.482896
118.482896
118.482896
118.482896
118.482896
118.482896
118.482896
118.482896
118.482896
118.482896
118.482495
118.482495
118.482495
118.482495
118.482495
118.482495
118.482495
118.482495
118.481519
118.481519
118.481519
118.481519
118.480434
118.480434
118.480434
118.480434
118.480434
118.480434
118.480434
118.480434
118.480434
118.480434
118.480434
118.480434
118.480434
118.480434
118.480434
118.480434
118.480434
118.480434
118.480434
118.479349
118.479349
118.479349
118.479349
118.479349
118.479349
118.479349
118.479349
118.479349
118.479349
118.479349
118.479349
118.479349
118.479349
118.479349
118.478930
118.478930
118.478930
118.478930
118.478930
118.478930
118.478930
118.478930
118.478888
118.478888
118.478888
118.478888
118.478888
118.478888
118.478888
118.478888
118.478654
118.478654
118.478654
118.478654
118.478654
118.478654
118.478654
118.478654
118.478654
118.478654
118.478490
118.478490
118.478490
118.478490
118.478490
118.478490
118.478490
118.478490
118.478490
118.478490
118.477901
118.477901
118.477901
118.477901
118.477901
118.477901
118.477901
118.477901
118.477901
118.477901
118.477901
118.477901
118.477901
118.477901
118.477901
118.477901
118.477901
118.477901
118.477901
118.477901
118.476761
118.476761
118.476761
118.476761
118.476761
118.476761
118.476761
118.476761
118.476761
118.476761
118.476698
118.476698
118.476698
118.476698
118.476698
118.476698
118.476698
118.476698
118.476698
118.476698
118.476698
118.476698
118.476698
118.476698
118.476698
118.476698
118.476698
118.476698
118.476698
118.476698
118.476565
118.476565
118.476565
118.476565
118.476565
118.476565
118.476565
118.476565
118.476565
118.476565
118.476531
118.476531
118.476531
118.476531
118.476531
118.476531
118.476531
118.476531
118.476531
118.476531
118.476531
118.476531
118.476531
118.476531
118.476252
118.476252
118.476252
118.476252
118.476252
118.476252
118.476252
118.476252
118.476252
118.476252
118.476252
118.476252
118.476252
118.476252
118.476252
118.476252
118.476252
118.476252
118.476252
118.476252
118.476208
118.476208
118.476208
118.476208
118.476208
118.476208
118.476208
118.476208
118.476208
118.476208
118.476208
118.476208
118.476208
118.476208
118.476208
118.476208
118.476208
118.475386
118.475386
118.475386
118.475386
118.475386
118.475386
118.475386
118.475386
118.475386
118.475386
118.475386
118.475386
118.475386
118.475386
118.475386
118.475386
118.475386
118.475386
118.475386
118.475386
118.475316
118.475316
118.475316
118.475316
118.475316
118.475316
118.475316
118.475316
118.475316
118.475316
118.475316
118.475316
118.475316
118.475316
118.475316
118.475316
118.475316
118.475316
118.475316
118.475316
118.475167
118.475167
118.475167
118.475167
118.475167
118.475167
118.475167
118.475167
118.475167
118.475167
118.475167
118.475167
118.475167
118.475041
118.475041
118.475041
118.475041
118.474488
118.474488
118.474488
118.474488
118.474488
118.474488
118.474488
118.474488
118.474488
118.474488
118.474488
118.474488
118.474488
118.474488
118.474488
118.474488
118.474488
118.474488
118.474488
118.474488
118.474488
118.474488
118.474488
118.474488
118.474488
118.474488
118.474488
118.474488
118.474488
118.474488
118.474488
118.474488
118.474488
118.474488
118.474488
118.474488
118.474488
118.474488
118.474488
118.474488
118.474488
118.474488
118.474488
118.474488
118.474488
118.474488
118.474488
118.474488
118.474488
118.474488
118.474128
118.474128
118.474128
118.474128
118.474128
118.474128
118.474128
118.474128
118.474128
118.474128
118.473114
118.473114
118.473114
118.473114
118.473114
118.473114
118.473114
118.473114
118.473114
118.473114
118.472982
118.472982
118.472982
118.472982
118.472982
118.472982
118.472982
118.472982
118.472982
118.472982
118.472982
118.472982
118.472982
118.472982
118.472982
118.472982
118.472982
118.472982
118.472982
118.472982
118.472982
118.472982
118.472982
118.472982
118.472982
118.472982
118.472982
118.472982
118.472982
118.472982
118.472982
118.472982
118.472982
118.472982
118.472982
118.472982
118.472982
118.472982
118.472982
118.472982
118.472365
118.472365
118.472365
118.472365
118.472365
118.472365
118.472365
118.472365
118.472365
118.472365
118.472310
118.472310
118.472310
118.472310
118.472310
118.472310
118.472310
118.472310
118.472310
118.472310
118.472233
118.472233
118.472233
118.472084
118.472084
118.472084
118.472084
118.472084
118.472084
118.472084
118.471328
118.471328
118.471328
118.471328
118.471328
118.471328
118.471328
118.471328
118.471107
118.471107
118.471107
118.471107
118.471107
118.471107
118.471107
118.471107
118.471107
118.471107
118.471107
118.471107
118.471065
118.471065
118.470257
118.470257
118.470257
118.470257
118.470257
118.470257
118.470257
118.470257
118.470257
118.470257
118.470257
118.469226
118.469226
118.469226
118.469226
118.469226
118.469226
118.469226
118.469226
118.469226
118.469226
118.469226
118.469226
118.469226
118.469226
118.469226
118.469226
118.469226
118.469138
118.469138
118.469138
118.469138
118.469138
118.469138
118.469138
118.469138
118.469138
118.469138
118.467954
118.467954
118.467954
118.467954
118.467954
118.467954
118.467954
118.467954
118.467954
118.467954
118.467954
118.467954
118.467954
118.467954
118.467954
118.467954
118.467954
118.467954
118.467954
118.467954
118.467954
118.467954
118.467954
118.467954
118.467954
118.467954
118.467954
118.467954
118.467954
118.467954
118.467952
118.467952
118.467952
118.467952
118.467952
118.467952
118.467952
118.467952
118.467952
118.467952
118.467952
118.467952
118.467952
118.467952
118.467952
118.467952
118.466201
118.466201
118.466201
118.466201
118.466201
118.466201
118.466201
118.466201
118.466201
118.466201
118.466201
118.466201
118.464518
118.464518
118.464518
118.464518
118.464518
118.464518
118.464518
118.464518
118.464518
118.464518
118.463745
118.463745
118.463745
118.463745
118.463745
118.463745
118.463745
118.463745
118.463745
118.463745
118.461958
118.461958
118.461958
118.461958
118.461958
118.461958
118.461958
118.461958
118.461958
118.461958
118.461609
118.461609
118.461609
118.461609
118.461609
118.461609
118.461609
118.461609
118.459427
118.459427
118.459427
118.459427
118.459427
118.459427
118.459427
118.459427
118.459427
118.459427
118.459427
118.459427
118.459427
118.459427
118.459427
118.459427
118.459427
118.459427
118.457302
118.457302
118.457302
118.457302
118.457302
118.457302
118.457302
118.457302
118.457302
118.457302
118.457302
118.457302
118.457302
118.457302
118.457302
118.457302
118.457302
118.457302
118.457302
118.457302
118.457302
118.457302
118.454910
118.454910
118.454910
118.454910
118.454910
118.454910
118.454910
118.454910
118.454910
118.454910
118.453281
118.453281
118.453281
118.453281
118.453281
118.453087
118.453087
118.453087
118.453087
118.453087
118.451269
118.451269
118.451269
118.451269
118.451269
118.451269
118.451269
118.451269
118.451269
118.451269
118.451269
118.451269
118.450723
118.450723
118.450723
118.450723
118.450723
118.450723
118.450723
118.450723
118.450126
118.450126
118.450126
118.450126
118.450126
118.450126
118.450126
118.450126
118.448383
118.448383
118.448383
118.448383
118.448383
118.448383
118.447848
118.447848
118.447848
118.447848
118.447848
118.447848
118.447848
118.447848
118.447848
118.447848
118.447848
118.447848
118.447848
118.447848
118.447848
118.447848
118.443873
118.443873
118.443873
118.443873
118.443873
118.443053
118.443053
118.443053
118.443053
118.443053
118.443053
118.443053
118.443053
118.443053
118.443053
118.443053
118.443053
118.443053
118.443053
118.443053
118.443053
118.443053
118.443053
118.443053
118.443053
118.443051
118.443051
118.443051
118.443051
118.443051
118.437877
118.437877
118.437877
118.437877
118.437877
118.437877
118.437877
118.437877
118.437877
118.437877
118.437840
118.437840
118.437840
118.437840
118.437840
118.437840
118.437840
118.437840
118.437840
118.437840
118.437840
118.437840
118.437840
118.437840
118.437840
118.437840
118.437840
118.437840
118.437840
118.437840
118.437840
118.437840
118.437840
118.437840
118.437840
118.431882
118.431882
118.431882
118.431882
118.431882
118.431882
118.431882
118.431882
118.431882
118.431882
118.431882
118.431882
118.431882
118.431882
118.431882
118.431882
118.431882
118.431882
118.431882
118.431882
118.431879
118.431879
118.431879
118.431879
118.431879
118.431879
118.431879
118.431879
118.431879
118.431879
118.431879
118.431879
118.431879
118.431879
118.431879
118.431794
118.431794
118.431794
118.431794
118.431794
118.429570
118.429570
118.429570
118.429570
118.429570
118.429570
118.429570
118.429570
118.429570
118.429570
118.429570
118.429570
118.429570
118.429570
118.429570
118.429570
118.429570
118.429570
118.429570
118.429570
118.429570
118.429570
118.429570
118.429570
118.429570
118.429570
118.429570
118.429570
118.429570
118.429570
118.429570
118.429570
118.429570
118.429570
118.429570
118.429570
118.429570
118.429570
118.429570
118.429570
118.429439
118.429439
118.429439
118.429439
118.429439
118.427714
118.427714
118.427714
118.427714
118.427714
118.427714
118.427714
118.427714
118.427714
118.427714
118.425752
118.425752
118.425752
118.425752
118.425752
118.425752
118.425752
118.425752
118.425752
118.425752
118.425751
118.425751
118.425751
118.425751
118.425751
118.425751
118.425751
118.425751
118.425751
118.425751
118.425751
118.425751
118.425751
118.425751
118.425751
118.425751
118.425751
118.425751
118.425751
118.425751
118.425751
118.425751
118.425751
118.425751
118.425751
118.425751
118.425751
118.425751
118.425751
118.425751
118.425751
118.425751
118.425751
118.425751
118.425751
118.425751
118.425751
118.425751
118.425751
118.425751
118.425751
118.425751
118.425751
118.425751
118.425751
118.425751
118.425751
118.425751
118.425751
118.425751
118.425751
118.425751
118.425751
118.425751
118.425751
118.425751
118.425751
118.425751
118.425751
118.425751
118.425751
118.425751
118.425543
118.425543
118.425543
118.424383
118.424383
118.424383
118.424383
118.424383
118.424383
118.424383
118.424383
118.424383
118.424383
118.423653
118.423653
118.423653
118.423653
118.423653
118.423653
118.423653
118.423653
118.423653
118.423653
118.423653
118.423653
118.423653
118.423653
118.423653
118.423653
118.423653
118.423653
118.423653
118.423653
118.422983
118.422983
118.422983
118.422983
118.422983
118.422983
118.422983
118.422983
118.422983
118.422983
118.422983
118.422983
118.422983
118.422983
118.422983
118.422983
118.422983
118.422983
118.422983
118.422983
118.422976
118.422976
118.422976
118.422976
118.422976
118.422976
118.422976
118.422976
118.422976
118.422976
118.422976
118.422976
118.422976
118.422976
118.422976
118.422976
118.422976
118.422933
118.422933
118.422933
118.422933
118.422933
118.422933
118.422933
118.422933
118.422849
118.422849
118.422849
118.422849
118.422849
118.422849
118.422849
118.422849
118.422849
118.422849
118.422849
118.422849
118.422849
118.422849
118.422849
118.422849
118.422849
118.422849
118.422849
118.422849
118.422849
118.422849
118.422849
118.422849
118.422849
118.422849
118.422849
118.422849
118.422849
118.422849
118.422849
118.422849
118.422849
118.422849
118.422849
118.422849
118.422849
118.422849
118.422849
118.422849
118.422849
118.422849
118.422849
118.422849
118.422849
118.422849
118.422849
118.422849
118.422849
118.422849
118.422849
118.422849
118.422849
118.422849
118.422849
118.422849
118.422849
118.422849
118.422849
118.422849
118.422849
118.422849
118.422849
118.422849
118.422849
118.422849
118.422849
118.422849
118.422849
118.422849
118.422848
118.422848
118.422848
118.422848
118.422848
118.422848
118.422848
118.422848
118.422783
118.422783
118.422783
118.422783
118.422783
118.422783
118.422783
118.422783
118.422783
118.422783
118.422783
118.422783
118.422783
118.422783
118.422783
118.422783
118.422774
118.422774
118.422774
118.422774
118.422774
118.422774
118.422774
118.422774
118.422774
118.422774
118.422768
118.422768
118.422768
118.422768
118.422768
118.422768
118.422768
118.422768
118.422768
118.422768
118.422768
118.422768
118.422768
118.422768
118.422768
118.422768
118.422768
118.422768
118.422768
118.422768
118.422768
118.422768
118.422768
118.422768
118.422746
118.422746
118.422746
118.422746
118.422746
118.422746
118.422746
118.422746
118.422746
118.422746
118.422746
118.422746
118.422746
118.422746
118.422746
118.422746
118.422746
118.422746
118.422746
118.422735
118.422735
118.422735
118.422725
118.422725
118.422725
118.422725
118.422725
118.422725
118.422725
118.422725
118.422651
118.422651
118.422651
118.422651
118.422651
118.422651
118.422651
118.422651
118.422651
118.422651
118.422651
118.422651
118.422651
118.422651
118.422651
118.422651
118.422651
118.422651
118.422651
118.422651
118.422651
118.422651
118.422651
118.422651
118.422651
118.422651
118.422651
118.422651
118.422651
118.422651
118.422651
118.422651
118.422651
118.422651
118.422651
118.422651
118.422651
118.422651
118.422651
118.422651
118.422651
118.422651
118.422651
118.422651
118.422651
118.422651
118.422618
118.422618
118.422618
118.422618
118.422618
118.422618
118.422618
118.422618
118.422618
118.422618
118.422618
118.422618
118.422618
118.422618
118.422574
118.422574
118.422574
118.422574
118.422574
118.422574
118.422556
118.422555
118.422555
118.422555
118.422555
118.422555
118.422555
118.422555
118.422555
118.422555
118.422555
118.422555
118.422555
118.422555
118.422555
118.422555
118.422555
118.422555
118.422481
118.422481
118.422481
118.422481
118.422481
118.422481
118.422481
118.422481
118.422481
118.422481
118.422481
118.422481
118.422481
118.422481
118.422481
118.422481
118.422481
118.422481
118.422481
118.422481
118.422481
118.422481
118.422481
118.422481
118.422396
118.422396
118.422396
118.422396
118.422396
118.422396
118.422294
118.422294
118.422294
118.422294
118.422294
118.422294
118.422294
118.422294
118.422294
118.422294
118.422294
118.422294
118.422294
118.422294
118.422294
118.422294
118.422294
118.422294
118.422294
118.422294
118.422294
118.422294
118.422294
118.422294
118.422220
118.422220
118.422220
118.422220
118.422220
118.422220
118.422220
118.422220
118.422220
118.422220
118.422220
118.422220
118.422220
118.422220
118.422220
118.422220
118.422220
118.422220
118.422220
118.422220
118.422220
118.422187
118.422165
118.422165
118.422165
118.422165
118.422165
118.422165
118.422165
118.422165
118.422165
118.422165
118.422165
118.422165
118.422165
118.422165
118.422165
118.422165
118.422165
118.422165
118.422165
118.422143
118.422143
118.422143
118.422143
118.422143
118.422143
118.422143
118.421980
118.421980
118.421980
118.421980
118.421980
118.421980
118.421980
118.421980
118.421980
118.421980
118.421911
118.421911
118.421911
118.421911
118.421911
118.421911
118.421911
118.421911
118.421911
118.421911
118.421911
118.421911
118.421911
118.421911
118.421911
118.421911
118.421911
118.421911
118.421911
118.421911
118.421911
118.421911
118.421911
118.421911
118.421911
118.421911
118.421911
118.421911
118.421911
118.421911
118.421911
118.421911
118.421911
118.421911
118.421911
118.421911
118.421911
118.421911
118.421911
118.421911
118.421911
118.421911
118.421911
118.421911
118.421911
118.421911
118.421911
118.421911
118.421911
118.421911
118.421911
118.421911
118.421911
118.421911
118.421911
118.421911
118.421911
118.421911
118.421911
118.421911
118.421911
118.421911
118.421911
118.421911
118.421911
118.421911
118.421911
118.421911
118.421911
118.421911
118.421911
118.421911
118.421911
118.421911
118.421911
118.421911
118.421911
118.421911
118.421911
118.421911
118.421911
118.421911
118.421911
118.421911
118.421911
118.421911
118.421911
118.421911
118.421894
118.421894
118.421894
118.421894
118.421894
118.421894
118.421838
118.421838
118.421838
118.421838
118.421838
118.421838
118.421838
118.421838
118.421838
118.421838
118.421838
118.421838
118.421838
118.421838
118.421838
118.421838
118.421838
118.421838
118.421804
118.421804
118.421804
118.421804
118.421804
118.421804
118.421741
118.421741
118.421741
118.421741
118.421741
118.421741
118.421741
118.421741
118.421741
118.421741
118.421741
118.421741
118.421741
118.421741
118.421741
118.421741
118.421741
118.421741
118.421741
118.421741
118.421741
118.421741
118.421741
118.421741
118.421741
118.421741
118.421741
118.421741
118.421741
118.421741
118.421741
118.421741
118.421741
118.421741
118.421741
118.421741
118.421741
118.421741
118.421741
118.421741
118.421741
118.421741
118.421741
118.421741
118.421741
118.421741
118.421741
118.421741
118.421741
118.421741
118.421727
118.421727
118.421727
118.421727
118.421727
118.421727
118.421727
118.421727
118.421727
118.421727
118.421727
118.421727
118.421727
118.421727
118.421727
118.421727
118.421721
118.421721
118.421721
118.421721
118.421721
118.421721
118.421721
118.421721
118.421651
118.421651
118.421651
118.421651
118.421651
118.421651
118.421651
118.421651
118.421651
118.421651
118.421651
118.421651
118.421651
118.421651
118.421651
118.421651
118.421651
118.421651
118.421651
118.421651
118.421650
118.421650
118.421650
118.421650
118.421650
118.421650
118.421650
118.421650
118.421650
118.421650
118.421650
118.421650
118.421650
118.421650
118.421650
118.421650
118.421650
118.421650
118.421650
118.421650
118.421650
118.421650
118.421650
118.421650
118.421650
118.421650
118.421650
118.421650
118.421650
118.421650
118.421649
118.421649
118.421649
118.421649
118.421649
118.421649
118.421649
118.421649
118.421649
118.421649
118.421649
118.421649
118.421649
118.421649
118.421649
118.421649
118.421649
118.421649
118.421649
118.421572
118.421572
118.421572
118.421572
118.421572
118.421572
118.421572
118.421572
118.421572
118.421572
118.421572
118.421572
118.421572
118.421572
118.421572
118.421572
118.421572
118.421572
118.421572
118.421572
118.421572
118.421572
118.421572
118.421572
118.421572
118.421572
118.421572
118.421572
118.421572
118.421572
118.421572
118.421572
118.421572
118.421572
118.421572
118.421572
118.421572
118.421572
118.421572
118.421572
118.421572
118.421572
118.421572
118.421572
118.421572
118.421572
118.421572
118.421572
118.421572
118.421572
118.421572
118.421572
118.421572
118.421572
118.421572
118.421572
118.421572
118.421572
118.421572
118.421572
118.421572
118.421572
118.421572
118.421572
118.421572
118.421572
118.421572
118.421572
118.421572
118.421572
118.421505
118.421505
118.421505
118.421505
118.421505
118.421505
118.421505
118.421505
118.421505
118.421505
118.421505
118.421505
118.421505
118.421505
118.421505
118.421505
118.421505
118.421505
118.421505
118.421505
118.421505
118.421505
118.421505
118.421386
118.421386
118.421386
118.421386
118.421386
118.421386
118.421386
118.421386
118.421386
118.421386
118.421386
118.421386
118.421386
118.421386
118.421386
118.421386
118.421386
118.421386
118.421386
118.421386
118.421285
118.421285
118.421285
118.421285
118.421285
118.421285
118.421285
118.421285
118.421285
118.421285
118.421285
118.421285
118.421285
118.421285
118.421285
118.421285
118.421285
118.421285
118.421123
118.421123
118.421123
118.421123
118.421123
118.421123
118.421123
118.421123
118.421123
118.421123
118.421123
118.421123
118.421123
118.421123
118.421123
118.421123
118.421123
118.421123
118.421123
118.421123
118.421123
118.421123
118.421123
118.421123
118.421123
118.421123
118.421123
118.421123
118.421027
118.421027
118.420975
118.420975
118.420975
118.420975
118.420975
118.420975
118.420975
118.420975
118.420975
118.420975
118.420815
118.420815
118.420815
118.420815
118.420815
118.420815
118.420815
118.420815
118.420815
118.420815
118.420815
118.420815
118.420815
118.420815
118.420815
118.420815
118.420815
118.420815
118.420642
118.420642
118.420642
118.420642
118.420642
118.420642
118.420642
118.420642
118.420642
118.420642
118.420476
118.420476
118.420476
118.420476
118.420476
118.420476
118.420476
118.420476
118.420476
118.420476
118.420476
118.420476
118.420319
118.420319
118.420319
118.420319
118.420319
118.420319
118.420319
118.420319
118.420319
118.420319
118.420319
118.420319
118.420319
118.420319
118.419978
118.419978
118.419978
118.419978
118.419978
118.419978
118.419978
118.419978
118.419978
118.419978
118.419978
118.419978
118.419978
118.419978
118.419978
118.419978
118.419978
118.419978
118.419978
118.419978
118.419978
118.419978
118.419978
118.419978
118.419978
118.419978
118.419978
118.419978
118.419978
118.419978
118.419700
118.419700
118.419700
118.419700
118.419700
118.419700
118.419700
118.419700
118.419700
118.419700
118.419700
118.419700
118.419700
118.419700
118.419700
118.419700
118.419700
118.419700
118.419700
118.419700
118.419700
118.419700
118.419700
118.419700
118.419700
118.419700
118.419700
118.419632
118.419631
118.419631
118.419631
118.419631
118.419631
118.419631
118.419613
118.419613
118.419613
118.419613
118.419613
118.419613
118.419613
118.419613
118.419613
118.419613
118.419613
118.419613
118.419613
118.419613
118.419613
118.419613
118.419613
118.419613
118.419613
118.419613
118.419613
118.419613
118.419613
118.419581
118.419581
118.419581
118.419581
118.419581
118.419581
118.419581
118.419131
118.419131
118.419131
118.419131
118.419131
118.419131
118.419131
118.419131
118.419131
118.419131
118.419120
118.418802
118.418802
118.418802
118.418802
118.418802
118.418802
118.418802
118.418598
118.418598
118.418598
118.418598
118.418598
118.418598
118.418598
118.418598
118.418598
118.418598
118.418598
118.418598
118.418598
118.418598
118.418598
118.418598
118.418598
118.418598
118.418598
118.418598
118.418598
118.418598
118.418598
118.418598
118.418598
118.418439
118.418439
118.418439
118.418439
118.418439
118.418439
118.418439
118.418439
118.418439
118.418439
118.418439
118.418439
118.418439
118.418439
118.418439
118.418439
118.418439
118.418439
118.418439
118.418439
118.418439
118.418439
118.418439
118.418439
118.418439
118.418439
118.418439
118.418439
118.418439
118.418439
118.418439
118.418439
118.418439
118.418439
118.418439
118.418439
118.418439
118.418439
118.418253
118.418253
118.418253
118.418253
118.418253
118.418253
118.418253
118.418253
118.418253
118.418253
118.418199
118.418199
118.418199
118.418199
118.418199
118.418199
118.418199
118.418199
118.418199
118.418199
118.417867
118.417867
118.417867
118.417867
118.417867
118.417867
118.417867
118.417867
118.417867
118.417867
118.417867
118.417867
118.417867
118.417867
118.417867
118.417867
118.417867
118.417262
118.417262
118.417262
118.417262
118.417262
118.417262
118.417262
118.417262
118.417262
118.417262
118.417262
118.417262
118.417262
118.417262
118.416969
118.416969
118.416969
118.416969
118.416969
118.416969
118.416969
118.416969
118.416969
118.416969
118.416969
118.416969
118.416969
118.416969
118.416969
118.416969
118.416969
118.416969
118.416969
118.416969
118.416969
118.416969
118.416969
118.416969
118.416969
118.416969
118.416969
118.416969
118.416969
118.416969
118.416969
118.416969
118.416969
118.416969
118.416969
118.416969
118.416588
118.416588
118.416588
118.416588
118.416588
118.416588
118.416588
118.416588
118.416588
118.416588
118.416588
118.416588
118.416588
118.416440
118.416440
118.416440
118.416440
118.416440
118.416440
118.416440
118.416440
118.416440
118.416440
118.416440
118.416440
118.416440
118.416440
118.416440
118.416440
118.416440
118.416440
118.416440
118.416370
118.416370
118.416370
118.416370
118.416370
118.416370
118.416370
118.416370
118.415958
118.415958
118.415958
118.415911
118.415911
118.415911
118.415911
118.415911
118.415911
118.415911
118.415911
118.415911
118.415911
118.415911
118.415911
118.415911
118.415911
118.415911
118.415911
118.415911
118.415911
118.415911
118.415911
118.415911
118.415911
118.415911
118.415728
118.415728
118.415728
118.415728
118.415728
118.415728
118.415728
118.415728
118.415728
118.415728
118.415728
118.415728
118.415728
118.415728
118.415728
118.415728
118.415728
118.415728
118.415728
118.415728
118.415682
118.415682
118.415682
118.415682
118.415682
118.415682
118.415682
118.415682
118.415682
118.415682
118.415682
118.415682
118.415682
118.415682
118.415682
118.415682
118.415682
118.415682
118.415682
118.415682
118.415682
118.415682
118.415682
118.415682
118.415682
118.415682
118.415682
118.415682
118.415682
118.415682
118.415682
118.415682
118.415682
118.415682
118.415682
118.415682
118.415682
118.415682
118.415682
118.415682
118.415682
118.415682
118.415682
118.415682
118.415682
118.415682
118.415682
118.415682
118.415682
118.415682
118.415682
118.415682
118.415682
118.415682
118.415682
118.415682
118.415682
118.415682
118.415682
118.415682
118.415630
118.415630
118.415630
118.415630
118.415630
118.415630
118.415630
118.415630
118.415630
118.415630
118.415630
118.415630
118.415630
118.415630
118.415272
118.415272
118.415272
118.415272
118.415272
118.415272
118.415272
118.415272
118.415272
118.415272
118.415272
118.415272
118.415272
118.415272
118.415272
118.415272
118.415132
118.415132
118.415132
118.415132
118.415132
118.415132
118.415132
118.415132
118.415132
118.415132
118.415132
118.415132
118.415132
118.415132
118.415132
118.415132
118.415132
118.415132
118.415132
118.415132
118.415132
118.415132
118.415132
118.415132
118.415132
118.415132
118.415132
118.415132
118.415132
118.415132
118.415132
118.415132
118.415132
118.415132
118.415132
118.415132
118.415132
118.415132
118.415132
118.414939
118.414939
118.414939
118.414939
118.414939
118.414894
118.414894
118.414894
118.414894
118.414894
118.414894
118.414894
118.414894
118.414894
118.414894
118.414894
118.414894
118.414894
118.414894
118.414894
118.414648
118.414648
118.414648
118.414648
118.414648
118.414648
118.414648
118.414648
118.414648
118.414648
118.414492
118.414492
118.414492
118.414492
118.414492
118.414492
118.414492
118.414492
118.414492
118.414492
118.414492
118.414492
118.414492
118.414492
118.414492
118.414492
118.414492
118.414492
118.414492
118.414492
118.414492
118.414492
118.414492
118.414492
118.414492
118.414492
118.414492
118.414492
118.414492
118.414492
118.414388
118.414388
118.414388
118.414388
118.414388
118.414388
118.414388
118.414388
118.414388
118.414388
118.414388
118.414388
118.414388
118.414388
118.414388
118.414388
118.414388
118.414255
118.414255
118.414255
118.414255
118.414255
118.414255
118.414255
118.414255
118.414255
118.414255
118.413829
118.413829
118.413829
118.413829
118.413829
118.413829
118.413829
118.413829
118.413829
118.413829
118.413621
118.413621
118.413621
118.413621
118.413621
118.413621
118.413621
118.413621
118.413621
118.413621
118.413621
118.413621
118.413621
118.413621
118.413621
118.413621
118.413621
118.413621
118.413621
118.413621
118.412284
118.412284
118.412284
118.412284
118.412284
118.412284
118.411796
118.411796
118.411796
118.411796
118.411796
118.411796
118.411796
118.411796
118.411796
118.411796
118.411796
118.411796
118.411796
118.411796
118.411796
118.411796
118.411796
118.411796
118.411796
118.411796
118.411796
118.411796
118.411796
118.411796
118.411796
118.411796
118.411796
118.411796
118.411796
118.411796
118.411796
118.411796
118.411796
118.411796
118.411796
118.411796
118.411796
118.411796
118.411796
118.411796
118.411796
118.411796
118.411796
118.411796
118.411796
118.411796
118.411796
118.411796
118.411796
118.411796
118.411796
118.411796
118.411796
118.411796
118.411796
118.411796
118.411796
118.411796
118.411796
118.411796
118.411796
118.411796
118.411796
118.411796
118.411796
118.411796
118.411796
118.411796
118.411796
118.411796
118.411796
118.411796
118.411796
118.411796
118.411796
118.410851
118.410851
118.410851
118.410851
118.410851
118.410590
118.410590
118.410590
118.410590
118.410590
118.410590
118.410590
118.410590
118.410590
118.410590
118.410590
118.410590
118.410590
118.410590
118.410590
118.410590
118.410590
118.410590
118.410590
118.410590
118.410590
118.410590
118.410590
118.410590
118.410590
118.410590
118.410590
118.410590
118.410590
118.410590
118.410590
118.410590
118.410590
118.410590
118.410590
118.410590
118.410590
118.410590
118.410590
118.410590
118.410590
118.410590
118.410590
118.410590
118.410590
118.410590
118.410590
118.410590
118.410590
118.410590
118.410590
118.410590
118.410590
118.410590
118.410590
118.410590
118.410590
118.410590
118.410590
118.410590
118.409632
118.409632
118.409632
118.409632
118.409632
118.409632
118.409632
118.409632
118.409632
118.409632
118.409632
118.409632
118.409632
118.409632
118.409632
118.409632
118.409632
118.409632
118.409632
118.409632
118.409632
118.409632
118.409336
118.409336
118.409336
118.409336
118.409336
118.409336
118.409336
118.409336
118.409336
118.409336
118.409336
118.409336
118.409336
118.409328
118.409328
118.409328
118.409328
118.409328
118.409328
118.409328
118.409328
118.409328
118.409328
118.409328
118.409328
118.408313
118.408313
118.408313
118.408313
118.408313
118.407949
118.407949
118.407949
118.407949
118.407949
118.407949
118.407949
118.407949
118.407949
118.407949
118.407949
118.407949
118.407949
118.407949
118.407949
118.407137
118.407137
118.407137
118.407137
118.407137
118.406022
118.406022
118.406022
118.406022
118.406022
118.406022
118.406022
118.406022
118.406022
118.406022
118.406022
118.406022
118.406022
118.406022
118.406022
118.406022
118.406022
118.406022
118.406022
118.406022
118.406022
118.406022
118.406022
118.406022
118.406022
118.406022
118.406022
118.406022
118.406022
118.406022
118.406022
118.406022
118.406022
118.406022
118.406022
118.406022
118.405244
118.405244
118.405244
118.405244
118.405244
118.405244
118.405244
118.405244
118.405244
118.405244
118.405244
118.405244
118.405244
118.405244
118.405244
118.405244
118.405244
118.405244
118.405244
118.405244
118.403769
118.403769
118.403769
118.403769
118.403769
118.403769
118.403769
118.403769
118.403769
118.403769
118.403769
118.403769
118.403769
118.403769
118.403769
118.403769
118.403769
118.403769
118.403769
118.403769
118.403769
118.403769
118.403769
118.403769
118.403680
118.403680
118.403680
118.403680
118.403680
118.403680
118.403680
118.403680
118.403680
118.403680
118.403680
118.403680
118.403680
118.403680
118.403680
118.403680
118.403680
118.403680
118.403680
118.403680
118.403680
118.403680
118.403680
118.403680
118.403680
118.403680
118.403680
118.403680
118.403680
118.403680
118.403680
118.403680
118.403680
118.403680
118.403680
118.403680
118.403680
118.403680
118.403680
118.403680
118.403680
118.403680
118.403680
118.403680
118.403680
118.403680
118.402334
118.402334
118.402334
118.402334
118.402334
118.402334
118.402334
118.402334
118.402334
118.402334
118.402334
118.402334
118.402334
118.402334
118.402334
118.402334
118.402334
118.402334
118.402334
118.402334
118.402334
118.402334
118.402095
118.402095
118.402095
118.402095
118.402095
118.402095
118.402095
118.402095
118.402095
118.402095
118.402095
118.402095
118.402095
118.402095
118.402095
118.402095
118.402095
118.402095
118.402095
118.402095
118.402095
118.402095
118.402095
118.402095
118.402095
118.402095
118.402095
118.402095
118.402095
118.402095
118.402095
118.402095
118.402095
118.402095
118.402095
118.401146
118.401146
118.401146
118.401146
118.401146
118.401146
118.401146
118.401146
118.401146
118.401146
118.401146
118.401146
118.401146
118.401146
118.401146
118.401146
118.401146
118.401146
118.401146
118.401146
118.401146
118.401146
118.401146
118.401146
118.401146
118.400715
118.400715
118.400715
118.400715
118.400715
118.398352
118.398352
118.398352
118.398352
118.398352
118.398352
118.398352
118.398352
118.398352
118.397905
118.397905
118.397905
118.397905
118.397905
118.397905
118.397905
118.397905
118.397905
118.397905
118.397905
118.397905
118.397905
118.397905
118.397905
118.397905
118.397905
118.397905
118.397905
118.397905
118.397905
118.397905
118.397905
118.397905
118.397905
118.397905
118.397905
118.397905
118.397905
118.397905
118.397905
118.397905
118.396823
118.396823
118.396823
118.396823
118.395755
118.395755
118.395755
118.395755
118.395755
118.395755
118.395755
118.395755
118.395755
118.395755
118.395755
118.395755
118.395755
118.395755
118.395755
118.395755
118.394017
118.394017
118.394017
118.394017
118.394017
118.394017
118.394017
118.394017
118.394017
118.394017
118.391346
118.391346
118.391346
118.391346
118.391346
118.391346
118.391346
118.391346
118.391346
118.391346
118.390031
118.390031
118.390031
118.390031
118.390031
118.390031
118.390031
118.390031
118.390031
118.390031
118.390031
118.390031
118.390031
118.390031
118.390031
118.390031
118.390031
118.390031
118.390031
118.390031
118.390031
118.390031
118.390031
118.390031
118.390031
118.390031
118.390031
118.390031
118.390031
118.390031
118.390031
118.390031
118.390031
118.390031
118.390031
118.390031
118.390031
118.390031
118.390031
118.390031
118.390031
118.390031
118.390031
118.390031
118.390031
118.390031
118.390031
118.390031
118.390031
118.390031
118.390031
118.390031
118.390031
118.390031
118.390031
118.390031
118.390031
118.390031
118.390031
118.390031
118.390031
118.390031
118.390031
118.390031
118.390031
118.390031
118.390031
118.390031
118.390031
118.390031
118.390031
118.390031
118.390031
118.390031
118.390031
118.390031
118.388394
118.388394
118.388394
118.388394
118.388394
118.388394
118.388394
118.388394
118.388394
118.388394
118.388394
118.388394
118.388394
118.388394
118.387717
118.387717
118.387717
118.387717
118.387717
118.387717
118.387717
118.387717
118.387717
118.387717
118.387717
118.387717
118.387717
118.387717
118.387717
118.387717
118.387717
118.387717
118.387717
118.387717
118.387717
118.387717
118.387717
118.387717
118.387717
118.387717
118.387717
118.387717
118.387717
118.387717
118.387717
118.387717
118.387717
118.387717
118.386369
118.386369
118.386369
118.386369
118.386369
118.386369
118.386369
118.386369
118.386369
118.386369
118.386369
118.386369
118.386369
118.386369
118.386369
118.386369
118.386369
118.386369
118.386369
118.386369
118.386369
118.386369
118.386369
118.386369
118.386369
118.386369
118.385130
118.385130
118.385130
118.385130
118.385130
118.385130
118.385130
118.385130
118.385130
118.385130
118.385130
118.385130
118.385130
118.385130
118.385130
118.385130
118.384512
118.384512
118.384512
118.384512
118.384512
118.384512
118.384512
118.384512
118.384512
118.384512
118.384512
118.384512
118.384512
118.384512
118.383305
118.383305
118.383305
118.383305
118.383305
118.383305
118.383305
118.383305
118.383305
118.383305
118.383305
118.383305
118.383305
118.383305
118.383305
118.383305
118.383305
118.383305
118.383305
118.383305
118.383305
118.383305
118.383305
118.383305
118.383305
118.383305
118.383305
118.383305
118.383305
118.383305
118.383305
118.383246
118.383246
118.383246
118.383246
118.383246
118.383246
118.383246
118.383246
118.383246
118.383246
118.383246
118.383246
118.383246
118.383239
118.383239
118.383235
118.383235
118.383235
118.383235
118.383235
118.383235
118.383235
118.383235
118.383235
118.383235
118.383235
118.383235
118.383235
118.383235
118.383235
118.383235
118.383235
118.383235
118.383235
118.383235
118.383235
118.383235
118.383235
118.383235
118.383235
118.383235
118.383235
118.383235
118.383235
118.383235
118.383235
118.383235
118.383235
118.383235
118.383235
118.383235
118.383235
118.383235
118.383235
118.383235
118.383235
118.383235
118.383235
118.383235
118.383235
118.383235
118.383235
118.383235
118.383235
118.383235
118.383235
118.383235
118.383235
118.383235
118.383235
118.383235
118.383235
118.383235
118.383235
118.383235
118.383235
118.383235
118.383235
118.383235
118.383235
118.383235
118.383235
118.383235
118.383235
118.383235
118.383235
118.383235
118.383235
118.383235
118.383235
118.383235
118.383235
118.383235
118.383235
118.383235
118.383235
118.383235
118.383235
118.383235
118.383235
118.383235
118.383235
118.383235
118.383235
118.383235
118.383235
118.383235
118.383235
118.383235
118.383235
118.383235
118.383235
118.383235
118.383235
118.383235
118.383235
118.383235
118.383235
118.383235
118.383235
118.383235
118.383235
118.383235
118.383235
118.383235
118.383235
118.383235
118.383235
118.383235
118.383235
118.383235
118.383235
118.383235
118.383235
118.383235
118.383235
118.383235
118.383235
118.383235
118.383235
118.383235
118.383235
118.383235
118.383235
118.383235
118.383234
118.383234
118.383234
118.383234
118.383234
118.383234
118.383234
118.383234
118.383234
118.383234
118.383234
118.383234
118.383234
118.383234
118.383234
118.383234
118.383234
118.383234
118.383234
118.383234
118.383234
118.383234
118.383234
118.383234
118.383234
118.383234
118.383234
118.383234
118.383234
118.383234
118.383234
118.383234
118.383234
118.383234
118.383234
118.383234
118.383234
118.383234
118.383234
118.383234
118.383234
118.383234
118.383234
118.383234
118.383234
118.383234
118.383234
118.383234
118.383234
118.383234
118.383234
118.383234
118.383234
118.383234
118.383234
118.383234
118.383234
118.383234
118.383234
118.383234
118.383234
118.383234
118.383234
118.383234
118.383234
118.383234
118.383234
118.383234
118.383234
118.383234
118.383234
118.383234
118.383234
118.383234
118.383234
118.383234
118.383234
118.383234
118.383234
118.383234
118.383234
118.383234
118.383234
118.383234
118.383234
118.383234
118.383234
118.383234
118.383234
118.383234
118.383234
118.383234
118.383234
118.383234
118.383234
118.383234
118.383234
118.383234
118.383234
118.383234
118.383234
118.383234
118.383234
118.383234
118.383234
118.383234
118.383234
118.383234
118.383234
118.383234
118.383234
118.383234
118.383234
118.383234
118.383234
118.383234
118.383234
118.383234
118.383234
118.383234
118.383234
118.383234
118.383234
118.383234
118.383234
118.383234
118.383234
118.383234
118.383234
118.383234
118.383234
118.383234
118.383234
118.383234
118.383234
118.383234
118.383234
118.383234
118.383234
118.383234
118.383234
118.383234
118.383234
118.383234
118.383234
118.383234
118.383234
118.383234
118.383234
118.383234
118.383234
118.383234
118.383234
118.383234
118.383234
118.383234
118.383234
118.383234
118.383234
118.383234
118.383234
118.383234
118.383234
118.383234
118.383234
118.383234
118.383234
118.383234
118.383234
118.383234
118.383234
118.383234
118.383234
118.383234
118.383234
118.383234
118.383234
118.383234
118.383234
118.383234
118.383234
118.383234
118.383234
118.383234
118.383234
118.383234
118.383234
118.383234
118.383234
118.383234
118.383234
118.383234
118.383234
118.383234
118.383234
118.383234
118.383234
118.383234
118.383234
118.383234
118.383234
118.383234
118.383234
118.383234
118.383234
118.383234
118.383234
118.383234
118.383234
118.383234
118.383234
118.383234
118.383234
118.383234
118.383234
118.383234
118.383234
118.383234
118.383234
118.383234
118.383234
118.383234
118.383234
118.383234
118.383234
118.383234
118.383234
118.383234
118.383234
118.383234
118.383234
118.383234
118.383234
118.383234
118.383234
118.383234
118.383234
118.383234
118.383234
118.383234
118.383234
118.383234
118.383234
118.383234
118.383234
118.383234
118.383234
118.383234
118.383234
118.383234
118.383234
118.383234
118.383234
118.383234
118.383234
118.383234
118.383234
118.383234
118.383234
118.383234
118.383234
118.383234
118.383234
118.383234
118.383234
118.383234
118.383234
118.383234
118.383234
118.383234
118.383234
118.383234
118.383234
118.383234
118.383234
118.383234
118.383234
118.383234
118.383234
118.383234
118.383234
118.383234
118.383234
118.383234
118.383234
118.383234
118.383234
118.383234
118.383234
118.383234
118.383234
118.383234
118.383234
118.383234
118.383234
118.383234
118.383234
118.383234
118.383234
118.383234
118.383234
118.383234
118.383234
118.383234
118.383234
118.383234
118.383234
118.383234
118.383234
118.383234
118.383234
118.383234
118.383234
118.383234
118.383234
118.383234
118.383234
118.383234
118.383234
118.383234
118.383234
118.383234
118.383234
118.383234
118.383234
118.383234
118.383234
118.383234
118.383234
118.383234
118.383234
118.383234
118.383234
118.383234
118.383234
118.383234
118.383234
118.383234
118.383234
118.383234
118.383234
118.383234
118.383234
118.383234
118.383234
118.383234
118.383234
118.383234
118.383234
118.383234
118.383234
118.383234
118.383234
118.383234
118.383234
118.383234
118.383234
118.383234
118.383234
118.383234
118.383234
118.383234
118.383234
118.383234
118.383234
118.383234
118.383234
118.383234
118.383234
118.383234
118.383234
118.383234
118.383234
118.383234
118.383234
118.383234
118.383234
118.383234
118.383234
118.383234
118.383234
118.383234
118.383234
118.383234
118.383234
118.383234
118.383234
118.383234
118.383234
118.383234
118.383234
118.383234
118.383234
118.383234
118.383234
118.383234
118.383234
118.383234
118.383234
118.383234
118.383234
118.383234
118.383234
118.383234
118.383234
118.383234
118.383234
118.383234
118.383234
118.383234
118.383234
118.383234
118.383234
118.383234
118.383234
118.383234
118.383234
118.383234
118.383234
118.383234
118.383234
118.383234
118.383234
118.383234
118.383234
118.383234
118.383234
118.383234
118.383234
118.383234
118.383234
118.383234
118.383234
118.383234
118.383234
118.383234
118.383234
118.383234
118.383234
118.383234
118.383234
118.383234
118.383234
118.383234
118.383234
118.383234
118.383234
118.383234
118.383234
118.383234
118.383234
118.383234
118.383234
118.383234
118.383234
118.383234
118.383234
118.383234
118.383234
118.383234
118.383234
118.383234
118.383234
118.383234
118.383234
118.383234
118.383234
118.383234
118.383234
118.383234
118.383234
118.383234
118.383234
118.383234
118.383234
118.383234
118.383234
118.383234
118.383234
118.383234
118.383234
118.383234
118.383234
118.383234
118.383234
118.383234
118.383234
118.383234
118.383234
118.383234
118.383234
118.383234
118.383234
118.383234
118.383234
118.383234
118.383234
118.383234
118.383234
118.383234
118.383234
118.383234
118.383234
118.383234
118.383234
118.383234
118.383234
118.383234
118.383234
118.383234
118.383234
118.383234
118.383234
118.383234
118.383234
118.383234
118.383234
118.383234
118.383234
118.383234
118.383234
118.383234
118.383234
118.383234
118.383234
118.383234
118.383234
118.383234
118.383234
118.383234
118.383234
118.383234
118.383234
118.383234
118.383234
118.383234
118.383234
118.383234
118.383234
118.383234
118.383234
118.383234
118.383234
118.383234
118.383234
118.383234
118.383234
118.383234
118.383234
118.383234
118.383234
118.383234
118.383234
118.383234
118.383234
118.383234
118.383234
118.383234
118.383234
118.383234
118.383234
118.383234
118.383234
118.383234
118.383234
118.383234
118.383234
118.383234
118.383234
118.383234
118.383234
118.383234
118.383234
118.383234
118.383234
118.383234
118.383234
118.383234
118.383234
118.383234
118.383234
118.383234
118.383234
118.383234
118.383234
118.383234
118.383234
118.383234
118.383234
118.383234
118.383234
118.383234
118.383234
118.383234
118.383234
118.383234
118.383234
118.383234
118.383234
118.383234
118.383234
118.383234
118.383234
118.383234
118.383234
118.383234
118.383234
118.383234
118.383234
118.383234
118.383234
118.383234
118.383234
118.383234
118.383234
118.383234
118.383234
118.383234
118.383234
118.383234
118.383234
118.383234
118.383234
118.383234
118.383234
118.383234
118.383234
118.383234
118.383234
118.383234
118.383234
118.383234
118.383234
118.383234
118.383234
118.383234
118.383234
118.383234
118.383234
118.383234
118.383234
118.383234
118.383234
118.383234
118.383234
118.383234
118.383234
118.383234
118.383234
118.383234
118.383234
118.383234
118.383234
118.383234
118.383234
118.383234
118.383234
118.383234
118.383234
118.383234
118.383234
118.383234
118.383234
118.383234
118.383234
118.383234
118.383234
118.383234
118.383234
118.383234
118.383234
118.383234
118.383234
118.383234
118.383234
118.383234
118.383234
118.383234
118.383234
118.383234
118.383234
118.383234
118.383234
118.383234
118.383234
118.383234
118.383234
118.383234
118.383234
118.383234
118.383234
118.383234
118.383234
118.383234
118.383234
118.383234
118.383234
118.383234
118.383234
118.383234
118.383234
118.383234
118.383234
118.383234
118.383234
118.383234
118.383234
118.383234
118.383234
118.383234
118.383234
118.383234
118.383234
118.383234
118.383234
118.383234
118.383234
118.383234
118.383234
118.383234
118.383234
118.383234
118.383234
118.383234
118.383234
118.383234
118.383234
118.383234
118.383234
118.383234
118.383234
118.383234
118.383234
118.383234
118.383234
118.383234
118.383234
118.383234
118.383234
118.383234
118.383234
118.383234
118.383234
118.383234
118.383234
118.383234
118.383234
118.383234
118.383234
118.383234
118.383234
118.383234
118.383234
118.383234
118.383234
118.383234
118.383234
118.383234
118.383234
118.383234
118.383234
118.383234
118.383234
118.383234
118.383234
118.383234
118.383234
118.383234
118.383234
118.383234
118.383234
118.383234
118.383234
118.383234
118.383234
118.383234
118.383234
118.383234
118.383234
118.383234
118.383234
118.383234
118.383234
118.383234
118.383234
118.383234
118.383234
118.383234
118.383234
118.383234
118.383234
118.383234
118.383234
118.383234
118.383234
118.383234
118.383234
118.383234
118.383234
118.383234
118.383234
118.383234
118.383234
118.383234
118.383234
118.383234
118.383234
118.383234
118.383234
118.383234
118.383234
118.383234
118.383234
118.383234
118.383234
118.383234
118.383234
118.383234
118.383234
118.383234
118.383234
118.383234
118.383234
118.383234
118.383234
118.383234
118.383234
118.383234
118.383234
118.383234
118.383234
118.383234
118.383234
118.383234
118.383234
118.383234
118.383234
118.383234
118.383234
118.383234
118.383234
118.383234
118.383234
118.383234
118.383234
118.383234
118.383234
118.383234
118.383234
118.383234
118.383234
118.383234
118.383234
118.383234
118.383234
118.383234
118.383234
118.383234
118.383234
118.383234
118.383234
118.383234
118.383234
118.383234
118.383234
118.383234
118.383234
118.383234
118.383234
118.383234
118.383234
118.383234
118.383234
118.383234
118.383234
118.383234
118.383234
118.383234
118.383234
118.383234
118.383234
118.383234
118.383234
118.383234
118.383234
118.383234
118.383234
118.383234
118.383234
118.383234
118.383234
118.383234
118.383233
118.383233
118.383233
118.383233
118.383233
118.383233
118.383233
118.383233
118.383233
118.383233
118.383233
118.383233
118.383233
118.383233
118.383233
118.383233
118.383233
118.383233
118.383233
118.383233
118.383233
118.383233
118.383233
118.383233
118.383233
118.383233
118.383233
118.383233
118.383233
118.383233
118.383233
118.383233
118.383233
118.383233
118.383233
118.383233
118.383233
118.383233
118.383233
118.383233
118.383233
118.383233
118.383233
118.383233
118.383233
118.383233
118.383233
118.383233
118.383233
118.383233
118.383233
118.383233
118.383233
118.383233
118.383233
118.383233
118.383233
118.383233
118.383233
118.383233
118.383233
118.383233
118.383233
118.383233
118.383233
118.383233
118.383233
118.383233
118.383233
118.383233
118.383233
118.383233
118.383233
118.383233
118.383233
118.383233
118.383233
118.383233
118.383233
118.383233
118.383233
118.383233
118.383233
118.383233
118.383233
118.383233
118.383233
118.383233
118.383233
118.383233
118.383233
118.383233
118.383233
118.383233
118.383233
118.383233
118.383233
118.383233
118.383233
118.383233
118.383233
118.383233
118.383233
118.383233
118.383233
118.383233
118.383233
118.383233
118.383233
118.383233
118.383233
118.383233
118.383233
118.383233
118.383233
118.383233
118.383233
118.383233
118.383233
118.383233
118.383233
118.383233
118.383233
118.383233
118.383233
118.383233
118.383233
118.383233
118.383233
118.383233
118.383233
118.383233
118.383233
118.383233
118.383233
118.383233
118.383233
118.383233
118.383233
118.383233
118.383233
118.383233
118.383233
118.383233
118.383233
118.383233
118.383233
118.383233
118.383233
118.383233
118.383233
118.383233
118.383233
118.383233
118.383233
118.383233
118.383233
118.383233
118.383233
118.383233
118.383233
118.383233
118.383233
118.383233
118.383233
118.383233
118.383233
118.383233
118.383233
118.383233
118.383233
118.383233
118.383233
118.383233
118.383233
118.383233
118.383233
118.383233
118.383233
118.383233
118.383233
118.383233
118.383233
118.383233
118.383233
118.383233
118.383233
118.383233
118.383233
118.383233
118.383233
118.383233
118.383233
118.383233
118.383233
118.383233
118.383233
118.383233
118.383233
118.383233
118.383233
118.383233
118.383233
118.383233
118.383233
118.383233
118.383233
118.383233
118.383233
118.383233
118.383233
118.383233
118.383233
118.383233
118.383233
118.383233
118.383233
118.383233
118.383233
118.383233
118.383233
118.383233
118.383233
118.383233
118.383233
118.383233
118.383233
118.383233
118.383233
118.383233
118.383233
118.383233
118.383233
118.383233
118.383233
118.383233
118.383233
118.383233
118.383233
118.383233
118.383233
118.383233
118.383233
118.383233
118.383233
118.383233
118.383233
118.383233
118.383233
118.383233
118.383233
118.383233
118.383233
118.383233
118.383233
118.383233
118.383233
118.383233
118.383233
118.383233
118.383233
118.383233
118.383233
118.383233
118.383233
118.383233
118.383233
118.383233
118.383232
118.383232
118.383232
118.383232
118.383232
118.383232
118.383232
118.383232
118.383232
118.383232
118.383232
118.383232
118.383232
118.383232
118.383232
118.383232
118.383232
118.383232
118.383232
118.383232
118.383232
118.383232
118.383232
118.383232
118.383232
118.383232
118.383232
118.383232
118.383232
118.383232
118.383232
118.383232
118.383232
118.383232
118.383232
118.383232
118.383232
118.383232
118.383232
118.383232
118.383232
118.383232
118.383232
118.383232
118.383232
118.383232
118.383232
118.383232
118.383232
118.383232
118.383232
118.383232
118.383232
118.383232
118.383232
118.383232
118.383232
118.383232
118.383232
118.383232
118.383232
118.383232
118.383232
118.383232
118.383232
118.383232
118.383232
118.383232
118.383232
118.383232
118.383232
118.383232
118.383232
118.383232
118.383232
118.383232
118.383232
118.383232
118.383232
118.383232
118.383232
118.383232
118.383232
118.383232
118.383232
118.383232
118.383232
118.383232
118.383232
118.383232
118.383232
118.383232
118.383232
118.383232
118.383232
118.383232
118.383232
118.383232
118.383232
118.383232
118.383232
118.383232
118.383232
118.383232
118.383232
118.383232
118.383232
118.383232
118.383232
118.383232
118.383232
118.383232
118.383232
118.383232
118.383232
118.383232
118.383232
118.383232
118.383232
118.383232
118.383232
118.383232
118.383232
118.383232
118.383232
118.383232
118.383232
118.383232
118.383232
118.383232
118.383232
118.383232
118.383232
118.383232
118.383232
118.383232
118.383232
118.383232
118.383232
118.383232
118.383232
118.383232
118.383232
118.383232
118.383232
118.383232
118.383232
118.383232
118.383232
118.383232
118.383232
118.383232
118.383232
118.383232
118.383232
118.383232
118.383232
118.383232
118.383232
118.383232
118.383232
118.383232
118.383232
118.383232
118.383232
118.383232
118.383232
118.383232
118.383232
118.383232
118.383232
118.383232
118.383232
118.383232
118.383232
118.383232
118.383232
118.383232
118.383232
118.383232
118.383232
118.383232
118.383232
118.383232
118.383232
118.383232
118.383232
118.383232
118.383232
118.383232
118.383232
118.383232
118.383232
118.383232
118.383232
118.383232
118.383232
118.383232
118.383232
118.383232
118.383232
118.383232
118.383232
118.383232
118.383232
118.383232
118.383232
118.383232
118.383232
118.383232
118.383232
118.383232
118.383232
118.383232
118.383232
118.383232
118.383232
118.383232
118.383232
118.383232
118.383232
118.383232
118.383232
118.383232
118.383232
118.383232
118.383232
118.383232
118.383232
118.383232
118.383232
118.383232
118.383232
118.383232
118.383232
118.383232
118.383232
118.383232
118.383232
118.383232
118.383232
118.383232
118.383232
118.383232
118.383232
118.383232
118.383232
118.383232
118.383232
118.383232
118.383232
118.383232
118.383232
118.383232
118.383232
118.383232
118.383232
118.383232
118.383232
118.383232
118.383232
118.383232
118.383232
118.383232
118.383232
118.383232
118.383232
118.383232
118.383232
118.383232
118.383232
118.383232
118.383232
118.383232
118.383232
118.383232
118.383232
118.383232
118.383232
118.383232
118.383232
118.383232
118.383232
118.383232
118.383232
118.383232
118.383232
118.383232
118.383232
118.383232
118.383232
118.383232
118.383232
118.383232
118.383232
118.383232
118.383232
118.383232
118.383232
118.383232
118.383232
118.383232
118.383232
118.383232
118.383232
118.383232
118.383232
118.383232
118.383232
118.383232
118.383232
118.383232
118.383232
118.383232
118.383232
118.383232
118.383232
118.383232
118.383232
118.383232
118.383232
118.383232
118.383232
118.383232
118.383232
118.383232
118.383232
118.383232
118.383232
118.383232
118.383232
118.383232
118.383232
118.383232
118.383232
118.383232
118.383232
118.383232
118.383232
118.383232
118.383232
118.383232
118.383232
118.383232
118.383232
118.383232
118.383232
118.383232
118.383232
118.383232
118.383232
118.383232
118.383232
118.383232
118.383232
118.383232
118.383232
118.383232
118.383232
118.383232
118.383232
118.383232
118.383232
118.383232
118.383232
118.383232
118.383232
118.383232
118.383232
118.383232
118.383232
118.383232
118.383232
118.383232
118.383232
118.383232
118.383232
118.383232
118.383232
118.383232
118.383232
118.383232
118.383232
118.383232
118.383232
118.383232
118.383232
118.383232
118.383232
118.383232
118.383232
118.383232
118.383231
118.383231
118.383231
118.383231
118.383231
118.383231
118.383231
118.383231
118.383231
118.383231
118.383231
118.383231
118.383231
118.383231
118.383231
118.383231
118.383231
118.383231
118.383231
118.383231
118.383231
118.383231
118.383231
118.383231
118.383231
118.383231
118.383231
118.383231
118.383231
118.383231
118.383231
118.383231
118.383231
118.383231
118.383231
118.383231
118.383231
118.383231
118.383231
118.383231
118.383231
118.383231
118.383231
118.383231
118.383231
118.383231
118.383231
118.383231
118.383231
118.383231
118.383231
118.383231
118.383231
118.383231
118.383231
118.383231
118.383231
118.383231
118.383231
118.383231
118.383231
118.383231
118.383231
118.383231
118.383231
118.383231
118.383231
118.383231
118.383231
118.383231
118.383231
118.383231
118.383231
118.383231
118.383231
118.383231
118.383231
118.383231
118.383231
118.383231
118.383231
118.383231
118.383231
118.383231
118.383231
118.383231
118.383231
118.383231
118.383231
118.383231
118.383231
118.383231
118.383231
118.383231
118.383231
118.383231
118.383231
118.383231
118.383231
118.383231
118.383231
118.383231
118.383231
118.383231
118.383231
118.383231
118.383231
118.383231
118.383231
118.383231
118.383231
118.383231
118.383231
118.383231
118.383231
118.383231
118.383231
118.383231
118.383231
118.383231
118.383231
118.383231
118.383231
118.383231
118.383231
118.383231
118.383231
118.383231
118.383231
118.383231
118.383231
118.383231
118.383231
118.383231
118.383231
118.383231
118.383231
118.383231
118.383231
118.383231
118.383231
118.383231
118.383231
118.383231
118.383231
118.383231
118.383231
118.383231
118.383231
118.383231
118.383231
118.383231
118.383231
118.383231
118.383231
118.383231
118.383231
118.383231
118.383231
118.383231
118.383231
118.383231
118.383231
118.383231
118.383231
118.383231
118.383231
118.383231
118.383231
118.383231
118.383231
118.383231
118.383231
118.383231
118.383231
118.383231
118.383231
118.383231
118.383231
118.383231
118.383231
118.383231
118.383231
118.383231
118.383231
118.383231
118.383231
118.383231
118.383231
118.383231
118.383231
118.383231
118.383231
118.383231
118.383231
118.383231
118.383231
118.383231
118.383231
118.383231
118.383231
118.383231
118.383231
118.383231
118.383231
118.383231
118.383231
118.383231
118.383231
118.383231
118.383231
118.383231
118.383231
118.383231
118.383231
118.383231
118.383231
118.383231
118.383231
118.383231
118.383231
118.383231
118.383231
118.383231
118.383231
118.383231
118.383231
118.383231
118.383231
118.383231
118.383231
118.383231
118.383231
118.383231
118.383231
118.383231
118.383231
118.383231
118.383231
118.383231
118.383231
118.383231
118.383231
118.383231
118.383231
118.383231
118.383231
118.383231
118.383231
118.383231
118.383231
118.383231
118.383231
118.383231
118.383231
118.383231
118.383231
118.383231
118.383231
118.383231
118.383231
118.383231
118.383231
118.383231
118.383231
118.383231
118.383231
118.383231
118.383231
118.383231
118.383231
118.383231
118.383231
118.383231
118.383231
118.383231
118.383231
118.383231
118.383231
118.383231
118.383231
118.383231
118.383231
118.383231
118.383231
118.383231
118.383231
118.383231
118.383231
118.383231
118.383231
118.383231
118.383231
118.383231
118.383231
118.383231
118.383231
118.383231
118.383231
118.383231
118.383231
118.383231
118.383231
118.383231
118.383231
118.383231
118.383231
118.383231
118.383231
118.383231
118.383231
118.383231
118.383231
118.383231
118.383231
118.383231
118.383231
118.383231
118.383231
118.383231
118.383231
118.383231
118.383230
118.383230
118.383230
118.383230
118.383230
118.383230
118.383230
118.383230
118.383230
118.383230
118.383230
118.383230
118.383230
118.383230
118.383230
118.383230
118.383230
118.383230
118.383230
118.383230
118.383230
118.383230
118.383230
118.383230
118.383230
118.383230
118.383230
118.383230
118.383230
118.383230
118.383230
118.383230
118.383230
118.383230
118.383230
118.383230
118.383230
118.383230
118.383230
118.383230
118.383230
118.383230
118.383230
118.383230
118.383230
118.383230
118.383230
118.383230
118.383230
118.383230
118.383230
118.383230
118.383230
118.383230
118.383230
118.383230
118.383230
118.383230
118.383230
118.383230
118.383230
118.383230
118.383230
118.383230
118.383230
118.383230
118.383230
118.383230
118.383230
118.383230
118.383230
118.383230
118.383230
118.383230
118.383230
118.383230
118.383230
118.383230
118.383230
118.383230
118.383230
118.383230
118.383230
118.383230
118.383230
118.383230
118.383230
118.383230
118.383230
118.383230
118.383230
118.383230
118.383230
118.383230
118.383230
118.383230
118.383230
118.383230
118.383230
118.383230
118.383230
118.383230
118.383230
118.383230
118.383230
118.383230
118.383230
118.383230
118.383230
118.383230
118.383230
118.383230
118.383230
118.383230
118.383230
118.383230
118.383230
118.383230
118.383230
118.383230
118.383230
118.383230
118.383230
118.383230
118.383230
118.383230
118.383230
118.383230
118.383230
118.383230
118.383230
118.383230
118.383230
118.383230
118.383230
118.383230
118.383230
118.383230
118.383230
118.383230
118.383230
118.383230
118.383230
118.383230
118.383230
118.383230
118.383230
118.383230
118.383230
118.383230
118.383230
118.383230
118.383230
118.383230
118.383230
118.383230
118.383230
118.383230
118.383230
118.383230
118.383230
118.383230
118.383230
118.383230
118.383230
118.383230
118.383230
118.383230
118.383230
118.383230
118.383230
118.383230
118.383230
118.383230
118.383230
118.383230
118.383230
118.383230
118.383230
118.383230
118.383230
118.383230
118.383230
118.383230
118.383230
118.383230
118.383230
118.383230
118.383230
118.383230
118.383230
118.383230
118.383230
118.383230
118.383230
118.383230
118.383230
118.383230
118.383230
118.383230
118.383230
118.383229
118.383229
118.383229
118.383229
118.383229
118.383229
118.383229
118.383229
118.383229
118.383229
118.383229
118.383229
118.383229
118.383229
118.383229
118.383229
118.383229
118.383229
118.383229
118.383229
118.383229
118.383229
118.383229
118.383229
118.383229
118.383229
118.383229
118.383229
118.383229
118.383229
118.383229
118.383229
118.383229
118.383229
118.383229
118.383229
118.383229
118.383229
118.383229
118.383229
118.383229
118.383229
118.383229
118.383229
118.383229
118.383229
118.383229
118.383229
118.383229
118.383229
118.383229
118.383229
118.383229
118.383229
118.383229
118.383229
118.383229
118.383229
118.383229
118.383229
118.383229
118.383229
118.383229
118.383229
118.383229
118.383229
118.383229
118.383229
118.383229
118.383229
118.383229
118.383229
118.383229
118.383229
118.383229
118.383229
118.383229
118.383229
118.383229
118.383229
118.383229
118.383229
118.383229
118.383229
118.383229
118.383229
118.383229
118.383229
118.383229
118.383229
118.383229
118.383229
118.383229
118.383229
118.383229
118.383229
118.383229
118.383229
118.383229
118.383229
118.383229
118.383229
118.383229
118.383229
118.383229
118.383229
118.383229
118.383229
118.383229
118.383229
118.383229
118.383229
118.383229
118.383229
118.383229
118.383229
118.383229
118.383229
118.383229
118.383229
118.383229
118.383229
118.383229
118.383229
118.383229
118.383229
118.383229
118.383229
118.383229
118.383229
118.383229
118.383229
118.383229
118.383229
118.383229
118.383229
118.383229
118.383229
118.383229
118.383229
118.383229
118.383229
118.383229
118.383229
118.383229
118.383229
118.383229
118.383229
118.383229
118.383229
118.383229
118.383229
118.383229
118.383229
118.383229
118.383229
118.383229
118.383229
118.383229
118.383229
118.383229
118.383229
118.383229
118.383229
118.383229
118.383229
118.383229
118.383229
118.383229
118.383229
118.383229
118.383229
118.383229
118.383229
118.383229
118.383229
118.383229
118.383229
118.383229
118.383229
118.383229
118.383229
118.383229
118.383229
118.383229
118.383229
118.383229
118.383229
118.383229
118.383229
118.383229
118.383229
118.383229
118.383229
118.383229
118.383229
118.383229
118.383229
118.383229
118.383229
118.383229
118.383229
118.383229
118.383229
118.383229
118.383229
118.383229
118.383229
118.383229
118.383229
118.383229
118.383229
118.383229
118.383229
118.383229
118.383229
118.383229
118.383229
118.383229
118.383229
118.383229
118.383229
118.383229
118.383229
118.383229
118.383229
118.383229
118.383229
118.383229
118.383229
118.383229
118.383229
118.383229
118.383229
118.383229
118.383229
118.383229
118.383229
118.383229
118.383229
118.383229
118.383229
118.383229
118.383229
118.383229
118.383229
118.383229
118.383229
118.383229
118.383229
118.383229
118.383229
118.383229
118.383229
118.383229
118.383229
118.383229
118.383229
118.383229
118.383229
118.383229
118.383229
118.383229
118.383229
118.383229
118.383229
118.383229
118.383229
118.383229
118.383229
118.383229
118.383229
118.383229
118.383229
118.383229
118.383229
118.383229
118.383229
118.383229
118.383229
118.383229
118.383229
118.383229
118.383229
118.383229
118.383229
118.383229
118.383229
118.383229
118.383229
118.383229
118.383229
118.383229
118.383229
118.383229
118.383229
118.383229
118.383229
118.383229
118.383229
118.383229
118.383229
118.383229
118.383229
118.383229
118.383229
118.383229
118.383229
118.383229
118.383229
118.383229
118.383229
118.383229
118.383229
118.383229
118.383229
118.383229
118.383229
118.383229
118.383229
118.383229
118.383229
118.383229
118.383229
118.383229
118.383229
118.383229
118.383229
118.383229
118.383229
118.383229
118.383229
118.383229
118.383229
118.383229
118.383229
118.383229
118.383229
118.383229
118.383229
118.383229
118.383229
118.383229
118.383229
118.383229
118.383229
118.383229
118.383229
118.383229
118.383229
118.383229
118.383229
118.383229
118.383229
118.383229
118.383229
118.383229
118.383229
118.383229
118.383229
118.383229
118.383229
118.383229
118.383229
118.383229
118.383229
118.383229
118.383229
118.383229
118.383229
118.383229
118.383229
118.383229
118.383229
118.383229
118.383229
118.383229
118.383229
118.383229
118.383229
118.383229
118.383229
118.383229
118.383229
118.383229
118.383229
118.383229
118.383229
118.383229
118.383229
118.383229
118.383229
118.383229
118.383229
118.383229
118.383229
118.383229
118.383229
118.383229
118.383229
118.383229
118.383229
118.383229
118.383229
118.383229
118.383229
118.383229
118.383229
118.383229
118.383229
118.383229
118.383229
118.383229
118.383229
118.383229
118.383229
118.383229
118.383229
118.383229
118.383229
118.383229
118.383229
118.383229
118.383229
118.383229
118.383229
118.383229
118.383229
118.383229
118.383229
118.383229
118.383229
118.383229
118.383229
118.383229
118.383229
118.383229
118.383229
118.383229
118.383229
118.383229
118.383229
118.383229
118.383229
118.383229
118.383229
118.383229
118.383229
118.383229
118.383229
118.383229
118.383229
118.383229
118.383229
118.383229
118.383229
118.383229
118.383229
118.383229
118.383229
118.383229
118.383229
118.383229
118.383229
118.383229
118.383229
118.383229
118.383229
118.383229
118.383229
118.383229
118.383229
118.383229
118.383229
118.383229
118.383229
118.383229
118.383229
118.383229
118.383229
118.383229
118.383229
118.383229
118.383229
118.383229
118.383229
118.383229
118.383229
118.383229
118.383229
118.383229
118.383229
118.383229
118.383229
118.383229
118.383229
118.383229
118.383229
118.383229
118.383229
118.383229
118.383229
118.383229
118.383229
118.383229
118.383229
118.383229
118.383229
118.383229
118.383229
118.383229
118.383229
118.383229
118.383229
118.383229
118.383229
118.383229
118.383229
118.383229
118.383229
118.383229
118.383229
118.383229
118.383229
118.383229
118.383229
118.383229
118.383229
118.383229
118.383229
118.383229
118.383229
118.383229
118.383229
118.383229
118.383229
118.383229
118.383229
118.383229
118.383229
118.383229
118.383229
118.383229
118.383229
118.383229
118.383229
118.383229
118.383229
118.383229
118.383229
118.383229
118.383229
118.383229
118.383229
118.383229
118.383229
118.383229
118.383229
118.383229
118.383229
118.383229
118.383229
118.383229
118.383229
118.383229
118.383229
118.383229
118.383229
118.383229
118.383229
118.383229
118.383229
118.383229
118.383229
118.383229
118.383229
118.383229
118.383229
118.383229
118.383229
118.383229
118.383229
118.383229
118.383229
118.383229
118.383229
118.383229
118.383229
118.383229
118.383229
118.383229
118.383229
118.383229
118.383229
118.383229
118.383229
118.383229
118.383229
118.383229
118.383229
118.383229
118.383229
118.383229
118.383229
118.383229
118.383229
118.383229
118.383229
118.383229
118.383229
118.383229
118.383229
118.383229
118.383229
118.383229
118.383229
118.383229
118.383229
118.383229
118.383229
118.383229
118.383229
118.383229
118.383229
118.383229
118.383229
118.383229
118.383229
118.383229
118.383229
118.383229
118.383229
118.383229
118.383229
118.383229
118.383229
118.383229
118.383229
118.383229
118.383229
118.383229
118.383229
118.383229
118.383229
118.383229
118.383229
118.383229
118.383229
118.383229
118.383229
118.383229
118.383229
118.383229
118.383229
118.383229
118.383229
118.383229
118.383229
118.383229
118.383229
118.383229
118.383229
118.383229
118.383229
118.383229
118.383229
118.383229
118.383229
118.383229
118.383229
118.383229
118.383229
118.383229
118.383229
118.383229
118.383229
118.383229
118.383229
118.383229
118.383229
118.383229
118.383229
118.383229
118.383229
118.383229
118.383229
118.383229
118.383229
118.383229
118.383229
118.383229
118.383229
118.383229
118.383229
118.383229
118.383229
118.383229
118.383229
118.383229
118.383229
118.383229
118.383229
118.383229
118.383229
118.383229
118.383229
118.383229
118.383229
118.383229
118.383229
118.383229
118.383229
118.383229
118.383229
118.383229
118.383229
118.383229
118.383229
118.383229
118.383229
118.383229
118.383229
118.383229
118.383229
118.383229
118.383229
118.383229
118.383229
118.383229
118.383229
118.383229
118.383229
118.383229
118.383229
118.383229
118.383229
118.383229
118.383229
118.383229
118.383229
118.383229
118.383229
118.383229
118.383229
118.383229
118.383229
118.383229
118.383229
118.383229
118.383229
118.383229
118.383229
118.383229
118.383229
118.383229
118.383229
118.383229
118.383229
118.383229
118.383229
118.383229
118.383229
118.383229
118.383229
118.383229
118.383229
118.383229
118.383229
118.383229
118.383229
118.383229
118.383229
118.383229
118.383229
118.383229
118.383229
118.383229
118.383229
118.383229
118.383229
118.383229
118.383229
118.383229
118.383229
118.383229
118.383229
118.383229
118.383229
118.383229
118.383229
118.383229
118.383229
118.383229
118.383229
118.383229
118.383229
118.383229
118.383229
118.383229
118.383229
118.383229
118.383229
118.383229
118.383229
118.383229
118.383229
118.383229
118.383229
118.383229
118.383229
118.383229
118.383229
118.383229
118.383229
118.383229
118.383229
118.383229
118.383229
118.383229
118.383229
118.383229
118.383229
118.383229
118.383229
118.383229
118.383229
118.383229
118.383229
118.383229
118.383229
118.383229
118.383229
118.383229
118.383229
118.383229
118.383229
118.383229
118.383229
118.383229
118.383229
118.383229
118.383229
118.383229
118.383229
118.383229
118.383229
118.383229
118.383229
118.383229
118.383229
118.383229
118.383229
118.383229
118.383229
118.383229
118.383229
118.383229
118.383229
118.383229
118.383229
118.383229
118.383229
118.383229
118.383229
118.383229
118.383229
118.383229
118.383229
118.383229
118.383229
118.383229
118.383229
118.383229
118.383229
118.383229
118.383229
118.383229
118.383229
118.383229
118.383229
118.383229
118.383229
118.383229
118.383229
118.383229
118.383229
118.383229
118.383229
118.383229
118.383229
118.383229
118.383229
118.383229
118.383229
118.383229
118.383229
118.383229
118.383229
118.383229
118.383229
118.383229
118.383229
118.383229
118.383229
118.383229
118.383229
118.383229
118.383229
118.383229
118.383229
118.383229
118.383229
118.383229
118.383229
118.383229
118.383229
118.383229
118.383229
118.383229
118.383229
118.383229
118.383229
118.383229
118.383229
118.383229
118.383229
118.383229
118.383229
118.383229
118.383229
118.383229
118.383229
118.383229
118.383229
118.383229
118.383229
118.383229
118.383229
118.383229
118.383229
118.383229
118.383229
118.383229
118.383229
118.383229
118.383229
118.383229
118.383229
118.383229
118.383229
118.383229
118.383229
118.383229
118.383229
118.383229
118.383229
118.383229
118.383229
118.383229
118.383229
118.383229
118.383229
118.383229
118.383229
118.383229
118.383229
118.383229
118.383229
118.383229
118.383229
118.383229
118.383229
118.383229
118.383229
118.383229
118.383229
118.383229
118.383229
118.383229
118.383229
118.383229
118.383229
118.383229
118.383229
118.383229
118.383229
118.383229
118.383229
118.383229
118.383229
118.383229
118.383229
118.383229
118.383229
118.383229
118.383229
118.383229
118.383229
118.383229
118.383229
118.383229
118.383229
118.383229
118.383229
118.383229
118.383229
118.383229
118.383229
118.383229
118.383229
118.383229
118.383229
118.383229
118.383229
118.383229
118.383229
118.383229
118.383229
118.383229
118.383229
118.383229
118.383229
118.383229
118.383229
118.383229
118.383229
118.383229
118.383229
118.383229
118.383229
118.383229
118.383229
118.383229
118.383229
118.383229
118.383229
118.383229
118.383229
118.383229
118.383229
118.383229
118.383229
118.383229
118.383229
118.383229
118.383229
118.383229
118.383229
118.383229
118.383229
118.383229
118.383229
118.383229
118.383229
118.383229
118.383229
118.383229
118.383229
118.383229
118.383229
118.383229
118.383229
118.383229
118.383229
118.383229
118.383229
118.383229
118.383229
118.383229
118.383229
118.383229
118.383229
118.383229
118.383229
118.383229
118.383229
118.383229
118.383229
118.383229
118.383229
118.383229
118.383229
118.383229
118.383229
118.383229
118.383229
118.383229
118.383229
118.383229
118.383229
118.383229
118.383229
118.383229
118.383229
118.383229
118.383229
118.383229
118.383229
118.383229
118.383229
118.383229
118.383229
118.383229
118.383229
118.383229
118.383229
118.383229
118.383229
118.383229
118.383229
118.383229
118.383229
118.383229
118.383229
118.383229
118.383229
118.383229
118.383229
118.383229
118.383229
118.383229
118.383229
118.383229
118.383229
118.383229
118.383229
118.383229
118.383229
118.383229
118.383229
118.383229
118.383229
118.383229
118.383229
118.383229
118.383229
118.383229
118.383229
118.383229
118.383229
118.383229
118.383229
118.383229
118.383229
118.383229
118.383229
118.383229
118.383229
118.383229
118.383229
118.383229
118.383229
118.383229
118.383229
118.383229
118.383229
118.383229
118.383229
118.383229
118.383229
118.383229
118.383229
118.383229
118.383229
118.383229
118.383229
118.383229
118.383229
118.383229
118.383229
118.383229
118.383229
118.383229
118.383229
118.383229
118.383229
118.383229
118.383229
118.383229
118.383229
118.383229
118.383229
118.383229
118.383229
118.383229
118.383229
118.383229
118.383229
118.383229
118.383229
118.383229
118.383229
118.383229
118.383229
118.383229
118.383229
118.383229
118.383229
118.383229
118.383229
118.383229
118.383229
118.383229
118.383229
118.383229
118.383229
118.383229
118.383229
118.383229
118.383229
118.383229
118.383229
118.383229
118.383229
118.383229
118.383229
118.383229
118.383229
118.383229
118.383229
118.383229
118.383229
118.383229
118.383229
118.383229
118.383229
118.383229
118.383229
118.383229
118.383229
118.383229
118.383229
118.383229
118.383229
118.383229
118.383229
118.383229
118.383229
118.383229
118.383229
118.383229
118.383229
118.383229
118.383229
118.383229
118.383229
118.383229
118.383229
118.383229
118.383229
118.383229
118.383229
118.383229
118.383229
118.383229
118.383229
118.383229
118.383229
118.383229
118.383229
118.383229
118.383229
118.383229
118.383229
118.383229
118.383229
118.383229
118.383229
118.383229
118.383229
118.383229
118.383229
118.383229
118.383229
118.383229
118.383229
118.383229
118.383229
118.383229
118.383229
118.383229
118.383229
118.383229
118.383229
118.383229
118.383229
118.383229
118.383229
118.383229
118.383229
118.383229
118.383229
118.383229
118.383229
118.383229
118.383229
118.383229
118.383229
118.383229
118.383229
118.383229
118.383229
118.383229
118.383229
118.383229
118.383229
118.383229
118.383229
118.383229
118.383229
118.383229
118.383229
118.383229
118.383229
118.383229
118.383229
118.383229
118.383229
118.383229
118.383229
118.383229
118.383229
118.383229
118.383229
118.383229
118.383229
118.383229
118.383229
118.383229
118.383229
118.383229
118.383229
118.383229
118.383229
118.383229
118.383229
118.383229
118.383229
118.383229
118.383229
118.383229
118.383229
118.383229
118.383229
118.383229
118.383229
118.383229
118.383229
118.383229
118.383229
118.383229
118.383229
118.383229
118.383229
118.383229
118.383229
118.383229
118.383229
118.383229
118.383229
118.383229
118.383229
118.383229
118.383229
118.383229
118.383229
118.383229
118.383229
118.383229
118.383229
118.383229
118.383229
118.383229
118.383229
118.383229
118.383229
118.383229
118.383229
118.383229
118.383229
118.383229
118.383229
118.383229
118.383229
118.383229
118.383229
118.383229
118.383229
118.383229
118.383229
118.383229
118.383229
118.383229
118.383229
118.383229
118.383229
118.383229
118.383229
118.383229
118.383229
118.383229
118.383229
118.383229
118.383229
118.383229
118.383229
118.383229
118.383229
118.383229
118.383229
118.383229
118.383229
118.383229
118.383229
118.383229
118.383229
118.383229
118.383229
118.383229
118.383229
118.383229
118.383229
118.383229
118.383229
118.383229
118.383229
118.383229
118.383229
118.383229
118.383229
118.383229
118.383229
118.383229
118.383229
118.383229
118.383229
118.383229
118.383229
118.383229
118.383229
118.383229
118.383229
118.383229
118.383229
118.383229
118.383229
118.383229
118.383229
118.383229
118.383229
118.383229
118.383229
118.383229
118.383229
118.383229
118.383229
118.383229
118.383229
118.383229
118.383229
118.383229
118.383229
118.383229
118.383229
118.383229
118.383229
118.383229
118.383229
118.383229
118.383229
118.383229
118.383229
118.383229
118.383229
118.383229
118.383229
118.383229
118.383229
118.383229
118.383229
118.383229
118.383229
118.383229
118.383229
118.383229
118.383229
118.383229
118.383229
118.383229
118.383229
118.383229
118.383229
118.383229
118.383229
118.383229
118.383229
118.383229
118.383229
118.383229
118.383229
118.383229
118.383229
118.383229
118.383229
118.383229
118.383229
118.383229
118.383229
118.383229
118.383229
118.383229
118.383229
118.383229
118.383229
118.383229
118.383229
118.383229
118.383229
118.383229
118.383229
118.383229
118.383229
118.383229
118.383229
118.383229
118.383229
118.383229
118.383229
118.383229
118.383229
118.383229
118.383229
118.383229
118.383229
118.383229
118.383229
118.383229
118.383229
118.383229
118.383229
118.383229
118.383229
118.383229
118.383229
118.383229
118.383229
118.383229
118.383229
118.383229
118.383229
118.383229
118.383229
118.383229
118.383229
118.383229
118.383229
118.383229
118.383229
118.383229
118.383229
118.383229
118.383229
118.383229
118.383229
118.383229
118.383229
118.383229
118.383229
118.383229
118.383229
118.383229
118.383229
118.383229
118.383229
118.383229
118.383229
118.383229
118.383229
118.383229
118.383229
118.383229
118.383229
118.383229
118.383229
118.383229
118.383229
118.383229
118.383229
118.383229
118.383229
118.383229
118.383229
118.383229
118.383229
118.383229
118.383229
118.383229
118.383229
118.383229
118.383229
118.383229
118.383229
118.383229
118.383229
118.383229
118.383229
118.383229
118.383229
118.383229
118.383229
118.383229
118.383229
118.383229
118.383229
118.383229
118.383229
118.383229
118.383229
118.383229
118.383229
118.383229
118.383229
118.383229
118.383229
118.383229
118.383229
118.383229
118.383229
118.383229
118.383229
118.383229
118.383229
118.383229
118.383229
118.383229
118.383229
118.383229
118.383229
118.383229
118.383229
118.383229
118.383229
118.383229
118.383229
118.383229
118.383229
118.383229
118.383229
118.383229
118.383229
118.383229
118.383229
118.383229
118.383229
118.383229
118.383229
118.383229
118.383229
118.383229
118.383229
118.383229
118.383229
118.383229
118.383229
118.383229
118.383229
118.383229
118.383229
118.383229
118.383229
118.383229
118.383229
118.383229
118.383229
118.383229
118.383229
118.383229
118.383229
118.383229
118.383229
118.383229
118.383229
118.383229
118.383229
118.383229
118.383229
118.383229
118.383229
118.383229
118.383229
118.383229
118.383229
118.383229
118.383229
118.383229
118.383229
118.383229
118.383229
118.383229
118.383229
118.383229
118.383229
118.383229
118.383229
118.383229
118.383229
118.383229
118.383229
118.383229
118.383229
118.383229
118.383229
118.383229
118.383229
118.383229
118.383229
118.383229
118.383229
118.383229
118.383229
118.383229
118.383229
118.383229
118.383229
118.383229
118.383229
118.383229
118.383229
118.383229
118.383229
118.383229
118.383229
118.383229
118.383229
118.383229
118.383229
118.383229
118.383229
118.383229
118.383229
118.383229
118.383229
118.383229
118.383229
118.383229
118.383229
118.383229
118.383229
118.383229
118.383229
118.383229
118.383229
118.383229
118.383229
118.383229
118.383229
118.383229
118.383229
118.383229
118.383229
118.383229
118.383229
118.383229
118.383229
118.383229
118.383229
118.383229
118.383229
118.383229
118.383229
118.383229
118.383229
118.383229
118.383229
118.383229
118.383229
118.383229
118.383229
118.383229
118.383229
118.383229
118.383229
118.383229
118.383229
118.383229
118.383229
118.383229
118.383229
118.383229
118.383229
118.383229
118.383229
118.383229
118.383229
118.383229
118.383229
118.383229
118.383229
118.383229
118.383229
118.383229
118.383229
118.383229
118.383229
118.383229
118.383229
118.383229
118.383229
118.383229
118.383229
118.383229
118.383229
118.383229
118.383229
118.383229
118.383229
118.383229
118.383229
118.383229
118.383229
118.383229
118.383229
118.383229
118.383229
118.383229
118.383229
118.383229
118.383229
118.383229
118.383229
118.383229
118.383229
118.383229
118.383229
118.383229
118.383229
118.383229
118.383229
118.383229
118.383229
118.383229
118.383229
118.383229
118.383229
118.383229
118.383229
118.383229
118.383229
118.383229
118.383229
118.383229
118.383229
118.383229
118.383229
118.383229
118.383229
118.383229
118.383229
118.383229
118.383229
118.383229
118.383229
118.383229
118.383229
118.383229
118.383229
118.383229
118.383229
118.383229
118.383229
118.383229
118.383229
118.383229
118.383229
118.383229
118.383229
118.383229
118.383229
118.383229
118.383229
118.383229
118.383229
118.383229
118.383229
118.383229
118.383229
118.383229
118.383229
118.383229
118.383229
118.383229
118.383229
118.383229
118.383229
118.383229
118.383229
118.383229
118.383229
118.383229
118.383229
118.383229
118.383229
118.383229
118.383229
118.383229
118.383229
118.383229
118.383229
118.383229
118.383229
118.383229
118.383229
118.383229
118.383229
118.383229
118.383229
118.383229
118.383229
118.383229
118.383229
118.383229
118.383229
118.383229
118.383229
118.383229
118.383229
118.383229
118.383229
118.383229
118.383229
118.383229
118.383229
118.383229
118.383229
118.383229
118.383229
118.383229
118.383229
118.383229
118.383229
118.383229
118.383229
118.383229
118.383229
118.383229
118.383229
118.383229
118.383229
118.383229
118.383229
118.383229
118.383229
118.383229
118.383229
118.383229
118.383229
118.383229
118.383229
118.383229
118.383229
118.383229
118.383229
118.383229
118.383229
118.383229
118.383229
118.383229
118.383229
118.383229
118.383229
118.383229
118.383229
118.383229
118.383229
118.383229
118.383229
118.383229
118.383229
118.383229
118.383229
118.383229
118.383229
118.383229
118.383229
118.383229
118.383229
118.383229
118.383229
118.383229
118.383229
118.383229
118.383229
118.383229
118.383229
118.383229
118.383229
118.383229
118.383229
118.383229
118.383229
118.383229
118.383229
118.383229
118.383229
118.383229
118.383229
118.383229
118.383229
118.383229
118.383229
118.383229
118.383229
118.383229
118.383229
118.383229
118.383229
118.383229
118.383229
118.383229
118.383229
118.383229
118.383229
118.383229
118.383229
118.383229
118.383229
118.383229
118.383229
118.383229
118.383229
118.383229
118.383229
118.383229
118.383229
118.383229
118.383229
118.383229
118.383229
118.383229
118.383229
118.383229
118.383229
118.383229
118.383229
118.383229
118.383229
118.383229
118.383229
118.383229
118.383229
118.383229
118.383229
118.383229
118.383229
118.383229
118.383228
118.383228
118.383228
118.383228
118.383228
118.383228
118.383228
118.383228
118.383228
118.383228
118.383228
118.383228
118.383228
118.383228
118.383228
118.383228
118.383228
118.383228
118.383228
118.383228
118.383228
118.383228
118.383228
118.383228
118.383228
118.383228
118.383228
118.383228
118.383228
118.383228
118.383228
118.383228
118.383228
118.383228
118.383228
118.383228
118.383228
118.383228
118.383228
118.383228
118.383228
118.383228
118.383228
118.383228
118.383228
118.383228
118.383228
118.383228
118.383228
118.383228
118.383228
118.383228
118.383228
118.383228
118.383228
118.383228
118.383228
118.383228
118.383228
118.383228
118.383228
118.383228
118.383228
118.383228
118.383228
118.383228
118.383228
118.383228
118.383228
118.383228
118.383228
118.383228
118.383228
118.383228
118.383228
118.383228
118.383228
118.383228
118.383228
118.383228
118.383228
118.383228
118.383228
118.383228
118.383228
118.383228
118.383228
118.383228
118.383228
118.383228
118.383228
118.383228
118.383228
118.383228
118.383228
118.383228
118.383228
118.383228
118.383228
118.383228
118.383228
118.383228
118.383228
118.383228
118.383228
118.383228
118.383228
118.383228
118.383228
118.383228
118.383228
118.383228
118.383228
118.383228
118.383228
118.383228
118.383228
118.383228
118.383228
118.383228
118.383228
118.383228
118.383228
118.383228
118.383228
118.383228
118.383228
118.383228
118.383228
118.383228
118.383228
118.383228
118.383228
118.383228
118.383228
118.383228
118.383228
118.383228
118.383228
118.383228
118.383228
118.383228
118.383228
118.383228
118.383228
118.383228
118.383228
118.383228
118.383228
118.383228
118.383228
118.383228
118.383228
118.383228
118.383228
118.383228
118.383228
118.383228
118.383228
118.383228
118.383228
118.383228
118.383228
118.383228
118.383228
118.383228
118.383228
118.383228
118.383228
118.383228
118.383228
118.383228
118.383228
118.383228
118.383228
118.383228
118.383228
118.383228
118.383228
118.383228
118.383228
118.383228
118.383228
118.383228
118.383228
118.383228
118.383228
118.383228
118.383228
118.383228
118.383228
118.383228
118.383228
118.383228
118.383228
118.383228
118.383228
118.383228
118.383228
118.383228
118.383228
118.383228
118.383228
118.383228
118.383228
118.383228
118.383228
118.383228
118.383228
118.383228
118.383228
118.383228
118.383228
118.383228
118.383228
118.383228
118.383228
118.383228
118.383228
118.383228
118.383228
118.383228
118.383228
118.383228
118.383227
118.383227
118.383227
118.383227
118.383227
118.383227
118.383227
118.383227
118.383227
118.383227
118.383227
118.383227
118.383227
118.383227
118.383227
118.383227
118.383227
118.383227
118.383227
118.383227
118.383227
118.383227
118.383227
118.383227
118.383227
118.383227
118.383227
118.383227
118.383227
118.383227
118.383227
118.383227
118.383227
118.383227
118.383227
118.383227
118.383227
118.383227
118.383227
118.383227
118.383227
118.383227
118.383227
118.383227
118.383227
118.383227
118.383227
118.383227
118.383227
118.383227
118.383227
118.383227
118.383227
118.383227
118.383227
118.383227
118.383227
118.383227
118.383227
118.383227
118.383227
118.383227
118.383227
118.383227
118.383227
118.383227
118.383227
118.383227
118.383227
118.383227
118.383227
118.383227
118.383227
118.383227
118.383227
118.383227
118.383227
118.383227
118.383227
118.383227
118.383227
118.383227
118.383227
118.383227
118.383227
118.383227
118.383227
118.383227
118.383227
118.383227
118.383227
118.383227
118.383227
118.383227
118.383227
118.383227
118.383227
118.383227
118.383227
118.383227
118.383227
118.383227
118.383227
118.383227
118.383227
118.383227
118.383227
118.383227
118.383227
118.383227
118.383227
118.383227
118.383227
118.383227
118.383227
118.383227
118.383227
118.383227
118.383227
118.383227
118.383227
118.383227
118.383227
118.383227
118.383227
118.383227
118.383227
118.383227
118.383227
118.383227
118.383227
118.383227
118.383227
118.383227
118.383227
118.383227
118.383227
118.383227
118.383227
118.383227
118.383227
118.383227
118.383227
118.383227
118.383227
118.383227
118.383227
118.383227
118.383227
118.383226
118.383226
118.383226
118.383226
118.383226
118.383226
118.383226
118.383226
118.383226
118.383226
118.383226
118.383226
118.383226
118.383226
118.383226
118.383226
118.383226
118.383226
118.383226
118.383226
118.383226
118.383226
118.383226
118.383226
118.383226
118.383226
118.383226
118.383226
118.383226
118.383226
118.383226
118.383226
118.383226
118.383226
118.383226
118.383226
118.383226
118.383226
118.383226
118.383226
118.383226
118.383226
118.383226
118.383226
118.383226
118.383226
118.383226
118.383226
118.383226
118.383226
118.383226
118.383226
118.383226
118.383226
118.383226
118.383226
118.383226
118.383226
118.383226
118.383226
118.383226
118.383226
118.383226
118.383226
118.383226
118.383226
118.383226
118.383226
118.383226
118.383226
118.383226
118.383226
118.383226
118.383226
118.383226
118.383226
118.383226
118.383226
118.383226
118.383226
118.383226
118.383226
118.383226
118.383225
118.383225
118.383225
118.383225
118.383225
118.383225
118.383225
118.383225
118.383225
118.383225
118.383225
118.383225
118.383225
118.383225
118.383225
118.383225
118.383225
118.383225
118.383225
118.383225
118.383225
118.383225
118.383225
118.383225
118.383225
118.383225
118.383225
118.383225
118.383225
118.383225
118.383225
118.383225
118.383225
118.383225
118.383225
118.383225
118.383225
118.383225
118.383225
118.383225
118.383225
118.383225
118.383225
118.383225
118.383225
118.383225
118.383225
118.383225
118.383225
118.383225
118.383225
118.383225
118.383225
118.383225
118.383225
118.383225
118.383225
118.383225
118.383225
118.383225
118.383225
118.383225
118.383225
118.383225
118.383225
118.383225
118.383225
118.383225
118.383225
118.383225
118.383225
118.383225
118.383225
118.383225
118.383225
118.383225
118.383225
118.383225
118.383225
118.383225
118.383225
118.383225
118.383225
118.383225
118.383225
118.383225
118.383225
118.383225
118.383225
118.383225
118.383225
118.383225
118.383225
118.383225
118.383225
118.383225
118.383225
118.383225
118.383225
118.383225
118.383225
118.383225
118.383225
118.383225
118.383225
118.383225
118.383225
118.383225
118.383225
118.383225
118.383225
118.383225
118.383225
118.383225
118.383225
118.383225
118.383225
118.383225
118.383225
118.383225
118.383225
118.383225
118.383225
118.383225
118.383225
118.383225
118.383225
118.383225
118.383225
118.383225
118.383225
118.383225
118.383225
118.383225
118.383225
118.383225
118.383225
118.383225
118.383225
118.383225
118.383225
118.383225
118.383225
118.383225
118.383225
118.383225
118.383225
118.383225
118.383225
118.383225
118.383225
118.383225
118.383225
118.383225
118.383225
118.383225
118.383225
118.383225
118.383225
118.383225
118.383225
118.383225
118.383225
118.383225
118.383225
118.383225
118.383225
118.383225
118.383225
118.383225
118.383225
118.383225
118.383225
118.383225
118.383225
118.383225
118.383225
118.383225
118.383225
118.383225
118.383225
118.383225
118.383225
118.383225
118.383225
118.383225
118.383225
118.383225
118.383225
118.383225
118.383225
118.383225
118.383225
118.383225
118.383225
118.383225
118.383225
118.383225
118.383225
118.383225
118.383225
118.383225
118.383225
118.383225
118.383225
118.383225
118.383225
118.383225
118.383225
118.383225
118.383225
118.383225
118.383225
118.383225
118.383225
118.383225
118.383225
118.383225
118.383225
118.383225
118.383225
118.383225
118.383225
118.383225
118.383225
118.383225
118.383225
118.383225
118.383225
118.383225
118.383225
118.383225
118.383225
118.383225
118.383225
118.383225
118.383225
118.383225
118.383225
118.383225
118.383225
118.383225
118.383225
118.383225
118.383225
118.383225
118.383225
118.383225
118.383225
118.383225
118.383225
118.383225
118.383225
118.383225
118.383225
118.383225
118.383225
118.383225
118.383225
118.383225
118.383225
118.383225
118.383225
118.383225
118.383225
118.383225
118.383225
118.383225
118.383225
118.383225
118.383225
118.383225
118.383225
118.383225
118.383225
118.383225
118.383225
118.383225
118.383225
118.383225
118.383225
118.383225
118.383225
118.383225
118.383225
118.383225
118.383225
118.383225
118.383225
118.383225
118.383225
118.383225
118.383225
118.383225
118.383225
118.383225
118.383225
118.383225
118.383225
118.383225
118.383225
118.383225
118.383225
118.383225
118.383225
118.383225
118.383225
118.383225
118.383225
118.383225
118.383225
118.383225
118.383225
118.383225
118.383225
118.383225
118.383225
118.383225
118.383225
118.383225
118.383225
118.383225
118.383225
118.383225
118.383225
118.383225
118.383225
118.383225
118.383225
118.383225
118.383225
118.383225
118.383225
118.383225
118.383225
118.383225
118.383225
118.383225
118.383225
118.383225
118.383225
118.383225
118.383225
118.383225
118.383225
118.383225
118.383225
118.383225
118.383225
118.383225
118.383225
118.383225
118.383225
118.383225
118.383225
118.383225
118.383225
118.383225
118.383225
118.383225
118.383225
118.383225
118.383225
118.383225
118.383225
118.383225
118.383225
118.383225
118.383225
118.383225
118.383225
118.383225
118.383225
118.383225
118.383225
118.383225
118.383225
118.383225
118.383225
118.383225
118.383225
118.383225
118.383225
118.383225
118.383225
118.383225
118.383225
118.383225
118.383225
118.383225
118.383225
118.383225
118.383225
118.383225
118.383225
118.383225
118.383225
118.383225
118.383225
118.383225
118.383225
118.383225
118.383225
118.383225
118.383225
118.383225
118.383225
118.383225
118.383225
118.383225
118.383225
118.383225
118.383225
118.383225
118.383225
118.383225
118.383225
118.383225
118.383225
118.383225
118.383225
118.383225
118.383225
118.383225
118.383225
118.383225
118.383225
118.383225
118.383225
118.383225
118.383225
118.383225
118.383225
118.383225
118.383225
118.383225
118.383225
118.383225
118.383225
118.383225
118.383225
118.383225
118.383225
118.383225
118.383225
118.383225
118.383225
118.383225
118.383225
118.383225
118.383225
118.383225
118.383225
118.383225
118.383225
118.383225
118.383225
118.383225
118.383225
118.383225
118.383225
118.383225
118.383225
118.383225
118.383225
118.383225
118.383225
118.383225
118.383225
118.383225
118.383225
118.383225
118.383225
118.383225
118.383225
118.383225
118.383225
118.383225
118.383225
118.383225
118.383225
118.383225
118.383225
118.383225
118.383225
118.383225
118.383225
118.383225
118.383225
118.383225
118.383225
118.383225
118.383225
118.383225
118.383225
118.383225
118.383225
118.383225
118.383225
118.383225
118.383225
118.383225
118.383225
118.383225
118.383225
118.383225
118.383225
118.383225
118.383225
118.383225
118.383225
118.383225
118.383225
118.383225
118.383225
118.383225
118.383225
118.383225
118.383225
118.383225
118.383225
118.383225
118.383225
118.383225
118.383225
118.383225
118.383225
118.383225
118.383225
118.383225
118.383225
118.383225
118.383225
118.383225
118.383225
118.383225
118.383225
118.383225
118.383225
118.383225
118.383225
118.383225
118.383225
118.383225
118.383225
118.383225
118.383225
118.383225
118.383225
118.383225
118.383225
118.383225
118.383225
118.383225
118.383225
118.383225
118.383225
118.383225
118.383225
118.383225
118.383225
118.383225
118.383225
118.383225
118.383225
118.383225
118.383225
118.383225
118.383225
118.383225
118.383225
118.383225
118.383225
118.383225
118.383225
118.383225
118.383225
118.383225
118.383225
118.383225
118.383225
118.383225
118.383225
118.383225
118.383225
118.383225
118.383225
118.383225
118.383225
118.383225
118.383225
118.383225
118.383225
118.383225
118.383225
118.383225
118.383225
118.383225
118.383225
118.383225
118.383225
118.383225
118.383225
118.383225
118.383225
118.383225
118.383225
118.383225
118.383225
118.383225
118.383225
118.383225
118.383225
118.383225
118.383225
118.383225
118.383225
118.383225
118.383225
118.383225
118.383225
118.383225
118.383225
118.383225
118.383225
118.383225
118.383225
118.383225
118.383225
118.383225
118.383225
118.383225
118.383225
118.383225
118.383225
118.383225
118.383225
118.383225
118.383225
118.383225
118.383225
118.383225
118.383225
118.383225
118.383225
118.383225
118.383225
118.383225
118.383225
118.383225
118.383225
118.383225
118.383225
118.383225
118.383225
118.383225
118.383225
118.383225
118.383225
118.383225
118.383225
118.383225
118.383225
118.383225
118.383225
118.383225
118.383225
118.383225
118.383225
118.383225
118.383225
118.383225
118.383225
118.383225
118.383225
118.383225
118.383225
118.383225
118.383225
118.383225
118.383225
118.383225
118.383225
118.383225
118.383225
118.383225
118.383225
118.383225
118.383225
118.383225
118.383225
118.383225
118.383225
118.383225
118.383225
118.383225
118.383225
118.383225
118.383225
118.383225
118.383225
118.383225
118.383225
118.383225
118.383225
118.383225
118.383225
118.383225
118.383225
118.383225
118.383225
118.383225
118.383225
118.383225
118.383225
118.383225
118.383225
118.383225
118.383225
118.383225
118.383225
118.383225
118.383225
118.383225
118.383225
118.383225
118.383225
118.383225
118.383225
118.383225
118.383225
118.383225
118.383225
118.383225
118.383225
118.383225
118.383225
118.383225
118.383225
118.383225
118.383225
118.383225
118.383225
118.383225
118.383225
118.383225
118.383225
118.383225
118.383225
118.383225
118.383225
118.383225
118.383225
118.383225
118.383225
118.383225
118.383225
118.383225
118.383225
118.383225
118.383225
118.383225
118.383225
118.383225
118.383225
118.383225
118.383225
118.383225
118.383225
118.383225
118.383225
118.383225
118.383225
118.383225
118.383225
118.383225
118.383225
118.383225
118.383225
118.383225
118.383225
118.383225
118.383225
118.383225
118.383225
118.383225
118.383225
118.383225
118.383225
118.383225
118.383225
118.383225
118.383225
118.383225
118.383225
118.383225
118.383225
118.383225
118.383225
118.383225
118.383225
118.383225
118.383225
118.383225
118.383225
118.383225
118.383225
118.383225
118.383225
118.383225
118.383225
118.383225
118.383225
118.383225
118.383225
118.383225
118.383225
118.383225
118.383225
118.383225
118.383225
118.383225
118.383225
118.383225
118.383225
118.383225
118.383225
118.383225
118.383225
118.383225
118.383225
118.383225
118.383225
118.383225
118.383225
118.383225
118.383225
118.383225
118.383225
118.383225
118.383225
118.383225
118.383225
118.383225
118.383225
118.383225
118.383225
118.383225
118.383225
118.383225
118.383225
118.383225
118.383225
118.383225
118.383225
118.383225
118.383225
118.383225
118.383225
118.383225
118.383225
118.383225
118.383225
118.383225
118.383225
118.383225
118.383225
118.383225
118.383225
118.383225
118.383225
118.383225
118.383225
118.383225
118.383225
118.383225
118.383225
118.383225
118.383225
118.383225
118.383225
118.383225
118.383225
118.383225
118.383225
118.383225
118.383225
118.383225
118.383225
118.383225
118.383225
118.383225
118.383225
118.383225
118.383225
118.383225
118.383225
118.383225
118.383225
118.383225
118.383225
118.383225
118.383225
118.383225
118.383225
118.383225
118.383225
118.383225
118.383225
118.383225
118.383225
118.383225
118.383225
118.383225
118.383225
118.383225
118.383225
118.383225
118.383225
118.383225
118.383225
118.383225
118.383225
118.383225
118.383225
118.383225
118.383225
118.383225
118.383225
118.383225
118.383225
118.383225
118.383225
118.383225
118.383225
118.383225
118.383225
118.383225
118.383225
118.383225
118.383225
118.383225
118.383225
118.383225
118.383225
118.383225
118.383225
118.383225
118.383225
118.383225
118.383225
118.383225
118.383225
118.383225
118.383225
118.383225
118.383225
118.383225
118.383225
118.383225
118.383225
118.383225
118.383225
118.383225
118.383225
118.383225
118.383225
118.383225
118.383225
118.383225
118.383225
118.383225
118.383225
118.383225
118.383225
118.383225
118.383225
118.383225
118.383225
118.383225
118.383225
118.383225
118.383225
118.383225
118.383225
118.383225
118.383225
118.383225
118.383225
118.383225
118.383225
118.383225
118.383225
118.383225
118.383225
118.383225
118.383225
118.383225
118.383225
118.383225
118.383225
118.383225
118.383225
118.383225
118.383225
118.383225
118.383225
118.383225
118.383225
118.383225
118.383225
118.383225
118.383225
118.383225
118.383225
118.383225
118.383225
118.383225
118.383225
118.383225
118.383225
118.383225
118.383225
118.383225
118.383225
118.383225
118.383225
118.383225
118.383225
118.383225
118.383225
118.383225
118.383225
118.383225
118.383225
118.383225
118.383225
118.383225
118.383225
118.383225
118.383225
118.383225
118.383225
118.383225
118.383225
118.383225
118.383225
118.383225
118.383225
118.383225
118.383225
118.383225
118.383225
118.383225
118.383225
118.383225
118.383225
118.383225
118.383225
118.383225
118.383225
118.383225
118.383225
118.383225
118.383225
118.383225
118.383225
118.383225
118.383225
118.383225
118.383225
118.383225
118.383225
118.383225
118.383225
118.383225
118.383225
118.383225
118.383225
118.383225
118.383225
118.383225
118.383225
118.383225
118.383225
118.383225
118.383225
118.383225
118.383225
118.383225
118.383225
118.383225
118.383225
118.383225
118.383225
118.383225
118.383225
118.383225
118.383225
118.383225
118.383225
118.383225
118.383225
118.383225
118.383225
118.383225
118.383225
118.383225
118.383225
118.383225
118.383225
118.383225
118.383225
118.383225
118.383225
118.383225
118.383225
118.383225
118.383225
118.383225
118.383225
118.383225
118.383225
118.383225
118.383225
118.383225
118.383225
118.383225
118.383225
118.383225
118.383225
118.383225
118.383225
118.383225
118.383225
118.383225
118.383225
118.383225
118.383225
118.383225
118.383225
118.383225
118.383225
118.383225
118.383225
118.383225
118.383225
118.383225
118.383225
118.383225
118.383225
118.383225
118.383225
118.383225
118.383225
118.383225
118.383225
118.383225
118.383225
118.383225
118.383225
118.383225
118.383225
118.383225
118.383225
118.383225
118.383225
118.383225
118.383225
118.383225
118.383225
118.383225
118.383225
118.383225
118.383225
118.383225
118.383225
118.383225
118.383225
118.383225
118.383225
118.383225
118.383225
118.383225
118.383225
118.383225
118.383225
118.383225
118.383225
118.383225
118.383225
118.383225
118.383225
118.383225
118.383225
118.383225
118.383225
118.383225
118.383225
118.383225
118.383225
118.383225
118.383225
118.383225
118.383225
118.383225
118.383225
118.383225
118.383225
118.383225
118.383225
118.383225
118.383225
118.383225
118.383225
118.383225
118.383225
118.383225
118.383225
118.383225
118.383225
118.383225
118.383225
118.383225
118.383225
118.383225
118.383225
118.383225
118.383225
118.383225
118.383225
118.383225
118.383225
118.383225
118.383225
118.383225
118.383225
118.383225
118.383225
118.383225
118.383225
118.383225
118.383225
118.383225
118.383225
118.383225
118.383225
118.383225
118.383225
118.383225
118.383225
118.383225
118.383225
118.383225
118.383225
118.383225
118.383225
118.383225
118.383225
118.383225
118.383225
118.383225
118.383225
118.383225
118.383225
118.383225
118.383225
118.383225
118.383225
118.383225
118.383225
118.383225
118.383225
118.383225
118.383225
118.383225
118.383225
118.383225
118.383225
118.383225
118.383225
118.383225
118.383225
118.383225
118.383225
118.383225
118.383225
118.383225
118.383225
118.383225
118.383225
118.383225
118.383225
118.383225
118.383225
118.383225
118.383225
118.383225
118.383225
118.383225
118.383225
118.383225
118.383225
118.383225
118.383225
118.383225
118.383225
118.383225
118.383225
118.383225
118.383225
118.383225
118.383225
118.383225
118.383225
118.383225
118.383225
118.383225
118.383225
118.383225
118.383225
118.383225
118.383225
118.383225
118.383225
118.383225
118.383225
118.383225
118.383225
118.383225
118.383225
118.383225
118.383225
118.383225
118.383225
118.383225
118.383225
118.383225
118.383225
118.383225
118.383225
118.383225
118.383225
118.383225
118.383225
118.383225
118.383225
118.383225
118.383225
118.383225
118.383225
118.383225
118.383225
118.383225
118.383225
118.383225
118.383225
118.383225
118.383225
118.383225
118.383225
118.383225
118.383225
118.383225
118.383225
118.383225
118.383225
118.383225
118.383225
118.383225
118.383225
118.383225
118.383225
118.383225
118.383225
118.383225
118.383225
118.383225
118.383225
118.383225
118.383225
118.383225
118.383225
118.383225
118.383225
118.383225
118.383225
118.383225
118.383225
118.383225
118.383225
118.383225
118.383225
118.383225
118.383225
118.383225
118.383225
118.383225
118.383225
118.383225
118.383225
118.383225
118.383225
118.383225
118.383225
118.383225
118.383225
118.383225
118.383225
118.383225
118.383225
118.383225
118.383225
118.383225
118.383225
118.383225
118.383225
118.383225
118.383225
118.383225
118.383225
118.383225
118.383225
118.383225
118.383225
118.383225
118.383225
118.383225
118.383225
118.383225
118.383225
118.383225
118.383225
118.383225
118.383225
118.383225
118.383225
118.383225
118.383225
118.383225
118.383225
118.383225
118.383225
118.383225
118.383225
118.383225
118.383225
118.383225
118.383225
118.383225
118.383225
118.383225
118.383225
118.383225
118.383225
118.383225
118.383225
118.383225
118.383225
118.383225
118.383225
118.383225
118.383225
118.383225
118.383225
118.383225
118.383225
118.383225
118.383225
118.383225
118.383225
118.383225
118.383225
118.383225
118.383225
118.383225
118.383225
118.383225
118.383225
118.383225
118.383225
118.383225
118.383225
118.383225
118.383225
118.383225
118.383225
118.383225
118.383225
118.383225
118.383225
118.383225
118.383225
118.383225
118.383225
118.383225
118.383225
118.383225
118.383225
118.383225
118.383225
118.383225
118.383225
118.383225
118.383225
118.383225
118.383225
118.383225
118.383225
118.383225
118.383225
118.383225
118.383225
118.383225
118.383225
118.383225
118.383225
118.383225
118.383225
118.383225
118.383225
118.383225
118.383225
118.383225
118.383225
118.383225
118.383225
118.383225
118.383225
118.383225
118.383225
118.383225
118.383225
118.383225
118.383225
118.383225
118.383225
118.383225
118.383225
118.383225
118.383225
118.383225
118.383225
118.383225
118.383225
118.383225
118.383225
118.383225
118.383225
118.383225
118.383225
118.383225
118.383225
118.383225
118.383225
118.383225
118.383225
118.383225
118.383225
118.383225
118.383225
118.383225
118.383225
118.383225
118.383225
118.383225
118.383225
118.383225
118.383225
118.383225
118.383225
118.383225
118.383225
118.383225
118.383225
118.383225
118.383225
118.383225
118.383225
118.383225
118.383225
118.383225
118.383225
118.383225
118.383225
118.383225
118.383225
118.383225
118.383225
118.383225
118.383225
118.383225
118.383225
118.383225
118.383225
118.383225
118.383225
118.383225
118.383225
118.383225
118.383225
118.383225
118.383225
118.383225
118.383225
118.383225
118.383225
118.383225
118.383225
118.383225
118.383225
118.383225
118.383225
118.383225
118.383225
118.383225
118.383225
118.383225
118.383225
118.383225
118.383225
118.383225
118.383225
118.383225
118.383225
118.383225
118.383225
118.383225
118.383225
118.383225
118.383225
118.383225
118.383225
118.383225
118.383225
118.383225
118.383225
118.383225
118.383225
118.383225
118.383225
118.383225
118.383225
118.383225
118.383225
118.383225
118.383225
118.383225
118.383225
118.383225
118.383225
118.383225
118.383225
118.383225
118.383225
118.383225
118.383225
118.383225
118.383225
118.383225
118.383225
118.383225
118.383225
118.383225
118.383225
118.383225
118.383225
118.383225
118.383225
118.383225
118.383225
118.383225
118.383225
118.383225
118.383225
118.383225
118.383225
118.383225
118.383225
118.383225
118.383225
118.383225
118.383225
118.383225
118.383225
118.383225
118.383225
118.383225
118.383225
118.383225
118.383225
118.383225
118.383225
118.383225
118.383225
118.383225
118.383225
118.383225
118.383225
118.383225
118.383225
118.383225
118.383225
118.383225
118.383225
118.383225
118.383225
118.383225
118.383225
118.383225
118.383225
118.383225
118.383225
118.383225
118.383225
118.383225
118.383225
118.383225
118.383225
118.383225
118.383225
118.383225
118.383225
118.383225
118.383225
118.383225
118.383225
118.383225
118.383225
118.383225
118.383225
118.383225
118.383225
118.383225
118.383225
118.383225
118.383225
118.383225
118.383225
118.383225
118.383225
118.383225
118.383225
118.383225
118.383225
118.383225
118.383225
118.383225
118.383225
118.383225
118.383225
118.383225
118.383225
118.383225
118.383225
118.383225
118.383225
118.383225
118.383225
118.383225
118.383225
118.383225
118.383225
118.383225
118.383225
118.383225
118.383225
118.383225
118.383225
118.383225
118.383225
118.383225
118.383225
118.383225
118.383225
118.383225
118.383225
118.383225
118.383225
118.383225
118.383225
118.383225
118.383225
118.383225
118.383225
118.383225
118.383225
118.383225
118.383225
118.383225
118.383225
118.383225
118.383225
118.383225
118.383225
118.383225
118.383225
118.383225
118.383225
118.383225
118.383225
118.383225
118.383225
118.383225
118.383225
118.383225
118.383225
118.383225
118.383225
118.383225
118.383225
118.383225
118.383225
118.383225
118.383225
118.383225
118.383225
118.383225
118.383225
118.383225
118.383225
118.383225
118.383225
118.383225
118.383225
118.383225
118.383225
118.383225
118.383225
118.383225
118.383225
118.383225
118.383225
118.383225
118.383225
118.383225
118.383225
118.383225
118.383225
118.383225
118.383225
118.383225
118.383225
118.383225
118.383225
118.383225
118.383225
118.383225
118.383225
118.383225
118.383225
118.383225
118.383225
118.383225
118.383225
118.383225
118.383225
118.383225
118.383225
118.383225
118.383225
118.383225
118.383225
118.383225
118.383225
118.383225
118.383225
118.383225
118.383225
118.383225
118.383225
118.383225
118.383225
118.383225
118.383225
118.383225
118.383225
118.383225
118.383225
118.383225
118.383225
118.383225
118.383225
118.383225
118.383225
118.383225
118.383225
118.383225
118.383225
118.383225
118.383225
118.383225
118.383225
118.383225
118.383225
118.383225
118.383225
118.383225
118.383225
118.383225
118.383225
118.383225
118.383225
118.383225
118.383225
118.383225
118.383225
118.383225
118.383225
118.383225
118.383225
118.383225
118.383225
118.383225
118.383225
118.383225
118.383225
118.383225
118.383225
118.383225
118.383225
118.383225
118.383225
118.383225
118.383225
118.383225
118.383225
118.383225
118.383225
118.383225
118.383225
118.383225
118.383225
118.383225
118.383225
118.383225
118.383225
118.383225
118.383225
118.383225
118.383225
118.383225
118.383225
118.383225
118.383225
118.383225
118.383225
118.383225
118.383225
118.383225
118.383225
118.383225
118.383225
118.383225
118.383225
118.383225
118.383225
118.383225
118.383225
118.383225
118.383225
118.383225
118.383225
118.383225
118.383225
118.383225
118.383225
118.383225
118.383225
118.383225
118.383225
118.383225
118.383225
118.383225
118.383225
118.383225
118.383225
118.383225
118.383225
118.383225
118.383225
118.383225
118.383225
118.383225
118.383225
118.383225
118.383225
118.383225
118.383225
118.383225
118.383225
118.383225
118.383225
118.383225
118.383225
118.383225
118.383225
118.383225
118.383225
118.383225
118.383225
118.383225
118.383225
118.383225
118.383225
118.383225
118.383225
118.383225
118.383225
118.383225
118.383225
118.383225
118.383225
118.383225
118.383225
118.383225
118.383225
118.383225
118.383225
118.383225
118.383225
118.383225
118.383225
118.383225
118.383225
118.383225
118.383225
118.383225
118.383225
118.383225
118.383225
118.383225
118.383225
118.383225
118.383225
118.383225
118.383225
118.383225
118.383225
118.383225
118.383225
118.383225
118.383225
118.383225
118.383225
118.383225
118.383225
118.383225
118.383225
118.383225
118.383225
118.383225
118.383225
118.383225
118.383225
118.383225
118.383225
118.383225
118.383225
118.383225
118.383225
118.383225
118.383225
118.383225
118.383225
118.383225
118.383225
118.383225
118.383225
118.383225
118.383225
118.383225
118.383225
118.383225
118.383225
118.383225
118.383225
118.383225
118.383225
118.383225
118.383225
118.383225
118.383225
118.383225
118.383225
118.383225
118.383225
118.383225
118.383225
118.383225
118.383225
118.383225
118.383225
118.383225
118.383225
118.383225
118.383225
118.383225
118.383225
118.383225
118.383225
118.383225
118.383225
118.383225
118.383225
118.383225
118.383225
118.383225
118.383225
118.383225
118.383225
118.383225
118.383225
118.383225
118.383225
118.383225
118.383225
118.383225
118.383225
118.383225
118.383225
118.383225
118.383225
118.383225
118.383225
118.383225
118.383225
118.383225
118.383225
118.383225
118.383225
118.383225
118.383225
118.383225
118.383225
118.383225
118.383225
118.383225
118.383225
118.383225
118.383225
118.383225
118.383225
118.383225
118.383225
118.383225
118.383225
118.383225
118.383225
118.383225
118.383225
118.383225
118.383225
118.383225
118.383225
118.383225
118.383225
118.383225
118.383225
118.383225
118.383225
118.383225
118.383225
118.383225
118.383225
118.383225
118.383225
118.383225
118.383225
118.383225
118.383225
118.383225
118.383225
118.383225
118.383225
118.383225
118.383225
118.383225
118.383225
118.383225
118.383225
118.383225
118.383225
118.383225
118.383225
118.383225
118.383225
118.383225
118.383225
118.383225
118.383225
118.383225
118.383225
118.383225
118.383225
118.383225
118.383225
118.383225
118.383225
118.383225
118.383225
118.383225
118.383225
118.383225
118.383225
118.383225
118.383225
118.383225
118.383225
118.383225
118.383225
118.383225
118.383225
118.383225
118.383225
118.383225
118.383225
118.383225
118.383225
118.383225
118.383225
118.383225
118.383225
118.383225
118.383225
118.383225
118.383225
118.383225
118.383225
118.383225
118.383225
118.383225
118.383225
118.383225
118.383225
118.383225
118.383225
118.383225
118.383225
118.383225
118.383225
118.383225
118.383225
118.383225
118.383225
118.383225
118.383225
118.383225
118.383225
118.383225
118.383225
118.383225
118.383225
118.383225
118.383225
118.383225
118.383225
118.383225
118.383225
118.383225
118.383225
118.383225
118.383225
118.383225
118.383225
118.383225
118.383225
118.383225
118.383225
118.383225
118.383225
118.383225
118.383225
118.383225
118.383225
118.383225
118.383225
118.383225
118.383225
118.383225
118.383225
118.383225
118.383225
118.383225
118.383225
118.383225
118.383225
118.383225
118.383225
118.383225
118.383225
118.383225
118.383225
118.383225
118.383225
118.383225
118.383225
118.383225
118.383225
118.383225
118.383225
118.383225
118.383225
118.383225
118.383225
118.383225
118.383225
118.383225
118.383225
118.383225
118.383225
118.383225
118.383225
118.383225
118.383225
118.383225
118.383225
118.383225
118.383225
118.383225
118.383225
118.383225
118.383225
118.383225
118.383225
118.383225
118.383225
118.383225
118.383225
118.383225
118.383225
118.383225
118.383225
118.383225
118.383225
118.383225
118.383225
118.383225
118.383225
118.383225
118.383225
118.383225
118.383225
118.383225
118.383225
118.383225
118.383225
118.383225
118.383225
118.383225
118.383225
118.383225
118.383225
118.383225
118.383225
118.383225
118.383225
118.383225
118.383225
118.383225
118.383225
118.383225
118.383225
118.383225
118.383225
118.383225
118.383225
118.383225
118.383225
118.383225
118.383225
118.383225
118.383225
118.383225
118.383225
118.383225
118.383225
118.383225
118.383225
118.383225
118.383225
118.383225
118.383225
118.383225
118.383225
118.383225
118.383225
118.383225
118.383225
118.383225
118.383225
118.383225
118.383225
118.383225
118.383225
118.383225
118.383225
118.383225
118.383225
118.383225
118.383225
118.383225
118.383225
118.383225
118.383225
118.383225
118.383225
118.383225
118.383225
118.383225
118.383225
118.383225
118.383225
118.383225
118.383225
118.383225
118.383225
118.383225
118.383225
118.383225
118.383225
118.383225
118.383225
118.383225
118.383225
118.383225
118.383225
118.383225
118.383225
118.383225
118.383225
118.383225
118.383225
118.383225
118.383225
118.383225
118.383225
118.383225
118.383225
118.383225
118.383225
118.383225
118.383225
118.383225
118.383225
118.383225
118.383225
118.383225
118.383225
118.383225
118.383225
118.383225
118.383225
118.383225
118.383225
118.383225
118.383225
118.383225
118.383225
118.383225
118.383225
118.383225
118.383225
118.383225
118.383225
118.383225
118.383225
118.383225
118.383225
118.383225
118.383225
118.383225
118.383225
118.383225
118.383225
118.383225
118.383225
118.383225
118.383225
118.383225
118.383225
118.383225
118.383225
118.383225
118.383225
118.383225
118.383225
118.383225
118.383225
118.383225
118.383225
118.383225
118.383225
118.383225
118.383225
118.383225
118.383225
118.383225
118.383225
118.383225
118.383225
118.383225
118.383225
118.383225
118.383225
118.383225
118.383225
118.383225
118.383225
118.383225
118.383225
118.383225
118.383225
118.383225
118.383225
118.383225
118.383225
118.383225
118.383225
118.383225
118.383225
118.383225
118.383225
118.383225
118.383225
118.383225
118.383225
118.383225
118.383225
118.383225
118.383225
118.383225
118.383225
118.383225
118.383225
118.383225
118.383225
118.383225
118.383225
118.383225
118.383225
118.383225
118.383225
118.383225
118.383225
118.383225
118.383225
118.383225
118.383225
118.383225
118.383225
118.383225
118.383225
118.383225
118.383225
118.383225
118.383225
118.383225
118.383225
118.383225
118.383225
118.383225
118.383225
118.383225
118.383225
118.383225
118.383225
118.383225
118.383225
118.383225
118.383225
118.383225
118.383225
118.383225
118.383225
118.383225
118.383225
118.383225
118.383225
118.383225
118.383225
118.383225
118.383225
118.383225
118.383225
118.383225
118.383225
118.383225
118.383225
118.383225
118.383225
118.383225
118.383225
118.383225
118.383225
118.383225
118.383225
118.383225
118.383225
118.383225
118.383225
118.383225
118.383225
118.383225
118.383225
118.383225
118.383225
118.383225
118.383225
118.383225
118.383225
118.383225
118.383225
118.383225
118.383225
118.383225
118.383225
118.383225
118.383225
118.383225
118.383225
118.383225
118.383225
118.383225
118.383225
118.383225
118.383225
118.383225
118.383225
118.383225
118.383225
118.383225
118.383225
118.383225
118.383225
118.383225
118.383225
118.383225
118.383225
118.383225
118.383225
118.383225
118.383225
118.383225
118.383225
118.383225
118.383225
118.383225
118.383225
118.383225
118.383225
118.383225
118.383225
118.383225
118.383225
118.383225
118.383225
118.383225
118.383225
118.383225
118.383225
118.383225
118.383225
118.383225
118.383225
118.383225
118.383225
118.383225
118.383225
118.383225
118.383225
118.383225
118.383225
118.383225
118.383225
118.383225
118.383225
118.383225
118.383225
118.383225
118.383225
118.383225
118.383225
118.383225
118.383225
118.383225
118.383225
118.383225
118.383225
118.383225
118.383225
118.383225
118.383225
118.383225
118.383225
118.383225
118.383225
118.383225
118.383225
118.383225
118.383225
118.383225
118.383225
118.383225
118.383225
118.383225
118.383225
118.383225
118.383225
118.383225
118.383225
118.383225
118.383225
118.383225
118.383225
118.383225
118.383225
118.383225
118.383225
118.383225
118.383225
118.383225
118.383225
118.383225
118.383225
118.383225
118.383225
118.383225
118.383225
118.383225
118.383225
118.383225
118.383225
118.383225
118.383225
118.383225
118.383225
118.383225
118.383225
118.383225
118.383225
118.383225
118.383225
118.383225
118.383225
118.383225
118.383225
118.383225
118.383225
118.383225
118.383225
118.383225
118.383225
118.383225
118.383225
118.383225
118.383225
118.383225
118.383225
118.383225
118.383225
118.383225
118.383225
118.383225
118.383225
118.383225
118.383225
118.383225
118.383225
118.383225
118.383225
118.383225
118.383225
118.383225
118.383225
118.383225
118.383225
118.383225
118.383225
118.383225
118.383225
118.383225
118.383225
118.383225
118.383225
118.383225
118.383225
118.383225
118.383225
118.383225
118.383225
118.383225
118.383225
118.383225
118.383225
118.383225
118.383225
118.383225
118.383225
118.383225
118.383225
118.383225
118.383225
118.383225
118.383225
118.383225
118.383225
118.383225
118.383225
118.383225
118.383225
118.383225
118.383225
118.383225
118.383225
118.383225
118.383225
118.383225
118.383225
118.383225
118.383225
118.383225
118.383225
118.383225
118.383225
118.383225
118.383225
118.383225
118.383225
118.383225
118.383225
118.383225
118.383225
118.383225
118.383225
118.383225
118.383225
118.383225
118.383225
118.383225
118.383225
118.383225
118.383225
118.383225
118.383225
118.383225
118.383225
118.383225
118.383225
118.383225
118.383225
118.383225
118.383225
118.383225
118.383225
118.383225
118.383225
118.383225
118.383225
118.383225
118.383225
118.383225
118.383225
118.383225
118.383225
118.383225
118.383225
118.383225
118.383225
118.383225
118.383225
118.383225
118.383225
118.383225
118.383225
118.383225
118.383225
118.383225
118.383225
118.383225
118.383225
118.383225
118.383225
118.383225
118.383225
118.383225
118.383225
118.383225
118.383225
118.383225
118.383225
118.383225
118.383225
118.383225
118.383225
118.383225
118.383225
118.383225
118.383225
118.383225
118.383225
118.383225
118.383225
118.383225
118.383225
118.383225
118.383225
118.383225
118.383225
118.383225
118.383225
118.383225
118.383225
118.383225
118.383225
118.383225
118.383225
118.383225
118.383225
118.383225
118.383225
118.383225
118.383225
118.383225
118.383225
118.383225
118.383225
118.383225
118.383225
118.383225
118.383225
118.383225
118.383225
118.383225
118.383225
118.383225
118.383225
118.383225
118.383225
118.383225
118.383225
118.383225
118.383225
118.383225
118.383225
118.383225
118.383225
118.383225
118.383225
118.383225
118.383225
118.383225
118.383225
118.383225
118.383225
118.383225
118.383225
118.383225
118.383225
118.383225
118.383225
118.383225
118.383225
118.383225
118.383225
118.383225
118.383225
118.383225
118.383225
118.383225
118.383225
118.383225
118.383225
118.383225
118.383225
118.383225
118.383225
118.383225
118.383225
118.383225
118.383225
118.383225
118.383225
118.383225
118.383225
118.383225
118.383225
118.383225
118.383225
118.383225
118.383225
118.383225
118.383225
118.383225
118.383225
118.383225
118.383225
118.383225
118.383225
118.383225
118.383225
118.383225
118.383225
118.383225
118.383225
118.383225
118.383225
118.383225
118.383225
118.383225
118.383225
118.383225
118.383225
118.383225
118.383225
118.383225
118.383225
118.383225
118.383225
118.383225
118.383225
118.383225
118.383225
118.383225
118.383225
118.383225
118.383225
118.383225
118.383225
118.383225
118.383225
118.383225
118.383225
118.383225
118.383225
118.383225
118.383225
118.383225
118.383225
118.383225
118.383225
118.383225
118.383225
118.383225
118.383225
118.383225
118.383225
118.383225
118.383225
118.383225
118.383225
118.383225
118.383225
118.383225
118.383225
118.383225
118.383225
118.383225
118.383225
118.383225
118.383225
118.383225
118.383225
118.383225
118.383225
118.383225
118.383225
118.383225
118.383225
118.383225
118.383225
118.383225
118.383225
118.383225
118.383225
118.383225
118.383225
118.383225
118.383225
118.383225
118.383225
118.383225
118.383225
118.383225
118.383225
118.383225
118.383225
118.383225
118.383225
118.383225
118.383225
118.383225
118.383225
118.383225
118.383225
118.383225
118.383225
118.383225
118.383225
118.383225
118.383225
118.383225
118.383225
118.383225
118.383225
118.383225
118.383225
118.383225
118.383225
118.383225
118.383225
118.383225
118.383225
118.383225
118.383225
118.383225
118.383225
118.383225
118.383225
118.383225
118.383225
118.383225
118.383225
118.383225
118.383225
118.383225
118.383225
118.383225
118.383225
118.383225
118.383225
118.383225
118.383225
118.383225
118.383225
118.383225
118.383225
118.383225
118.383225
118.383225
118.383225
118.383225
118.383225
118.383225
118.383225
118.383225
118.383225
118.383225
118.383225
118.383225
118.383225
118.383225
118.383225
118.383225
118.383225
118.383225
118.383225
118.383225
118.383225
118.383225
118.383225
118.383225
118.383225
118.383225
118.383225
118.383225
118.383225
118.383225
118.383225
118.383225
118.383225
118.383225
118.383225
118.383225
118.383225
118.383225
118.383225
118.383225
118.383225
118.383225
118.383225
118.383225
118.383225
118.383225
118.383225
118.383225
118.383225
118.383225
118.383225
118.383225
118.383225
118.383225
118.383225
118.383225
118.383225
118.383225
118.383225
118.383225
118.383225
118.383225
118.383225
118.383225
118.383225
118.383225
118.383225
118.383225
118.383225
118.383225
118.383225
118.383225
118.383225
118.383225
118.383225
118.383225
118.383225
118.383225
118.383225
118.383225
118.383225
118.383225
118.383225
118.383225
118.383225
118.383225
118.383225
118.383225
118.383225
118.383225
118.383225
118.383225
118.383225
118.383225
118.383225
118.383225
118.383225
118.383225
118.383225
118.383225
118.383225
118.383225
118.383225
118.383225
118.383225
118.383225
118.383225
118.383225
118.383225
118.383225
118.383225
118.383225
118.383225
118.383225
118.383225
118.383225
118.383225
118.383225
118.383225
118.383225
118.383225
118.383225
118.383225
118.383225
118.383225
118.383225
118.383225
118.383225
118.383225
118.383225
118.383225
118.383225
118.383225
118.383225
118.383225
118.383225
118.383225
118.383225
118.383225
118.383225
118.383225
118.383225
118.383225
118.383225
118.383225
118.383225
118.383225
118.383225
118.383225
118.383225
118.383225
118.383225
118.383225
118.383225
118.383225
118.383225
118.383225
118.383225
118.383225
118.383225
118.383225
118.383225
118.383225
118.383225
118.383225
118.383225
118.383225
118.383225
118.383225
118.383225
118.383225
118.383225
118.383225
118.383225
118.383225
118.383225
118.383225
118.383225
118.383225
118.383225
118.383225
118.383225
118.383225
118.383225
118.383225
118.383225
118.383225
118.383225
118.383225
118.383225
118.383225
118.383225
118.383225
118.383225
118.383225
118.383225
118.383225
118.383225
118.383225
118.383225
118.383225
118.383225
118.383225
118.383225
118.383225
118.383225
118.383225
118.383225
118.383225
118.383225
118.383225
118.383225
118.383225
118.383225
118.383225
118.383225
118.383225
118.383225
118.383225
118.383225
118.383225
118.383225
118.383225
118.383225
118.383225
118.383225
118.383225
118.383225
118.383225
118.383225
118.383225
118.383225
118.383225
118.383225
118.383225
118.383225
118.383225
118.383225
118.383225
118.383225
118.383225
118.383225
118.383225
118.383225
118.383225
118.383225
118.383225
118.383225
118.383225
118.383225
118.383225
118.383225
118.383225
118.383225
118.383225
118.383225
118.383225
118.383225
118.383225
118.383225
118.383225
118.383225
118.383225
118.383225
118.383225
118.383225
118.383225
118.383225
118.383225
118.383225
118.383225
118.383225
118.383225
118.383225
118.383225
118.383225
118.383225
118.383225
118.383225
118.383225
118.383225
118.383225
118.383225
118.383225
118.383225
118.383225
118.383225
118.383225
118.383225
118.383225
118.383225
118.383225
118.383225
118.383225
118.383225
118.383225
118.383225
118.383225
118.383225
118.383225
118.383225
118.383225
118.383225
118.383225
118.383225
118.383225
118.383225
118.383225
118.383225
118.383225
118.383225
118.383225
118.383225
118.383225
118.383225
118.383225
118.383225
118.383225
118.383225
118.383225
118.383225
118.383225
118.383225
118.383225
118.383225
118.383225
118.383225
118.383225
118.383225
118.383225
118.383225
118.383225
118.383225
118.383225
118.383225
118.383225
118.383225
118.383225
118.383225
118.383225
118.383225
118.383225
118.383225
118.383225
118.383225
118.383225
118.383225
118.383225
118.383225
118.383225
118.383225
118.383225
118.383225
118.383225
118.383225
118.383225
118.383225
118.383225
118.383225
118.383225
118.383225
118.383225
118.383225
118.383225
118.383225
118.383225
118.383225
118.383225
118.383225
118.383225
118.383225
118.383225
118.383225
118.383225
118.383225
118.383225
118.383225
118.383225
118.383225
118.383225
118.383225
118.383225
118.383225
118.383225
118.383225
118.383225
118.383225
118.383225
118.383225
118.383225
118.383225
118.383225
118.383225
118.383225
118.383225
118.383225
118.383225
118.383225
118.383225
118.383225
118.383225
118.383225
118.383225
118.383225
118.383225
118.383225
118.383225
118.383225
118.383225
118.383225
118.383225
118.383225
118.383225
118.383225
118.383225
118.383225
118.383225
118.383225
118.383225
118.383225
118.383225
118.383225
118.383225
118.383225
118.383225
118.383225
118.383225
118.383225
118.383225
118.383225
118.383225
118.383225
118.383225
118.383225
118.383225
118.383225
118.383225
118.383225
118.383225
118.383225
118.383225
118.383225
118.383225
118.383225
118.383225
118.383225
118.383225
118.383225
118.383225
118.383225
118.383225
118.383225
118.383225
118.383225
118.383225
118.383225
118.383225
118.383225
118.383225
118.383225
118.383225
118.383225
118.383225
118.383225
118.383225
118.383225
118.383225
118.383225
118.383225
118.383225
118.383225
118.383225
118.383225
118.383225
118.383225
118.383225
118.383225
118.383225
118.383225
118.383225
118.383225
118.383225
118.383225
118.383225
118.383225
118.383225
118.383225
118.383225
118.383225
118.383225
118.383225
118.383225
118.383225
118.383225
118.383225
118.383225
118.383225
118.383225
118.383225
118.383225
118.383225
118.383225
118.383225
118.383225
118.383225
118.383225
118.383225
118.383225
118.383225
118.383225
118.383225
118.383225
118.383225
118.383225
118.383225
118.383225
118.383225
118.383225
118.383225
118.383225
118.383225
118.383225
118.383225
118.383225
118.383225
118.383225
118.383225
118.383225
118.383225
118.383225
118.383225
118.383225
118.383225
118.383225
118.383225
118.383225
118.383225
118.383225
118.383225
118.383225
118.383225
118.383225
118.383225
118.383225
118.383225
118.383225
118.383225
118.383225
118.383225
118.383225
118.383225
118.383225
118.383225
118.383225
118.383225
118.383225
118.383225
118.383225
118.383225
118.383225
118.383225
118.383225
118.383225
118.383225
118.383225
118.383225
118.383225
118.383225
118.383225
118.383225
118.383225
118.383225
118.383225
118.383225
118.383225
118.383225
118.383225
118.383225
118.383225
118.383225
118.383225
118.383225
118.383225
118.383225
118.383225
118.383225
118.383225
118.383225
118.383225
118.383225
118.383225
118.383225
118.383225
118.383225
118.383225
118.383225
118.383225
118.383225
118.383225
118.383225
118.383225
118.383225
118.383225
118.383225
118.383225
118.383225
118.383225
118.383225
118.383225
118.383225
118.383225
118.383225
118.383225
118.383225
118.383225
118.383225
118.383225
118.383225
118.383225
118.383225
118.383225
118.383225
118.383225
118.383225
118.383225
118.383225
118.383225
118.383225
118.383225
118.383225
118.383225
118.383225
118.383225
118.383225
118.383225
118.383225
118.383225
118.383225
118.383225
118.383225
118.383225
118.383225
118.383225
118.383225
118.383225
118.383225
118.383225
118.383225
118.383225
118.383225
118.383225
118.383225
118.383225
118.383225
118.383225
118.383225
118.383225
118.383225
118.383225
118.383225
118.383225
118.383225
118.383225
118.383225
118.383225
118.383225
118.383225
118.383225
118.383225
118.383225
118.383225
118.383225
118.383225
118.383225
118.383225
118.383225
118.383225
118.383225
118.383225
118.383225
118.383225
118.383225
118.383225
118.383225
118.383225
118.383225
118.383225
118.383225
118.383225
118.383225
118.383225
118.383225
118.383225
118.383225
118.383225
118.383225
118.383225
118.383225
118.383225
118.383225
118.383225
118.383225
118.383225
118.383225
118.383225
118.383225
118.383225
118.383225
118.383225
118.383225
118.383225
118.383225
118.383225
118.383225
118.383225
118.383225
118.383225
118.383225
118.383225
118.383225
118.383225
118.383225
118.383225
118.383225
118.383225
118.383225
118.383225
118.383225
118.383225
118.383225
118.383225
118.383225
118.383225
118.383225
118.383225
118.383225
118.383225
118.383225
118.383225
118.383225
118.383225
118.383225
118.383225
118.383225
118.383225
118.383225
118.383225
118.383225
118.383225
118.383225
118.383225
118.383225
118.383225
118.383225
118.383225
118.383225
118.383225
118.383225
118.383225
118.383225
118.383225
118.383225
118.383225
118.383225
118.383225
118.383225
118.383225
118.383225
118.383225
118.383225
118.383225
118.383225
118.383225
118.383225
118.383225
118.383225
118.383225
118.383225
118.383225
118.383225
118.383225
118.383225
118.383225
118.383225
118.383225
118.383225
118.383225
118.383225
118.383225
118.383225
118.383225
118.383225
118.383225
118.383225
118.383225
118.383225
118.383225
118.383225
118.383225
118.383225
118.383225
118.383225
118.383225
118.383225
118.383225
118.383225
118.383225
118.383225
118.383225
118.383225
118.383225
118.383225
118.383225
118.383225
118.383225
118.383225
118.383225
118.383225
118.383225
118.383225
118.383225
118.383225
118.383225
118.383225
118.383225
118.383225
118.383225
118.383225
118.383225
118.383225
118.383225
118.383225
118.383225
118.383225
118.383225
118.383225
118.383225
118.383225
118.383225
118.383225
118.383225
118.383225
118.383225
118.383225
118.383225
118.383225
118.383225
118.383225
118.383225
118.383225
118.383225
118.383225
118.383225
118.383225
118.383225
118.383225
118.383225
118.383225
118.383225
118.383225
118.383225
118.383225
118.383225
118.383225
118.383225
118.383225
118.383225
118.383225
118.383225
118.383225
118.383225
118.383225
118.383225
118.383225
118.383225
118.383225
118.383225
118.383225
118.383225
118.383225
118.383225
118.383225
118.383225
118.383225
118.383225
118.383225
118.383225
118.383225
118.383225
118.383225
118.383225
118.383225
118.383225
118.383225
118.383225
118.383225
118.383225
118.383225
118.383225
118.383225
118.383225
118.383225
118.383225
118.383225
118.383225
118.383225
118.383225
118.383225
118.383225
118.383225
118.383225
118.383225
118.383225
118.383225
118.383225
118.383225
118.383225
118.383225
118.383225
118.383225
118.383225
118.383225
118.383225
118.383225
118.383225
118.383225
118.383225
118.383225
118.383225
118.383225
118.383225
118.383225
118.383225
118.383225
118.383225
118.383225
118.383225
118.383225
118.383225
118.383225
118.383225
118.383225
118.383225
118.383225
118.383225
118.383225
118.383225
118.383225
118.383225
118.383225
118.383225
118.383225
118.383225
118.383225
118.383225
118.383225
118.383225
118.383225
118.383225
118.383225
118.383225
118.383225
118.383225
118.383225
118.383225
118.383225
118.383225
118.383225
118.383225
118.383225
118.383225
118.383225
118.383225
118.383225
118.383225
118.383225
118.383225
118.383225
118.383225
118.383225
118.383225
118.383225
118.383225
118.383225
118.383225
118.383225
118.383225
118.383225
118.383225
118.383225
118.383225
118.383225
118.383225
118.383225
118.383225
118.383225
118.383225
118.383225
118.383225
118.383225
118.383225
118.383225
118.383225
118.383225
118.383225
118.383225
118.383225
118.383225
118.383225
118.383225
118.383225
118.383225
118.383225
118.383225
118.383225
118.383225
118.383225
118.383225
118.383225
118.383225
118.383225
118.383225
118.383225
118.383225
118.383225
118.383225
118.383225
118.383225
118.383225
118.383225
118.383225
118.383225
118.383225
118.383225
118.383225
118.383225
118.383225
118.383225
118.383225
118.383225
118.383225
118.383225
118.383225
118.383225
118.383225
118.383225
118.383225
118.383225
118.383225
118.383225
118.383225
118.383225
118.383225
118.383225
118.383225
118.383225
118.383225
118.383225
118.383225
118.383225
118.383225
118.383225
118.383225
118.383225
118.383225
118.383225
118.383225
118.383225
118.383225
118.383225
118.383225
118.383225
118.383225
118.383225
118.383225
118.383225
118.383225
118.383225
118.383225
118.383225
118.383225
118.383225
118.383225
118.383225
118.383225
118.383225
118.383225
118.383225
118.383225
118.383225
118.383225
118.383225
118.383225
118.383225
118.383225
118.383225
118.383225
118.383225
118.383225
118.383225
118.383225
118.383225
118.383225
118.383225
118.383225
118.383225
118.383225
118.383225
118.383225
118.383225
118.383225
118.383225
118.383225
118.383225
118.383225
118.383225
118.383225
118.383225
118.383225
118.383225
118.383225
118.383225
118.383225
118.383225
118.383225
118.383225
118.383225
118.383225
118.383225
118.383225
118.383225
118.383225
118.383225
118.383225
118.383225
118.383225
118.383225
118.383225
118.383225
118.383225
118.383225
118.383225
118.383225
118.383225
118.383225
118.383225
118.383225
118.383225
118.383225
118.383225
118.383225
118.383225
118.383225
118.383225
118.383225
118.383225
118.383225
118.383225
118.383225
118.383225
118.383225
118.383225
118.383225
118.383225
118.383225
118.383225
118.383225
118.383225
118.383225
118.383225
118.383225
118.383225
118.383225
118.383225
118.383225
118.383225
118.383225
118.383225
118.383225
118.383225
118.383225
118.383225
118.383225
118.383225
118.383225
118.383225
118.383225
118.383225
118.383225
118.383225
118.383225
118.383225
118.383225
118.383225
118.383225
118.383225
118.383225
118.383225
118.383225
118.383225
118.383225
118.383225
118.383225
118.383225
118.383225
118.383225
118.383225
118.383225
118.383225
118.383225
118.383225
118.383225
118.383225
118.383225
118.383225
118.383225
118.383225
118.383225
118.383225
118.383225
118.383225
118.383225
118.383225
118.383225
118.383225
118.383225
118.383225
118.383225
118.383225
118.383225
118.383225
118.383225
118.383225
118.383225
118.383225
118.383225
118.383225
118.383225
118.383225
118.383225
118.383225
118.383225
118.383225
118.383225
118.383225
118.383225
118.383225
118.383225
118.383225
118.383225
118.383225
118.383225
118.383225
118.383225
118.383225
118.383225
118.383225
118.383225
118.383225
118.383225
118.383225
118.383225
118.383225
118.383225
118.383225
118.383225
118.383225
118.383225
118.383225
118.383225
118.383225
118.383225
118.383225
118.383225
118.383225
118.383225
118.383225
118.383225
118.383225
118.383225
118.383225
118.383225
118.383225
118.383225
118.383225
118.383225
118.383225
118.383225
118.383225
118.383225
118.383225
118.383225
118.383225
118.383225
118.383225
118.383225
118.383225
118.383225
118.383225
118.383225
118.383225
118.383225
118.383225
118.383225
118.383225
118.383225
118.383225
118.383225
118.383225
118.383225
118.383225
118.383225
118.383225
118.383225
118.383225
118.383225
118.383225
118.383225
118.383225
118.383225
118.383225
118.383225
118.383225
118.383225
118.383225
118.383225
118.383225
118.383225
118.383225
118.383225
118.383225
118.383225
118.383225
118.383225
118.383225
118.383225
118.383225
118.383225
118.383225
118.383225
118.383225
118.383225
118.383225
118.383225
118.383225
118.383225
118.383225
118.383225
118.383225
118.383225
118.383225
118.383225
118.383225
118.383225
118.383225
118.383225
118.383225
118.383225
118.383225
118.383225
118.383225
118.383225
118.383225
118.383225
118.383225
118.383225
118.383225
118.383225
118.383225
118.383225
118.383225
118.383225
118.383225
118.383225
118.383225
118.383225
118.383225
118.383225
118.383225
118.383225
118.383225
118.383225
118.383225
118.383225
118.383225
118.383225
118.383225
118.383225
118.383225
118.383225
118.383225
118.383225
118.383225
118.383225
118.383225
118.383225
118.383225
118.383225
118.383225
118.383225
118.383225
118.383225
118.383225
118.383225
118.383225
118.383225
118.383225
118.383225
118.383225
118.383225
118.383225
118.383225
118.383225
118.383225
118.383225
118.383225
118.383225
118.383225
118.383225
118.383225
118.383225
118.383225
118.383225
118.383225
118.383225
118.383225
118.383225
118.383225
118.383225
118.383225
118.383225
118.383225
118.383225
118.383225
118.383225
118.383225
118.383225
118.383225
118.383225
118.383225
118.383225
118.383225
118.383225
118.383225
118.383225
118.383225
118.383225
118.383225
118.383225
118.383225
118.383225
118.383225
118.383225
118.383225
118.383225
118.383225
118.383225
118.383225
118.383225
118.383225
118.383225
118.383225
118.383225
118.383225
118.383225
118.383225
118.383225
118.383225
118.383225
118.383225
118.383225
118.383225
118.383225
118.383225
118.383225
118.383225
118.383225
118.383225
118.383225
118.383225
118.383225
118.383225
118.383225
118.383225
118.383225
118.383225
118.383225
118.383225
118.383225
118.383225
118.383225
118.383225
118.383225
118.383225
118.383225
118.383225
118.383225
118.383225
118.383225
118.383225
118.383225
118.383225
118.383225
118.383225
118.383225
118.383225
118.383225
118.383225
118.383225
118.383225
118.383225
118.383225
118.383225
118.383225
118.383225
118.383225
118.383225
118.383225
118.383225
118.383225
118.383225
118.383225
118.383225
118.383225
118.383225
118.383225
118.383225
118.383225
118.383225
118.383225
118.383225
118.383225
118.383225
118.383225
118.383225
118.383225
118.383225
118.383225
118.383225
118.383225
118.383225
118.383225
118.383225
118.383225
118.383225
118.383225
118.383225
118.383225
118.383225
118.383225
118.383225
118.383225
118.383225
118.383225
118.383225
118.383225
118.383225
118.383225
118.383225
118.383225
118.383225
118.383225
118.383225
118.383225
118.383225
118.383225
118.383225
118.383225
118.383225
118.383225
118.383225
118.383225
118.383225
118.383225
118.383225
118.383225
118.383225
118.383225
118.383225
118.383225
118.383225
118.383225
118.383225
118.383225
118.383225
118.383225
118.383225
118.383225
118.383225
118.383225
118.383225
118.383225
118.383225
118.383225
118.383225
118.383225
118.383225
118.383225
118.383225
118.383225
118.383225
118.383225
118.383225
118.383225
118.383225
118.383225
118.383225
118.383225
118.383225
118.383225
118.383225
118.383225
118.383225
118.383225
118.383225
118.383225
118.383225
118.383225
118.383225
118.383225
118.383225
118.383225
118.383225
118.383225
118.383225
118.383225
118.383225
118.383225
118.383225
118.383225
118.383225
118.383225
118.383225
118.383225
118.383225
118.383225
118.383225
118.383225
118.383225
118.383225
118.383225
118.383225
118.383225
118.383225
118.383225
118.383225
118.383225
118.383225
118.383225
118.383225
118.383225
118.383225
118.383225
118.383225
118.383225
118.383225
118.383225
118.383225
118.383225
118.383225
118.383225
118.383225
118.383225
118.383225
118.383225
118.383225
118.383225
118.383225
118.383225
118.383225
118.383225
118.383225
118.383225
118.383225
118.383225
118.383225
118.383225
118.383225
118.383225
118.383225
118.383225
118.383225
118.383225
118.383225
118.383225
118.383225
118.383225
118.383225
118.383225
118.383225
118.383225
118.383225
118.383225
118.383225
118.383225
118.383225
118.383225
118.383225
118.383225
118.383225
118.383225
118.383225
118.383225
118.383225
118.383225
118.383225
118.383225
118.383225
118.383225
118.383225
118.383225
118.383225
118.383225
118.383225
118.383225
118.383225
118.383225
118.383225
118.383225
118.383225
118.383225
118.383225
118.383225
118.383225
118.383225
118.383225
118.383225
118.383225
118.383225
118.383225
118.383225
118.383225
118.383225
118.383225
118.383225
118.383225
118.383225
118.383225
118.383225
118.383225
118.383225
118.383225
118.383225
118.383225
118.383225
118.383225
118.383225
118.383225
118.383225
118.383225
118.383225
118.383225
118.383225
118.383225
118.383225
118.383225
118.383225
118.383225
118.383225
118.383225
118.383225
118.383225
118.383225
118.383225
118.383225
118.383225
118.383225
118.383225
118.383225
118.383225
118.383225
118.383225
118.383225
118.383225
118.383225
118.383225
118.383225
118.383225
118.383225
118.383225
118.383225
118.383225
118.383225
118.383225
118.383225
118.383225
118.383225
118.383225
118.383225
118.383225
118.383225
118.383225
118.383225
118.383225
118.383225
118.383225
118.383225
118.383225
118.383225
118.383225
118.383225
118.383225
118.383225
118.383225
118.383225
118.383225
118.383225
118.383225
118.383225
118.383225
118.383225
118.383225
118.383225
118.383225
118.383225
118.383225
118.383225
118.383225
118.383225
118.383225
118.383225
118.383225
118.383225
118.383225
118.383225
118.383225
118.383225
118.383225
118.383225
118.383225
118.383225
118.383225
118.383225
118.383225
118.383225
118.383225
118.383225
118.383225
118.383225
118.383225
118.383225
118.383225
118.383225
118.383225
118.383225
118.383225
118.383225
118.383225
118.383225
118.383225
118.383225
118.383225
118.383225
118.383225
118.383225
118.383225
118.383225
118.383225
118.383225
118.383225
118.383225
118.383225
118.383225
118.383225
118.383225
118.383225
118.383225
118.383225
118.383225
118.383225
118.383225
118.383225
118.383225
118.383225
118.383225
118.383225
118.383225
118.383225
118.383225
118.383225
118.383225
118.383225
118.383225
118.383225
118.383225
118.383225
118.383225
118.383225
118.383225
118.383225
118.383225
118.383225
118.383225
118.383225
118.383225
118.383225
118.383225
118.383225
118.383225
118.383225
118.383225
118.383225
118.383225
118.383225
118.383225
118.383225
118.383225
118.383225
118.383225
118.383225
118.383225
118.383225
118.383225
118.383225
118.383225
118.383225
118.383225
118.383225
118.383225
118.383225
118.383225
118.383225
118.383225
118.383225
118.383225
118.383225
118.383225
118.383225
118.383225
118.383225
118.383225
118.383225
118.383225
118.383225
118.383225
118.383225
118.383225
118.383225
118.383225
118.383225
118.383225
118.383225
118.383225
118.383225
118.383225
118.383225
118.383225
118.383225
118.383225
118.383225
118.383225
118.383225
118.383225
118.383225
118.383225
118.383225
118.383225
118.383225
118.383225
118.383225
118.383225
118.383225
118.383225
118.383225
118.383225
118.383225
118.383225
118.383225
118.383225
118.383225
118.383225
118.383225
118.383225
118.383225
118.383225
118.383225
118.383225
118.383225
118.383225
118.383225
118.383225
118.383225
118.383225
118.383225
118.383225
118.383225
118.383225
118.383225
118.383225
118.383225
118.383225
118.383225
118.383225
118.383225
118.383225
118.383225
118.383225
118.383225
118.383225
118.383225
118.383225
118.383225
118.383225
118.383225
118.383225
118.383225
118.383225
118.383225
118.383225
118.383225
118.383225
118.383225
118.383225
118.383225
118.383225
118.383225
118.383225
118.383225
118.383225
118.383225
118.383225
118.383225
118.383225
118.383225
118.383225
118.383225
118.383225
118.383225
118.383225
118.383225
118.383225
118.383225
118.383225
118.383225
118.383225
118.383225
118.383225
118.383225
118.383225
118.383225
118.383225
118.383225
118.383225
118.383225
118.383225
118.383225
118.383225
118.383225
118.383225
118.383225
118.383225
118.383225
118.383225
118.383225
118.383225
118.383225
118.383225
118.383225
118.383225
118.383225
118.383225
118.383225
118.383225
118.383225
118.383225
118.383225
118.383225
118.383225
118.383225
118.383225
118.383225
118.383225
118.383225
118.383225
118.383225
118.383225
118.383225
118.383225
118.383225
118.383225
118.383225
118.383225
118.383225
118.383225
118.383225
118.383225
118.383225
118.383225
118.383225
118.383225
118.383225
118.383225
118.383225
118.383225
118.383225
118.383225
118.383225
118.383225
118.383225
118.383225
118.383225
118.383225
118.383225
118.383225
118.383225
118.383225
118.383225
118.383225
118.383225
118.383225
118.383225
118.383225
118.383225
118.383225
118.383225
118.383225
118.383225
118.383225
118.383225
118.383225
118.383225
118.383225
118.383225
118.383225
118.383225
118.383225
118.383225
118.383225
118.383225
118.383225
118.383225
118.383225
118.383225
118.383225
118.383225
118.383225
118.383225
118.383225
118.383225
118.383225
118.383225
118.383225
118.383225
118.383225
118.383225
118.383225
118.383225
118.383225
118.383225
118.383225
118.383225
118.383225
118.383225
118.383225
118.383225
118.383225
118.383225
118.383225
118.383225
118.383225
118.383225
118.383225
118.383225
118.383225
118.383225
118.383225
118.383225
118.383225
118.383225
118.383225
118.383225
118.383225
118.383225
118.383225
118.383225
118.383225
118.383225
118.383225
118.383225
118.383225
118.383225
118.383225
118.383225
118.383225
118.383225
118.383225
118.383225
118.383225
118.383225
118.383225
118.383225
118.383225
118.383225
118.383225
118.383225
118.383225
118.383225
118.383225
118.383225
118.383225
118.383225
118.383225
118.383225
118.383225
118.383225
118.383225
118.383225
118.383225
118.383225
118.383225
118.383225
118.383225
118.383225
118.383225
118.383225
118.383225
118.383225
118.383225
118.383225
118.383225
118.383225
118.383225
118.383225
118.383225
118.383225
118.383225
118.383225
118.383225
118.383225
118.383225
118.383225
118.383225
118.383225
118.383225
118.383225
118.383225
118.383225
118.383225
118.383225
118.383225
118.383225
118.383225
118.383225
118.383225
118.383225
118.383225
118.383225
118.383225
118.383225
118.383225
118.383225
118.383225
118.383225
118.383225
118.383225
118.383225
118.383225
118.383225
118.383225
118.383225
118.383225
118.383225
118.383225
118.383225
118.383225
118.383225
118.383225
118.383225
118.383225
118.383225
118.383225
118.383225
118.383225
118.383225
118.383225
118.383225
118.383225
118.383225
118.383225
118.383225
118.383225
118.383225
118.383225
118.383225
118.383225
118.383225
118.383225
118.383225
118.383225
118.383225
118.383225
118.383225
118.383225
118.383225
118.383225
118.383225
118.383225
118.383225
118.383225
118.383225
118.383225
118.383225
118.383225
118.383225
118.383225
118.383225
118.383225
118.383225
118.383225
118.383225
118.383225
118.383225
118.383225
118.383225
118.383225
118.383225
118.383225
118.383225
118.383225
118.383225
118.383225
118.383225
118.383225
118.383225
118.383225
118.383225
118.383225
118.383225
118.383225
118.383225
118.383225
118.383225
118.383225
118.383225
118.383225
118.383225
118.383225
118.383225
118.383225
118.383225
118.383225
118.383225
118.383225
118.383225
118.383225
118.383225
118.383225
118.383225
118.383225
118.383225
118.383225
118.383225
118.383225
118.383225
118.383225
118.383225
118.383225
118.383225
118.383225
118.383225
118.383225
118.383225
118.383225
118.383225
118.383225
118.383225
118.383225
118.383225
118.383225
118.383225
118.383225
118.383225
118.383225
118.383225
118.383225
118.383225
118.383225
118.383225
118.383225
118.383225
118.383225
118.383225
118.383225
118.383225
118.383225
118.383225
118.383225
118.383225
118.383225
118.383225
118.383225
118.383225
118.383225
118.383225
118.383225
118.383225
118.383225
118.383225
118.383225
118.383225
118.383225
118.383225
118.383225
118.383225
118.383225
118.383225
118.383225
118.383225
118.383225
118.383225
118.383225
118.383225
118.383225
118.383225
118.383225
118.383225
118.383225
118.383225
118.383225
118.383225
118.383225
118.383225
118.383225
118.383225
118.383225
118.383225
118.383225
118.383225
118.383225
118.383225
118.383225
118.383225
118.383225
118.383225
118.383225
118.383225
118.383225
118.383225
118.383225
118.383225
118.383225
118.383225
118.383225
118.383225
118.383225
118.383225
118.383225
118.383225
118.383225
118.383225
118.383225
118.383225
118.383225
118.383225
118.383225
118.383225
118.383225
118.383225
118.383225
118.383225
118.383225
118.383225
118.383225
118.383225
118.383225
118.383225
118.383225
118.383225
118.383225
118.383225
118.383225
118.383225
118.383225
118.383225
118.383225
118.383225
118.383225
118.383225
118.383225
118.383225
118.383225
118.383225
118.383225
118.383225
118.383225
118.383225
118.383225
118.383225
118.383225
118.383225
118.383225
118.383225
118.383225
118.383225
118.383225
118.383225
118.383225
118.383225
118.383225
118.383225
118.383225
118.383225
118.383225
118.383225
118.383225
118.383225
118.383225
118.383225
118.383225
118.383225
118.383225
118.383225
118.383225
118.383225
118.383225
118.383225
118.383225
118.383225
118.383225
118.383225
118.383225
118.383225
118.383225
118.383225
118.383225
118.383225
118.383225
118.383225
118.383225
118.383225
118.383225
118.383225
118.383225
118.383225
118.383225
118.383225
118.383225
118.383225
118.383225
118.383225
118.383225
118.383225
118.383225
118.383225
118.383225
118.383225
118.383225
118.383225
118.383225
118.383225
118.383225
118.383225
118.383225
118.383225
118.383225
118.383225
118.383225
118.383225
118.383225
118.383225
118.383225
118.383225
118.383225
118.383225
118.383225
118.383225
118.383225
118.383225
118.383225
118.383225
118.383225
118.383225
118.383225
118.383225
118.383225
118.383225
118.383225
118.383225
118.383225
118.383225
118.383225
118.383225
118.383225
118.383225
118.383225
118.383225
118.383225
118.383225
118.383225
118.383225
118.383225
118.383225
118.383225
118.383225
118.383225
118.383225
118.383225
118.383225
118.383225
118.383225
118.383225
118.383225
118.383225
118.383225
118.383225
118.383225
118.383225
118.383225
118.383225
118.383225
118.383225
118.383225
118.383225
118.383225
118.383225
118.383225
118.383225
118.383225
118.383225
118.383225
118.383225
118.383225
118.383225
118.383225
118.383225
118.383225
118.383225
118.383225
118.383225
118.383225
118.383225
118.383225
118.383225
118.383225
118.383225
118.383225
118.383225
118.383225
118.383225
118.383225
118.383225
118.383225
118.383225
118.383225
118.383225
118.383225
118.383225
118.383225
118.383225
118.383225
118.383225
118.383225
118.383225
118.383225
118.383225
118.383225
118.383225
118.383225
118.383225
118.383225
118.383225
118.383225
118.383225
118.383225
118.383225
118.383225
118.383225
118.383225
118.383225
118.383225
118.383225
118.383225
118.383225
118.383225
118.383225
118.383225
118.383225
118.383225
118.383225
118.383225
118.383225
118.383225
118.383225
118.383225
118.383225
118.383225
118.383225
118.383225
118.383225
118.383225
118.383225
118.383225
118.383225
118.383225
118.383225
118.383225
118.383225
118.383225
118.383225
118.383225
118.383225
118.383225
118.383225
118.383225
118.383225
118.383225
118.383225
118.383225
118.383225
118.383225
118.383225
118.383225
118.383225
118.383225
118.383225
118.383225
118.383225
118.383225
118.383225
118.383225
118.383225
118.383225
118.383225
118.383225
118.383225
118.383225
118.383225
118.383225
118.383225
118.383225
118.383225
118.383225
118.383225
118.383225
118.383225
118.383225
118.383225
118.383225
118.383225
118.383225
118.383225
118.383225
118.383225
118.383225
118.383225
118.383225
118.383225
118.383225
118.383225
118.383225
118.383225
118.383225
118.383225
118.383225
118.383225
118.383225
118.383225
118.383225
118.383225
118.383225
118.383225
118.383225
118.383225
118.383225
118.383225
118.383225
118.383225
118.383225
118.383225
118.383225
118.383225
118.383225
118.383225
118.383225
118.383225
118.383225
118.383225
118.383225
118.383225
118.383225
118.383225
118.383225
118.383225
118.383225
118.383225
118.383225
118.383225
118.383225
118.383225
118.383225
118.383225
118.383225
118.383225
118.383225
118.383225
118.383225
118.383225
118.383225
118.383225
118.383225
118.383225
118.383225
118.383225
118.383225
118.383225
118.383225
118.383225
118.383225
118.383225
118.383225
118.383225
118.383225
118.383225
118.383225
118.383225
118.383225
118.383225
118.383225
118.383225
118.383225
118.383225
118.383225
118.383225
118.383225
118.383225
118.383225
118.383225
118.383225
118.383225
118.383225
118.383225
118.383225
118.383225
118.383225
118.383225
118.383225
118.383225
118.383225
118.383225
118.383225
118.383225
118.383225
118.383225
118.383225
118.383225
118.383225
118.383225
118.383225
118.383225
118.383225
118.383225
118.383225
118.383225
118.383225
118.383225
118.383225
118.383225
118.383225
118.383225
118.383225
118.383225
118.383225
118.383225
118.383225
118.383225
118.383225
118.383225
118.383225
118.383225
118.383225
118.383225
118.383225
118.383225
118.383225
118.383225
118.383225
118.383225
118.383225
118.383225
118.383225
118.383225
118.383225
118.383225
118.383225
118.383225
118.383225
118.383225
118.383225
118.383225
118.383225
118.383225
118.383225
118.383225
118.383225
118.383225
118.383225
118.383225
118.383225
118.383225
118.383225
118.383225
118.383225
118.383225
118.383225
118.383225
118.383225
118.383225
118.383225
118.383225
118.383225
118.383225
118.383225
118.383225
118.383225
118.383225
118.383225
118.383225
118.383225
118.383225
118.383225
118.383225
118.383225
118.383225
118.383225
118.383225
118.383225
118.383225
118.383225
118.383225
118.383225
118.383225
118.383225
118.383225
118.383225
118.383225
118.383225
118.383225
118.383225
118.383225
118.383225
118.383225
118.383225
118.383225
118.383225
118.383225
118.383225
118.383225
118.383225
118.383225
118.383225
118.383225
118.383225
118.383225
118.383225
118.383225
118.383225
118.383225
118.383225
118.383225
118.383225
118.383225
118.383225
118.383225
118.383225
118.383225
118.383225
118.383225
118.383225
118.383225
118.383225
118.383225
118.383225
118.383225
118.383225
118.383225
118.383225
118.383225
118.383225
118.383225
118.383225
118.383225
118.383225
118.383225
118.383225
118.383225
118.383225
118.383225
118.383225
118.383225
118.383225
118.383225
118.383225
118.383225
118.383225
118.383225
118.383225
118.383225
118.383225
118.383225
118.383225
118.383225
118.383225
118.383225
118.383225
118.383225
118.383225
118.383225
118.383225
118.383225
118.383225
118.383225
118.383225
118.383225
118.383225
118.383225
118.383225
118.383225
118.383225
118.383225
118.383225
118.383225
118.383225
118.383225
118.383225
118.383225
118.383225
118.383225
118.383225
118.383225
118.383225
118.383225
118.383225
118.383225
118.383225
118.383225
118.383225
118.383225
118.383225
118.383225
118.383225
118.383225
118.383225
118.383225
118.383225
118.383225
118.383225
118.383225
118.383225
118.383225
118.383225
118.383225
118.383225
118.383225
118.383225
118.383225
118.383225
118.383225
118.383225
118.383225
118.383225
118.383225
118.383225
118.383225
118.383225
118.383225
118.383225
118.383225
118.383225
118.383225
118.383225
118.383225
118.383225
118.383225
118.383225
118.383225
118.383225
118.383225
118.383225
118.383225
118.383225
118.383225
118.383225
118.383225
118.383225
118.383225
118.383225
118.383225
118.383225
118.383225
118.383225
118.383225
118.383225
118.383225
118.383225
118.383225
118.383225
118.383225
118.383225
118.383225
118.383225
118.383225
118.383225
118.383225
118.383225
118.383225
118.383225
118.383225
118.383225
118.383225
118.383225
118.383225
118.383225
118.383225
118.383225
118.383225
118.383225
118.383225
118.383225
118.383225
118.383225
118.383225
118.383225
118.383225
118.383225
118.383225
118.383225
118.383225
118.383225
118.383225
118.383225
118.383225
118.383225
118.383225
118.383225
118.383225
118.383225
118.383225
118.383225
118.383225
118.383225
118.383225
118.383225
118.383225
118.383225
118.383225
118.383225
118.383225
118.383225
118.383225
118.383225
118.383225
118.383225
118.383225
118.383225
118.383225
118.383225
118.383225
118.383225
118.383225
118.383225
118.383225
118.383225
118.383225
118.383225
118.383225
118.383225
118.383225
118.383225
118.383225
118.383225
118.383225
118.383225
118.383225
118.383225
118.383225
118.383225
118.383225
118.383225
118.383225
118.383225
118.383225
118.383225
118.383225
118.383225
118.383225
118.383225
118.383225
118.383225
118.383225
118.383225
118.383225
118.383225
118.383225
118.383225
118.383225
118.383225
118.383225
118.383225
118.383225
118.383225
118.383225
118.383225
118.383225
118.383225
118.383225
118.383225
118.383225
118.383225
118.383225
118.383225
118.383225
118.383225
118.383225
118.383225
118.383225
118.383225
118.383225
118.383225
118.383225
118.383225
118.383225
118.383225
118.383225
118.383225
118.383225
118.383225
118.383225
118.383225
118.383225
118.383225
118.383225
118.383225
118.383225
118.383225
118.383225
118.383225
118.383225
118.383225
118.383225
118.383225
118.383225
118.383225
118.383225
118.383225
118.383225
118.383225
118.383225
118.383225
118.383225
118.383225
118.383225
118.383225
118.383225
118.383225
118.383225
118.383225
118.383225
118.383225
118.383225
118.383225
118.383225
118.383225
118.383225
118.383225
118.383225
118.383225
118.383225
118.383225
118.383225
118.383225
118.383225
118.383225
118.383225
118.383225
118.383225
118.383225
118.383225
118.383225
118.383225
118.383225
118.383225
118.383225
118.383225
118.383225
118.383225
118.383225
118.383225
118.383225
118.383225
118.383225
118.383225
118.383225
118.383225
118.383225
118.383225
118.383225
118.383225
118.383225
118.383225
118.383225
118.383225
118.383225
118.383225
118.383225
118.383225
118.383225
118.383225
118.383225
118.383225
118.383225
118.383225
118.383225
118.383225
118.383225
118.383225
118.383225
118.383225
118.383225
118.383225
118.383225
118.383225
118.383225
118.383225
118.383225
118.383225
118.383225
118.383225
118.383225
118.383225
118.383225
118.383225
118.383225
118.383225
118.383225
118.383225
118.383225
118.383225
118.383225
118.383225
118.383225
118.383225
118.383225
118.383225
118.383225
118.383225
118.383225
118.383225
118.383225
118.383225
118.383225
118.383225
118.383225
118.383225
118.383225
118.383225
118.383225
118.383225
118.383225
118.383225
118.383225
118.383225
118.383225
118.383225
118.383225
118.383225
118.383225
118.383225
118.383225
118.383225
118.383225
118.383225
118.383225
118.383225
118.383225
118.383225
118.383225
118.383225
118.383225
118.383225
118.383225
118.383225
118.383225
118.383225
118.383225
118.383225
118.383225
118.383225
118.383225
118.383225
118.383225
118.383225
118.383225
118.383225
118.383225
118.383225
118.383225
118.383225
118.383225
118.383225
118.383225
118.383225
118.383225
118.383225
118.383225
118.383225
118.383225
118.383225
118.383225
118.383225
118.383225
118.383225
118.383225
118.383225
118.383225
118.383225
118.383225
118.383225
118.383225
118.383225
118.383225
118.383225
118.383225
118.383225
118.383225
118.383225
118.383225
118.383225
118.383225
118.383225
118.383225
118.383225
118.383225
118.383225
118.383225
118.383225
118.383225
118.383225
118.383225
118.383225
118.383225
118.383225
118.383225
118.383225
118.383225
118.383225
118.383225
118.383225
118.383225
118.383225
118.383225
118.383225
118.383225
118.383225
118.383225
118.383225
118.383225
118.383225
118.383225
118.383225
118.383225
118.383225
118.383225
118.383225
118.383225
118.383225
118.383225
118.383225
118.383225
118.383225
118.383225
118.383225
118.383225
118.383225
118.383225
118.383225
118.383225
118.383225
118.383225
118.383225
118.383225
118.383225
118.383225
118.383225
118.383225
118.383225
118.383225
118.383225
118.383225
118.383225
118.383225
118.383225
118.383225
118.383225
118.383225
118.383225
118.383225
118.383225
118.383225
118.383225
118.383225
118.383225
118.383225
118.383225
118.383225
118.383225
118.383225
118.383225
118.383225
118.383225
118.383225
118.383225
118.383225
118.383225
118.383225
118.383225
118.383225
118.383225
118.383225
118.383225
118.383225
118.383225
118.383225
118.383225
118.383225
118.383225
118.383225
118.383225
118.383225
118.383225
118.383225
118.383225
118.383225
118.383225
118.383225
118.383225
118.383225
118.383225
118.383225
118.383225
118.383225
118.383225
118.383225
118.383225
118.383225
118.383225
118.383225
118.383225
118.383225
118.383225
118.383225
118.383225
118.383225
118.383225
118.383225
118.383225
118.383225
118.383225
118.383225
118.383225
118.383225
118.383225
118.383225
118.383225
118.383225
118.383225
118.383225
118.383225
118.383225
118.383225
118.383225
118.383225
118.383225
118.383225
118.383225
118.383225
118.383225
118.383225
118.383225
118.383225
118.383225
118.383225
118.383225
118.383225
118.383225
118.383225
118.383225
118.383225
118.383225
118.383225
118.383225
118.383225
118.383225
118.383225
118.383225
118.383225
118.383225
118.383225
118.383225
118.383225
118.383225
118.383225
118.383225
118.383225
118.383225
118.383225
118.383225
118.383225
118.383225
118.383225
118.383225
118.383225
118.383225
118.383225
118.383225
118.383225
118.383225
118.383225
118.383225
118.383225
118.383225
118.383225
118.383225
118.383225
118.383225
118.383225
118.383225
118.383225
118.383225
118.383225
118.383225
118.383225
118.383225
118.383225
118.383225
118.383225
118.383225
118.383225
118.383225
118.383225
118.383225
118.383225
118.383225
118.383225
118.383225
118.383225
118.383225
118.383225
118.383225
118.383225
118.383225
118.383225
118.383225
118.383225
118.383225
118.383225
118.383225
118.383225
118.383225
118.383225
118.383225
118.383225
118.383225
118.383225
118.383225
118.383225
118.383225
118.383225
118.383225
118.383225
118.383225
118.383225
118.383225
118.383225
118.383225
118.383225
118.383225
118.383225
118.383225
118.383225
118.383225
118.383225
118.383225
118.383225
118.383225
118.383225
118.383225
118.383225
118.383225
118.383225
118.383225
118.383225
118.383225
118.383225
118.383225
118.383225
118.383225
118.383225
118.383225
118.383225
118.383225
118.383225
118.383225
118.383225
118.383225
118.383225
118.383225
118.383225
118.383225
118.383225
118.383225
118.383225
118.383225
118.383225
118.383225
118.383225
118.383225
118.383225
118.383225
118.383225
118.383225
118.383225
118.383225
118.383225
118.383225
118.383225
118.383225
118.383225
118.383225
118.383225
118.383225
118.383225
118.383225
118.383225
118.383225
118.383225
118.383225
118.383225
118.383225
118.383225
118.383225
118.383225
118.383225
118.383225
118.383225
118.383225
118.383225
118.383225
118.383225
118.383225
118.383225
118.383225
118.383225
118.383225
118.383225
118.383225
118.383225
118.383225
118.383225
118.383225
118.383225
118.383225
118.383225
118.383225
118.383225
118.383225
118.383225
118.383225
118.383225
118.383225
118.383225
118.383225
118.383225
118.383225
118.383225
118.383225
118.383225
118.383225
118.383225
118.383225
118.383225
118.383225
118.383225
118.383225
118.383225
118.383225
118.383225
118.383225
118.383225
118.383225
118.383225
118.383225
118.383225
118.383225
118.383225
118.383225
118.383225
118.383225
118.383225
118.383225
118.383225
118.383225
118.383225
118.383225
118.383225
118.383225
118.383225
118.383225
118.383225
118.383225
118.383225
118.383225
118.383225
118.383225
118.383225
118.383225
118.383225
118.383225
118.383225
118.383225
118.383225
118.383225
118.383225
118.383225
118.383225
118.383225
118.383225
118.383225
118.383225
118.383225
118.383225
118.383225
118.383225
118.383225
118.383225
118.383225
118.383225
118.383225
118.383225
118.383225
118.383225
118.383225
118.383225
118.383225
118.383225
118.383225
118.383225
118.383225
118.383225
118.383225
118.383225
118.383225
118.383225
118.383225
118.383225
118.383225
118.383225
118.383225
118.383225
118.383225
118.383225
118.383225
118.383225
118.383225
118.383225
118.383225
118.383225
118.383225
118.383225
118.383225
118.383225
118.383225
118.383225
118.383225
118.383225
118.383225
118.383225
118.383225
118.383225
118.383225
118.383225
118.383225
118.383225
118.383225
118.383225
118.383225
118.383225
118.383225
118.383225
118.383225
118.383225
118.383225
118.383225
118.383225
118.383225
118.383225
118.383225
118.383225
118.383225
118.383225
118.383225
118.383225
118.383225
118.383225
118.383225
118.383225
118.383225
118.383225
118.383225
118.383225
118.383225
118.383225
118.383225
118.383225
118.383225
118.383225
118.383225
118.383225
118.383225
118.383225
118.383225
118.383225
118.383225
118.383225
118.383225
118.383225
118.383225
118.383225
118.383225
118.383225
118.383225
118.383225
118.383225
118.383225
118.383225
118.383225
118.383225
118.383225
118.383225
118.383225
118.383225
118.383225
118.383225
118.383225
118.383225
118.383225
118.383225
118.383225
118.383225
118.383225
118.383225
118.383225
118.383225
118.383225
118.383225
118.383225
118.383225
118.383225
118.383225
118.383225
118.383225
118.383225
118.383225
118.383225
118.383225
118.383225
118.383225
118.383225
118.383225
118.383225
118.383225
118.383225
118.383225
118.383225
118.383225
118.383225
118.383225
118.383225
118.383225
118.383225
118.383225
118.383225
118.383225
118.383225
118.383225
118.383225
118.383225
118.383225
118.383225
118.383225
118.383225
118.383225
118.383225
118.383225
118.383225
118.383225
118.383225
118.383225
118.383225
118.383225
118.383225
118.383225
118.383225
118.383225
118.383225
118.383225
118.383225
118.383225
118.383225
118.383225
118.383225
118.383225
118.383225
118.383225
118.383225
118.383225
118.383225
118.383225
118.383225
118.383225
118.383225
118.383225
118.383225
118.383225
118.383225
118.383225
118.383225
118.383225
118.383225
118.383225
118.383225
118.383225
118.383225
118.383225
118.383225
118.383225
118.383225
118.383225
118.383225
118.383225
118.383225
118.383225
118.383225
118.383225
118.383225
118.383225
118.383225
118.383225
118.383225
118.383225
118.383225
118.383225
118.383225
118.383225
118.383225
118.383225
118.383225
118.383225
118.383225
118.383225
118.383225
118.383225
118.383225
118.383225
118.383225
118.383225
118.383225
118.383225
118.383225
118.383225
118.383225
118.383225
118.383225
118.383225
118.383225
118.383225
118.383225
118.383225
118.383225
118.383225
118.383225
118.383225
118.383225
118.383225
118.383225
118.383225
118.383225
118.383225
118.383225
118.383225
118.383225
118.383225
118.383225
118.383225
118.383225
118.383225
118.383225
118.383225
118.383225
118.383225
118.383225
118.383225
118.383225
118.383225
118.383225
118.383225
118.383225
118.383225
118.383225
118.383225
118.383225
118.383225
118.383225
118.383225
118.383225
118.383225
118.383225
118.383225
118.383225
118.383225
118.383225
118.383225
118.383225
118.383225
118.383225
118.383225
118.383225
118.383225
118.383225
118.383225
118.383225
118.383225
118.383225
118.383225
118.383225
118.383225
118.383225
118.383225
118.383225
118.383225
118.383225
118.383225
118.383225
118.383225
118.383225
118.383225
118.383225
118.383225
118.383225
118.383225
118.383225
118.383225
118.383225
118.383225
118.383225
118.383225
118.383225
118.383225
118.383225
118.383225
118.383225
118.383225
118.383225
118.383225
118.383225
118.383225
118.383225
118.383225
118.383225
118.383225
118.383225
118.383225
118.383225
118.383225
118.383225
118.383225
118.383225
118.383225
118.383225
118.383225
118.383225
118.383225
118.383225
118.383225
118.383225
118.383225
118.383225
118.383225
118.383225
118.383225
118.383225
118.383225
118.383225
118.383225
118.383225
118.383225
118.383225
118.383225
118.383225
118.383225
118.383225
118.383225
118.383225
118.383225
118.383225
118.383225
118.383225
118.383225
118.383225
118.383225
118.383225
118.383225
118.383225
118.383225
118.383225
118.383225
118.383225
118.383225
118.383225
118.383225
118.383225
118.383225
118.383225
118.383225
118.383225
118.383225
118.383225
118.383225
118.383225
118.383225
118.383225
118.383225
118.383225
118.383225
118.383225
118.383225
118.383225
118.383225
118.383225
118.383225
118.383225
118.383225
118.383225
118.383225
118.383225
118.383225
118.383225
118.383225
118.383225
118.383225
118.383225
118.383225
118.383225
118.383225
118.383225
118.383225
118.383225
118.383225
118.383225
118.383225
118.383225
118.383225
118.383225
118.383225
118.383225
118.383225
118.383225
118.383225
118.383225
118.383225
118.383225
118.383225
118.383225
118.383225
118.383225
118.383225
118.383225
118.383225
118.383225
118.383225
118.383225
118.383225
118.383225
118.383225
118.383225
118.383225
118.383225
118.383225
118.383225
118.383225
118.383225
118.383225
118.383225
118.383225
118.383225
118.383225
118.383225
118.383225
118.383225
118.383225
118.383225
118.383225
118.383225
118.383225
118.383225
118.383225
118.383225
118.383225
118.383225
118.383225
118.383225
118.383225
118.383225
118.383225
118.383225
118.383225
118.383225
118.383225
118.383225
118.383225
118.383225
118.383225
118.383225
118.383225
118.383225
118.383225
118.383225
118.383225
118.383225
118.383225
118.383225
118.383225
118.383225
118.383225
118.383225
118.383225
118.383225
118.383225
118.383225
118.383225
118.383225
118.383225
118.383225
118.383225
118.383225
118.383225
118.383225
118.383225
118.383225
118.383225
118.383225
118.383225
118.383225
118.383225
118.383225
118.383225
118.383225
118.383225
118.383225
118.383225
118.383225
118.383225
118.383225
118.383225
118.383225
118.383225
118.383225
118.383225
118.383225
118.383225
118.383225
118.383225
118.383225
118.383225
118.383225
118.383225
118.383225
118.383225
118.383225
118.383225
118.383225
118.383225
118.383225
118.383225
118.383225
118.383225
118.383225
118.383225
118.383225
118.383225
118.383225
118.383225
118.383225
118.383225
118.383225
118.383225
118.383225
118.383225
118.383225
118.383225
118.383225
118.383225
118.383225
118.383225
118.383225
118.383225
118.383225
118.383225
118.383225
118.383225
118.383225
118.383225
118.383225
118.383225
118.383225
118.383225
118.383225
118.383225
118.383225
118.383225
118.383225
118.383225
118.383225
118.383225
118.383225
118.383225
118.383225
118.383225
118.383225
118.383225
118.383225
118.383225
118.383225
118.383225
118.383225
118.383225
118.383225
118.383225
118.383225
118.383225
118.383225
118.383225
118.383225
118.383225
118.383225
118.383225
118.383225
118.383225
118.383225
118.383225
118.383225
118.383225
118.383225
118.383225
118.383225
118.383225
118.383225
118.383225
118.383225
118.383225
118.383225
118.383225
118.383225
118.383225
118.383225
118.383225
118.383225
118.383225
118.383225
118.383225
118.383225
118.383225
118.383225
118.383225
118.383225
118.383225
118.383225
118.383225
118.383225
118.383225
118.383225
118.383225
118.383225
118.383225
118.383225
118.383225
118.383225
118.383225
118.383225
118.383225
118.383225
118.383225
118.383225
118.383225
118.383225
118.383225
118.383225
118.383225
118.383225
118.383225
118.383225
118.383225
118.383225
118.383225
118.383225
118.383225
118.383225
118.383225
118.383225
118.383225
118.383225
118.383225
118.383225
118.383225
118.383225
118.383225
118.383225
118.383225
118.383225
118.383225
118.383225
118.383225
118.383225
118.383225
118.383225
118.383225
118.383225
118.383225
118.383225
118.383225
118.383225
118.383225
118.383225
118.383225
118.383225
118.383225
118.383225
118.383225
118.383225
118.383225
118.383225
118.383225
118.383225
118.383225
118.383225
118.383225
118.383225
118.383225
118.383225
118.383225
118.383225
118.383225
118.383225
118.383225
118.383225
118.383225
118.383225
118.383225
118.383225
118.383225
118.383225
118.383225
118.383225
118.383225
118.383225
118.383225
118.383225
118.383225
118.383225
118.383225
118.383225
118.383225
118.383225
118.383225
118.383225
118.383225
118.383225
118.383225
118.383225
118.383225
118.383225
118.383225
118.383225
118.383225
118.383225
118.383225
118.383225
118.383225
118.383225
118.383225
118.383225
118.383225
118.383225
118.383225
118.383225
118.383225
118.383225
118.383225
118.383225
118.383225
118.383225
118.383225
118.383225
118.383225
118.383225
118.383225
118.383225
118.383225
118.383225
118.383225
118.383225
118.383225
118.383225
118.383225
118.383225
118.383225
118.383225
118.383225
118.383225
118.383225
118.383225
118.383225
118.383225
118.383225
118.383225
118.383225
118.383225
118.383225
118.383225
118.383225
118.383225
118.383225
118.383225
118.383225
118.383225
118.383225
118.383225
118.383225
118.383225
118.383225
118.383225
118.383225
118.383225
118.383225
118.383225
118.383225
118.383225
118.383225
118.383225
118.383225
118.383225
118.383225
118.383225
118.383225
118.383225
118.383225
118.383225
118.383225
118.383225
118.383225
118.383225
118.383225
118.383225
118.383225
118.383225
118.383225
118.383225
118.383225
118.383225
118.383225
118.383225
118.383225
118.383225
118.383225
118.383225
118.383225
118.383225
118.383225
118.383225
118.383225
118.383225
118.383225
118.383225
118.383225
118.383225
118.383225
118.383225
118.383225
118.383225
118.383225
118.383225
118.383225
118.383225
118.383225
118.383225
118.383225
118.383225
118.383225
118.383225
118.383225
118.383225
118.383225
118.383225
118.383225
118.383225
118.383225
118.383225
118.383225
118.383225
118.383225
118.383225
118.383225
118.383225
118.383225
118.383225
118.383225
118.383225
118.383225
118.383225
118.383225
118.383225
118.383225
118.383225
118.383225
118.383225
118.383225
118.383225
118.383225
118.383225
118.383225
118.383225
118.383225
118.383225
118.383225
118.383225
118.383225
118.383225
118.383225
118.383225
118.383225
118.383225
118.383225
118.383225
118.383225
118.383225
118.383225
118.383225
118.383225
118.383225
118.383225
118.383225
118.383225
118.383225
118.383225
118.383225
118.383225
118.383225
118.383225
118.383225
118.383225
118.383225
118.383225
118.383225
118.383225
118.383225
118.383225
118.383225
118.383225
118.383225
118.383225
118.383225
118.383225
118.383225
118.383225
118.383225
118.383225
118.383225
118.383225
118.383225
118.383225
118.383225
118.383225
118.383225
118.383225
118.383225
118.383225
118.383225
118.383225
118.383225
118.383225
118.383225
118.383225
118.383225
118.383225
118.383225
118.383225
118.383225
118.383225
118.383225
118.383225
118.383225
118.383225
118.383225
118.383225
118.383225
118.383225
118.383225
118.383225
118.383225
118.383225
118.383225
118.383225
118.383225
118.383225
118.383225
118.383225
118.383225
118.383225
118.383225
118.383225
118.383225
118.383225
118.383225
118.383225
118.383225
118.383225
118.383225
118.383225
118.383225
118.383225
118.383225
118.383225
118.383225
118.383225
118.383225
118.383225
118.383225
118.383225
118.383225
118.383225
118.383225
118.383225
118.383225
118.383225
118.383225
118.383225
118.383225
118.383225
118.383225
118.383225
118.383225
118.383225
118.383225
118.383225
118.383225
118.383225
118.383225
118.383225
118.383225
118.383225
118.383225
118.383225
118.383225
118.383225
118.383225
118.383225
118.383225
118.383225
118.383225
118.383225
118.383225
118.383225
118.383225
118.383225
118.383225
118.383225
118.383225
118.383225
118.383225
118.383225
118.383225
118.383225
118.383225
118.383225
118.383225
118.383225
118.383225
118.383225
118.383225
118.383225
118.383225
118.383225
118.383225
118.383225
118.383225
118.383225
118.383225
118.383225
118.383225
118.383225
118.383225
118.383225
118.383225
118.383225
118.383225
118.383225
118.383225
118.383225
118.383225
118.383225
118.383225
118.383225
118.383225
118.383225
118.383225
118.383225
118.383225
118.383225
118.383225
118.383225
118.383225
118.383225
118.383225
118.383225
118.383225
118.383225
118.383225
118.383225
118.383225
118.383225
118.383225
118.383225
118.383225
118.383225
118.383225
118.383225
118.383225
118.383225
118.383225
118.383225
118.383225
118.383225
118.383225
118.383225
118.383225
118.383225
118.383225
118.383225
118.383225
118.383225
118.383225
118.383225
118.383225
118.383225
118.383225
118.383225
118.383225
118.383225
118.383225
118.383225
118.383225
118.383225
118.383225
118.383225
118.383225
118.383225
118.383225
118.383225
118.383225
118.383225
118.383225
118.383225
118.383225
118.383225
118.383225
118.383225
118.383225
118.383225
118.383225
118.383225
118.383225
118.383225
118.383225
118.383225
118.383225
118.383225
118.383225
118.383225
118.383225
118.383225
118.383225
118.383225
118.383225
118.383225
118.383225
118.383225
118.383225
118.383225
118.383225
118.383225
118.383225
118.383225
118.383225
118.383225
118.383225
118.383225
118.383225
118.383225
118.383225
118.383225
118.383225
118.383225
118.383225
118.383225
118.383225
118.383225
118.383225
118.383225
118.383225
118.383225
118.383225
118.383225
118.383225
118.383225
118.383225
118.383225
118.383225
118.383225
118.383225
118.383225
118.383225
118.383225
118.383225
118.383225
118.383225
118.383225
118.383225
118.383225
118.383225
118.383225
118.383225
118.383225
118.383225
118.383225
118.383225
118.383225
118.383225
118.383225
118.383225
118.383225
118.383225
118.383225
118.383225
118.383225
118.383225
118.383225
118.383225
118.383225
118.383225
118.383225
118.383225
118.383225
118.383225
118.383225
118.383225
118.383225
118.383225
118.383225
118.383225
118.383225
118.383225
118.383225
118.383225
118.383225
118.383225
118.383225
118.383225
118.383225
118.383225
118.383225
118.383225
118.383225
118.383225
118.383225
118.383225
118.383225
118.383225
118.383225
118.383225
118.383225
118.383225
118.383225
118.383225
118.383225
118.383225
118.383225
118.383225
118.383225
118.383225
118.383225
118.383225
118.383225
118.383225
118.383225
118.383225
118.383225
118.383225
118.383225
118.383225
118.383225
118.383225
118.383225
118.383225
118.383225
118.383225
118.383225
118.383225
118.383225
118.383225
118.383225
118.383225
118.383225
118.383225
118.383225
118.383225
118.383225
118.383225
118.383225
118.383225
118.383225
118.383225
118.383225
118.383225
118.383225
118.383225
118.383225
118.383225
118.383225
118.383225
118.383225
118.383225
118.383225
118.383225
118.383225
118.383225
118.383225
118.383225
118.383225
118.383225
118.383225
118.383225
118.383225
118.383225
118.383225
118.383225
118.383225
118.383225
118.383225
118.383225
118.383225
118.383225
118.383225
118.383225
118.383225
118.383225
118.383225
118.383225
118.383225
118.383225
118.383225
118.383225
118.383225
118.383225
118.383225
118.383225
118.383225
118.383225
118.383225
118.383225
118.383225
118.383225
118.383225
118.383225
118.383225
118.383225
118.383225
118.383225
118.383225
118.383225
118.383225
118.383225
118.383225
118.383225
118.383225
118.383225
118.383225
118.383225
118.383225
118.383225
118.383225
118.383225
118.383225
118.383225
118.383225
118.383225
118.383225
118.383225
118.383225
118.383225
118.383225
118.383225
118.383225
118.383225
118.383225
118.383225
118.383225
118.383225
118.383225
118.383225
118.383225
118.383225
118.383225
118.383225
118.383225
118.383225
118.383225
118.383225
118.383225
118.383225
118.383225
118.383225
118.383225
118.383225
118.383225
118.383225
118.383225
118.383225
118.383225
118.383225
118.383225
118.383225
118.383225
118.383225
118.383225
118.383225
118.383225
118.383225
118.383225
118.383225
118.383225
118.383225
118.383225
118.383225
118.383225
118.383225
118.383225
118.383225
118.383225
118.383225
118.383225
118.383225
118.383225
118.383225
118.383225
118.383225
118.383225
118.383225
118.383225
118.383225
118.383225
118.383225
118.383225
118.383225
118.383225
118.383225
118.383225
118.383225
118.383225
118.383225
118.383225
118.383225
118.383225
118.383225
118.383225
118.383225
118.383225
118.383225
118.383225
118.383225
118.383225
118.383225
118.383225
118.383225
118.383225
118.383225
118.383225
118.383225
118.383225
118.383225
118.383225
118.383225
118.383225
118.383225
118.383225
118.383225
118.383225
118.383225
118.383225
118.383225
118.383225
118.383225
118.383225
118.383225
118.383225
118.383225
118.383225
118.383225
118.383225
118.383225
118.383225
118.383225
118.383225
118.383225
118.383225
118.383225
118.383225
118.383225
118.383225
118.383225
118.383225
118.383225
118.383225
118.383225
118.383225
118.383225
118.383225
118.383225
118.383225
118.383225
118.383225
118.383225
118.383225
118.383225
118.383225
118.383225
118.383225
118.383225
118.383225
118.383225
118.383225
118.383225
118.383225
118.383225
118.383225
118.383225
118.383225
118.383225
118.383225
118.383225
118.383225
118.383225
118.383225
118.383225
118.383225
118.383225
118.383225
118.383225
118.383225
118.383225
118.383225
118.383225
118.383225
118.383225
118.383225
118.383225
118.383225
118.383225
118.383225
118.383225
118.383225
118.383225
118.383225
118.383225
118.383225
118.383225
118.383225
118.383225
118.383225
118.383225
118.383225
118.383225
118.383225
118.383225
118.383225
118.383225
118.383225
118.383225
118.383225
118.383225
118.383225
118.383225
118.383225
118.383225
118.383225
118.383225
118.383225
118.383225
118.383225
118.383225
118.383225
118.383225
118.383225
118.383225
118.383225
118.383225
118.383225
118.383225
118.383225
118.383225
118.383225
118.383225
118.383225
118.383225
118.383225
118.383225
118.383225
118.383225
118.383225
118.383225
118.383225
118.383225
118.383225
118.383225
118.383225
118.383225
118.383225
118.383225
118.383225
118.383225
118.383225
118.383225
118.383225
118.383225
118.383225
118.383225
118.383225
118.383225
118.383225
118.383225
118.383225
118.383225
118.383225
118.383225
118.383225
118.383225
118.383225
118.383225
118.383225
118.383225
118.383225
118.383225
118.383225
118.383225
118.383225
118.383225
118.383225
118.383225
118.383225
118.383225
118.383225
118.383225
118.383225
118.383225
118.383225
118.383225
118.383225
118.383225
118.383225
118.383225
118.383225
118.383225
118.383225
118.383225
118.383225
118.383225
118.383225
118.383225
118.383225
118.383225
118.383225
118.383225
118.383225
118.383225
118.383225
118.383225
118.383225
118.383225
118.383225
118.383225
118.383225
118.383225
118.383225
118.383225
118.383225
118.383225
118.383225
118.383225
118.383225
118.383225
118.383225
118.383225
118.383225
118.383225
118.383225
118.383225
118.383225
118.383225
118.383225
118.383225
118.383225
118.383225
118.383225
118.383225
118.383225
118.383225
118.383225
118.383225
118.383225
118.383225
118.383225
118.383225
118.383225
118.383225
118.383225
118.383225
118.383225
118.383225
118.383225
118.383225
118.383225
118.383225
118.383225
118.383225
118.383225
118.383225
118.383225
118.383225
118.383225
118.383225
118.383225
118.383225
118.383225
118.383225
118.383225
118.383225
118.383225
118.383225
118.383225
118.383225
118.383225
118.383225
118.383225
118.383225
118.383225
118.383225
118.383225
118.383225
118.383225
118.383225
118.383225
118.383225
118.383225
118.383225
118.383225
118.383225
118.383225
118.383225
118.383225
118.383225
118.383225
118.383225
118.383225
118.383225
118.383225
118.383225
118.383225
118.383225
118.383225
118.383225
118.383225
118.383225
118.383225
118.383225
118.383225
118.383225
118.383225
118.383225
118.383225
118.383225
118.383225
118.383225
118.383225
118.383225
118.383225
118.383225
118.383225
118.383225
118.383225
118.383225
118.383225
118.383225
118.383225
118.383225
118.383225
118.383225
118.383225
118.383225
118.383225
118.383225
118.383225
118.383225
118.383225
118.383225
118.383225
118.383225
118.383225
118.383225
118.383225
118.383225
118.383225
118.383225
118.383225
118.383225
118.383225
118.383225
118.383225
118.383225
118.383225
118.383225
118.383225
118.383225
118.383225
118.383225
118.383225
118.383225
118.383225
118.383225
118.383225
118.383225
118.383225
118.383225
118.383225
118.383225
118.383225
118.383225
118.383225
118.383225
118.383225
118.383225
118.383225
118.383225
118.383225
118.383225
118.383225
118.383225
118.383225
118.383225
118.383225
118.383225
118.383225
118.383225
118.383225
118.383225
118.383225
118.383225
118.383225
118.383225
118.383225
118.383225
118.383225
118.383225
118.383225
118.383225
118.383225
118.383225
118.383225
118.383225
118.383225
118.383225
118.383225
118.383225
118.383225
118.383225
118.383225
118.383225
118.383225
118.383225
118.383225
118.383225
118.383225
118.383225
118.383225
118.383225
118.383225
118.383225
118.383225
118.383225
118.383225
118.383225
118.383225
118.383225
118.383225
118.383225
118.383225
118.383225
118.383225
118.383225
118.383225
118.383225
118.383225
118.383225
118.383225
118.383225
118.383225
118.383225
118.383225
118.383225
118.383225
118.383225
118.383225
118.383225
118.383225
118.383225
118.383225
118.383225
118.383225
118.383225
118.383225
118.383225
118.383225
118.383225
118.383225
118.383225
118.383225
118.383225
118.383225
118.383225
118.383225
118.383225
118.383225
118.383225
118.383225
118.383225
118.383225
118.383225
118.383225
118.383225
118.383225
118.383225
118.383225
118.383225
118.383225
118.383225
118.383225
118.383225
118.383225
118.383225
118.383225
118.383225
118.383225
118.383225
118.383225
118.383225
118.383225
118.383225
118.383225
118.383225
118.383225
118.383225
118.383225
118.383225
118.383225
118.383225
118.383225
118.383225
118.383225
118.383225
118.383225
118.383225
118.383225
118.383225
118.383225
118.383225
118.383225
118.383225
118.383225
118.383225
118.383225
118.383225
118.383225
118.383225
118.383225
118.383225
118.383225
118.383225
118.383225
118.383225
118.383225
118.383225
118.383225
118.383225
118.383225
118.383225
118.383225
118.383225
118.383225
118.383225
118.383225
118.383225
118.383225
118.383225
118.383225
118.383225
118.383225
118.383225
118.383225
118.383225
118.383225
118.383225
118.383225
118.383225
118.383225
118.383225
118.383225
118.383225
118.383225
118.383225
118.383225
118.383225
118.383225
118.383225
118.383225
118.383225
118.383225
118.383225
118.383225
118.383225
118.383225
118.383225
118.383225
118.383225
118.383225
118.383225
118.383225
118.383225
118.383225
118.383225
118.383225
118.383225
118.383225
118.383225
118.383225
118.383225
118.383225
118.383225
118.383225
118.383225
118.383225
118.383225
118.383225
118.383225
118.383225
118.383225
118.383225
118.383225
118.383225
118.383225
118.383225
118.383225
118.383225
118.383225
118.383225
118.383225
118.383225
118.383225
118.383225
118.383225
118.383225
118.383225
118.383225
118.383225
118.383225
118.383225
118.383225
118.383225
118.383225
118.383225
118.383225
118.383225
118.383225
118.383225
118.383225
118.383225
118.383225
118.383225
118.383225
118.383225
118.383225
118.383225
118.383225
118.383225
118.383225
118.383225
118.383225
118.383225
118.383225
118.383225
118.383225
118.383225
118.383225
118.383225
118.383225
118.383225
118.383225
118.383225
118.383225
118.383225
118.383225
118.383225
118.383225
118.383225
118.383225
118.383225
118.383225
118.383225
118.383225
118.383225
118.383225
118.383225
118.383225
118.383225
118.383225
118.383225
118.383225
118.383225
118.383225
118.383225
118.383225
118.383225
118.383225
118.383225
118.383225
118.383225
118.383225
118.383225
118.383225
118.383225
118.383225
118.383225
118.383225
118.383225
118.383225
118.383225
118.383225
118.383225
118.383225
118.383225
118.383225
118.383225
118.383225
118.383225
118.383225
118.383225
118.383225
118.383225
118.383225
118.383225
118.383225
118.383225
118.383225
118.383225
118.383225
118.383225
118.383225
118.383225
118.383225
118.383225
118.383225
118.383225
118.383225
118.383225
118.383225
118.383225
118.383225
118.383225
118.383225
118.383225
118.383225
118.383225
118.383225
118.383225
118.383225
118.383225
118.383225
118.383225
118.383225
118.383225
118.383225
118.383225
118.383225
118.383225
118.383225
118.383225
118.383225
118.383225
118.383225
118.383225
118.383225
118.383225
118.383225
118.383225
118.383225
118.383225
118.383225
118.383225
118.383225
118.383225
118.383225
118.383225
118.383225
118.383225
118.383225
118.383225
118.383225
118.383225
118.383225
118.383225
118.383225
118.383225
118.383225
118.383225
118.383225
118.383225
118.383225
118.383225
118.383225
118.383225
118.383225
118.383225
118.383225
118.383225
118.383225
118.383225
118.383225
118.383225
118.383225
118.383225
118.383225
118.383225
118.383225
118.383225
118.383225
118.383225
118.383225
118.383225
118.383225
118.383225
118.383225
118.383225
118.383225
118.383225
118.383225
118.383225
118.383225
118.383225
118.383225
118.383225
118.383225
118.383225
118.383225
118.383225
118.383225
118.383225
118.383225
118.383225
118.383225
118.383225
118.383225
118.383225
118.383225
118.383225
118.383225
118.383225
118.383225
118.383225
118.383225
118.383225
118.383225
118.383225
118.383225
118.383225
118.383225
118.383225
118.383225
118.383225
118.383225
118.383225
118.383225
118.383225
118.383225
118.383225
118.383225
118.383225
118.383225
118.383225
118.383225
118.383225
118.383225
118.383225
118.383225
118.383225
118.383225
118.383225
118.383225
118.383225
118.383225
118.383225
118.383225
118.383225
118.383225
118.383225
118.383225
118.383225
118.383225
118.383225
118.383225
118.383225
118.383225
118.383225
118.383225
118.383225
118.383225
118.383225
118.383225
118.383225
118.383225
118.383225
118.383225
118.383225
118.383225
118.383225
118.383225
118.383225
118.383225
118.383225
118.383225
118.383225
118.383225
118.383225
118.383225
118.383225
118.383225
118.383225
118.383225
118.383225
118.383225
118.383225
118.383225
118.383225
118.383225
118.383225
118.383225
118.383225
118.383225
118.383225
118.383225
118.383225
118.383225
118.383225
118.383225
118.383225
118.383225
118.383225
118.383225
118.383225
118.383225
118.383225
118.383225
118.383225
118.383225
118.383225
118.383225
118.383225
118.383225
118.383225
118.383225
118.383225
118.383225
118.383225
118.383225
118.383225
118.383225
118.383225
118.383225
118.383225
118.383225
118.383225
118.383225
118.383225
118.383225
118.383225
118.383225
118.383225
118.383225
118.383225
118.383225
118.383225
118.383225
118.383225
118.383225
118.383225
118.383225
118.383225
118.383225
118.383225
118.383225
118.383225
118.383225
118.383225
118.383225
118.383225
118.383225
118.383225
118.383225
118.383225
118.383225
118.383225
118.383225
118.383225
118.383225
118.383225
118.383225
118.383225
118.383225
118.383225
118.383225
118.383225
118.383225
118.383225
118.383225
118.383225
118.383225
118.383225
118.383225
118.383225
118.383225
118.383225
118.383225
118.383225
118.383225
118.383225
118.383225
118.383225
118.383225
118.383225
118.383225
118.383225
118.383225
118.383225
118.383225
118.383225
118.383225
118.383225
118.383225
118.383225
118.383225
118.383225
118.383225
118.383225
118.383225
118.383225
118.383225
118.383225
118.383225
118.383225
118.383225
118.383225
118.383225
118.383225
118.383225
118.383225
118.383225
118.383225
118.383225
118.383225
118.383225
118.383225
118.383225
118.383225
118.383225
118.383225
118.383225
118.383225
118.383225
118.383225
118.383225
118.383225
118.383225
118.383225
118.383225
118.383225
118.383225
118.383225
118.383225
118.383225
118.383225
118.383225
118.383225
118.383225
118.383225
118.383225
118.383225
118.383225
118.383225
118.383225
118.383225
118.383225
118.383225
118.383225
118.383225
118.383225
118.383225
118.383225
118.383225
118.383225
118.383225
118.383225
118.383225
118.383225
118.383225
118.383225
118.383225
118.383225
118.383225
118.383225
118.383225
118.383225
118.383225
118.383225
118.383225
118.383225
118.383225
118.383225
118.383225
118.383225
118.383225
118.383225
118.383225
118.383225
118.383225
118.383225
118.383225
118.383225
118.383225
118.383225
118.383225
118.383225
118.383225
118.383225
118.383225
118.383225
118.383225
118.383225
118.383225
118.383225
118.383225
118.383225
118.383225
118.383225
118.383225
118.383225
118.383225
118.383225
118.383225
118.383225
118.383225
118.383225
118.383225
118.383225
118.383225
118.383225
118.383225
118.383225
118.383225
118.383225
118.383225
118.383225
118.383225
118.383225
118.383225
118.383225
118.383225
118.383225
118.383225
118.383225
118.383225
118.383225
118.383225
118.383225
118.383225
118.383225
118.383225
118.383225
118.383225
118.383225
118.383225
118.383225
118.383225
118.383225
118.383225
118.383225
118.383225
118.383225
118.383225
118.383225
118.383225
118.383225
118.383225
118.383225
118.383225
118.383225
118.383225
118.383225
118.383225
118.383225
118.383225
118.383225
118.383225
118.383225
118.383225
118.383225
118.383225
118.383225
118.383225
118.383225
118.383225
118.383225
118.383225
118.383225
118.383225
118.383225
118.383225
118.383225
118.383225
118.383225
118.383225
118.383225
118.383225
118.383225
118.383225
118.383225
118.383225
118.383225
118.383225
118.383225
118.383225
118.383225
118.383225
118.383225
118.383225
118.383225
118.383225
118.383225
118.383225
118.383225
118.383225
118.383225
118.383225
118.383225
118.383225
118.383225
118.383225
118.383225
118.383225
118.383225
118.383225
118.383225
118.383225
118.383225
118.383225
118.383225
118.383225
118.383225
118.383225
118.383225
118.383225
118.383225
118.383225
118.383225
118.383225
118.383225
118.383225
118.383225
118.383225
118.383225
118.383225
118.383225
118.383225
118.383225
118.383225
118.383225
118.383225
118.383225
118.383225
118.383225
118.383225
118.383225
118.383225
118.383225
118.383225
118.383225
118.383225
118.383225
118.383225
118.383225
118.383225
118.383225
118.383225
118.383225
118.383225
118.383225
118.383225
118.383225
118.383225
118.383225
118.383225
118.383225
118.383225
118.383225
118.383225
118.383225
118.383225
118.383225
118.383225
118.383225
118.383225
118.383225
118.383225
118.383225
118.383225
118.383225
118.383225
118.383225
118.383225
118.383225
118.383225
118.383225
118.383225
118.383225
118.383225
118.383225
118.383225
118.383225
118.383225
118.383225
118.383225
118.383225
118.383225
118.383225
118.383225
118.383225
118.383225
118.383225
118.383225
118.383225
118.383225
118.383225
118.383225
118.383225
118.383225
118.383225
118.383225
118.383225
118.383225
118.383225
118.383225
118.383225
118.383225
118.383225
118.383225
118.383225
118.383225
118.383225
118.383225
118.383225
118.383225
118.383225
118.383225
118.383225
118.383225
118.383225
118.383225
118.383225
118.383225
118.383225
118.383225
118.383225
118.383225
118.383225
118.383225
118.383225
118.383225
118.383225
118.383225
118.383225
118.383225
118.383225
118.383225
118.383225
118.383225
118.383225
118.383225
118.383225
118.383225
118.383225
118.383225
118.383225
118.383225
118.383225
118.383225
118.383225
118.383225
118.383225
118.383225
118.383225
118.383225
118.383225
118.383225
118.383225
118.383225
118.383225
118.383225
118.383225
118.383225
118.383225
118.383225
118.383225
118.383225
118.383225
118.383225
118.383225
118.383225
118.383225
118.383225
118.383225
118.383225
118.383225
118.383225
118.383225
118.383225
118.383225
118.383225
118.383225
118.383225
118.383225
118.383225
118.383225
118.383225
118.383225
118.383225
118.383225
118.383225
118.383225
118.383225
118.383225
118.383225
118.383225
118.383225
118.383225
118.383225
118.383225
118.383225
118.383225
118.383225
118.383225
118.383225
118.383225
118.383225
118.383225
118.383225
118.383225
118.383225
118.383225
118.383225
118.383225
118.383225
118.383225
118.383225
118.383225
118.383225
118.383225
118.383225
118.383225
118.383225
118.383225
118.383225
118.383225
118.383225
118.383225
118.383225
118.383225
118.383225
118.383225
118.383225
118.383225
118.383225
118.383225
118.383225
118.383225
118.383225
118.383225
118.383225
118.383225
118.383225
118.383225
118.383225
118.383225
118.383225
118.383225
118.383225
118.383225
118.383225
118.383225
118.383225
118.383225
118.383225
118.383225
118.383225
118.383225
118.383225
118.383225
118.383225
118.383225
118.383225
118.383225
118.383225
118.383225
118.383225
118.383225
118.383225
118.383225
118.383225
118.383225
118.383225
118.383225
118.383225
118.383225
118.383225
118.383225
118.383225
118.383225
118.383225
118.383225
118.383225
118.383225
118.383225
118.383225
118.383225
118.383225
118.383225
118.383225
118.383225
118.383225
118.383225
118.383225
118.383225
118.383225
118.383225
118.383225
118.383225
118.383225
118.383225
118.383225
118.383225
118.383225
118.383225
118.383225
118.383225
118.383225
118.383225
118.383225
118.383225
118.383225
118.383225
118.383225
118.383225
118.383225
118.383225
118.383225
118.383225
118.383225
118.383225
118.383225
118.383225
118.383225
118.383225
118.383225
118.383225
118.383225
118.383225
118.383225
118.383225
118.383225
118.383225
118.383225
118.383225
118.383225
118.383225
118.383225
118.383225
118.383225
118.383225
118.383225
118.383225
118.383225
118.383225
118.383225
118.383225
118.383225
118.383225
118.383225
118.383225
118.383225
118.383225
118.383225
118.383225
118.383225
118.383225
118.383225
118.383225
118.383225
118.383225
118.383225
118.383225
118.383225
118.383225
118.383225
118.383225
118.383225
118.383225
118.383225
118.383225
118.383225
118.383225
118.383225
118.383225
118.383225
118.383225
118.383225
118.383225
118.383225
118.383225
118.383225
118.383225
118.383225
118.383225
118.383225
118.383225
118.383225
118.383225
118.383225
118.383225
118.383225
118.383225
118.383225
118.383225
118.383225
118.383225
118.383225
118.383225
118.383225
118.383225
118.383225
118.383225
118.383225
118.383225
118.383225
118.383225
118.383225
118.383225
118.383225
118.383225
118.383225
118.383225
118.383225
118.383225
118.383225
118.383225
118.383225
118.383225
118.383225
118.383225
118.383225
118.383225
118.383225
118.383225
118.383225
118.383225
118.383225
118.383225
118.383225
118.383225
118.383225
118.383225
118.383225
118.383225
118.383225
118.383225
118.383225
118.383225
118.383225
118.383225
118.383225
118.383225
118.383225
118.383225
118.383225
118.383225
118.383225
118.383225
118.383225
118.383225
118.383225
118.383225
118.383225
118.383225
118.383225
118.383225
118.383225
118.383225
118.383225
118.383225
118.383225
118.383225
118.383225
118.383225
118.383225
118.383225
118.383225
118.383225
118.383225
118.383225
118.383225
118.383225
118.383225
118.383225
118.383225
118.383225
118.383225
118.383225
118.383225
118.383225
118.383225
118.383225
118.383225
118.383225
118.383225
118.383225
118.383225
118.383225
118.383225
118.383225
118.383225
118.383225
118.383225
118.383225
118.383225
118.383225
118.383225
118.383225
118.383225
118.383225
118.383225
118.383225
118.383225
118.383225
118.383225
118.383225
118.383225
118.383225
118.383225
118.383225
118.383225
118.383225
118.383225
118.383225
118.383225
118.383225
118.383225
118.383225
118.383225
118.383225
118.383225
118.383225
118.383225
118.383225
118.383225
118.383225
118.383225
118.383225
118.383225
118.383225
118.383225
118.383225
118.383225
118.383225
118.383225
118.383225
118.383225
118.383225
118.383225
118.383225
118.383225
118.383225
118.383225
118.383225
118.383225
118.383225
118.383225
118.383225
118.383225
118.383225
118.383225
118.383225
118.383225
118.383225
118.383225
118.383225
118.383225
118.383225
118.383225
118.383225
118.383225
118.383225
118.383225
118.383225
118.383225
118.383225
118.383225
118.383225
118.383225
118.383225
118.383225
118.383225
118.383225
118.383225
118.383225
118.383225
118.383225
118.383225
118.383225
118.383225
118.383225
118.383225
118.383225
118.383225
118.383225
118.383225
118.383225
118.383225
118.383225
118.383225
118.383225
118.383225
118.383225
118.383225
118.383225
118.383225
118.383225
118.383225
118.383225
118.383225
118.383225
118.383225
118.383225
118.383225
118.383225
118.383225
118.383225
118.383225
118.383225
118.383225
118.383225
118.383225
118.383225
118.383225
118.383225
118.383225
118.383225
118.383225
118.383225
118.383225
118.383225
118.383225
118.383225
118.383225
118.383225
118.383225
118.383225
118.383225
118.383225
118.383225
118.383225
118.383225
118.383225
118.383225
118.383225
118.383225
118.383225
118.383225
118.383225
118.383225
118.383225
118.383225
118.383225
118.383225
118.383225
118.383225
118.383225
118.383225
118.383225
118.383225
118.383225
118.383225
118.383225
118.383225
118.383225
118.383225
118.383225
118.383225
118.383225
118.383225
118.383225
118.383225
118.383225
118.383225
118.383225
118.383225
118.383225
118.383225
118.383225
118.383225
118.383225
118.383225
118.383225
118.383225
118.383225
118.383225
118.383225
118.383225
118.383225
118.383225
118.383225
118.383225
118.383225
118.383225
118.383225
118.383225
118.383225
118.383225
118.383225
118.383225
118.383225
118.383225
118.383225
118.383225
118.383225
118.383225
118.383225
118.383225
118.383225
118.383225
118.383225
118.383225
118.383225
118.383225
118.383225
118.383225
118.383225
118.383225
118.383225
118.383225
118.383225
118.383225
118.383225
118.383225
118.383225
118.383225
118.383225
118.383225
118.383225
118.383225
118.383225
118.383225
118.383225
118.383225
118.383225
118.383225
118.383225
118.383225
118.383225
118.383225
118.383225
118.383225
118.383225
118.383225
118.383225
118.383225
118.383225
118.383225
118.383225
118.383225
118.383225
118.383225
118.383225
118.383225
118.383225
118.383225
118.383225
118.383225
118.383225
118.383225
118.383225
118.383225
118.383225
118.383225
118.383225
118.383225
118.383225
118.383225
118.383225
118.383225
118.383225
118.383225
118.383225
118.383225
118.383225
118.383225
118.383225
118.383225
118.383225
118.383225
118.383225
118.383225
118.383225
118.383225
118.383225
118.383225
118.383225
118.383225
118.383225
118.383225
118.383225
118.383225
118.383225
118.383225
118.383225
118.383225
118.383225
118.383225
118.383225
118.383225
118.383225
118.383225
118.383225
118.383225
118.383225
118.383225
118.383225
118.383225
118.383225
118.383225
118.383225
118.383225
118.383225
118.383225
118.383225
118.383225
118.383225
118.383225
118.383225
118.383225
118.383225
118.383225
118.383225
118.383225
118.383225
118.383225
118.383225
118.383225
118.383225
118.383225
118.383225
118.383225
118.383225
118.383225
118.383225
118.383225
118.383225
118.383225
118.383225
118.383225
118.383225
118.383225
118.383225
118.383225
118.383225
118.383225
118.383225
118.383225
118.383225
118.383225
118.383225
118.383225
118.383225
118.383225
118.383225
118.383225
118.383225
118.383225
118.383225
118.383225
118.383225
118.383225
118.383225
118.383225
118.383225
118.383225
118.383225
118.383225
118.383225
118.383225
118.383225
118.383225
118.383225
118.383225
118.383225
118.383225
118.383225
118.383225
118.383225
118.383225
118.383225
118.383225
118.383225
118.383225
118.383225
118.383225
118.383225
118.383225
118.383225
118.383225
118.383225
118.383225
118.383225
118.383225
118.383225
118.383225
118.383225
118.383225
118.383225
118.383225
118.383225
118.383225
118.383225
118.383225
118.383225
118.383225
118.383225
118.383225
118.383225
118.383225
118.383225
118.383225
118.383225
118.383225
118.383225
118.383225
118.383225
118.383225
118.383225
118.383225
118.383225
118.383225
118.383225
118.383225
118.383225
118.383225
118.383225
118.383225
118.383225
118.383225
118.383225
118.383225
118.383225
118.383225
118.383225
118.383225
118.383225
118.383225
118.383225
118.383225
118.383225
118.383225
118.383225
118.383225
118.383225
118.383225
118.383225
118.383225
118.383225
118.383225
118.383225
118.383225
118.383225
118.383225
118.383225
118.383225
118.383225
118.383225
118.383225
118.383225
118.383225
118.383225
118.383225
118.383225
118.383225
118.383225
118.383225
118.383225
118.383225
118.383225
118.383225
118.383225
118.383225
118.383225
118.383225
118.383225
118.383225
118.383225
118.383225
118.383225
118.383225
118.383225
118.383225
118.383225
118.383225
118.383225
118.383225
118.383225
118.383225
118.383225
118.383225
118.383225
118.383225
118.383225
118.383225
118.383225
118.383225
118.383225
118.383225
118.383225
118.383225
118.383225
118.383225
118.383225
118.383225
118.383225
118.383225
118.383225
118.383225
118.383225
118.383225
118.383225
118.383225
118.383225
118.383225
118.383225
118.383225
118.383225
118.383225
118.383225
118.383225
118.383225
118.383225
118.383225
118.383225
118.383225
118.383225
118.383225
118.383225
118.383225
118.383225
118.383225
118.383225
118.383225
118.383225
118.383225
118.383225
118.383225
118.383225
118.383225
118.383225
118.383225
118.383225
118.383225
118.383225
118.383225
118.383225
118.383225
118.383225
118.383225
118.383225
118.383225
118.383225
118.383225
118.383225
118.383225
118.383225
118.383225
118.383225
118.383225
118.383225
118.383225
118.383225
118.383225
118.383225
118.383225
118.383225
118.383225
118.383225
118.383225
118.383225
118.383225
118.383225
118.383225
118.383225
118.383225
118.383225
118.383225
118.383225
118.383225
118.383225
118.383225
118.383225
118.383225
118.383225
118.383225
118.383225
118.383225
118.383225
118.383225
118.383225
118.383225
118.383225
118.383225
118.383225
118.383225
118.383225
118.383225
118.383225
118.383225
118.383225
118.383225
118.383225
118.383225
118.383225
118.383225
118.383225
118.383225
118.383225
118.383225
118.383225
118.383225
118.383225
118.383225
118.383225
118.383225
118.383225
118.383225
118.383225
118.383225
118.383225
118.383225
118.383225
118.383225
118.383225
118.383225
118.383225
118.383225
118.383225
118.383225
118.383225
118.383225
118.383225
118.383225
118.383225
118.383225
118.383225
118.383225
118.383225
118.383225
118.383225
118.383225
118.383225
118.383225
118.383225
118.383225
118.383225
118.383225
118.383225
118.383225
118.383225
118.383225
118.383225
118.383225
118.383225
118.383225
118.383225
118.383225
118.383225
118.383225
118.383225
118.383225
118.383225
118.383225
118.383225
118.383225
118.383225
118.383225
118.383225
118.383225
118.383225
118.383225
118.383225
118.383225
118.383225
118.383225
118.383225
118.383225
118.383225
118.383225
118.383225
118.383225
118.383225
118.383225
118.383225
118.383225
118.383225
118.383225
118.383225
118.383225
118.383225
118.383225
118.383225
118.383225
118.383225
118.383225
118.383225
118.383225
118.383225
118.383225
118.383225
118.383225
118.383225
118.383225
118.383225
118.383225
118.383225
118.383225
118.383225
118.383225
118.383225
118.383225
118.383225
118.383225
118.383225
118.383225
118.383225
118.383225
118.383225
118.383225
118.383225
118.383225
118.383225
118.383225
118.383225
118.383225
118.383225
118.383225
118.383225
118.383225
118.383225
118.383225
118.383225
118.383225
118.383225
118.383225
118.383225
118.383225
118.383225
118.383225
118.383225
118.383225
118.383225
118.383225
118.383225
118.383225
118.383225
118.383225
118.383225
118.383225
118.383225
118.383225
118.383225
118.383225
118.383225
118.383225
118.383225
118.383225
118.383225
118.383225
118.383225
118.383225
118.383225
118.383225
118.383225
118.383225
118.383225
118.383225
118.383225
118.383225
118.383225
118.383225
118.383225
118.383225
118.383225
118.383225
118.383225
118.383225
118.383225
118.383225
118.383225
118.383225
118.383225
118.383225
118.383225
118.383225
118.383225
118.383225
118.383225
118.383225
118.383225
118.383225
118.383225
118.383225
118.383225
118.383225
118.383225
118.383225
118.383225
118.383225
118.383225
118.383225
118.383225
118.383225
118.383225
118.383225
118.383225
118.383225
118.383225
118.383225
118.383225
118.383225
118.383225
118.383225
118.383225
118.383225
118.383225
118.383225
118.383225
118.383225
118.383225
118.383225
118.383225
118.383225
118.383225
118.383225
118.383225
118.383225
118.383225
118.383225
118.383225
118.383225
118.383225
118.383225
118.383225
118.383225
118.383225
118.383225
118.383225
118.383225
118.383225
118.383225
118.383225
118.383225
118.383225
118.383225
118.383225
118.383225
118.383225
118.383225
118.383225
118.383225
118.383225
118.383225
118.383225
118.383225
118.383225
118.383225
118.383225
118.383225
118.383225
118.383225
118.383225
118.383225
118.383225
118.383225
118.383225
118.383225
118.383225
118.383225
118.383225
118.383225
118.383225
118.383225
118.383225
118.383225
118.383225
118.383225
118.383225
118.383225
118.383225
118.383225
118.383225
118.383225
118.383225
118.383225
118.383225
118.383225
118.383225
118.383225
118.383225
118.383225
118.383225
118.383225
118.383225
118.383225
118.383225
118.383225
118.383225
118.383225
118.383225
118.383225
118.383225
118.383225
118.383225
118.383225
118.383225
118.383225
118.383225
118.383225
118.383225
118.383225
118.383225
118.383225
118.383225
118.383225
118.383225
118.383225
118.383225
118.383225
118.383225
118.383225
118.383225
118.383225
118.383225
118.383225
118.383225
118.383225
118.383225
118.383225
118.383225
118.383225
118.383225
118.383225
118.383225
118.383225
118.383225
118.383225
118.383225
118.383225
118.383225
118.383225
118.383225
118.383225
118.383225
118.383225
118.383225
118.383225
118.383225
118.383225
118.383225
118.383225
118.383225
118.383225
118.383225
118.383225
118.383225
118.383225
118.383225
118.383225
118.383225
118.383225
118.383225
118.383225
118.383225
118.383225
118.383225
118.383225
118.383225
118.383225
118.383225
118.383225
118.383225
118.383225
118.383225
118.383225
118.383225
118.383225
118.383225
118.383225
118.383225
118.383225
118.383225
118.383225
118.383225
118.383225
118.383225
118.383225
118.383225
118.383225
118.383225
118.383225
118.383225
118.383225
118.383225
118.383225
118.383225
118.383225
118.383225
118.383225
118.383225
118.383225
118.383225
118.383225
118.383225
118.383225
118.383225
118.383225
118.383225
118.383225
118.383225
118.383225
118.383225
118.383225
118.383225
118.383225
118.383225
118.383225
118.383225
118.383225
118.383225
118.383225
118.383225
118.383225
118.383225
118.383225
118.383225
118.383225
118.383225
118.383225
118.383225
118.383225
118.383225
118.383225
118.383225
118.383225
118.383225
118.383225
118.383225
118.383225
118.383225
118.383225
118.383225
118.383225
118.383225
118.383225
118.383225
118.383225
118.383225
118.383225
118.383225
118.383225
118.383225
118.383225
118.383225
118.383225
118.383225
118.383225
118.383225
118.383225
118.383225
118.383225
118.383225
118.383225
118.383225
118.383225
118.383225
118.383225
118.383225
118.383225
118.383225
118.383225
118.383225
118.383225
118.383225
118.383225
118.383225
118.383225
118.383225
118.383225
118.383225
118.383225
118.383225
118.383225
118.383225
118.383225
118.383225
118.383225
118.383225
118.383225
118.383225
118.383225
118.383225
118.383225
118.383225
118.383225
118.383225
118.383225
118.383225
118.383225
118.383225
118.383225
118.383225
118.383225
118.383225
118.383225
118.383225
118.383225
118.383225
118.383225
118.383225
118.383225
118.383225
118.383225
118.383225
118.383225
118.383225
118.383225
118.383225
118.383225
118.383225
118.383225
118.383225
118.383225
118.383225
118.383225
118.383225
118.383225
118.383225
118.383225
118.383225
118.383225
118.383225
118.383225
118.383225
118.383225
118.383225
118.383225
118.383225
118.383225
118.383225
118.383225
118.383225
118.383225
118.383225
118.383225
118.383225
118.383225
118.383225
118.383225
118.383225
118.383225
118.383225
118.383225
118.383225
118.383225
118.383225
118.383225
118.383225
118.383225
118.383225
118.383225
118.383225
118.383225
118.383225
118.383225
118.383225
118.383225
118.383225
118.383225
118.383225
118.383225
118.383225
118.383225
118.383225
118.383225
118.383225
118.383225
118.383225
118.383225
118.383225
118.383225
118.383225
118.383225
118.383225
118.383225
118.383225
118.383225
118.383225
118.383225
118.383225
118.383225
118.383225
118.383225
118.383225
118.383225
118.383225
118.383225
118.383225
118.383225
118.383225
118.383225
118.383225
118.383225
118.383225
118.383225
118.383225
118.383225
118.383225
118.383225
118.383225
118.383225
118.383225
118.383225
118.383225
118.383225
118.383225
118.383225
118.383225
118.383225
118.383225
118.383225
118.383225
118.383225
118.383225
118.383225
118.383225
118.383225
118.383225
118.383225
118.383225
118.383225
118.383225
118.383225
118.383225
118.383225
118.383225
118.383225
118.383225
118.383225
118.383225
118.383225
118.383225
118.383225
118.383225
118.383225
118.383225
118.383225
118.383225
118.383225
118.383225
118.383225
118.383225
118.383225
118.383225
118.383225
118.383225
118.383225
118.383225
118.383225
118.383225
118.383225
118.383225
118.383225
118.383225
118.383225
118.383225
118.383225
118.383225
118.383225
118.383225
118.383225
118.383225
118.383225
118.383225
118.383225
118.383225
118.383225
118.383225
118.383225
118.383225
118.383225
118.383225
118.383225
118.383225
118.383225
118.383225
118.383225
118.383225
118.383225
118.383225
118.383225
118.383225
118.383225
118.383225
118.383225
118.383225
118.383225
118.383225
118.383225
118.383225
118.383225
118.383225
118.383225
118.383225
118.383225
118.383225
118.383225
118.383225
118.383225
118.383225
118.383225
118.383225
118.383225
118.383225
118.383225
118.383225
118.383225
118.383225
118.383225
118.383225
118.383225
118.383225
118.383225
118.383225
118.383225
118.383225
118.383225
118.383225
118.383225
118.383225
118.383225
118.383225
118.383225
118.383225
118.383225
118.383225
118.383225
118.383225
118.383225
118.383225
118.383225
118.383225
118.383225
118.383225
118.383225
118.383225
118.383225
118.383225
118.383225
118.383225
118.383225
118.383225
118.383225
118.383225
118.383225
118.383225
118.383225
118.383225
118.383225
118.383225
118.383225
118.383225
118.383225
118.383225
118.383225
118.383225
118.383225
118.383225
118.383225
118.383225
118.383225
118.383225
118.383225
118.383225
118.383225
118.383225
118.383225
118.383225
118.383225
118.383225
118.383225
118.383225
118.383225
118.383225
118.383225
118.383225
118.383225
118.383225
118.383225
118.383225
118.383225
118.383225
118.383225
118.383225
118.383225
118.383225
118.383225
118.383225
118.383225
118.383225
118.383225
118.383225
118.383225
118.383225
118.383225
118.383225
118.383225
118.383225
118.383225
118.383225
118.383225
118.383225
118.383225
118.383225
118.383225
118.383225
118.383225
118.383225
118.383225
118.383225
118.383225
118.383225
118.383225
118.383225
118.383225
118.383225
118.383225
118.383225
118.383225
118.383225
118.383225
118.383225
118.383225
118.383225
118.383225
118.383225
118.383225
118.383225
118.383225
118.383225
118.383225
118.383225
118.383225
118.383225
118.383225
118.383225
118.383225
118.383225
118.383225
118.383225
118.383225
118.383225
118.383225
118.383225
118.383225
118.383225
118.383225
118.383225
118.383225
118.383225
118.383225
118.383225
118.383225
118.383225
118.383225
118.383225
118.383225
118.383225
118.383225
118.383225
118.383225
118.383225
118.383225
118.383225
118.383225
118.383225
118.383225
118.383225
118.383225
118.383225
118.383225
118.383225
118.383225
118.383225
118.383225
118.383225
118.383225
118.383225
118.383225
118.383225
118.383225
118.383225
118.383225
118.383225
118.383225
118.383225
118.383225
118.383225
118.383225
118.383225
118.383225
118.383225
118.383225
118.383225
118.383225
118.383225
118.383225
118.383225
118.383225
118.383225
118.383225
118.383225
118.383225
118.383225
118.383225
118.383225
118.383225
118.383225
118.383225
118.383225
118.383225
118.383225
118.383225
118.383225
118.383225
118.383225
118.383225
118.383225
118.383225
118.383225
118.383225
118.383225
118.383225
118.383225
118.383225
118.383225
118.383225
118.383225
118.383225
118.383225
118.383225
118.383225
118.383225
118.383225
118.383225
118.383225
118.383225
118.383225
118.383225
118.383225
118.383225
118.383225
118.383225
118.383225
118.383225
118.383225
118.383225
118.383225
118.383225
118.383225
118.383225
118.383225
118.383225
118.383225
118.383225
118.383225
118.383225
118.383225
118.383225
118.383225
118.383225
118.383225
118.383225
118.383225
118.383225
118.383225
118.383225
118.383225
118.383225
118.383225
118.383225
118.383225
118.383225
118.383225
118.383225
118.383225
118.383225
118.383225
118.383225
118.383225
118.383225
118.383225
118.383225
118.383225
118.383225
118.383225
118.383225
118.383225
118.383225
118.383225
118.383225
118.383225
118.383225
118.383225
118.383225
118.383225
118.383225
118.383225
118.383225
118.383225
118.383225
118.383225
118.383225
118.383225
118.383225
118.383225
118.383225
118.383225
118.383225
118.383225
118.383225
118.383225
118.383225
118.383225
118.383225
118.383225
118.383225
118.383225
118.383225
118.383225
118.383225
118.383225
118.383225
118.383225
118.383225
118.383225
118.383225
118.383225
118.383225
118.383225
118.383225
118.383225
118.383225
118.383225
118.383225
118.383225
118.383225
118.383225
118.383225
118.383225
118.383225
118.383225
118.383225
118.383225
118.383225
118.383225
118.383225
118.383225
118.383225
118.383225
118.383225
118.383225
118.383225
118.383225
118.383225
118.383225
118.383225
118.383225
118.383225
118.383225
118.383225
118.383225
118.383225
118.383225
118.383225
118.383225
118.383225
118.383225
118.383225
118.383225
118.383225
118.383225
118.383225
118.383225
118.383225
118.383225
118.383225
118.383225
118.383225
118.383225
118.383225
118.383225
118.383225
118.383225
118.383225
118.383225
118.383225
118.383225
118.383225
118.383225
118.383225
118.383225
118.383225
118.383225
118.383225
118.383225
118.383225
118.383225
118.383225
118.383225
118.383225
118.383225
118.383225
118.383225
118.383225
118.383225
118.383225
118.383225
118.383225
118.383225
118.383225
118.383225
118.383225
118.383225
118.383225
118.383225
118.383225
118.383225
118.383225
118.383225
118.383225
118.383225
118.383225
118.383225
118.383225
118.383225
118.383225
118.383225
118.383225
118.383225
118.383225
118.383225
118.383225
118.383225
118.383225
118.383225
118.383225
118.383225
118.383225
118.383225
118.383225
118.383225
118.383225
118.383225
118.383225
118.383225
118.383225
118.383225
118.383225
118.383225
118.383225
118.383225
118.383225
118.383225
118.383225
118.383225
118.383225
118.383225
118.383225
118.383225
118.383225
118.383225
118.383225
118.383225
118.383225
118.383225
118.383225
118.383225
118.383225
118.383225
118.383225
118.383225
118.383225
118.383225
118.383225
118.383225
118.383225
118.383225
118.383225
118.383225
118.383225
118.383225
118.383225
118.383225
118.383225
118.383225
118.383225
118.383225
118.383225
118.383225
118.383225
118.383225
118.383225
118.383225
118.383225
118.383225
118.383225
118.383225
118.383225
118.383225
118.383225
118.383225
118.383225
118.383225
118.383225
118.383225
118.383225
118.383225
118.383225
118.383225
118.383225
118.383225
118.383225
118.383225
118.383225
118.383225
118.383225
118.383225
118.383225
118.383225
118.383225
118.383225
118.383225
118.383225
118.383225
118.383225
118.383225
118.383225
118.383225
118.383225
118.383225
118.383225
118.383225
118.383225
118.383225
118.383225
118.383225
118.383225
118.383225
118.383225
118.383225
118.383225
118.383225
118.383225
118.383225
118.383225
118.383225
118.383225
118.383225
118.383225
118.383225
118.383225
118.383225
118.383225
118.383225
118.383225
118.383225
118.383225
118.383225
118.383225
118.383225
118.383225
118.383225
118.383225
118.383225
118.383225
118.383225
118.383225
118.383225
118.383225
118.383225
118.383225
118.383225
118.383225
118.383225
118.383225
118.383225
118.383225
118.383225
118.383225
118.383225
118.383225
118.383225
118.383225
118.383225
118.383225
118.383225
118.383225
118.383225
118.383225
118.383225
118.383225
118.383225
118.383225
118.383225
118.383225
118.383225
118.383225
118.383225
118.383225
118.383225
118.383225
118.383225
118.383225
118.383225
118.383225
118.383225
118.383225
118.383225
118.383225
118.383225
118.383225
118.383225
118.383225
118.383225
118.383225
118.383225
118.383225
118.383225
118.383225
118.383225
118.383225
118.383225
118.383225
118.383225
118.383225
118.383225
118.383225
118.383225
118.383225
118.383225
118.383225
118.383225
118.383225
118.383225
118.383225
118.383225
118.383225
118.383225
118.383225
118.383225
118.383225
118.383225
118.383225
118.383225
118.383225
118.383225
118.383225
118.383225
118.383225
118.383225
118.383225
118.383225
118.383225
118.383225
118.383225
118.383225
118.383225
118.383225
118.383225
118.383225
118.383225
118.383225
118.383225
118.383225
118.383225
118.383225
118.383225
118.383225
118.383225
118.383225
118.383225
118.383225
118.383225
118.383225
118.383225
118.383225
118.383225
118.383225
118.383225
118.383225
118.383225
118.383225
118.383225
118.383225
118.383225
118.383225
118.383225
118.383225
118.383225
118.383225
118.383225
118.383225
118.383225
118.383225
118.383225
118.383225
118.383225
118.383225
118.383225
118.383225
118.383225
118.383225
118.383225
118.383225
118.383225
118.383225
118.383225
118.383225
118.383225
118.383225
118.383225
118.383225
118.383225
118.383225
118.383225
118.383225
118.383225
118.383225
118.383225
118.383225
118.383225
118.383225
118.383225
118.383225
118.383225
118.383225
118.383225
118.383225
118.383225
118.383225
118.383225
118.383225
118.383225
118.383225
118.383225
118.383225
118.383225
118.383225
118.383225
118.383225
118.383225
118.383225
118.383225
118.383225
118.383225
118.383225
118.383225
118.383225
118.383225
118.383225
118.383225
118.383225
118.383225
118.383225
118.383225
118.383225
118.383225
118.383225
118.383225
118.383225
118.383225
118.383225
118.383225
118.383225
118.383225
118.383225
118.383225
118.383225
118.383225
118.383225
118.383225
118.383225
118.383225
118.383225
118.383225
118.383225
118.383225
118.383225
118.383225
118.383225
118.383225
118.383225
118.383225
118.383225
118.383225
118.383225
118.383225
118.383225
118.383225
118.383225
118.383225
118.383225
118.383225
118.383225
118.383225
118.383225
118.383225
118.383225
118.383225
118.383225
118.383225
118.383225
118.383225
118.383225
118.383225
118.383225
118.383225
118.383225
118.383225
118.383225
118.383225
118.383225
118.383225
118.383225
118.383225
118.383225
118.383225
118.383225
118.383225
118.383225
118.383225
118.383225
118.383225
118.383225
118.383225
118.383225
118.383225
118.383225
118.383225
118.383225
118.383225
118.383225
118.383225
118.383225
118.383225
118.383225
118.383225
118.383225
118.383225
118.383225
118.383225
118.383225
118.383225
118.383225
118.383225
118.383225
118.383225
118.383225
118.383225
118.383225
118.383225
118.383225
118.383225
118.383225
118.383225
118.383225
118.383225
118.383225
118.383225
118.383225
118.383225
118.383225
118.383225
118.383225
118.383225
118.383225
118.383225
118.383225
118.383225
118.383225
118.383225
118.383225
118.383225
118.383225
118.383225
118.383225
118.383225
118.383225
118.383225
118.383225
118.383225
118.383225
118.383225
118.383225
118.383225
118.383225
118.383225
118.383225
118.383225
118.383225
118.383225
118.383225
118.383225
118.383225
118.383225
118.383225
118.383225
118.383225
118.383225
118.383225
118.383225
118.383225
118.383225
118.383225
118.383225
118.383225
118.383225
118.383225
118.383225
118.383225
118.383225
118.383225
118.383225
118.383225
118.383225
118.383225
118.383225
118.383225
118.383225
118.383225
118.383225
118.383225
118.383225
118.383225
118.383225
118.383225
118.383225
118.383225
118.383225
118.383225
118.383225
118.383225
118.383225
118.383225
118.383225
118.383225
118.383225
118.383225
118.383225
118.383225
118.383225
118.383225
118.383225
118.383225
118.383225
118.383225
118.383225
118.383225
118.383225
118.383225
118.383225
118.383225
118.383225
118.383225
118.383225
118.383225
118.383225
118.383225
118.383225
118.383225
118.383225
118.383225
118.383225
118.383225
118.383225
118.383225
118.383225
118.383225
118.383225
118.383225
118.383225
118.383225
118.383225
118.383225
118.383225
118.383225
118.383225
118.383225
118.383225
118.383225
118.383225
118.383225
118.383225
118.383225
118.383225
118.383225
118.383225
118.383225
118.383225
118.383225
118.383225
118.383225
118.383225
118.383225
118.383225
118.383225
118.383225
118.383225
118.383225
118.383225
118.383225
118.383225
118.383225
118.383225
118.383225
118.383225
118.383225
118.383225
118.383225
118.383225
118.383225
118.383225
118.383225
118.383225
118.383225
118.383225
118.383225
118.383225
118.383225
118.383225
118.383225
118.383225
118.383225
118.383225
118.383225
118.383225
118.383225
118.383225
118.383225
118.383225
118.383225
118.383225
118.383225
118.383225
118.383225
118.383225
118.383225
118.383225
118.383225
118.383225
118.383225
118.383225
118.383225
118.383225
118.383225
118.383225
118.383225
118.383225
118.383225
118.383225
118.383225
118.383225
118.383225
118.383225
118.383225
118.383225
118.383225
118.383225
118.383225
118.383225
118.383225
118.383225
118.383225
118.383225
118.383225
118.383225
118.383225
118.383225
118.383225
118.383225
118.383225
118.383225
118.383225
118.383225
118.383225
118.383225
118.383225
118.383225
118.383225
118.383225
118.383225
118.383225
118.383225
118.383225
118.383225
118.383225
118.383225
118.383225
118.383225
118.383225
118.383225
118.383225
118.383225
118.383225
118.383225
118.383225
118.383225
118.383225
118.383225
118.383225
118.383225
118.383225
118.383225
118.383225
118.383225
118.383225
118.383225
118.383225
118.383225
118.383225
118.383225
118.383225
118.383225
118.383225
118.383225
118.383225
118.383225
118.383225
118.383225
118.383225
118.383225
118.383225
118.383225
118.383225
118.383225
118.383225
118.383225
118.383225
118.383225
118.383225
118.383225
118.383225
118.383225
118.383225
118.383225
118.383225
118.383225
118.383225
118.383225
118.383225
118.383225
118.383225
118.383225
118.383225
118.383225
118.383225
118.383225
118.383225
118.383225
118.383225
118.383225
118.383225
118.383225
118.383225
118.383225
118.383225
118.383225
118.383225
118.383225
118.383225
118.383225
118.383225
118.383225
118.383225
118.383225
118.383225
118.383225
118.383225
118.383225
118.383225
118.383225
118.383225
118.383225
118.383225
118.383225
118.383225
118.383225
118.383225
118.383225
118.383225
118.383225
118.383225
118.383225
118.383225
118.383225
118.383225
118.383225
118.383225
118.383225
118.383225
118.383225
118.383225
118.383225
118.383225
118.383225
118.383225
118.383225
118.383225
118.383225
118.383225
118.383225
118.383225
118.383225
118.383225
118.383225
118.383225
118.383225
118.383225
118.383225
118.383225
118.383225
118.383225
118.383225
118.383225
118.383225
118.383225
118.383225
118.383225
118.383225
118.383225
118.383225
118.383225
118.383225
118.383225
118.383225
118.383225
118.383225
118.383225
118.383225
118.383225
118.383225
118.383225
118.383225
118.383225
118.383225
118.383225
118.383225
118.383225
118.383225
118.383225
118.383225
118.383225
118.383225
118.383225
118.383225
118.383225
118.383225
118.383225
118.383225
118.383225
118.383225
118.383225
118.383225
118.383225
118.383225
118.383225
118.383225
118.383225
118.383225
118.383225
118.383225
118.383225
118.383225
118.383225
118.383225
118.383225
118.383225
118.383225
118.383225
118.383225
118.383225
118.383225
118.383225
118.383225
118.383225
118.383225
118.383225
118.383225
118.383225
118.383225
118.383225
118.383225
118.383225
118.383225
118.383225
118.383225
118.383225
118.383225
118.383225
118.383225
118.383225
118.383225
118.383225
118.383225
118.383225
118.383225
118.383225
118.383225
118.383225
118.383225
118.383225
118.383225
118.383225
118.383225
118.383225
118.383225
118.383225
118.383225
118.383225
118.383225
118.383225
118.383225
118.383225
118.383225
118.383225
118.383225
118.383225
118.383225
118.383225
118.383225
118.383225
118.383225
118.383225
118.383225
118.383225
118.383225
118.383225
118.383225
118.383225
118.383225
118.383225
118.383225
118.383225
118.383225
118.383225
118.383225
118.383225
118.383225
118.383225
118.383225
118.383225
118.383225
118.383225
118.383225
118.383225
118.383225
118.383225
118.383225
118.383225
118.383225
118.383225
118.383225
118.383225
118.383225
118.383225
118.383225
118.383225
118.383225
118.383225
118.383225
118.383225
118.383225
118.383225
118.383225
118.383225
118.383225
118.383225
118.383225
118.383225
118.383225
118.383225
118.383225
118.383225
118.383225
118.383225
118.383225
118.383225
118.383225
118.383225
118.383225
118.383225
118.383225
118.383225
118.383225
118.383225
118.383225
118.383225
118.383225
118.383225
118.383225
118.383225
118.383225
118.383225
118.383225
118.383225
118.383225
118.383225
118.383225
118.383225
118.383225
118.383225
118.383225
118.383225
118.383225
118.383225
118.383225
118.383225
118.383225
118.383225
118.383225
118.383225
118.383225
118.383225
118.383225
118.383225
118.383225
118.383225
118.383225
118.383225
118.383225
118.383225
118.383225
118.383225
118.383225
118.383225
118.383225
118.383225
118.383225
118.383225
118.383225
118.383225
118.383225
118.383225
118.383225
118.383225
118.383225
118.383225
118.383225
118.383225
118.383225
118.383225
118.383225
118.383225
118.383225
118.383225
118.383225
118.383225
118.383225
118.383225
118.383225
118.383225
118.383225
118.383225
118.383225
118.383225
118.383225
118.383225
118.383225
118.383225
118.383225
118.383225
118.383225
118.383225
118.383225
118.383225
118.383225
118.383225
118.383225
118.383225
118.383225
118.383225
118.383225
118.383225
118.383225
118.383225
118.383225
118.383225
118.383225
118.383225
118.383225
118.383225
118.383225
118.383225
118.383225
118.383225
118.383225
118.383225
118.383225
118.383225
118.383225
118.383225
118.383225
118.383225
118.383225
118.383225
118.383225
118.383225
118.383225
118.383225
118.383225
118.383225
118.383225
118.383225
118.383225
118.383225
118.383225
118.383225
118.383225
118.383225
118.383225
118.383225
118.383225
118.383225
118.383225
118.383225
118.383225
118.383225
118.383225
118.383225
118.383225
118.383225
118.383225
118.383225
118.383225
118.383225
118.383225
118.383225
118.383225
118.383225
118.383225
118.383225
118.383225
118.383225
118.383225
118.383225
118.383225
118.383225
118.383225
118.383225
118.383225
118.383225
118.383225
118.383225
118.383225
118.383225
118.383225
118.383225
118.383225
118.383225
118.383225
118.383225
118.383225
118.383225
118.383225
118.383225
118.383225
118.383225
118.383225
118.383225
118.383225
118.383225
118.383225
118.383225
118.383225
118.383225
118.383225
118.383225
118.383225
118.383225
118.383225
118.383225
118.383225
118.383225
118.383225
118.383225
118.383225
118.383225
118.383225
118.383225
118.383225
118.383225
118.383225
118.383225
118.383225
118.383225
118.383225
118.383225
118.383225
118.383225
118.383225
118.383225
118.383225
118.383225
118.383225
118.383225
118.383225
118.383225
118.383225
118.383225
118.383225
118.383225
118.383225
118.383225
118.383225
118.383225
118.383225
118.383225
118.383225
118.383225
118.383225
118.383225
118.383225
118.383225
118.383225
118.383225
118.383225
118.383225
118.383225
118.383225
118.383225
118.383225
118.383225
118.383225
118.383225
118.383225
118.383225
118.383225
118.383225
118.383225
118.383225
118.383225
118.383225
118.383225
118.383225
118.383225
118.383225
118.383225
118.383225
118.383225
118.383225
118.383225
118.383225
118.383225
118.383225
118.383225
118.383225
118.383225
118.383225
118.383225
118.383225
118.383225
118.383225
118.383225
118.383225
118.383225
118.383225
118.383225
118.383225
118.383225
118.383225
118.383225
118.383225
118.383225
118.383225
118.383225
118.383225
118.383225
118.383225
118.383225
118.383225
118.383225
118.383225
118.383225
118.383225
118.383225
118.383225
118.383225
118.383225
118.383225
118.383225
118.383225
118.383225
118.383225
118.383225
118.383225
118.383225
118.383225
118.383225
118.383225
118.383225
118.383225
118.383225
118.383225
118.383225
118.383225
118.383225
118.383225
118.383225
118.383225
118.383225
118.383225
118.383225
118.383225
118.383225
118.383225
118.383225
118.383225
118.383225
118.383225
118.383225
118.383225
118.383225
118.383225
118.383225
118.383225
118.383225
118.383225
118.383225
118.383225
118.383225
118.383225
118.383225
118.383225
118.383225
118.383225
118.383225
118.383225
118.383225
118.383225
118.383225
118.383225
118.383225
118.383225
118.383225
118.383225
118.383225
118.383225
118.383225
118.383225
118.383225
118.383225
118.383225
118.383225
118.383225
118.383225
118.383225
118.383225
118.383225
118.383225
118.383225
118.383225
118.383225
118.383225
118.383225
118.383225
118.383225
118.383225
118.383225
118.383225
118.383225
118.383225
118.383225
118.383225
118.383225
118.383225
118.383225
118.383225
118.383225
118.383225
118.383225
118.383225
118.383225
118.383225
118.383225
118.383225
118.383225
118.383225
118.383225
118.383225
118.383225
118.383225
118.383225
118.383225
118.383225
118.383225
118.383225
118.383225
118.383225
118.383225
118.383225
118.383225
118.383225
118.383225
118.383225
118.383225
118.383225
118.383225
118.383225
118.383225
118.383225
118.383225
118.383225
118.383225
118.383225
118.383225
118.383225
118.383225
118.383225
118.383225
118.383225
118.383225
118.383225
118.383225
118.383225
118.383225
118.383225
118.383225
118.383225
118.383225
118.383225
118.383225
118.383225
118.383225
118.383225
118.383225
118.383225
118.383225
118.383225
118.383225
118.383225
118.383225
118.383225
118.383225
118.383225
118.383225
118.383225
118.383225
118.383225
118.383225
118.383225
118.383225
118.383225
118.383225
118.383225
118.383225
118.383225
118.383225
118.383225
118.383225
118.383225
118.383225
118.383225
118.383225
118.383225
118.383225
118.383225
118.383225
118.383225
118.383225
118.383225
118.383225
118.383225
118.383225
118.383225
118.383225
118.383225
118.383225
118.383225
118.383225
118.383225
118.383225
118.383225
118.383225
118.383225
118.383225
118.383225
118.383225
118.383225
118.383225
118.383225
118.383225
118.383225
118.383225
118.383225
118.383225
118.383225
118.383225
118.383225
118.383225
118.383225
118.383225
118.383225
118.383225
118.383225
118.383225
118.383225
118.383225
118.383225
118.383225
118.383225
118.383225
118.383225
118.383225
118.383225
118.383225
118.383225
118.383225
118.383225
118.383225
118.383225
118.383225
118.383225
118.383225
118.383225
118.383225
118.383225
118.383225
118.383225
118.383225
118.383225
118.383225
118.383225
118.383225
118.383225
118.383225
118.383225
118.383225
118.383225
118.383225
118.383225
118.383225
118.383225
118.383225
118.383225
118.383225
118.383225
118.383225
118.383225
118.383225
118.383225
118.383225
118.383225
118.383225
118.383225
118.383225
118.383225
118.383225
118.383225
118.383225
118.383225
118.383225
118.383225
118.383225
118.383225
118.383225
118.383225
118.383225
118.383225
118.383225
118.383225
118.383225
118.383225
118.383225
118.383225
118.383225
118.383225
118.383225
118.383225
118.383225
118.383225
118.383225
118.383225
118.383225
118.383225
118.383225
118.383225
118.383225
118.383225
118.383225
118.383225
118.383225
118.383225
118.383225
118.383225
118.383225
118.383225
118.383225
118.383225
118.383225
118.383225
118.383225
118.383225
118.383225
118.383225
118.383225
118.383225
118.383225
118.383225
118.383225
118.383225
118.383225
118.383225
118.383225
118.383225
118.383225
118.383225
118.383225
118.383225
118.383225
118.383225
118.383225
118.383225
118.383225
118.383225
118.383225
118.383225
118.383225
118.383225
118.383225
118.383225
118.383225
118.383225
118.383225
118.383225
118.383225
118.383225
118.383225
118.383225
118.383225
118.383225
118.383225
118.383225
118.383225
118.383225
118.383225
118.383225
118.383225
118.383225
118.383225
118.383225
118.383225
118.383225
118.383225
118.383225
118.383225
118.383225
118.383225
118.383225
118.383225
118.383225
118.383225
118.383225
118.383225
118.383225
118.383225
118.383225
118.383225
118.383225
118.383225
118.383225
118.383225
118.383225
118.383225
118.383225
118.383225
118.383225
118.383225
118.383225
118.383225
118.383225
118.383225
118.383225
118.383225
118.383225
118.383225
118.383225
118.383225
118.383225
118.383225
118.383225
118.383225
118.383225
118.383225
118.383225
118.383225
118.383225
118.383225
118.383225
118.383225
118.383225
118.383225
118.383225
118.383225
118.383225
118.383225
118.383225
118.383225
118.383225
118.383225
118.383225
118.383225
118.383225
118.383225
118.383225
118.383225
118.383225
118.383225
118.383225
118.383225
118.383225
118.383225
118.383225
118.383225
118.383225
118.383225
118.383225
118.383225
118.383225
118.383225
118.383225
118.383225
118.383225
118.383225
118.383225
118.383225
118.383225
118.383225
118.383225
118.383225
118.383225
118.383225
118.383225
118.383225
118.383225
118.383225
118.383225
118.383225
118.383225
118.383225
118.383225
118.383225
118.383225
118.383225
118.383225
118.383225
118.383225
118.383225
118.383225
118.383225
118.383225
118.383225
118.383225
118.383225
118.383225
118.383225
118.383225
118.383225
118.383225
118.383225
118.383225
118.383225
118.383225
118.383225
118.383225
118.383225
118.383225
118.383225
118.383225
118.383225
118.383225
118.383225
118.383225
118.383225
118.383225
118.383225
118.383225
118.383225
118.383225
118.383225
118.383225
118.383225
118.383225
118.383225
118.383225
118.383225
118.383225
118.383225
118.383225
118.383225
118.383225
118.383225
118.383225
118.383225
118.383225
118.383225
118.383225
118.383225
118.383225
118.383225
118.383225
118.383225
118.383225
118.383225
118.383225
118.383225
118.383225
118.383225
118.383225
118.383225
118.383225
118.383225
118.383225
118.383225
118.383225
118.383225
118.383225
118.383225
118.383225
118.383225
118.383225
118.383225
118.383225
118.383225
118.383225
118.383225
118.383225
118.383225
118.383225
118.383225
118.383225
118.383225
118.383225
118.383225
118.383225
118.383225
118.383225
118.383225
118.383225
118.383225
118.383225
118.383225
118.383225
118.383225
118.383225
118.383225
118.383225
118.383225
118.383225
118.383225
118.383225
118.383225
118.383225
118.383225
118.383225
118.383225
118.383225
118.383225
118.383225
118.383225
118.383225
118.383225
118.383225
118.383225
118.383225
118.383225
118.383225
118.383225
118.383225
118.383225
118.383225
118.383225
118.383225
118.383225
118.383225
118.383225
118.383225
118.383225
118.383225
118.383225
118.383225
118.383225
118.383225
118.383225
118.383225
118.383225
118.383225
118.383225
118.383225
118.383225
118.383225
118.383225
118.383225
118.383225
118.383225
118.383225
118.383225
118.383225
118.383225
118.383225
118.383225
118.383225
118.383225
118.383225
118.383225
118.383225
118.383225
118.383225
118.383225
118.383225
118.383225
118.383225
118.383225
118.383225
118.383225
118.383225
118.383225
118.383225
118.383225
118.383225
118.383225
118.383225
118.383225
118.383225
118.383225
118.383225
118.383225
118.383225
118.383225
118.383225
118.383225
118.383225
118.383225
118.383225
118.383225
118.383225
118.383225
118.383225
118.383225
118.383225
118.383225
118.383225
118.383225
118.383225
118.383225
118.383225
118.383225
118.383225
118.383225
118.383225
118.383225
118.383225
118.383225
118.383225
118.383225
118.383225
118.383225
118.383225
118.383225
118.383225
118.383225
118.383225
118.383225
118.383225
118.383225
118.383225
118.383225
118.383225
118.383225
118.383225
118.383225
118.383225
118.383225
118.383225
118.383225
118.383225
118.383225
118.383225
118.383225
118.383225
118.383225
118.383225
118.383225
118.383225
118.383225
118.383225
118.383225
118.383225
118.383225
118.383225
118.383225
118.383225
118.383225
118.383225
118.383225
118.383225
118.383225
118.383225
118.383225
118.383225
118.383225
118.383225
118.383225
118.383225
118.383225
118.383225
118.383225
118.383225
118.383225
118.383225
118.383225
118.383225
118.383225
118.383225
118.383225
118.383225
118.383225
118.383225
118.383225
118.383225
118.383225
118.383225
118.383225
118.383225
118.383225
118.383225
118.383225
118.383225
118.383225
118.383225
118.383225
118.383225
118.383225
118.383225
118.383225
118.383225
118.383225
118.383225
118.383225
118.383225
118.383225
118.383225
118.383225
118.383225
118.383225
118.383225
118.383225
118.383225
118.383225
118.383225
118.383225
118.383225
118.383225
118.383225
118.383225
118.383225
118.383225
118.383225
118.383225
118.383225
118.383225
118.383225
118.383225
118.383225
118.383225
118.383225
118.383225
118.383225
118.383225
118.383225
118.383225
118.383225
118.383225
118.383225
118.383225
118.383225
118.383225
118.383225
118.383225
118.383225
118.383225
118.383225
118.383225
118.383225
118.383225
118.383225
118.383225
118.383225
118.383225
118.383225
118.383225
118.383225
118.383225
118.383225
118.383225
118.383225
118.383225
118.383225
118.383225
118.383225
118.383225
118.383225
118.383225
118.383225
118.383225
118.383225
118.383225
118.383225
118.383225
118.383225
118.383225
118.383225
118.383225
118.383225
118.383225
118.383225
118.383225
118.383225
118.383225
118.383225
118.383225
118.383225
118.383225
118.383225
118.383225
118.383225
118.383225
118.383225
118.383225
118.383225
118.383225
118.383225
118.383225
118.383225
118.383225
118.383225
118.383225
118.383225
118.383225
118.383225
118.383225
118.383225
118.383225
118.383225
118.383225
118.383225
118.383225
118.383225
118.383225
118.383225
118.383225
118.383225
118.383225
118.383225
118.383225
118.383225
118.383225
118.383225
118.383225
118.383225
118.383225
118.383225
118.383225
118.383225
118.383225
118.383225
118.383225
118.383225
118.383225
118.383225
118.383225
118.383225
118.383225
118.383225
118.383225
118.383225
118.383225
118.383225
118.383225
118.383225
118.383225
118.383225
118.383225
118.383225
118.383225
118.383225
118.383225
118.383225
118.383225
118.383225
118.383225
118.383225
118.383225
118.383225
118.383225
118.383225
118.383225
118.383225
118.383225
118.383225
118.383225
118.383225
118.383225
118.383225
118.383225
118.383225
118.383225
118.383225
118.383225
118.383225
118.383225
118.383225
118.383225
118.383225
118.383225
118.383225
118.383225
118.383225
118.383225
118.383225
118.383225
118.383225
118.383225
118.383225
118.383225
118.383225
118.383225
118.383225
118.383225
118.383225
118.383225
118.383225
118.383225
118.383225
118.383225
118.383225
118.383225
118.383225
118.383225
118.383225
118.383225
118.383225
118.383225
118.383225
118.383225
118.383225
118.383225
118.383225
118.383225
118.383225
118.383225
118.383225
118.383225
118.383225
118.383225
118.383225
118.383225
118.383225
118.383225
118.383225
118.383225
118.383225
118.383225
118.383225
118.383225
118.383225
118.383225
118.383225
118.383225
118.383225
118.383225
118.383225
118.383225
118.383225
118.383225
118.383225
118.383225
118.383225
118.383225
118.383225
118.383225
118.383225
118.383225
118.383225
118.383225
118.383225
118.383225
118.383225
118.383225
118.383225
118.383225
118.383225
118.383225
118.383225
118.383225
118.383225
118.383225
118.383225
118.383225
118.383225
118.383225
118.383225
118.383225
118.383225
118.383225
118.383225
118.383225
118.383225
118.383225
118.383225
118.383225
118.383225
118.383225
118.383225
118.383225
118.383225
118.383225
118.383225
118.383225
118.383225
118.383225
118.383225
118.383225
118.383225
118.383225
118.383225
118.383225
118.383225
118.383225
118.383225
118.383225
118.383225
118.383225
118.383225
118.383225
118.383225
118.383225
118.383225
118.383225
118.383225
118.383225
118.383225
118.383225
118.383225
118.383225
118.383225
118.383225
118.383225
118.383225
118.383225
118.383225
118.383225
118.383225
118.383225
118.383225
118.383225
118.383225
118.383225
118.383225
118.383225
118.383225
118.383225
118.383225
118.383225
118.383225
118.383225
118.383225
118.383225
118.383225
118.383225
118.383225
118.383225
118.383225
118.383225
118.383225
118.383225
118.383225
118.383225
118.383225
118.383225
118.383225
118.383225
118.383225
118.383225
118.383225
118.383225
118.383225
118.383225
118.383225
118.383225
118.383225
118.383225
118.383225
118.383225
118.383225
118.383225
118.383225
118.383225
118.383225
118.383225
118.383225
118.383225
118.383225
118.383225
118.383225
118.383225
118.383225
118.383225
118.383225
118.383225
118.383225
118.383225
118.383225
118.383225
118.383225
118.383225
118.383225
118.383225
118.383225
118.383225
118.383225
118.383225
118.383225
118.383225
118.383225
118.383225
118.383225
118.383225
118.383225
118.383225
118.383225
118.383225
118.383225
118.383225
118.383225
118.383225
118.383225
118.383225
118.383225
118.383225
118.383225
118.383225
118.383225
118.383225
118.383225
118.383225
118.383225
118.383225
118.383225
118.383225
118.383225
118.383225
118.383225
118.383225
118.383225
118.383225
118.383225
118.383225
118.383225
118.383225
118.383225
118.383225
118.383225
118.383225
118.383225
118.383225
118.383225
118.383225
118.383225
118.383225
118.383225
118.383225
118.383225
118.383225
118.383225
118.383225
118.383225
118.383225
118.383225
118.383225
118.383225
118.383225
118.383225
118.383225
118.383225
118.383225
118.383225
118.383225
118.383225
118.383225
118.383225
118.383225
118.383225
118.383225
118.383225
118.383225
118.383225
118.383225
118.383225
118.383225
118.383225
118.383225
118.383225
118.383225
118.383225
118.383225
118.383225
118.383225
118.383225
118.383225
118.383225
118.383225
118.383225
118.383225
118.383225
118.383225
118.383225
118.383225
118.383225
118.383225
118.383225
118.383225
118.383225
118.383225
118.383225
118.383225
118.383225
118.383225
118.383225
118.383225
118.383225
118.383225
118.383225
118.383225
118.383225
118.383225
118.383225
118.383225
118.383225
118.383225
118.383225
118.383225
118.383225
118.383225
118.383225
118.383225
118.383225
118.383225
118.383225
118.383225
118.383225
118.383225
118.383225
118.383225
118.383225
118.383225
118.383225
118.383225
118.383225
118.383225
118.383225
118.383225
118.383225
118.383225
118.383225
118.383225
118.383225
118.383225
118.383225
118.383225
118.383225
118.383225
118.383225
118.383225
118.383225
118.383225
118.383225
118.383225
118.383225
118.383225
118.383225
118.383225
118.383225
118.383225
118.383225
118.383225
118.383225
118.383225
118.383225
118.383225
118.383225
118.383225
118.383225
118.383225
118.383225
118.383225
118.383225
118.383225
118.383225
118.383225
118.383225
118.383225
118.383225
118.383225
118.383225
118.383225
118.383225
118.383225
118.383225
118.383225
118.383225
118.383225
118.383225
118.383225
118.383225
118.383225
118.383225
118.383225
118.383225
118.383225
118.383225
118.383225
118.383225
118.383225
118.383225
118.383225
118.383225
118.383225
118.383225
118.383225
118.383225
118.383225
118.383225
118.383225
118.383225
118.383225
118.383225
118.383225
118.383225
118.383225
118.383225
118.383225
118.383225
118.383225
118.383225
118.383225
118.383225
118.383225
118.383225
118.383225
118.383225
118.383225
118.383225
118.383225
118.383225
118.383225
118.383225
118.383225
118.383225
118.383225
118.383225
118.383225
118.383225
118.383225
118.383225
118.383225
118.383225
118.383225
118.383225
118.383225
118.383225
118.383225
118.383225
118.383225
118.383225
118.383225
118.383225
118.383225
118.383225
118.383225
118.383225
118.383225
118.383225
118.383225
118.383225
118.383225
118.383225
118.383225
118.383225
118.383225
118.383225
118.383225
118.383225
118.383225
118.383225
118.383225
118.383225
118.383225
118.383225
118.383225
118.383225
118.383225
118.383225
118.383225
118.383225
118.383225
118.383225
118.383225
118.383225
118.383225
118.383225
118.383225
118.383225
118.383225
118.383225
118.383225
118.383225
118.383225
118.383225
118.383225
118.383225
118.383225
118.383225
118.383225
118.383225
118.383225
118.383225
118.383225
118.383225
118.383225
118.383225
118.383225
118.383225
118.383225
118.383225
118.383225
118.383225
118.383225
118.383225
118.383225
118.383225
118.383225
118.383225
118.383225
118.383225
118.383225
118.383225
118.383225
118.383225
118.383225
118.383225
118.383225
118.383225
118.383225
118.383225
118.383225
118.383225
118.383225
118.383225
118.383225
118.383225
118.383225
118.383225
118.383225
118.383225
118.383225
118.383225
118.383225
118.383225
118.383225
118.383225
118.383225
118.383225
118.383225
118.383225
118.383225
118.383225
118.383225
118.383225
118.383225
118.383225
118.383225
118.383225
118.383225
118.383225
118.383225
118.383225
118.383225
118.383225
118.383225
118.383225
118.383225
118.383225
118.383225
118.383225
118.383225
118.383225
118.383225
118.383225
118.383225
118.383225
118.383225
118.383225
118.383225
118.383225
118.383225
118.383225
118.383225
118.383225
118.383225
118.383225
118.383225
118.383225
118.383225
118.383225
118.383225
118.383225
118.383225
118.383225
118.383225
118.383225
118.383225
118.383225
118.383225
118.383225
118.383225
118.383225
118.383225
118.383225
118.383225
118.383225
118.383225
118.383225
118.383225
118.383225
118.383225
118.383225
118.383225
118.383225
118.383225
118.383225
118.383225
118.383225
118.383225
118.383225
118.383225
118.383225
118.383225
118.383225
118.383225
118.383225
118.383225
118.383225
118.383225
118.383225
118.383225
118.383225
118.383225
118.383225
118.383225
118.383225
118.383225
118.383225
118.383225
118.383225
118.383225
118.383225
118.383225
118.383225
118.383225
118.383225
118.383225
118.383225
118.383225
118.383225
118.383225
118.383225
118.383225
118.383225
118.383225
118.383225
118.383225
118.383225
118.383225
118.383225
118.383225
118.383225
118.383225
118.383225
118.383225
118.383225
118.383225
118.383225
118.383225
118.383225
118.383225
118.383225
118.383225
118.383225
118.383225
118.383225
118.383225
118.383225
118.383225
118.383225
118.383225
118.383225
118.383225
118.383225
118.383225
118.383225
118.383225
118.383225
118.383225
118.383225
118.383225
118.383225
118.383225
118.383225
118.383225
118.383225
118.383225
118.383225
118.383225
118.383225
118.383225
118.383225
118.383225
118.383225
118.383225
118.383225
118.383225
118.383225
118.383225
118.383225
118.383225
118.383225
118.383225
118.383225
118.383225
118.383225
118.383225
118.383225
118.383225
118.383225
118.383225
118.383225
118.383225
118.383225
118.383225
118.383225
118.383225
118.383225
118.383225
118.383225
118.383225
118.383225
118.383225
118.383225
118.383225
118.383225
118.383225
118.383225
118.383225
118.383225
118.383225
118.383225
118.383225
118.383225
118.383225
118.383225
118.383225
118.383225
118.383225
118.383225
118.383225
118.383225
118.383225
118.383225
118.383225
118.383225
118.383225
118.383225
118.383225
118.383225
118.383225
118.383225
118.383225
118.383225
118.383225
118.383225
118.383225
118.383225
118.383225
118.383225
118.383225
118.383225
118.383225
118.383225
118.383225
118.383225
118.383225
118.383225
118.383225
118.383225
118.383225
118.383225
118.383225
118.383225
118.383225
118.383225
118.383225
118.383225
118.383225
118.383225
118.383225
118.383225
118.383225
118.383225
118.383225
118.383225
118.383225
118.383225
118.383225
118.383225
118.383225
118.383225
118.383225
118.383225
118.383225
118.383225
118.383225
118.383225
118.383225
118.383225
118.383225
118.383225
118.383225
118.383225
118.383225
118.383225
118.383225
118.383225
118.383225
118.383225
118.383225
118.383225
118.383225
118.383225
118.383225
118.383225
118.383225
118.383225
118.383225
118.383225
118.383225
118.383225
118.383225
118.383225
118.383225
118.383225
118.383225
118.383225
118.383225
118.383225
118.383225
118.383225
118.383225
118.383225
118.383225
118.383225
118.383225
118.383225
118.383225
118.383225
118.383225
118.383225
118.383225
118.383225
118.383225
118.383225
118.383225
118.383225
118.383225
118.383225
118.383225
118.383225
118.383225
118.383225
118.383225
118.383225
118.383225
118.383225
118.383225
118.383225
118.383225
118.383225
118.383225
118.383225
118.383225
118.383225
118.383225
118.383225
118.383225
118.383225
118.383225
118.383225
118.383225
118.383225
118.383225
118.383225
118.383225
118.383225
118.383225
118.383225
118.383225
118.383225
118.383225
118.383225
118.383225
118.383225
118.383225
118.383225
118.383225
118.383225
118.383225
118.383225
118.383225
118.383225
118.383225
118.383225
118.383225
118.383225
118.383225
118.383225
118.383225
118.383225
118.383225
118.383225
118.383225
118.383225
118.383225
118.383225
118.383225
118.383225
118.383225
118.383225
118.383225
118.383225
118.383225
118.383225
118.383225
118.383225
118.383225
118.383225
118.383225
118.383225
118.383225
118.383225
118.383225
118.383225
118.383225
118.383225
118.383225
118.383225
118.383225
118.383225
118.383225
118.383225
118.383225
118.383225
118.383225
118.383225
118.383225
118.383225
118.383225
118.383225
118.383225
118.383225
118.383225
118.383225
118.383225
118.383225
118.383225
118.383225
118.383225
118.383225
118.383225
118.383225
118.383225
118.383225
118.383225
118.383225
118.383225
118.383225
118.383225
118.383225
118.383225
118.383225
118.383225
118.383225
118.383225
118.383225
118.383225
118.383225
118.383225
118.383225
118.383225
118.383225
118.383225
118.383225
118.383225
118.383225
118.383225
118.383225
118.383225
118.383225
118.383225
118.383225
118.383225
118.383225
118.383225
118.383225
118.383225
118.383225
118.383225
118.383225
118.383225
118.383225
118.383225
118.383225
118.383225
118.383225
118.383225
118.383225
118.383225
118.383225
118.383225
118.383225
118.383225
118.383225
118.383225
118.383225
118.383225
118.383225
118.383225
118.383225
118.383225
118.383225
118.383225
118.383225
118.383225
118.383225
118.383225
118.383225
118.383225
118.383225
118.383225
118.383225
118.383225
118.383225
118.383225
118.383225
118.383225
118.383225
118.383225
118.383225
118.383225
118.383225
118.383225
118.383225
118.383225
118.383225
118.383225
118.383225
118.383225
118.383225
118.383225
118.383225
118.383225
118.383225
118.383225
118.383225
118.383225
118.383225
118.383225
118.383225
118.383225
118.383225
118.383225
118.383225
118.383225
118.383225
118.383225
118.383225
118.383225
118.383225
118.383225
118.383225
118.383225
118.383225
118.383225
118.383225
118.383225
118.383225
118.383225
118.383225
118.383225
118.383225
118.383225
118.383225
118.383225
118.383225
118.383225
118.383225
118.383225
118.383225
118.383225
118.383225
118.383225
118.383225
118.383225
118.383225
118.383225
118.383225
118.383225
118.383225
118.383225
118.383225
118.383225
118.383225
118.383225
118.383225
118.383225
118.383225
118.383225
118.383225
118.383225
118.383225
118.383225
118.383225
118.383225
118.383225
118.383225
118.383225
118.383225
118.383225
118.383225
118.383225
118.383225
118.383225
118.383225
118.383225
118.383225
118.383225
118.383225
118.383225
118.383225
118.383225
118.383225
118.383225
118.383225
118.383225
118.383225
118.383225
118.383225
118.383225
118.383225
118.383225
118.383225
118.383225
118.383225
118.383225
118.383225
118.383225
118.383225
118.383225
118.383225
118.383225
118.383225
118.383225
118.383225
118.383225
118.383225
118.383225
118.383225
118.383225
118.383225
118.383225
118.383225
118.383225
118.383225
118.383225
118.383225
118.383225
118.383225
118.383225
118.383225
118.383225
118.383225
118.383225
118.383225
118.383225
118.383225
118.383225
118.383225
118.383225
118.383225
118.383225
118.383225
118.383225
118.383225
118.383225
118.383225
118.383225
118.383225
118.383225
118.383225
118.383225
118.383225
118.383225
118.383225
118.383225
118.383225
118.383225
118.383225
118.383225
118.383225
118.383225
118.383225
118.383225
118.383225
118.383225
118.383225
118.383225
118.383225
118.383225
118.383225
118.383225
118.383225
118.383225
118.383225
118.383225
118.383225
118.383225
118.383225
118.383225
118.383225
118.383225
118.383225
118.383225
118.383225
118.383225
118.383225
118.383225
118.383225
118.383225
118.383225
118.383225
118.383225
118.383225
118.383225
118.383225
118.383225
118.383225
118.383225
118.383225
118.383225
118.383225
118.383225
118.383225
118.383225
118.383225
118.383225
118.383225
118.383225
118.383225
118.383225
118.383225
118.383225
118.383225
118.383225
118.383225
118.383225
118.383225
118.383225
118.383225
118.383225
118.383225
118.383225
118.383225
118.383225
118.383225
118.383225
118.383225
118.383225
118.383225
118.383225
118.383225
118.383225
118.383225
118.383225
118.383225
118.383225
118.383225
118.383225
118.383225
118.383225
118.383225
118.383225
118.383225
118.383225
118.383225
118.383225
118.383225
118.383225
118.383225
118.383225
118.383225
118.383225
118.383225
118.383225
118.383225
118.383225
118.383225
118.383225
118.383225
118.383225
118.383225
118.383225
118.383225
118.383225
118.383225
118.383225
118.383225
118.383225
118.383225
118.383225
118.383225
118.383225
118.383225
118.383225
118.383225
118.383225
118.383225
118.383225
118.383225
118.383225
118.383225
118.383225
118.383225
118.383225
118.383225
118.383225
118.383225
118.383225
118.383225
118.383225
118.383225
118.383225
118.383225
118.383225
118.383225
118.383225
118.383225
118.383225
118.383225
118.383225
118.383225
118.383225
118.383225
118.383225
118.383225
118.383225
118.383225
118.383225
118.383225
118.383225
118.383225
118.383225
118.383225
118.383225
118.383225
118.383225
118.383225
118.383225
118.383225
118.383225
118.383225
118.383225
118.383225
118.383225
118.383225
118.383225
118.383225
118.383225
118.383225
118.383225
118.383225
118.383225
118.383225
118.383225
118.383225
118.383225
118.383225
118.383225
118.383225
118.383225
118.383225
118.383225
118.383225
118.383225
118.383225
118.383225
118.383225
118.383225
118.383225
118.383225
118.383225
118.383225
118.383225
118.383225
118.383225
118.383225
118.383225
118.383225
118.383225
118.383225
118.383225
118.383225
118.383225
118.383225
118.383225
118.383225
118.383225
118.383225
118.383225
118.383225
118.383225
118.383225
118.383225
118.383225
118.383225
118.383225
118.383225
118.383225
118.383225
118.383225
118.383225
118.383225
118.383225
118.383225
118.383225
118.383225
118.383225
118.383225
118.383225
118.383225
118.383225
118.383225
118.383225
118.383225
118.383225
118.383225
118.383225
118.383225
118.383225
118.383225
118.383225
118.383225
118.383225
118.383225
118.383225
118.383225
118.383225
118.383225
118.383225
118.383225
118.383225
118.383225
118.383225
118.383225
118.383225
118.383225
118.383225
118.383225
118.383225
118.383225
118.383225
118.383225
118.383225
118.383225
118.383225
118.383225
118.383225
118.383225
118.383225
118.383225
118.383225
118.383225
118.383225
118.383225
118.383225
118.383225
118.383225
118.383225
118.383225
118.383225
118.383225
118.383225
118.383225
118.383225
118.383225
118.383225
118.383225
118.383225
118.383225
118.383225
118.383225
118.383225
118.383225
118.383225
118.383225
118.383225
118.383225
118.383225
118.383225
118.383225
118.383225
118.383225
118.383225
118.383225
118.383225
118.383225
118.383225
118.383225
118.383225
118.383225
118.383225
118.383225
118.383225
118.383225
118.383225
118.383225
118.383225
118.383225
118.383225
118.383225
118.383225
118.383225
118.383225
118.383225
118.383225
118.383225
118.383225
118.383225
118.383225
118.383225
118.383225
118.383225
118.383225
118.383225
118.383225
118.383225
118.383225
118.383225
118.383225
118.383225
118.383225
118.383225
118.383225
118.383225
118.383225
118.383225
118.383225
118.383225
118.383225
118.383225
118.383225
118.383225
118.383225
118.383225
118.383225
118.383225
118.383225
118.383225
118.383225
118.383225
118.383225
118.383225
118.383225
118.383225
118.383225
118.383225
118.383225
118.383225
118.383225
118.383225
118.383225
118.383225
118.383225
118.383225
118.383225
118.383225
118.383225
118.383225
118.383225
118.383225
118.383225
118.383225
118.383225
118.383225
118.383225
118.383225
118.383225
118.383225
118.383225
118.383225
118.383225
118.383225
118.383225
118.383225
118.383225
118.383225
118.383225
118.383225
118.383225
118.383225
118.383225
118.383225
118.383225
118.383225
118.383225
118.383225
118.383225
118.383225
118.383225
118.383225
118.383225
118.383225
118.383225
118.383225
118.383225
118.383225
118.383225
118.383225
118.383225
118.383225
118.383225
118.383225
118.383225
118.383225
118.383225
118.383225
118.383225
118.383225
118.383225
118.383225
118.383225
118.383225
118.383225
118.383225
118.383225
118.383225
118.383225
118.383225
118.383225
118.383225
118.383225
118.383225
118.383225
118.383225
118.383225
118.383225
118.383225
118.383225
118.383225
118.383225
118.383225
118.383225
118.383225
118.383225
118.383225
118.383225
118.383225
118.383225
118.383225
118.383225
118.383225
118.383225
118.383225
118.383225
118.383225
118.383225
118.383225
118.383225
118.383225
118.383225
118.383225
118.383225
118.383225
118.383225
118.383225
118.383225
118.383225
118.383225
118.383225
118.383225
118.383225
118.383225
118.383225
118.383225
118.383225
118.383225
118.383225
118.383225
118.383225
118.383225
118.383225
118.383225
118.383225
118.383225
118.383225
118.383225
118.383225
118.383225
118.383225
118.383225
118.383225
118.383225
118.383225
118.383225
118.383225
118.383225
118.383225
118.383225
118.383225
118.383225
118.383225
118.383225
118.383225
118.383225
118.383225
118.383225
118.383225
118.383225
118.383225
118.383225
118.383225
118.383225
118.383225
118.383225
118.383225
118.383225
118.383225
118.383225
118.383225
118.383225
118.383225
118.383225
118.383225
118.383225
118.383225
118.383225
118.383225
118.383225
118.383225
118.383225
118.383225
118.383225
118.383225
118.383225
118.383225
118.383225
118.383225
118.383225
118.383225
118.383225
118.383225
118.383225
118.383225
118.383225
118.383225
118.383225
118.383225
118.383225
118.383225
118.383225
118.383225
118.383225
118.383225
118.383225
118.383225
118.383225
118.383225
118.383225
118.383225
118.383225
118.383225
118.383225
118.383225
118.383225
118.383225
118.383225
118.383225
118.383225
118.383225
118.383225
118.383225
118.383225
118.383225
118.383225
118.383225
118.383225
118.383225
118.383225
118.383225
118.383225
118.383225
118.383225
118.383225
118.383225
118.383225
118.383225
118.383225
118.383225
118.383225
118.383225
118.383225
118.383225
118.383225
118.383225
118.383225
118.383225
118.383225
118.383225
118.383225
118.383225
118.383225
118.383225
118.383225
118.383225
118.383225
118.383225
118.383225
118.383225
118.383225
118.383225
118.383225
118.383225
118.383225
118.383225
118.383225
118.383225
118.383225
118.383225
118.383225
118.383225
118.383225
118.383225
118.383225
118.383225
118.383225
118.383225
118.383225
118.383225
118.383225
118.383225
118.383225
118.383225
118.383225
118.383225
118.383225
118.383225
118.383225
118.383225
118.383225
118.383225
118.383225
118.383225
118.383225
118.383225
118.383225
118.383225
118.383225
118.383225
118.383225
118.383225
118.383225
118.383225
118.383225
118.383225
118.383225
118.383225
118.383225
118.383225
118.383225
118.383225
118.383225
118.383225
118.383225
118.383225
118.383225
118.383225
118.383225
118.383225
118.383225
118.383225
118.383225
118.383225
118.383225
118.383225
118.383225
118.383225
118.383225
118.383225
118.383225
118.383225
118.383225
118.383225
118.383225
118.383225
118.383225
118.383225
118.383225
118.383225
118.383225
118.383225
118.383225
118.383225
118.383225
118.383225
118.383225
118.383225
118.383225
118.383225
118.383225
118.383225
118.383225
118.383225
118.383225
118.383225
118.383225
118.383225
118.383225
118.383225
118.383225
118.383225
118.383225
118.383225
118.383225
118.383225
118.383225
118.383225
118.383225
118.383225
118.383225
118.383225
118.383225
118.383225
118.383225
118.383225
118.383225
118.383225
118.383225
118.383225
118.383225
118.383225
118.383225
118.383225
118.383225
118.383225
118.383225
118.383225
118.383225
118.383225
118.383225
118.383225
118.383225
118.383225
118.383225
118.383225
118.383225
118.383225
118.383225
118.383225
118.383225
118.383225
118.383225
118.383225
118.383225
118.383225
118.383225
118.383225
118.383225
118.383225
118.383225
118.383225
118.383225
118.383225
118.383225
118.383225
118.383225
118.383225
118.383225
118.383225
118.383225
118.383225
118.383225
118.383225
118.383225
118.383225
118.383225
118.383225
118.383225
118.383225
118.383225
118.383225
118.383225
118.383225
118.383225
118.383225
118.383225
118.383225
118.383225
118.383225
118.383225
118.383225
118.383225
118.383225
118.383225
118.383225
118.383225
118.383225
118.383225
118.383225
118.383225
118.383225
118.383225
118.383225
118.383225
118.383225
118.383225
118.383225
118.383225
118.383225
118.383225
118.383225
118.383225
118.383225
118.383225
118.383225
118.383225
118.383225
118.383225
118.383225
118.383225
118.383225
118.383225
118.383225
118.383225
118.383225
118.383225
118.383225
118.383225
118.383225
118.383225
118.383225
118.383225
118.383225
118.383225
118.383225
118.383225
118.383225
118.383225
118.383225
118.383225
118.383225
118.383225
118.383225
118.383225
118.383225
118.383225
118.383225
118.383225
118.383225
118.383225
118.383225
118.383225
118.383225
118.383225
118.383225
118.383225
118.383225
118.383225
118.383225
118.383225
118.383225
118.383225
118.383225
118.383225
118.383225
118.383225
118.383225
118.383225
118.383225
118.383225
118.383225
118.383225
118.383225
118.383225
118.383225
118.383225
118.383225
118.383225
118.383225
118.383225
118.383225
118.383225
118.383225
118.383225
118.383225
118.383225
118.383225
118.383225
118.383225
118.383225
118.383225
118.383225
118.383225
118.383225
118.383225
118.383225
118.383225
118.383225
118.383225
118.383225
118.383225
118.383225
118.383225
118.383225
118.383225
118.383225
118.383225
118.383225
118.383225
118.383225
118.383225
118.383225
118.383225
118.383225
118.383225
118.383225
118.383225
118.383225
118.383225
118.383225
118.383225
118.383225
118.383225
118.383225
118.383225
118.383225
118.383225
118.383225
118.383225
118.383225
118.383225
118.383225
118.383225
118.383225
118.383225
118.383225
118.383225
118.383225
118.383225
118.383225
118.383225
118.383225
118.383225
118.383225
118.383225
118.383225
118.383225
118.383225
118.383225
118.383225
118.383225
118.383225
118.383225
118.383225
118.383225
118.383225
118.383225
118.383225
118.383225
118.383225
118.383225
118.383225
118.383225
118.383225
118.383225
118.383225
118.383225
118.383225
118.383225
118.383225
118.383225
118.383225
118.383225
118.383225
118.383225
118.383225
118.383225
118.383225
118.383225
118.383225
118.383225
118.383225
118.383225
118.383225
118.383225
118.383225
118.383225
118.383225
118.383225
118.383225
118.383225
118.383225
118.383225
118.383225
118.383225
118.383225
118.383225
118.383225
118.383225
118.383225
118.383225
118.383225
118.383225
118.383225
118.383225
118.383225
118.383225
118.383225
118.383225
118.383225
118.383225
118.383225
118.383225
118.383225
118.383225
118.383225
118.383225
118.383225
118.383225
118.383225
118.383225
118.383225
118.383225
118.383225
118.383225
118.383225
118.383225
118.383225
118.383225
118.383225
118.383225
118.383225
118.383225
118.383225
118.383225
118.383225
118.383225
118.383225
118.383225
118.383225
118.383225
118.383225
118.383225
118.383225
118.383225
118.383225
118.383225
118.383225
118.383225
118.383225
118.383225
118.383225
118.383225
118.383225
118.383225
118.383225
118.383225
118.383225
118.383225
118.383225
118.383225
118.383225
118.383225
118.383225
118.383225
118.383225
118.383225
118.383225
118.383225
118.383225
118.383225
118.383225
118.383225
118.383225
118.383225
118.383225
118.383225
118.383225
118.383225
118.383225
118.383225
118.383225
118.383225
118.383225
118.383225
118.383225
118.383225
118.383225
118.383225
118.383225
118.383225
118.383225
118.383225
118.383225
118.383225
118.383225
118.383225
118.383225
118.383225
118.383225
118.383225
118.383225
118.383225
118.383225
118.383225
118.383225
118.383225
118.383225
118.383225
118.383225
118.383225
118.383225
118.383225
118.383225
118.383225
118.383225
118.383225
118.383225
118.383225
118.383225
118.383225
118.383225
118.383225
118.383225
118.383225
118.383225
118.383225
118.383225
118.383225
118.383225
118.383225
118.383225
118.383225
118.383225
118.383225
118.383225
118.383225
118.383225
118.383225
118.383225
118.383225
118.383225
118.383225
118.383225
118.383225
118.383225
118.383225
118.383225
118.383225
118.383225
118.383225
118.383225
118.383225
118.383225
118.383225
118.383225
118.383225
118.383225
118.383225
118.383225
118.383225
118.383225
118.383225
118.383225
118.383225
118.383225
118.383225
118.383225
118.383225
118.383225
118.383225
118.383225
118.383225
118.383225
118.383225
118.383225
118.383225
118.383225
118.383225
118.383225
118.383225
118.383225
118.383225
118.383225
118.383225
118.383225
118.383225
118.383225
118.383225
118.383225
118.383225
118.383225
118.383225
118.383225
118.383225
118.383225
118.383225
118.383225
118.383225
118.383225
118.383225
118.383225
118.383225
118.383225
118.383225
118.383225
118.383225
118.383225
118.383225
118.383225
118.383225
118.383225
118.383225
118.383225
118.383225
118.383225
118.383225
118.383225
118.383225
118.383225
118.383225
118.383225
118.383225
118.383225
118.383225
118.383225
118.383225
118.383225
118.383225
118.383225
118.383225
118.383225
118.383225
118.383225
118.383225
118.383225
118.383225
118.383225
118.383225
118.383225
118.383225
118.383225
118.383225
118.383225
118.383225
118.383225
118.383225
118.383225
118.383225
118.383225
118.383225
118.383225
118.383225
118.383225
118.383225
118.383225
118.383225
118.383225
118.383225
118.383225
118.383225
118.383225
118.383225
118.383225
118.383225
118.383225
118.383225
118.383225
118.383225
118.383225
118.383225
118.383225
118.383225
118.383225
118.383225
118.383225
118.383225
118.383225
118.383225
118.383225
118.383225
118.383225
118.383225
118.383225
118.383225
118.383225
118.383225
118.383225
118.383225
118.383225
118.383225
118.383225
118.383225
118.383225
118.383225
118.383225
118.383225
118.383225
118.383225
118.383225
118.383225
118.383225
118.383225
118.383225
118.383225
118.383225
118.383225
118.383225
118.383225
118.383225
118.383225
118.383225
118.383225
118.383225
118.383225
118.383225
118.383225
118.383225
118.383225
118.383225
118.383225
118.383225
118.383225
118.383225
118.383225
118.383225
118.383225
118.383225
118.383225
118.383225
118.383225
118.383225
118.383225
118.383225
118.383225
118.383225
118.383225
118.383225
118.383225
118.383225
118.383225
118.383225
118.383225
118.383225
118.383225
118.383225
118.383225
118.383225
118.383225
118.383225
118.383225
118.383225
118.383225
118.383225
118.383225
118.383225
118.383225
118.383225
118.383225
118.383225
118.383225
118.383225
118.383225
118.383225
118.383225
118.383225
118.383225
118.383225
118.383225
118.383225
118.383225
118.383225
118.383225
118.383225
118.383225
118.383225
118.383225
118.383225
118.383225
118.383225
118.383225
118.383225
118.383225
118.383225
118.383225
118.383225
118.383225
118.383225
118.383225
118.383225
118.383225
118.383225
118.383225
118.383225
118.383225
118.383225
118.383225
118.383225
118.383225
118.383225
118.383225
118.383225
118.383225
118.383225
118.383225
118.383225
118.383225
118.383225
118.383225
118.383225
118.383225
118.383225
118.383225
118.383225
118.383225
118.383225
118.383225
118.383225
118.383225
118.383225
118.383225
118.383225
118.383225
118.383225
118.383225
118.383225
118.383225
118.383225
118.383225
118.383225
118.383225
118.383225
118.383225
118.383225
118.383225
118.383225
118.383225
118.383225
118.383225
118.383225
118.383225
118.383225
118.383225
118.383225
118.383225
118.383225
118.383225
118.383225
118.383225
118.383225
118.383225
118.383225
118.383225
118.383225
118.383225
118.383225
118.383225
118.383225
118.383225
118.383225
118.383225
118.383225
118.383225
118.383225
118.383225
118.383225
118.383225
118.383225
118.383225
118.383225
118.383225
118.383225
118.383225
118.383225
118.383225
118.383225
118.383225
118.383225
118.383225
118.383225
118.383225
118.383225
118.383225
118.383225
118.383225
118.383225
118.383225
118.383225
118.383225
118.383225
118.383225
118.383225
118.383225
118.383225
118.383225
118.383225
118.383225
118.383225
118.383225
118.383225
118.383225
118.383225
118.383225
118.383225
118.383225
118.383225
118.383225
118.383225
118.383225
118.383225
118.383225
118.383225
118.383225
118.383225
118.383225
118.383225
118.383225
118.383225
118.383225
118.383225
118.383225
118.383225
118.383225
118.383225
118.383225
118.383225
118.383225
118.383225
118.383225
118.383225
118.383225
118.383225
118.383225
118.383225
118.383225
118.383225
118.383225
118.383225
118.383225
118.383225
118.383225
118.383225
118.383225
118.383225
118.383225
118.383225
118.383225
118.383225
118.383225
118.383225
118.383225
118.383225
118.383225
118.383225
118.383225
118.383225
118.383225
118.383225
118.383225
118.383225
118.383225
118.383225
118.383225
118.383225
118.383225
118.383225
118.383225
118.383225
118.383225
118.383225
118.383225
118.383225
118.383225
118.383225
118.383225
118.383225
118.383225
118.383225
118.383225
118.383225
118.383225
118.383225
118.383225
118.383225
118.383225
118.383225
118.383225
118.383225
118.383225
118.383225
118.383225
118.383225
118.383225
118.383225
118.383225
118.383225
118.383225
118.383225
118.383225
118.383225
118.383225
118.383225
118.383225
118.383225
118.383225
118.383225
118.383225
118.383225
118.383225
118.383225
118.383225
118.383225
118.383225
118.383225
118.383225
118.383225
118.383225
118.383225
118.383225
118.383225
118.383225
118.383225
118.383225
118.383225
118.383225
118.383225
118.383225
118.383225
118.383225
118.383225
118.383225
118.383225
118.383225
118.383225
118.383225
118.383225
118.383225
118.383225
118.383225
118.383225
118.383225
118.383225
118.383225
118.383225
118.383225
118.383225
118.383225
118.383225
118.383225
118.383225
118.383225
118.383225
118.383225
118.383225
118.383225
118.383225
118.383225
118.383225
118.383225
118.383225
118.383225
118.383225
118.383225
118.383225
118.383225
118.383225
118.383225
118.383225
118.383225
118.383225
118.383225
118.383225
118.383225
118.383225
118.383225
118.383225
118.383225
118.383225
118.383225
118.383225
118.383225
118.383225
118.383225
118.383225
118.383225
118.383225
118.383225
118.383225
118.383225
118.383225
118.383225
118.383225
118.383225
118.383225
118.383225
118.383225
118.383225
118.383225
118.383225
118.383225
118.383225
118.383225
118.383225
118.383225
118.383225
118.383225
118.383225
118.383225
118.383225
118.383225
118.383225
118.383225
118.383225
118.383225
118.383225
118.383225
118.383225
118.383225
118.383225
118.383225
118.383225
118.383225
118.383225
118.383225
118.383225
118.383225
118.383225
118.383225
118.383225
118.383225
118.383225
118.383225
118.383225
118.383225
118.383225
118.383225
118.383225
118.383225
118.383225
118.383225
118.383225
118.383225
118.383225
118.383225
118.383225
118.383225
118.383225
118.383225
118.383225
118.383225
118.383225
118.383225
118.383225
118.383225
118.383225
118.383225
118.383225
118.383225
118.383225
118.383225
118.383225
118.383225
118.383225
118.383225
118.383225
118.383225
118.383225
118.383225
118.383225
118.383225
118.383225
118.383225
118.383225
118.383225
118.383225
118.383225
118.383225
118.383225
118.383225
118.383225
118.383225
118.383225
118.383225
118.383225
118.383225
118.383225
118.383225
118.383225
118.383225
118.383225
118.383225
118.383225
118.383225
118.383225
118.383225
118.383225
118.383225
118.383225
118.383225
118.383225
118.383225
118.383225
118.383225
118.383225
118.383225
118.383225
118.383225
118.383225
118.383225
118.383225
118.383225
118.383225
118.383225
118.383225
118.383225
118.383225
118.383225
118.383225
118.383225
118.383225
118.383225
118.383225
118.383225
118.383225
118.383225
118.383225
118.383225
118.383225
118.383225
118.383225
118.383225
118.383225
118.383225
118.383225
118.383225
118.383225
118.383225
118.383225
118.383225
118.383225
118.383225
118.383225
118.383225
118.383225
118.383225
118.383225
118.383225
118.383225
118.383225
118.383225
118.383225
118.383225
118.383225
118.383225
118.383225
118.383225
118.383225
118.383225
118.383225
118.383225
118.383225
118.383225
118.383225
118.383225
118.383225
118.383225
118.383225
118.383225
118.383225
118.383225
118.383225
118.383225
118.383225
118.383225
118.383225
118.383225
118.383225
118.383225
118.383225
118.383225
118.383225
118.383225
118.383225
118.383225
118.383225
118.383225
118.383225
118.383225
118.383225
118.383225
118.383225
118.383225
118.383225
118.383225
118.383225
118.383225
118.383225
118.383225
118.383225
118.383225
118.383225
118.383225
118.383225
118.383225
118.383225
118.383225
118.383225
118.383225
118.383225
118.383225
118.383225
118.383225
118.383225
118.383225
118.383225
118.383225
118.383225
118.383225
118.383225
118.383225
118.383225
118.383225
118.383225
118.383225
118.383225
118.383225
118.383225
118.383225
118.383225
118.383225
118.383225
118.383225
118.383225
118.383225
118.383225
118.383225
118.383225
118.383225
118.383225
118.383225
118.383225
118.383225
118.383225
118.383225
118.383225
118.383225
118.383225
118.383225
118.383225
118.383225
118.383225
118.383225
118.383225
118.383225
118.383225
118.383225
118.383225
118.383225
118.383225
118.383225
118.383225
118.383225
118.383225
118.383225
118.383225
118.383225
118.383225
118.383225
118.383225
118.383225
118.383225
118.383225
118.383225
118.383225
118.383225
118.383225
118.383225
118.383225
118.383225
118.383225
118.383225
118.383225
118.383225
118.383225
118.383225
118.383225
118.383225
118.383225
118.383225
118.383225
118.383225
118.383225
118.383225
118.383225
118.383225
118.383225
118.383225
118.383225
118.383225
118.383225
118.383225
118.383225
118.383225
118.383225
118.383225
118.383225
118.383225
118.383225
118.383225
118.383225
118.383225
118.383225
118.383225
118.383225
118.383225
118.383225
118.383225
118.383225
118.383225
118.383225
118.383225
118.383225
118.383225
118.383225
118.383225
118.383225
118.383225
118.383225
118.383225
118.383225
118.383225
118.383225
118.383225
118.383225
118.383225
118.383225
118.383225
118.383225
118.383225
118.383225
118.383225
118.383225
118.383225
118.383225
118.383225
118.383225
118.383225
118.383225
118.383225
118.383225
118.383225
118.383225
118.383225
118.383225
118.383225
118.383225
118.383225
118.383225
118.383225
118.383225
118.383225
118.383225
118.383225
118.383225
118.383225
118.383225
118.383225
118.383225
118.383225
118.383225
118.383225
118.383225
118.383225
118.383225
118.383225
118.383225
118.383225
118.383225
118.383225
118.383225
118.383225
118.383225
118.383225
118.383225
118.383225
118.383225
118.383225
118.383225
118.383225
118.383225
118.383225
118.383225
118.383225
118.383225
118.383225
118.383225
118.383225
118.383225
118.383225
118.383225
118.383225
118.383225
118.383225
118.383225
118.383225
118.383225
118.383225
118.383225
118.383225
118.383225
118.383225
118.383225
118.383225
118.383225
118.383225
118.383225
118.383225
118.383225
118.383225
118.383225
118.383225
118.383225
118.383225
118.383225
118.383225
118.383225
118.383225
118.383225
118.383225
118.383225
118.383225
118.383225
118.383225
118.383225
118.383225
118.383225
118.383225
118.383225
118.383225
118.383225
118.383225
118.383225
118.383225
118.383225
118.383225
118.383225
118.383225
118.383225
118.383225
118.383225
118.383225
118.383225
118.383225
118.383225
118.383225
118.383225
118.383225
118.383225
118.383225
118.383225
118.383225
118.383225
118.383225
118.383225
118.383225
118.383225
118.383225
118.383225
118.383225
118.383225
118.383225
118.383225
118.383225
118.383225
118.383225
118.383225
118.383225
118.383225
118.383225
118.383225
118.383225
118.383225
118.383225
118.383225
118.383225
118.383225
118.383225
118.383225
118.383225
118.383225
118.383225
118.383225
118.383225
118.383225
118.383225
118.383225
118.383225
118.383225
118.383225
118.383225
118.383225
118.383225
118.383225
118.383225
118.383225
118.383225
118.383225
118.383225
118.383225
118.383225
118.383225
118.383225
118.383225
118.383225
118.383225
118.383225
118.383225
118.383225
118.383225
118.383225
118.383225
118.383225
118.383225
118.383225
118.383225
118.383225
118.383225
118.383225
118.383225
118.383225
118.383225
118.383225
118.383225
118.383225
118.383225
118.383225
118.383225
118.383225
118.383225
118.383225
118.383225
118.383225
118.383225
118.383225
118.383225
118.383225
118.383225
118.383225
118.383225
118.383225
118.383225
118.383225
118.383225
118.383225
118.383225
118.383225
118.383225
118.383225
118.383225
118.383225
118.383225
118.383225
118.383225
118.383225
118.383225
118.383225
118.383225
118.383225
118.383225
118.383225
118.383225
118.383225
118.383225
118.383225
118.383225
118.383225
118.383225
118.383225
118.383225
118.383225
118.383225
118.383225
118.383225
118.383225
118.383225
118.383225
118.383225
118.383225
118.383225
118.383225
118.383225
118.383225
118.383225
118.383225
118.383225
118.383225
118.383225
118.383225
118.383225
118.383225
118.383225
118.383225
118.383225
118.383225
118.383225
118.383225
118.383225
118.383225
118.383225
118.383225
118.383225
118.383225
118.383225
118.383225
118.383225
118.383225
118.383225
118.383225
118.383225
118.383225
118.383225
118.383225
118.383225
118.383225
118.383225
118.383225
118.383225
118.383225
118.383225
118.383225
118.383225
118.383225
118.383225
118.383225
118.383225
118.383225
118.383225
118.383225
118.383225
118.383225
118.383225
118.383225
118.383225
118.383225
118.383225
118.383225
118.383225
118.383225
118.383225
118.383225
118.383225
118.383225
118.383225
118.383225
118.383225
118.383225
118.383225
118.383225
118.383225
118.383225
118.383225
118.383225
118.383225
118.383225
118.383225
118.383225
118.383225
118.383225
118.383225
118.383225
118.383225
118.383225
118.383225
118.383225
118.383225
118.383225
118.383225
118.383225
118.383225
118.383225
118.383225
118.383225
118.383225
118.383225
118.383225
118.383225
118.383225
118.383225
118.383225
118.383225
118.383225
118.383225
118.383225
118.383225
118.383225
118.383225
118.383225
118.383225
118.383225
118.383225
118.383225
118.383225
118.383225
118.383225
118.383225
118.383225
118.383225
118.383225
118.383225
118.383225
118.383225
118.383225
118.383225
118.383225
118.383225
118.383225
118.383225
118.383225
118.383225
118.383225
118.383225
118.383225
118.383225
118.383225
118.383225
118.383225
118.383225
118.383225
118.383225
118.383225
118.383225
118.383225
118.383225
118.383225
118.383225
118.383225
118.383225
118.383225
118.383225
118.383225
118.383225
118.383225
118.383225
118.383225
118.383225
118.383225
118.383225
118.383225
118.383225
118.383225
118.383225
118.383225
118.383225
118.383225
118.383225
118.383225
118.383225
118.383225
118.383225
118.383225
118.383225
118.383225
118.383225
118.383225
118.383225
118.383225
118.383225
118.383225
118.383225
118.383225
118.383225
118.383225
118.383225
118.383225
118.383225
118.383225
118.383225
118.383225
118.383225
118.383225
118.383225
118.383225
118.383225
118.383225
118.383225
118.383225
118.383225
118.383225
118.383225
118.383225
118.383225
118.383225
118.383225
118.383225
118.383225
118.383225
118.383225
118.383225
118.383225
118.383225
118.383225
118.383225
118.383225
118.383225
118.383225
118.383225
118.383225
118.383225
118.383225
118.383225
118.383225
118.383225
118.383225
118.383225
118.383225
118.383225
118.383225
118.383225
118.383225
118.383225
118.383225
118.383225
118.383225
118.383225
118.383225
118.383225
118.383225
118.383225
118.383225
118.383225
118.383225
118.383225
118.383225
118.383225
118.383225
118.383225
118.383225
118.383225
118.383225
118.383225
118.383225
118.383225
118.383225
118.383225
118.383225
118.383225
118.383225
118.383225
118.383225
118.383225
118.383225
118.383225
118.383225
118.383225
118.383225
118.383225
118.383225
118.383225
118.383225
118.383225
118.383225
118.383225
118.383225
118.383225
118.383225
118.383225
118.383225
118.383225
118.383225
118.383225
118.383225
118.383225
118.383225
118.383225
118.383225
118.383225
118.383225
118.383225
118.383225
118.383225
118.383225
118.383225
118.383225
118.383225
118.383225
118.383225
118.383225
118.383225
118.383225
118.383225
118.383225
118.383225
118.383225
118.383225
118.383225
118.383225
118.383225
118.383225
118.383225
118.383225
118.383225
118.383225
118.383225
118.383225
118.383225
118.383225
118.383225
118.383225
118.383225
118.383225
118.383225
118.383225
118.383225
118.383225
118.383225
118.383225
118.383225
118.383225
118.383225
118.383225
118.383225
118.383225
118.383225
118.383225
118.383225
118.383225
118.383225
118.383225
118.383225
118.383225
118.383225
118.383225
118.383225
118.383225
118.383225
118.383225
118.383225
118.383225
118.383225
118.383225
118.383225
118.383225
118.383225
118.383225
118.383225
118.383225
118.383225
118.383225
118.383225
118.383225
118.383225
118.383225
118.383225
118.383225
118.383225
118.383225
118.383225
118.383225
118.383225
118.383225
118.383225
118.383225
118.383225
118.383225
118.383225
118.383225
118.383225
118.383225
118.383225
118.383225
118.383225
118.383225
118.383225
118.383225
118.383225
118.383225
118.383225
118.383225
118.383225
118.383225
118.383225
118.383225
118.383225
118.383225
118.383225
118.383225
118.383225
118.383225
118.383225
118.383225
118.383225
118.383225
118.383225
118.383225
118.383225
118.383225
118.383225
118.383225
118.383225
118.383225
118.383225
118.383225
118.383225
118.383225
118.383225
118.383225
118.383225
118.383225
118.383225
118.383225
118.383225
118.383225
118.383225
118.383225
118.383225
118.383225
118.383225
118.383225
118.383225
118.383225
118.383225
118.383225
118.383225
118.383225
118.383225
118.383225
118.383225
118.383225
118.383225
118.383225
118.383225
118.383225
118.383225
118.383225
118.383225
118.383225
118.383225
118.383225
118.383225
118.383225
118.383225
118.383225
118.383225
118.383225
118.383225
118.383225
118.383225
118.383225
118.383225
118.383225
118.383225
118.383225
118.383225
118.383225
118.383225
118.383225
118.383225
118.383225
118.383225
118.383225
118.383225
118.383225
118.383225
118.383225
118.383225
118.383225
118.383225
118.383225
118.383225
118.383225
118.383225
118.383225
118.383225
118.383225
118.383225
118.383225
118.383225
118.383225
118.383225
118.383225
118.383225
118.383225
118.383225
118.383225
118.383225
118.383225
118.383225
118.383225
118.383225
118.383225
118.383225
118.383225
118.383225
118.383225
118.383225
118.383225
118.383225
118.383225
118.383225
118.383225
118.383225
118.383225
118.383225
118.383225
118.383225
118.383225
118.383225
118.383225
118.383225
118.383225
118.383225
118.383225
118.383225
118.383225
118.383225
118.383225
118.383225
118.383225
118.383225
118.383225
118.383225
118.383225
118.383225
118.383225
118.383225
118.383225
118.383225
118.383225
118.383225
118.383225
118.383225
118.383225
118.383225
118.383225
118.383225
118.383225
118.383225
118.383225
118.383225
118.383225
118.383225
118.383225
118.383225
118.383225
118.383225
118.383225
118.383225
118.383225
118.383225
118.383225
118.383225
118.383225
118.383225
118.383225
118.383225
118.383225
118.383225
118.383225
118.383225
118.383225
118.383225
118.383225
118.383225
118.383225
118.383225
118.383225
118.383225
118.383225
118.383225
118.383225
118.383225
118.383225
118.383225
118.383225
118.383225
118.383225
118.383225
118.383225
118.383225
118.383225
118.383225
118.383225
118.383225
118.383225
118.383225
118.383225
118.383225
118.383225
118.383225
118.383225
118.383225
118.383225
118.383225
118.383225
118.383225
118.383225
118.383225
118.383225
118.383225
118.383225
118.383225
118.383225
118.383225
118.383225
118.383225
118.383225
118.383225
118.383225
118.383225
118.383225
118.383225
118.383225
118.383225
118.383225
118.383225
118.383225
118.383225
118.383225
118.383225
118.383225
118.383225
118.383225
118.383225
118.383225
118.383225
118.383225
118.383225
118.383225
118.383225
118.383225
118.383225
118.383225
118.383225
118.383225
118.383225
118.383225
118.383225
118.383225
118.383225
118.383225
118.383225
118.383225
118.383225
118.383225
118.383225
118.383225
118.383225
118.383225
118.383225
118.383225
118.383225
118.383225
118.383225
118.383225
118.383225
118.383225
118.383225
118.383225
118.383225
118.383225
118.383225
118.383225
118.383225
118.383225
118.383225
118.383225
118.383225
118.383225
118.383225
118.383225
118.383225
118.383225
118.383225
118.383225
118.383225
118.383225
118.383225
118.383225
118.383225
118.383225
118.383225
118.383225
118.383225
118.383225
118.383225
118.383225
118.383225
118.383225
118.383225
118.383225
118.383225
118.383225
118.383225
118.383225
118.383225
118.383225
118.383225
118.383225
118.383225
118.383225
118.383225
118.383225
118.383225
118.383225
118.383225
118.383225
118.383225
118.383225
118.383225
118.383225
118.383225
118.383225
118.383225
118.383225
118.383225
118.383225
118.383225
118.383225
118.383225
118.383225
118.383225
118.383225
118.383225
118.383225
118.383225
118.383225
118.383225
118.383225
118.383225
118.383225
118.383225
118.383225
118.383225
118.383225
118.383225
118.383225
118.383225
118.383225
118.383225
118.383225
118.383225
118.383225
118.383225
118.383225
118.383225
118.383225
118.383225
118.383225
118.383225
118.383225
118.383225
118.383225
118.383225
118.383225
118.383225
118.383225
118.383225
118.383225
118.383225
118.383225
118.383225
118.383225
118.383225
118.383225
118.383225
118.383225
118.383225
118.383225
118.383225
118.383225
118.383225
118.383225
118.383225
118.383225
118.383225
118.383225
118.383225
118.383225
118.383225
118.383225
118.383225
118.383225
118.383225
118.383225
118.383225
118.383225
118.383225
118.383225
118.383225
118.383225
118.383225
118.383225
118.383225
118.383225
118.383225
118.383225
118.383225
118.383225
118.383225
118.383225
118.383225
118.383225
118.383225
118.383225
118.383225
118.383225
118.383225
118.383225
118.383225
118.383225
118.383225
118.383225
118.383225
118.383225
118.383225
118.383225
118.383225
118.383225
118.383225
118.383225
118.383225
118.383225
118.383225
118.383225
118.383225
118.383225
118.383225
118.383225
118.383225
118.383225
118.383225
118.383225
118.383225
118.383225
118.383225
118.383225
118.383225
118.383225
118.383225
118.383225
118.383225
118.383225
118.383225
118.383225
118.383225
118.383225
118.383225
118.383225
118.383225
118.383225
118.383225
118.383225
118.383225
118.383225
118.383225
118.383225
118.383225
118.383225
118.383225
118.383225
118.383225
118.383225
118.383225
118.383225
118.383225
118.383225
118.383225
118.383225
118.383225
118.383225
118.383225
118.383225
118.383225
118.383225
118.383225
118.383225
118.383225
118.383225
118.383225
118.383225
118.383225
118.383225
118.383225
118.383225
118.383225
118.383225
118.383225
118.383225
118.383225
118.383225
118.383225
118.383225
118.383225
118.383225
118.383225
118.383225
118.383225
118.383225
118.383225
118.383225
118.383225
118.383225
118.383225
118.383225
118.383225
118.383225
118.383225
118.383225
118.383225
118.383225
118.383225
118.383225
118.383225
118.383225
118.383225
118.383225
118.383225
118.383225
118.383225
118.383225
118.383225
118.383225
118.383225
118.383225
118.383225
118.383225
118.383225
118.383225
118.383225
118.383225
118.383225
118.383225
118.383225
118.383225
118.383225
118.383225
118.383225
118.383225
118.383225
118.383225
118.383225
118.383225
118.383225
118.383225
118.383225
118.383225
118.383225
118.383225
118.383225
118.383225
118.383225
118.383225
118.383225
118.383225
118.383225
118.383225
118.383225
118.383225
118.383225
118.383225
118.383225
118.383225
118.383225
118.383225
118.383225
118.383225
118.383225
118.383225
118.383225
118.383225
118.383225
118.383225
118.383225
118.383225
118.383225
118.383225
118.383225
118.383225
118.383225
118.383225
118.383225
118.383225
118.383225
118.383225
118.383225
118.383225
118.383225
118.383225
118.383225
118.383225
118.383225
118.383225
118.383225
118.383225
118.383225
118.383225
118.383225
118.383225
118.383225
118.383225
118.383225
118.383225
118.383225
118.383225
118.383225
118.383225
118.383225
118.383225
118.383225
118.383225
118.383225
118.383225
118.383225
118.383225
118.383225
118.383225
118.383225
118.383225
118.383225
118.383225
118.383225
118.383225
118.383225
118.383225
118.383225
118.383225
118.383225
118.383225
118.383225
118.383225
118.383225
118.383225
118.383225
118.383225
118.383225
118.383225
118.383225
118.383225
118.383225
118.383225
118.383225
118.383225
118.383225
118.383225
118.383225
118.383225
118.383225
118.383225
118.383225
118.383225
118.383225
118.383225
118.383225
118.383225
118.383225
118.383225
118.383225
118.383225
118.383225
118.383225
118.383225
118.383225
118.383225
118.383225
118.383225
118.383225
118.383225
118.383225
118.383225
118.383225
118.383225
118.383225
118.383225
118.383225
118.383225
118.383225
118.383225
118.383225
118.383225
118.383225
118.383225
118.383225
118.383225
118.383225
118.383225
118.383225
118.383225
118.383225
118.383225
118.383225
118.383225
118.383225
118.383225
118.383225
118.383225
118.383225
118.383225
118.383225
118.383225
118.383225
118.383225
118.383225
118.383225
118.383225
118.383225
118.383225
118.383225
118.383225
118.383225
118.383225
118.383225
118.383225
118.383225
118.383225
118.383225
118.383225
118.383225
118.383225
118.383225
118.383225
118.383225
118.383225
118.383225
118.383225
118.383225
118.383225
118.383225
118.383225
118.383225
118.383225
118.383225
118.383225
118.383225
118.383225
118.383225
118.383225
118.383225
118.383225
118.383225
118.383225
118.383225
118.383225
118.383225
118.383225
118.383225
118.383225
118.383225
118.383225
118.383225
118.383225
118.383225
118.383225
118.383225
118.383225
118.383225
118.383225
118.383225
118.383225
118.383225
118.383225
118.383225
118.383225
118.383225
118.383225
118.383225
118.383225
118.383225
118.383225
118.383225
118.383225
118.383225
118.383225
118.383225
118.383225
118.383225
118.383225
118.383225
118.383225
118.383225
118.383225
118.383225
118.383225
118.383225
118.383225
118.383225
118.383225
118.383225
118.383225
118.383225
118.383225
118.383225
118.383225
118.383225
118.383225
118.383225
118.383225
118.383225
118.383225
118.383225
118.383225
118.383225
118.383225
118.383225
118.383225
118.383225
118.383225
118.383225
118.383225
118.383225
118.383225
118.383225
118.383225
118.383225
118.383225
118.383225
118.383225
118.383225
118.383225
118.383225
118.383225
118.383225
118.383225
118.383225
118.383225
118.383225
118.383225
118.383225
118.383225
118.383225
118.383225
118.383225
118.383225
118.383225
118.383225
118.383225
118.383225
118.383225
118.383225
118.383225
118.383225
118.383225
118.383225
118.383225
118.383225
118.383225
118.383225
118.383225
118.383225
118.383225
118.383225
118.383225
118.383225
118.383225
118.383225
118.383225
118.383225
118.383225
118.383225
118.383225
118.383225
118.383225
118.383225
118.383225
118.383225
118.383225
118.383225
118.383225
118.383225
118.383225
118.383225
118.383225
118.383225
118.383225
118.383225
118.383225
118.383225
118.383225
118.383225
118.383225
118.383225
118.383225
118.383225
118.383225
118.383225
118.383225
118.383225
118.383225
118.383225
118.383225
118.383225
118.383225
118.383225
118.383225
118.383225
118.383225
118.383225
118.383225
118.383225
118.383225
118.383225
118.383225
118.383225
118.383225
118.383225
118.383225
118.383225
118.383225
118.383225
118.383225
118.383225
118.383225
118.383225
118.383225
118.383225
118.383225
118.383225
118.383225
118.383225
118.383225
118.383225
118.383225
118.383225
118.383225
118.383225
118.383225
118.383225
118.383225
118.383225
118.383225
118.383225
118.383225
118.383225
118.383225
118.383225
118.383225
118.383225
118.383225
118.383225
118.383225
118.383225
118.383225
118.383225
118.383225
118.383225
118.383225
118.383225
118.383225
118.383225
118.383225
118.383225
118.383225
118.383225
118.383225
118.383225
118.383225
118.383225
118.383225
118.383225
118.383225
118.383225
118.383225
118.383225
118.383225
118.383225
118.383225
118.383225
118.383225
118.383225
118.383225
118.383225
118.383225
118.383225
118.383225
118.383225
118.383225
118.383225
118.383225
118.383225
118.383225
118.383225
118.383225
118.383225
118.383225
118.383225
118.383225
118.383225
118.383225
118.383225
118.383225
118.383225
118.383225
118.383225
118.383225
118.383225
118.383225
118.383225
118.383225
118.383225
118.383225
118.383225
118.383225
118.383225
118.383225
118.383225
118.383225
118.383225
118.383225
118.383225
118.383225
118.383225
118.383225
118.383225
118.383225
118.383225
118.383225
118.383225
118.383225
118.383225
118.383225
118.383225
118.383225
118.383225
118.383225
118.383225
118.383225
118.383225
118.383225
118.383225
118.383225
118.383225
118.383225
118.383225
118.383225
118.383225
118.383225
118.383225
118.383225
118.383225
118.383225
118.383225
118.383225
118.383225
118.383225
118.383225
118.383225
118.383225
118.383225
118.383225
118.383225
118.383225
118.383225
118.383225
118.383225
118.383225
118.383225
118.383225
118.383225
118.383225
118.383225
118.383225
118.383225
118.383225
118.383225
118.383225
118.383225
118.383225
118.383225
118.383225
118.383225
118.383225
118.383225
118.383225
118.383225
118.383225
118.383225
118.383225
118.383225
118.383225
118.383225
118.383225
118.383225
118.383225
118.383225
118.383225
118.383225
118.383225
118.383225
118.383225
118.383225
118.383225
118.383225
118.383225
118.383225
118.383225
118.383225
118.383225
118.383225
118.383225
118.383225
118.383225
118.383225
118.383225
118.383225
118.383225
118.383225
118.383225
118.383225
118.383225
118.383225
118.383225
118.383225
118.383225
118.383225
118.383225
118.383225
118.383225
118.383225
118.383225
118.383225
118.383225
118.383225
118.383225
118.383225
118.383225
118.383225
118.383225
118.383225
118.383225
118.383225
118.383225
118.383225
118.383225
118.383225
118.383225
118.383225
118.383225
118.383225
118.383225
118.383225
118.383225
118.383225
118.383225
118.383225
118.383225
118.383225
118.383225
118.383225
118.383225
118.383225
118.383225
118.383225
118.383225
118.383225
118.383225
118.383225
118.383225
118.383225
118.383225
118.383225
118.383225
118.383225
118.383225
118.383225
118.383225
118.383225
118.383225
118.383225
118.383225
118.383225
118.383225
118.383225
118.383225
118.383225
118.383225
118.383225
118.383225
118.383225
118.383225
118.383225
118.383225
118.383225
118.383225
118.383225
118.383225
118.383225
118.383225
118.383225
118.383225
118.383225
118.383225
118.383225
118.383225
118.383225
118.383225
118.383225
118.383225
118.383225
118.383225
118.383225
118.383225
118.383225
118.383225
118.383225
118.383225
118.383225
118.383225
118.383225
118.383225
118.383225
118.383225
118.383225
118.383225
118.383225
118.383225
118.383225
118.383225
118.383225
118.383225
118.383225
118.383225
118.383225
118.383225
118.383225
118.383225
118.383225
118.383225
118.383225
118.383225
118.383225
118.383225
118.383225
118.383225
118.383225
118.383225
118.383225
118.383225
118.383225
118.383225
118.383225
118.383225
118.383225
118.383225
118.383225
118.383225
118.383225
118.383225
118.383225
118.383225
118.383225
118.383225
118.383225
118.383225
118.383225
118.383225
118.383225
118.383225
118.383225
118.383225
118.383225
118.383225
118.383225
118.383225
118.383225
118.383225
118.383225
118.383225
118.383225
118.383225
118.383225
118.383225
118.383225
118.383225
118.383225
118.383225
118.383225
118.383225
118.383225
118.383225
118.383225
118.383225
118.383225
118.383225
118.383225
118.383225
118.383225
118.383225
118.383225
118.383225
118.383225
118.383225
118.383225
118.383225
118.383225
118.383225
118.383225
118.383225
118.383225
118.383225
118.383225
118.383225
118.383225
118.383225
118.383225
118.383225
118.383225
118.383225
118.383225
118.383225
118.383225
118.383225
118.383225
118.383225
118.383225
118.383225
118.383225
118.383225
118.383225
118.383225
118.383225
118.383225
118.383225
118.383225
118.383225
118.383225
118.383225
118.383225
118.383225
118.383225
118.383225
118.383225
118.383225
118.383225
118.383225
118.383225
118.383225
118.383225
118.383225
118.383225
118.383225
118.383225
118.383225
118.383225
118.383225
118.383225
118.383225
118.383225
118.383225
118.383225
118.383225
118.383225
118.383225
118.383225
118.383225
118.383225
118.383225
118.383225
118.383225
118.383225
118.383225
118.383225
118.383225
118.383225
118.383225
118.383225
118.383225
118.383225
118.383225
118.383225
118.383225
118.383225
118.383225
118.383225
118.383225
118.383225
118.383225
118.383225
118.383225
118.383225
118.383225
118.383225
118.383225
118.383225
118.383225
118.383225
118.383225
118.383225
118.383225
118.383225
118.383225
118.383225
118.383225
118.383225
118.383225
118.383225
118.383225
118.383225
118.383225
118.383225
118.383225
118.383225
118.383225
118.383225
118.383225
118.383225
118.383225
118.383225
118.383225
118.383225
118.383225
118.383225
118.383225
118.383225
118.383225
118.383225
118.383225
118.383225
118.383225
118.383225
118.383225
118.383225
118.383225
118.383225
118.383225
118.383225
118.383225
118.383225
118.383225
118.383225
118.383225
118.383225
118.383225
118.383225
118.383225
118.383225
118.383225
118.383225
118.383225
118.383225
118.383225
118.383225
118.383225
118.383225
118.383225
118.383225
118.383225
118.383225
118.383225
118.383225
118.383225
118.383225
118.383225
118.383225
118.383225
118.383225
118.383225
118.383225
118.383225
118.383225
118.383225
118.383225
118.383225
118.383225
118.383225
118.383225
118.383225
118.383225
118.383225
118.383225
118.383225
118.383225
118.383225
118.383225
118.383225
118.383225
118.383225
118.383225
118.383225
118.383225
118.383225
118.383225
118.383225
118.383225
118.383225
118.383225
118.383225
118.383225
118.383225
118.383225
118.383225
118.383225
118.383225
118.383225
118.383225
118.383225
118.383225
118.383225
118.383225
118.383225
118.383225
118.383225
118.383225
118.383225
118.383225
118.383225
118.383225
118.383225
118.383225
118.383225
118.383225
118.383225
118.383225
118.383225
118.383225
118.383225
118.383225
118.383225
118.383225
118.383225
118.383225
118.383225
118.383225
118.383225
118.383225
118.383225
118.383225
118.383225
118.383225
118.383225
118.383225
118.383225
118.383225
118.383225
118.383225
118.383225
118.383225
118.383225
118.383225
118.383225
118.383225
118.383225
118.383225
118.383225
118.383225
118.383225
118.383225
118.383225
118.383225
118.383225
118.383225
118.383225
118.383225
118.383225
118.383225
118.383225
118.383225
118.383225
118.383225
118.383225
118.383225
118.383225
118.383225
118.383225
118.383225
118.383225
118.383225
118.383225
118.383225
118.383225
118.383225
118.383225
118.383225
118.383225
118.383225
118.383225
118.383225
118.383225
118.383225
118.383225
118.383225
118.383225
118.383225
118.383225
118.383225
118.383225
118.383225
118.383225
118.383225
118.383225
118.383225
118.383225
118.383225
118.383225
118.383225
118.383225
118.383225
118.383225
118.383225
118.383225
118.383225
118.383225
118.383225
118.383225
118.383225
118.383225
118.383225
118.383225
118.383225
118.383225
118.383225
118.383225
118.383225
118.383225
118.383225
118.383225
118.383225
118.383225
118.383225
118.383225
118.383225
118.383225
118.383225
118.383225
118.383225
118.383225
118.383225
118.383225
118.383225
118.383225
118.383225
118.383225
118.383225
118.383225
118.383225
118.383225
118.383225
118.383225
118.383225
118.383225
118.383225
118.383225
118.383225
118.383225
118.383225
118.383225
118.383225
118.383225
118.383225
118.383225
118.383225
118.383225
118.383225
118.383225
118.383225
118.383225
118.383225
118.383225
118.383225
118.383225
118.383225
118.383225
118.383225
118.383225
118.383225
118.383225
118.383225
118.383225
118.383225
118.383225
118.383225
118.383225
118.383225
118.383225
118.383225
118.383225
118.383225
118.383225
118.383225
118.383225
118.383225
118.383225
118.383225
118.383225
118.383225
118.383225
118.383225
118.383225
118.383225
118.383225
118.383225
118.383225
118.383225
118.383225
118.383225
118.383225
118.383225
118.383225
118.383225
118.383225
118.383225
118.383225
118.383225
118.383225
118.383225
118.383225
118.383225
118.383225
118.383225
118.383225
118.383225
118.383225
118.383225
118.383225
118.383225
118.383225
118.383225
118.383225
118.383225
118.383225
118.383225
118.383225
118.383225
118.383225
118.383225
118.383225
118.383225
118.383225
118.383225
118.383225
118.383225
118.383225
118.383225
118.383225
118.383225
118.383225
118.383225
118.383225
118.383225
118.383225
118.383225
118.383225
118.383225
118.383225
118.383225
118.383225
118.383225
118.383225
118.383225
118.383225
118.383225
118.383225
118.383225
118.383225
118.383225
118.383225
118.383225
118.383225
118.383225
118.383225
118.383225
118.383225
118.383225
118.383225
118.383225
118.383225
118.383225
118.383225
118.383225
118.383225
118.383225
118.383225
118.383225
118.383225
118.383225
118.383225
118.383225
118.383225
118.383225
118.383225
118.383225
118.383225
118.383225
118.383225
118.383225
118.383225
118.383225
118.383225
118.383225
118.383225
118.383225
118.383225
118.383225
118.383225
118.383225
118.383225
118.383225
118.383225
118.383225
118.383225
118.383225
118.383225
118.383225
118.383225
118.383225
118.383225
118.383225
118.383225
118.383225
118.383225
118.383225
118.383225
118.383225
118.383225
118.383225
118.383225
118.383225
118.383225
118.383225
118.383225
118.383225
118.383225
118.383225
118.383225
118.383225
118.383225
118.383225
118.383225
118.383225
118.383225
118.383225
118.383225
118.383225
118.383225
118.383225
118.383225
118.383225
118.383225
118.383225
118.383225
118.383225
118.383225
118.383225
118.383225
118.383225
118.383225
118.383225
118.383225
118.383225
118.383225
118.383225
118.383225
118.383225
118.383225
118.383225
118.383225
118.383225
118.383225
118.383225
118.383225
118.383225
118.383225
118.383225
118.383225
118.383225
118.383225
118.383225
118.383225
118.383225
118.383225
118.383225
118.383225
118.383225
118.383225
118.383225
118.383225
118.383225
118.383225
118.383225
118.383225
118.383225
118.383225
118.383225
118.383225
118.383225
118.383225
118.383225
118.383225
118.383225
118.383225
118.383225
118.383225
118.383225
118.383225
118.383225
118.383225
118.383225
118.383225
118.383225
118.383225
118.383225
118.383225
118.383225
118.383225
118.383225
118.383225
118.383225
118.383225
118.383225
118.383225
118.383225
118.383225
118.383225
118.383225
118.383225
118.383225
118.383225
118.383225
118.383225
118.383225
118.383225
118.383225
118.383225
118.383225
118.383225
118.383225
118.383225
118.383225
118.383225
118.383225
118.383225
118.383225
118.383225
118.383225
118.383225
118.383225
118.383225
118.383225
118.383225
118.383225
118.383225
118.383225
118.383225
118.383225
118.383225
118.383225
118.383225
118.383225
118.383225
118.383225
118.383225
118.383225
118.383225
118.383225
118.383225
118.383225
118.383225
118.383225
118.383225
118.383225
118.383225
118.383225
118.383225
118.383225
118.383225
118.383225
118.383225
118.383225
118.383225
118.383225
118.383225
118.383225
118.383225
118.383225
118.383225
118.383225
118.383225
118.383225
118.383225
118.383225
118.383225
118.383225
118.383225
118.383225
118.383225
118.383225
118.383225
118.383225
118.383225
118.383225
118.383225
118.383225
118.383225
118.383225
118.383225
118.383225
118.383225
118.383225
118.383225
118.383225
118.383225
118.383225
118.383225
118.383225
118.383225
118.383225
118.383225
118.383225
118.383225
118.383225
118.383225
118.383225
118.383225
118.383225
118.383225
118.383225
118.383225
118.383225
118.383225
118.383225
118.383225
118.383225
118.383225
118.383225
118.383225
118.383225
118.383225
118.383225
118.383225
118.383225
118.383225
118.383225
118.383225
118.383225
118.383225
118.383225
118.383225
118.383225
118.383225
118.383225
118.383225
118.383225
118.383225
118.383225
118.383225
118.383225
118.383225
118.383225
118.383225
118.383225
118.383225
118.383225
118.383225
118.383225
118.383225
118.383225
118.383225
118.383225
118.383225
118.383225
118.383225
118.383225
118.383225
118.383225
118.383225
118.383225
118.383225
118.383225
118.383225
118.383225
118.383225
118.383225
118.383225
118.383225
118.383225
118.383225
118.383225
118.383225
118.383225
118.383225
118.383225
118.383225
118.383225
118.383225
118.383225
118.383225
118.383225
118.383225
118.383225
118.383225
118.383225
118.383225
118.383225
118.383225
118.383225
118.383225
118.383225
118.383225
118.383225
118.383225
118.383225
118.383225
118.383225
118.383225
118.383225
118.383225
118.383225
118.383225
118.383225
118.383225
118.383225
118.383225
118.383225
118.383225
118.383225
118.383225
118.383225
118.383225
118.383225
118.383225
118.383225
118.383225
118.383225
118.383225
118.383225
118.383225
118.383225
118.383225
118.383225
118.383225
118.383225
118.383225
118.383225
118.383225
118.383225
118.383225
118.383225
118.383225
118.383225
118.383225
118.383225
118.383225
118.383225
118.383225
118.383225
118.383225
118.383225
118.383225
118.383225
118.383225
118.383225
118.383225
118.383225
118.383225
118.383225
118.383225
118.383225
118.383225
118.383225
118.383225
118.383225
118.383225
118.383225
118.383225
118.383225
118.383225
118.383225
118.383225
118.383225
118.383225
118.383225
118.383225
118.383225
118.383225
118.383225
118.383225
118.383225
118.383225
118.383225
118.383225
118.383225
118.383225
118.383225
118.383225
118.383225
118.383225
118.383225
118.383225
118.383225
118.383225
118.383225
118.383225
118.383225
118.383225
118.383225
118.383225
118.383225
118.383225
118.383225
118.383225
118.383225
118.383225
118.383225
118.383225
118.383225
118.383225
118.383225
118.383225
118.383225
118.383225
118.383225
118.383225
118.383225
118.383225
118.383225
118.383225
118.383225
118.383225
118.383225
118.383225
118.383225
118.383225
118.383225
118.383225
118.383225
118.383225
118.383225
118.383225
118.383225
118.383225
118.383225
118.383225
118.383225
118.383225
118.383225
118.383225
118.383225
118.383225
118.383225
118.383225
118.383225
118.383225
118.383225
118.383225
118.383225
118.383225
118.383225
118.383225
118.383225
118.383225
118.383225
118.383225
118.383225
118.383225
118.383225
118.383225
118.383225
118.383225
118.383225
118.383225
118.383225
118.383225
118.383225
118.383225
118.383225
118.383225
118.383225
118.383225
118.383225
118.383225
118.383225
118.383225
118.383225
118.383225
118.383225
118.383225
118.383225
118.383225
118.383225
118.383225
118.383225
118.383225
118.383225
118.383225
118.383225
118.383225
118.383225
118.383225
118.383225
118.383225
118.383225
118.383225
118.383225
118.383225
118.383225
118.383225
118.383225
118.383225
118.383225
118.383225
118.383225
118.383225
118.383225
118.383225
118.383225
118.383225
118.383225
118.383225
118.383225
118.383225
118.383225
118.383225
118.383225
118.383225
118.383225
118.383225
118.383225
118.383225
118.383225
118.383225
118.383225
118.383225
118.383225
118.383225
118.383225
118.383225
118.383225
118.383225
118.383225
118.383225
118.383225
118.383225
118.383225
118.383225
118.383225
118.383225
118.383225
118.383225
118.383225
118.383225
118.383225
118.383225
118.383225
118.383225
118.383225
118.383225
118.383225
118.383225
118.383225
118.383225
118.383225
118.383225
118.383225
118.383225
118.383225
118.383225
118.383225
118.383225
118.383225
118.383225
118.383225
118.383225
118.383225
118.383225
118.383225
118.383225
118.383225
118.383225
118.383225
118.383225
118.383225
118.383225
118.383225
118.383225
118.383225
118.383225
118.383225
118.383225
118.383225
118.383225
118.383225
118.383225
118.383225
118.383225
118.383225
118.383225
118.383225
118.383225
118.383225
118.383225
118.383225
118.383225
118.383225
118.383225
118.383225
118.383225
118.383225
118.383225
118.383225
118.383225
118.383225
118.383225
118.383225
118.383225
118.383225
118.383225
118.383225
118.383225
118.383225
118.383225
118.383225
118.383225
118.383225
118.383225
118.383225
118.383225
118.383225
118.383225
118.383225
118.383225
118.383225
118.383225
118.383225
118.383225
118.383225
118.383225
118.383225
118.383225
118.383225
118.383225
118.383225
118.383225
118.383225
118.383225
118.383225
118.383225
118.383225
118.383225
118.383225
118.383225
118.383225
118.383225
118.383225
118.383225
118.383225
118.383225
118.383225
118.383225
118.383225
118.383225
118.383225
118.383225
118.383225
118.383225
118.383225
118.383225
118.383225
118.383225
118.383225
118.383225
118.383225
118.383225
118.383225
118.383225
118.383225
118.383225
118.383225
118.383225
118.383225
118.383225
118.383225
118.383225
118.383225
118.383225
118.383225
118.383225
118.383225
118.383225
118.383225
118.383225
118.383225
118.383225
118.383225
118.383225
118.383225
118.383225
118.383225
118.383225
118.383225
118.383225
118.383225
118.383225
118.383225
118.383225
118.383225
118.383225
118.383225
118.383225
118.383225
118.383225
118.383225
118.383225
118.383225
118.383225
118.383225
118.383225
118.383225
118.383225
118.383225
118.383225
118.383225
118.383225
118.383225
118.383225
118.383225
118.383225
118.383225
118.383225
118.383225
118.383225
118.383225
118.383225
118.383225
118.383225
118.383225
118.383225
118.383225
118.383225
118.383225
118.383225
118.383225
118.383225
118.383225
118.383225
118.383225
118.383225
118.383225
118.383225
118.383225
118.383225
118.383225
118.383225
118.383225
118.383225
118.383225
118.383225
118.383225
118.383225
118.383225
118.383225
118.383225
118.383225
118.383225
118.383225
118.383225
118.383225
118.383225
118.383225
118.383225
118.383225
118.383225
118.383225
118.383225
118.383225
118.383225
118.383225
118.383225
118.383225
118.383225
118.383225
118.383225
118.383225
118.383225
118.383225
118.383225
118.383225
118.383225
118.383225
118.383225
118.383225
118.383225
118.383225
118.383225
118.383225
118.383225
118.383225
118.383225
118.383225
118.383225
118.383225
118.383225
118.383225
118.383225
118.383225
118.383225
118.383225
118.383225
118.383225
118.383225
118.383225
118.383225
118.383225
118.383225
118.383225
118.383225
118.383225
118.383225
118.383225
118.383225
118.383225
118.383225
118.383225
118.383225
118.383225
118.383225
118.383225
118.383225
118.383225
118.383225
118.383225
118.383225
118.383225
118.383225
118.383225
118.383225
118.383225
118.383225
118.383225
118.383225
118.383225
118.383225
118.383225
118.383225
118.383225
118.383225
118.383225
118.383225
118.383225
118.383225
118.383225
118.383225
118.383225
118.383225
118.383225
118.383225
118.383225
118.383225
118.383225
118.383225
118.383225
118.383225
118.383225
118.383225
118.383225
118.383225
118.383225
118.383225
118.383225
118.383225
118.383225
118.383225
118.383225
118.383225
118.383225
118.383225
118.383225
118.383225
118.383225
118.383225
118.383225
118.383225
118.383225
118.383225
118.383225
118.383225
118.383225
118.383225
118.383225
118.383225
118.383225
118.383225
118.383225
118.383225
118.383225
118.383225
118.383225
118.383225
118.383225
118.383225
118.383225
118.383225
118.383225
118.383225
118.383225
118.383225
118.383225
118.383225
118.383225
118.383225
118.383225
118.383225
118.383225
118.383225
118.383225
118.383225
118.383225
118.383225
118.383225
118.383225
118.383225
118.383225
118.383225
118.383225
118.383225
118.383225
118.383225
118.383225
118.383225
118.383225
118.383225
118.383225
118.383225
118.383225
118.383225
118.383225
118.383225
118.383225
118.383225
118.383225
118.383225
118.383225
118.383225
118.383225
118.383225
118.383225
118.383225
118.383225
118.383225
118.383225
118.383225
118.383225
118.383225
118.383225
118.383225
118.383225
118.383225
118.383225
118.383225
118.383225
118.383225
118.383225
118.383225
118.383225
118.383225
118.383225
118.383225
118.383225
118.383225
118.383225
118.383225
118.383225
118.383225
118.383225
118.383225
118.383225
118.383225
118.383225
118.383225
118.383225
118.383225
118.383225
118.383225
118.383225
118.383225
118.383225
118.383225
118.383225
118.383225
118.383225
118.383225
118.383225
118.383225
118.383225
118.383225
118.383225
118.383225
118.383225
118.383225
118.383225
118.383225
118.383225
118.383225
118.383225
118.383225
118.383225
118.383225
118.383225
118.383225
118.383225
118.383225
118.383225
118.383225
118.383225
118.383225
118.383225
118.383225
118.383225
118.383225
118.383225
118.383225
118.383225
118.383225
118.383225
118.383225
118.383225
118.383225
118.383225
118.383225
118.383225
118.383225
118.383225
118.383225
118.383225
118.383225
118.383225
118.383225
118.383225
118.383225
118.383225
118.383225
118.383225
118.383225
118.383225
118.383225
118.383225
118.383225
118.383225
118.383225
118.383225
118.383225
118.383225
118.383225
118.383225
118.383225
118.383225
118.383225
118.383225
118.383225
118.383225
118.383225
118.383225
118.383225
118.383225
118.383225
118.383225
118.383225
118.383225
118.383225
118.383225
118.383225
118.383225
118.383225
118.383225
118.383225
118.383225
118.383225
118.383225
118.383225
118.383225
118.383225
118.383225
118.383225
118.383225
118.383225
118.383225
118.383225
118.383225
118.383225
118.383225
118.383225
118.383225
118.383225
118.383225
118.383225
118.383225
118.383225
118.383225
118.383225
118.383225
118.383225
118.383225
118.383225
118.383225
118.383225
118.383225
118.383225
118.383225
118.383225
118.383225
118.383225
118.383225
118.383225
118.383225
118.383225
118.383225
118.383225
118.383225
118.383225
118.383225
118.383225
118.383225
118.383225
118.383225
118.383225
118.383225
118.383225
118.383225
118.383225
118.383225
118.383225
118.383225
118.383225
118.383225
118.383225
118.383225
118.383225
118.383225
118.383225
118.383225
118.383225
118.383225
118.383225
118.383225
118.383225
118.383225
118.383225
118.383225
118.383225
118.383225
118.383225
118.383225
118.383225
118.383225
118.383225
118.383225
118.383225
118.383225
118.383225
118.383225
118.383225
118.383225
118.383225
118.383225
118.383225
118.383225
118.383225
118.383225
118.383225
118.383225
118.383225
118.383225
118.383225
118.383225
118.383225
118.383225
118.383225
118.383225
118.383225
118.383225
118.383225
118.383225
118.383225
118.383225
118.383225
118.383225
118.383225
118.383225
118.383225
118.383225
118.383225
118.383225
118.383225
118.383225
118.383225
118.383225
118.383225
118.383225
118.383225
118.383225
118.383225
118.383225
118.383225
118.383225
118.383225
118.383225
118.383225
118.383225
118.383225
118.383225
118.383225
118.383225
118.383225
118.383225
118.383225
118.383225
118.383225
118.383225
118.383225
118.383225
118.383225
118.383225
118.383225
118.383225
118.383225
118.383225
118.383225
118.383225
118.383225
118.383225
118.383225
118.383225
118.383225
118.383225
118.383225
118.383225
118.383225
118.383225
118.383225
118.383225
118.383225
118.383225
118.383225
118.383225
118.383225
118.383225
118.383225
118.383225
118.383225
118.383225
118.383225
118.383225
118.383225
118.383225
118.383225
118.383225
118.383225
118.383225
118.383225
118.383225
118.383225
118.383225
118.383225
118.383225
118.383225
118.383225
118.383225
118.383225
118.383225
118.383225
118.383225
118.383225
118.383225
118.383225
118.383225
118.383225
118.383225
118.383225
118.383225
118.383225
118.383225
118.383225
118.383225
118.383225
118.383225
118.383225
118.383225
118.383225
118.383225
118.383225
118.383225
118.383225
118.383225
118.383225
118.383225
118.383225
118.383225
118.383225
118.383225
118.383225
118.383225
118.383225
118.383225
118.383225
118.383225
118.383225
118.383225
118.383225
118.383225
118.383225
118.383225
118.383225
118.383225
118.383225
118.383225
118.383225
118.383225
118.383225
118.383225
118.383225
118.383225
118.383225
118.383225
118.383225
118.383225
118.383225
118.383225
118.383225
118.383225
118.383225
118.383225
118.383225
118.383225
118.383225
118.383225
118.383225
118.383225
118.383225
118.383225
118.383225
118.383225
118.383225
118.383225
118.383225
118.383225
118.383225
118.383225
118.383225
118.383225
118.383225
118.383225
118.383225
118.383225
118.383225
118.383225
118.383225
118.383225
118.383225
118.383225
118.383225
118.383225
118.383225
118.383225
118.383225
118.383225
118.383225
118.383225
118.383225
118.383225
118.383225
118.383225
118.383225
118.383225
118.383225
118.383225
118.383225
118.383225
118.383225
118.383225
118.383225
118.383225
118.383225
118.383225
118.383225
118.383225
118.383225
118.383225
118.383225
118.383225
118.383225
118.383225
118.383225
118.383225
118.383225
118.383225
118.383225
118.383225
118.383225
118.383225
118.383225
118.383225
118.383225
118.383225
118.383225
118.383225
118.383225
118.383225
118.383225
118.383225
118.383225
118.383225
118.383225
118.383225
118.383225
118.383225
118.383225
118.383225
118.383225
118.383225
118.383225
118.383225
118.383225
118.383225
118.383225
118.383225
118.383225
118.383225
118.383225
118.383225
118.383225
118.383225
118.383225
118.383225
118.383225
118.383225
118.383225
118.383225
118.383225
118.383225
118.383225
118.383225
118.383225
118.383225
118.383225
118.383225
118.383225
118.383225
118.383225
118.383225
118.383225
118.383225
118.383225
118.383225
118.383225
118.383225
118.383225
118.383225
118.383225
118.383225
118.383225
118.383225
118.383225
118.383225
118.383225
118.383225
118.383225
118.383225
118.383225
118.383225
118.383225
118.383225
118.383225
118.383225
118.383225
118.383225
118.383225
118.383225
118.383225
118.383225
118.383225
118.383225
118.383225
118.383225
118.383225
118.383225
118.383225
118.383225
118.383225
118.383225
118.383225
118.383225
118.383225
118.383225
118.383225
118.383225
118.383225
118.383225
118.383225
118.383225
118.383225
118.383225
118.383225
118.383225
118.383225
118.383225
118.383225
118.383225
118.383225
118.383225
118.383225
118.383225
118.383225
118.383225
118.383225
118.383225
118.383225
118.383225
118.383225
118.383225
118.383225
118.383225
118.383225
118.383225
118.383225
118.383225
118.383225
118.383225
118.383225
118.383225
118.383225
118.383225
118.383225
118.383225
118.383225
118.383225
118.383225
118.383225
118.383225
118.383225
118.383225
118.383225
118.383225
118.383225
118.383225
118.383225
118.383225
118.383225
118.383225
118.383225
118.383225
118.383225
118.383225
118.383225
118.383225
118.383225
118.383225
118.383225
118.383225
118.383225
118.383225
118.383225
118.383225
118.383225
118.383225
118.383225
118.383225
118.383225
118.383225
118.383225
118.383225
118.383225
118.383225
118.383225
118.383225
118.383225
118.383225
118.383225
118.383225
118.383225
118.383225
118.383225
118.383225
118.383225
118.383225
118.383225
118.383225
118.383225
118.383225
118.383225
118.383225
118.383225
118.383225
118.383225
118.383225
118.383225
118.383225
118.383225
118.383225
118.383225
118.383225
118.383225
118.383225
118.383225
118.383225
118.383225
118.383225
118.383225
118.383225
118.383225
118.383225
118.383225
118.383225
118.383225
118.383225
118.383225
118.383225
118.383225
118.383225
118.383225
118.383225
118.383225
118.383225
118.383225
118.383225
118.383225
118.383225
118.383225
118.383225
118.383225
118.383225
118.383225
118.383225
118.383225
118.383225
118.383225
118.383225
118.383225
118.383225
118.383225
118.383225
118.383225
118.383225
118.383225
118.383225
118.383225
118.383225
118.383225
118.383225
118.383225
118.383225
118.383225
118.383225
118.383225
118.383225
118.383225
118.383225
118.383225
118.383225
118.383225
118.383225
118.383225
118.383225
118.383225
118.383225
118.383225
118.383225
118.383225
118.383225
118.383225
118.383225
118.383225
118.383225
118.383225
118.383225
118.383225
118.383225
118.383225
118.383225
118.383225
118.383225
118.383225
118.383225
118.383225
118.383225
118.383225
118.383225
118.383225
118.383225
118.383225
118.383225
118.383225
118.383225
118.383225
118.383225
118.383225
118.383225
118.383225
118.383225
118.383225
118.383225
118.383225
118.383225
118.383225
118.383225
118.383225
118.383225
118.383225
118.383225
118.383225
118.383225
118.383225
118.383225
118.383225
118.383225
118.383225
118.383225
118.383225
118.383225
118.383225
118.383225
118.383225
118.383225
118.383225
118.383225
118.383225
118.383225
118.383225
118.383225
118.383225
118.383225
118.383225
118.383225
118.383225
118.383225
118.383225
118.383225
118.383225
118.383225
118.383225
118.383225
118.383225
118.383225
118.383225
118.383225
118.383225
118.383225
118.383225
118.383225
118.383225
118.383225
118.383225
118.383225
118.383225
118.383225
118.383225
118.383225
118.383225
118.383225
118.383225
118.383225
118.383225
118.383225
118.383225
118.383225
118.383225
118.383225
118.383225
118.383225
118.383225
118.383225
118.383225
118.383225
118.383225
118.383225
118.383225
118.383225
118.383225
118.383225
118.383225
118.383225
118.383225
118.383225
118.383225
118.383225
118.383225
118.383225
118.383225
118.383225
118.383225
118.383225
118.383225
118.383225
118.383225
118.383225
118.383225
118.383225
118.383225
118.383225
118.383225
118.383225
118.383225
118.383225
118.383225
118.383225
118.383225
118.383225
118.383225
118.383225
118.383225
118.383225
118.383225
118.383225
118.383225
118.383225
118.383225
118.383225
118.383225
118.383225
118.383225
118.383225
118.383225
118.383225
118.383225
118.383225
118.383225
118.383225
118.383225
118.383225
118.383225
118.383225
118.383225
118.383225
118.383225
118.383225
118.383225
118.383225
118.383225
118.383225
118.383225
118.383225
118.383225
118.383225
118.383225
118.383225
118.383225
118.383225
118.383225
118.383225
118.383225
118.383225
118.383225
118.383225
118.383225
118.383225
118.383225
118.383225
118.383225
118.383225
118.383225
118.383225
118.383225
118.383225
118.383225
118.383225
118.383225
118.383225
118.383225
118.383225
118.383225
118.383225
118.383225
118.383225
118.383225
118.383225
118.383225
118.383225
118.383225
118.383225
118.383225
118.383225
118.383225
118.383225
118.383225
118.383225
118.383225
118.383225
118.383225
118.383225
118.383225
118.383225
118.383225
118.383225
118.383225
118.383225
118.383225
118.383225
118.383225
118.383225
118.383225
118.383225
118.383225
118.383225
118.383225
118.383225
118.383225
118.383225
118.383225
118.383225
118.383225
118.383225
118.383225
118.383225
118.383225
118.383225
118.383225
118.383225
118.383225
118.383225
118.383225
118.383225
118.383225
118.383225
118.383225
118.383225
118.383225
118.383225
118.383225
118.383225
118.383225
118.383225
118.383225
118.383225
118.383225
118.383225
118.383225
118.383225
118.383225
118.383225
118.383225
118.383225
118.383225
118.383225
118.383225
118.383225
118.383225
118.383225
118.383225
118.383225
118.383225
118.383225
118.383225
118.383225
118.383225
118.383225
118.383225
118.383225
118.383225
118.383225
118.383225
118.383225
118.383225
118.383225
118.383225
118.383225
118.383225
118.383225
118.383225
118.383225
118.383225
118.383225
118.383225
118.383225
118.383225
118.383225
118.383225
118.383225
118.383225
118.383225
118.383225
118.383225
118.383225
118.383225
118.383225
118.383225
118.383225
118.383225
118.383225
118.383225
118.383225
118.383225
118.383225
118.383225
118.383225
118.383225
118.383225
118.383225
118.383225
118.383225
118.383225
118.383225
118.383225
118.383225
118.383225
118.383225
118.383225
118.383225
118.383225
118.383225
118.383225
118.383225
118.383225
118.383225
118.383225
118.383225
118.383225
118.383225
118.383225
118.383225
118.383225
118.383225
118.383225
118.383225
118.383225
118.383225
118.383225
118.383225
118.383225
118.383225
118.383225
118.383225
118.383225
118.383225
118.383225
118.383225
118.383225
118.383225
118.383225
118.383225
118.383225
118.383225
118.383225
118.383225
118.383225
118.383225
118.383225
118.383225
118.383225
118.383225
118.383225
118.383225
118.383225
118.383225
118.383225
118.383225
118.383225
118.383225
118.383225
118.383225
118.383225
118.383225
118.383225
118.383225
118.383225
118.383225
118.383225
118.383225
118.383225
118.383225
118.383225
118.383225
118.383225
118.383225
118.383225
118.383225
118.383225
118.383225
118.383225
118.383225
118.383225
118.383225
118.383225
118.383225
118.383225
118.383225
118.383225
118.383225
118.383225
118.383225
118.383225
118.383225
118.383225
118.383225
118.383225
118.383225
118.383225
118.383225
118.383225
118.383225
118.383225
118.383225
118.383225
118.383225
118.383225
118.383225
118.383225
118.383225
118.383225
118.383225
118.383225
118.383225
118.383225
118.383225
118.383225
118.383225
118.383225
118.383225
118.383225
118.383225
118.383225
118.383225
118.383225
118.383225
118.383225
118.383225
118.383225
118.383225
118.383225
118.383225
118.383225
118.383225
118.383225
118.383225
118.383225
118.383225
118.383225
118.383225
118.383225
118.383225
118.383225
118.383225
118.383225
118.383225
118.383225
118.383225
118.383225
118.383225
118.383225
118.383225
118.383225
118.383225
118.383225
118.383225
118.383225
118.383225
118.383225
118.383225
118.383225
118.383225
118.383225
118.383225
118.383225
118.383225
118.383225
118.383225
118.383225
118.383225
118.383225
118.383225
118.383225
118.383225
118.383225
118.383225
118.383225
118.383225
118.383225
118.383225
118.383225
118.383225
118.383225
118.383225
118.383225
118.383225
118.383225
118.383225
118.383225
118.383225
118.383225
118.383225
118.383225
118.383225
118.383225
118.383225
118.383225
118.383225
118.383225
118.383225
118.383225
118.383225
118.383225
118.383225
118.383225
118.383225
118.383225
118.383225
118.383225
118.383225
118.383225
118.383225
118.383225
118.383225
118.383225
118.383225
118.383225
118.383225
118.383225
118.383225
118.383225
118.383225
118.383225
118.383225
118.383225
118.383225
118.383225
118.383225
118.383225
118.383225
118.383225
118.383225
118.383225
118.383225
118.383225
118.383225
118.383225
118.383225
118.383225
118.383225
118.383225
118.383225
118.383225
118.383225
118.383225
118.383225
118.383225
118.383225
118.383225
118.383225
118.383225
118.383225
118.383225
118.383225
118.383225
118.383225
118.383225
118.383225
118.383225
118.383225
118.383225
118.383225
118.383225
118.383225
118.383225
118.383225
118.383225
118.383225
118.383225
118.383225
118.383225
118.383225
118.383225
118.383225
118.383225
118.383225
118.383225
118.383225
118.383225
118.383225
118.383225
118.383225
118.383225
118.383225
118.383225
118.383225
118.383225
118.383225
118.383225
118.383225
118.383225
118.383225
118.383225
118.383225
118.383225
118.383225
118.383225
118.383225
118.383225
118.383225
118.383225
118.383225
118.383225
118.383225
118.383225
118.383225
118.383225
118.383225
118.383225
118.383225
118.383225
118.383225
118.383225
118.383225
118.383225
118.383225
118.383225
118.383225
118.383225
118.383225
118.383225
118.383225
118.383225
118.383225
118.383225
118.383225
118.383225
118.383225
118.383225
118.383225
118.383225
118.383225
118.383225
118.383225
118.383225
118.383225
118.383225
118.383225
118.383225
118.383225
118.383225
118.383225
118.383225
118.383225
118.383225
118.383225
118.383225
118.383225
118.383225
118.383225
118.383225
118.383225
118.383225
118.383225
118.383225
118.383225
118.383225
118.383225
118.383225
118.383225
118.383225
118.383225
118.383225
118.383225
118.383225
118.383225
118.383225
118.383225
118.383225
118.383225
118.383225
118.383225
118.383225
118.383225
118.383225
118.383225
118.383225
118.383225
118.383225
118.383225
118.383225
118.383225
118.383225
118.383225
118.383225
118.383225
118.383225
118.383225
118.383225
118.383225
118.383225
118.383225
118.383225
118.383225
118.383225
118.383225
118.383225
118.383225
118.383225
118.383225
118.383225
118.383225
118.383225
118.383225
118.383225
118.383225
118.383225
118.383225
118.383225
118.383225
118.383225
118.383225
118.383225
118.383225
118.383225
118.383225
118.383225
118.383225
118.383225
118.383225
118.383225
118.383225
118.383225
118.383225
118.383225
118.383225
118.383225
118.383225
118.383225
118.383225
118.383225
118.383225
118.383225
118.383225
118.383225
118.383225
118.383225
118.383225
118.383225
118.383225
118.383225
118.383225
118.383225
118.383225
118.383225
118.383225
118.383225
118.383225
118.383225
118.383225
118.383225
118.383225
118.383225
118.383225
118.383225
118.383225
118.383225
118.383225
118.383225
118.383225
118.383225
118.383225
118.383225
118.383225
118.383225
118.383225
118.383225
118.383225
118.383225
118.383225
118.383225
118.383225
118.383225
118.383225
118.383225
118.383225
118.383225
118.383225
118.383225
118.383225
118.383225
118.383225
118.383225
118.383225
118.383225
118.383225
118.383225
118.383225
118.383225
118.383225
118.383225
118.383225
118.383225
118.383225
118.383225
118.383225
118.383225
118.383225
118.383225
118.383225
118.383225
118.383225
118.383225
118.383225
118.383225
118.383225
118.383225
118.383225
118.383225
118.383225
118.383225
118.383225
118.383225
118.383225
118.383225
118.383225
118.383225
118.383225
118.383225
118.383225
118.383225
118.383225
118.383225
118.383225
118.383225
118.383225
118.383225
118.383225
118.383225
118.383225
118.383225
118.383225
118.383225
118.383225
118.383225
118.383225
118.383225
118.383225
118.383225
118.383225
118.383225
118.383225
118.383225
118.383225
118.383225
118.383225
118.383225
118.383225
118.383225
118.383225
118.383225
118.383225
118.383225
118.383225
118.383225
118.383225
118.383225
118.383225
118.383225
118.383225
118.383225
118.383225
118.383225
118.383225
118.383225
118.383225
118.383225
118.383225
118.383225
118.383225
118.383225
118.383225
118.383225
118.383225
118.383225
118.383225
118.383225
118.383225
118.383225
118.383225
118.383225
118.383225
118.383225
118.383225
118.383225
118.383225
118.383225
118.383225
118.383225
118.383225
118.383225
118.383225
118.383225
118.383225
118.383225
118.383225
118.383225
118.383225
118.383225
118.383225
118.383225
118.383225
118.383225
118.383225
118.383225
118.383225
118.383225
118.383225
118.383225
118.383225
118.383225
118.383225
118.383225
118.383225
118.383225
118.383225
118.383225
118.383225
118.383225
118.383225
118.383225
118.383225
118.383225
118.383225
118.383225
118.383225
118.383225
118.383225
118.383225
118.383225
118.383225
118.383225
118.383225
118.383225
118.383225
118.383225
118.383225
118.383225
118.383225
118.383225
118.383225
118.383225
118.383225
118.383225
118.383225
118.383225
118.383225
118.383225
118.383225
118.383225
118.383225
118.383225
118.383225
118.383225
118.383225
118.383225
118.383225
118.383225
118.383225
118.383225
118.383225
118.383225
118.383225
118.383225
118.383225
118.383225
118.383225
118.383225
118.383225
118.383225
118.383225
118.383225
118.383225
118.383225
118.383225
118.383225
118.383225
118.383225
118.383225
118.383225
118.383225
118.383225
118.383225
118.383225
118.383225
118.383225
118.383225
118.383225
118.383225
118.383225
118.383225
118.383225
118.383225
118.383225
118.383225
118.383225
118.383225
118.383225
118.383225
118.383225
118.383225
118.383225
118.383225
118.383225
118.383225
118.383225
118.383225
118.383225
118.383225
118.383225
118.383225
118.383225
118.383225
118.383225
118.383225
118.383225
118.383225
118.383225
118.383225
118.383225
118.383225
118.383225
118.383225
118.383225
118.383225
118.383225
118.383225
118.383225
118.383225
118.383225
118.383225
118.383225
118.383225
118.383225
118.383225
118.383225
118.383225
118.383225
118.383225
118.383225
118.383225
118.383225
118.383225
118.383225
118.383225
118.383225
118.383225
118.383225
118.383225
118.383225
118.383225
118.383225
118.383225
118.383225
118.383225
118.383225
118.383225
118.383225
118.383225
118.383225
118.383225
118.383225
118.383225
118.383225
118.383225
118.383225
118.383225
118.383225
118.383225
118.383225
118.383225
118.383225
118.383225
118.383225
118.383225
118.383225
118.383225
118.383225
118.383225
118.383225
118.383225
118.383225
118.383225
118.383225
118.383225
118.383225
118.383225
118.383225
118.383225
118.383225
118.383225
118.383225
118.383225
118.383225
118.383225
118.383225
118.383225
118.383225
118.383225
118.383225
118.383225
118.383225
118.383225
118.383225
118.383225
118.383225
118.383225
118.383225
118.383225
118.383225
118.383225
118.383225
118.383225
118.383225
118.383225
118.383225
118.383225
118.383225
118.383225
118.383225
118.383225
118.383225
118.383225
118.383225
118.383225
118.383225
118.383225
118.383225
118.383225
118.383225
118.383225
118.383225
118.383225
118.383225
118.383225
118.383225
118.383225
118.383225
118.383225
118.383225
118.383225
118.383225
118.383225
118.383225
118.383225
118.383225
118.383225
118.383225
118.383225
118.383225
118.383225
118.383225
118.383225
118.383225
118.383225
118.383225
118.383225
118.383225
118.383225
118.383225
118.383225
118.383225
118.383225
118.383225
118.383225
118.383225
118.383225
118.383225
118.383225
118.383225
118.383225
118.383225
118.383225
118.383225
118.383225
118.383225
118.383225
118.383225
118.383225
118.383225
118.383225
118.383225
118.383225
118.383225
118.383225
118.383225
118.383225
118.383225
118.383225
118.383225
118.383225
118.383225
118.383225
118.383225
118.383225
118.383225
118.383225
118.383225
118.383225
118.383225
118.383225
118.383225
118.383225
118.383225
118.383225
118.383225
118.383225
118.383225
118.383225
118.383225
118.383225
118.383225
118.383225
118.383225
118.383225
118.383225
118.383225
118.383225
118.383225
118.383225
118.383225
118.383225
118.383225
118.383225
118.383225
118.383225
118.383225
118.383225
118.383225
118.383225
118.383225
118.383225
118.383225
118.383225
118.383225
118.383225
118.383225
118.383225
118.383225
118.383225
118.383225
118.383225
118.383225
118.383225
118.383225
118.383225
118.383225
118.383225
118.383225
118.383225
118.383225
118.383225
118.383225
118.383225
118.383225
118.383225
118.383225
118.383225
118.383225
118.383225
118.383225
118.383225
118.383225
118.383225
118.383225
118.383225
118.383225
118.383225
118.383225
118.383225
118.383225
118.383225
118.383225
118.383225
118.383225
118.383225
118.383225
118.383225
118.383225
118.383225
118.383225
118.383225
118.383225
118.383225
118.383225
118.383225
118.383225
118.383225
118.383225
118.383225
118.383225
118.383225
118.383225
118.383225
118.383225
118.383225
118.383225
118.383225
118.383225
118.383225
118.383225
118.383225
118.383225
118.383225
118.383225
118.383225
118.383225
118.383225
118.383225
118.383225
118.383225
118.383225
118.383225
118.383225
118.383225
118.383225
118.383225
118.383225
118.383225
118.383225
118.383225
118.383225
118.383225
118.383225
118.383225
118.383225
118.383225
118.383225
118.383225
118.383225
118.383225
118.383225
118.383225
118.383225
118.383225
118.383225
118.383225
118.383225
118.383225
118.383225
118.383225
118.383225
118.383225
118.383225
118.383225
118.383225
118.383225
118.383225
118.383225
118.383225
118.383225
118.383225
118.383225
118.383225
118.383225
118.383225
118.383225
118.383225
118.383225
118.383225
118.383225
118.383225
118.383225
118.383225
118.383225
118.383225
118.383225
118.383225
118.383225
118.383225
118.383225
118.383225
118.383225
118.383225
118.383225
118.383225
118.383225
118.383225
118.383225
118.383225
118.383225
118.383225
118.383225
118.383225
118.383225
118.383225
118.383225
118.383225
118.383225
118.383225
118.383225
118.383225
118.383225
118.383225
118.383225
118.383225
118.383225
118.383225
118.383225
118.383225
118.383225
118.383225
118.383225
118.383225
118.383225
118.383225
118.383225
118.383225
118.383225
118.383225
118.383225
118.383225
118.383225
118.383225
118.383225
118.383225
118.383225
118.383225
118.383225
118.383225
118.383225
118.383225
118.383225
118.383225
118.383225
118.383225
118.383225
118.383225
118.383225
118.383225
118.383225
118.383225
118.383225
118.383225
118.383225
118.383225
118.383225
118.383225
118.383225
118.383225
118.383225
118.383225
118.383225
118.383225
118.383225
118.383225
118.383225
118.383225
118.383225
118.383225
118.383225
118.383225
118.383225
118.383225
118.383225
118.383225
118.383225
118.383225
118.383225
118.383225
118.383225
118.383225
118.383225
118.383225
118.383225
118.383225
118.383225
118.383225
118.383225
118.383225
118.383225
118.383225
118.383225
118.383225
118.383225
118.383225
118.383225
118.383225
118.383225
118.383225
118.383225
118.383225
118.383225
118.383225
118.383225
118.383225
118.383225
118.383225
118.383225
118.383225
118.383225
118.383225
118.383225
118.383225
118.383225
118.383225
118.383225
118.383225
118.383225
118.383225
118.383225
118.383225
118.383225
118.383225
118.383225
118.383225
118.383225
118.383225
118.383225
118.383225
118.383225
118.383225
118.383225
118.383225
118.383225
118.383225
118.383225
118.383225
118.383225
118.383225
118.383225
118.383225
118.383225
118.383225
118.383225
118.383225
118.383225
118.383225
118.383225
118.383225
118.383225
118.383225
118.383225
118.383225
118.383225
118.383225
118.383225
118.383225
118.383225
118.383225
118.383225
118.383225
118.383225
118.383225
118.383225
118.383225
118.383225
118.383225
118.383225
118.383225
118.383225
118.383225
118.383225
118.383225
118.383225
118.383225
118.383225
118.383225
118.383225
118.383225
118.383225
118.383225
118.383225
118.383225
118.383225
118.383225
118.383225
118.383225
118.383225
118.383225
118.383225
118.383225
118.383225
118.383225
118.383225
118.383225
118.383225
118.383225
118.383225
118.383225
118.383225
118.383225
118.383225
118.383225
118.383225
118.383225
118.383225
118.383225
118.383225
118.383225
118.383225
118.383225
118.383225
118.383225
118.383225
118.383225
118.383225
118.383225
118.383225
118.383225
118.383225
118.383225
118.383225
118.383225
118.383225
118.383225
118.383225
118.383225
118.383225
118.383225
118.383225
118.383225
118.383225
118.383225
118.383225
118.383225
118.383225
118.383225
118.383225
118.383225
118.383225
118.383225
118.383225
118.383225
118.383225
118.383225
118.383225
118.383225
118.383225
118.383225
118.383225
118.383225
118.383225
118.383225
118.383225
118.383225
118.383225
118.383225
118.383225
118.383225
118.383225
118.383225
118.383225
118.383225
118.383225
118.383225
118.383225
118.383225
118.383225
118.383225
118.383225
118.383225
118.383225
118.383225
118.383225
118.383225
118.383225
118.383225
118.383225
118.383225
118.383225
118.383225
118.383225
118.383225
118.383225
118.383225
118.383225
118.383225
118.383225
118.383225
118.383225
118.383225
118.383225
118.383225
118.383225
118.383225
118.383225
118.383225
118.383225
118.383225
118.383225
118.383225
118.383225
118.383225
118.383225
118.383225
118.383225
118.383225
118.383225
118.383225
118.383225
118.383225
118.383225
118.383225
118.383225
118.383225
118.383225
118.383225
118.383225
118.383225
118.383225
118.383225
118.383225
118.383225
118.383225
118.383225
118.383225
118.383225
118.383225
118.383225
118.383225
118.383225
118.383225
118.383225
118.383225
118.383225
118.383225
118.383225
118.383225
118.383225
118.383225
118.383225
118.383225
118.383225
118.383225
118.383225
118.383225
118.383225
118.383225
118.383225
118.383225
118.383225
118.383225
118.383225
118.383225
118.383225
118.383225
118.383225
118.383225
118.383225
118.383225
118.383225
118.383225
118.383225
118.383225
118.383225
118.383225
118.383225
118.383225
118.383225
118.383225
118.383225
118.383225
118.383225
118.383225
118.383225
118.383225
118.383225
118.383225
118.383225
118.383225
118.383225
118.383225
118.383225
118.383225
118.383225
118.383225
118.383225
118.383225
118.383225
118.383225
118.383225
118.383225
118.383225
118.383225
118.383225
118.383225
118.383225
118.383225
118.383225
118.383225
118.383225
118.383225
118.383225
118.383225
118.383225
118.383225
118.383225
118.383225
118.383225
118.383225
118.383225
118.383225
118.383225
118.383225
118.383225
118.383225
118.383225
118.383225
118.383225
118.383225
118.383225
118.383225
118.383225
118.383225
118.383225
118.383225
118.383225
118.383225
118.383225
118.383225
118.383225
118.383225
118.383225
118.383225
118.383225
118.383225
118.383225
118.383225
118.383225
118.383225
118.383225
118.383225
118.383225
118.383225
118.383225
118.383225
118.383225
118.383225
118.383225
118.383225
118.383225
118.383225
118.383225
118.383225
118.383225
118.383225
118.383225
118.383225
118.383225
118.383225
118.383225
118.383225
118.383225
118.383225
118.383225
118.383225
118.383225
118.383225
118.383225
118.383225
118.383225
118.383225
118.383225
118.383225
118.383225
118.383225
118.383225
118.383225
118.383225
118.383225
118.383225
118.383225
118.383225
118.383225
118.383225
118.383225
118.383225
118.383225
118.383225
118.383225
118.383225
118.383225
118.383225
118.383225
118.383225
118.383225
118.383225
118.383225
118.383225
118.383225
118.383225
118.383225
118.383225
118.383225
118.383225
118.383225
118.383225
118.383225
118.383225
118.383225
118.383225
118.383225
118.383225
118.383225
118.383225
118.383225
118.383225
118.383225
118.383225
118.383225
118.383225
118.383225
118.383225
118.383225
118.383225
118.383225
118.383225
118.383225
118.383225
118.383225
118.383225
118.383225
118.383225
118.383225
118.383225
118.383225
118.383225
118.383225
118.383225
118.383225
118.383225
118.383225
118.383225
118.383225
118.383225
118.383225
118.383225
118.383225
118.383225
118.383225
118.383225
118.383225
118.383225
118.383225
118.383225
118.383225
118.383225
118.383225
118.383225
118.383225
118.383225
118.383225
118.383225
118.383225
118.383225
118.383225
118.383225
118.383225
118.383225
118.383225
118.383225
118.383225
118.383225
118.383225
118.383225
118.383225
118.383225
118.383225
118.383225
118.383225
118.383225
118.383225
118.383225
118.383225
118.383225
118.383225
118.383225
118.383225
118.383225
118.383225
118.383225
118.383225
118.383225
118.383225
118.383225
118.383225
118.383225
118.383225
118.383225
118.383225
118.383225
118.383225
118.383225
118.383225
118.383225
118.383225
118.383225
118.383225
118.383225
118.383225
118.383225
118.383225
118.383225
118.383225
118.383225
118.383225
118.383225
118.383225
118.383225
118.383225
118.383225
118.383225
118.383225
118.383225
118.383225
118.383225
118.383225
118.383225
118.383225
118.383225
118.383225
118.383225
118.383225
118.383225
118.383225
118.383225
118.383225
118.383225
118.383225
118.383225
118.383225
118.383225
118.383225
118.383225
118.383225
118.383225
118.383225
118.383225
118.383225
118.383225
118.383225
118.383225
118.383225
118.383225
118.383225
118.383225
118.383225
118.383225
118.383225
118.383225
118.383225
118.383225
118.383225
118.383225
118.383225
118.383225
118.383225
118.383225
118.383225
118.383225
118.383225
118.383225
118.383225
118.383225
118.383225
118.383225
118.383225
118.383225
118.383225
118.383225
118.383225
118.383225
118.383225
118.383225
118.383225
118.383225
118.383225
118.383225
118.383225
118.383225
118.383225
118.383225
118.383225
118.383225
118.383225
118.383225
118.383225
118.383225
118.383225
118.383225
118.383225
118.383225
118.383225
118.383225
118.383225
118.383225
118.383225
118.383225
118.383225
118.383225
118.383225
118.383225
118.383225
118.383225
118.383225
118.383225
118.383225
118.383225
118.383225
118.383225
118.383225
118.383225
118.383225
118.383225
118.383225
118.383225
118.383225
118.383225
118.383225
118.383225
118.383225
118.383225
118.383225
118.383225
118.383225
118.383225
118.383225
118.383225
118.383225
118.383225
118.383225
118.383225
118.383225
118.383225
118.383225
118.383225
118.383225
118.383225
118.383225
118.383225
118.383225
118.383225
118.383225
118.383225
118.383225
118.383225
118.383225
118.383225
118.383225
118.383225
118.383225
118.383225
118.383225
118.383225
118.383225
118.383225
118.383225
118.383225
118.383225
118.383225
118.383225
118.383225
118.383225
118.383225
118.383225
118.383225
118.383225
118.383225
118.383225
118.383225
118.383225
118.383225
118.383225
118.383225
118.383225
118.383225
118.383225
118.383225
118.383225
118.383225
118.383225
118.383225
118.383225
118.383225
118.383225
118.383225
118.383225
118.383225
118.383225
118.383225
118.383225
118.383225
118.383225
118.383225
118.383225
118.383225
118.383225
118.383225
118.383225
118.383225
118.383225
118.383225
118.383225
118.383225
118.383225
118.383225
118.383225
118.383225
118.383225
118.383225
118.383225
118.383225
118.383225
118.383225
118.383225
118.383225
118.383225
118.383225
118.383225
118.383225
118.383225
118.383225
118.383225
118.383225
118.383225
118.383225
118.383225
118.383225
118.383225
118.383225
118.383225
118.383225
118.383225
118.383225
118.383225
118.383225
118.383225
118.383225
118.383225
118.383225
118.383225
118.383225
118.383225
118.383225
118.383225
118.383225
118.383225
118.383225
118.383225
118.383225
118.383225
118.383225
118.383225
118.383225
118.383225
118.383225
118.383225
118.383225
118.383225
118.383225
118.383225
118.383225
118.383225
118.383225
118.383225
118.383225
118.383225
118.383225
118.383225
118.383225
118.383225
118.383225
118.383225
118.383225
118.383225
118.383225
118.383225
118.383225
118.383225
118.383225
118.383225
118.383225
118.383225
118.383225
118.383225
118.383225
118.383225
118.383225
118.383225
118.383225
118.383225
118.383225
118.383225
118.383225
118.383225
118.383225
118.383225
118.383225
118.383225
118.383225
118.383225
118.383225
118.383225
118.383225
118.383225
118.383225
118.383225
118.383225
118.383225
118.383225
118.383225
118.383225
118.383225
118.383225
118.383225
118.383225
118.383225
118.383225
118.383225
118.383225
118.383225
118.383225
118.383225
118.383225
118.383225
118.383225
118.383225
118.383225
118.383225
118.383225
118.383225
118.383225
118.383225
118.383225
118.383225
118.383225
118.383225
118.383225
118.383225
118.383225
118.383225
118.383225
118.383225
118.383225
118.383225
118.383225
118.383225
118.383225
118.383225
118.383225
118.383225
118.383225
118.383225
118.383225
118.383225
118.383225
118.383225
118.383225
118.383225
118.383225
118.383225
118.383225
118.383225
118.383225
118.383225
118.383225
118.383225
118.383225
118.383225
118.383225
118.383225
118.383225
118.383225
118.383225
118.383225
118.383225
118.383225
118.383225
118.383225
118.383225
118.383225
118.383225
118.383225
118.383225
118.383225
118.383225
118.383225
118.383225
118.383225
118.383225
118.383225
118.383225
118.383225
118.383225
118.383225
118.383225
118.383225
118.383225
118.383225
118.383225
118.383225
118.383225
118.383225
118.383225
118.383225
118.383225
118.383225
118.383225
118.383225
118.383225
118.383225
118.383225
118.383225
118.383225
118.383225
118.383225
118.383225
118.383225
118.383225
118.383225
118.383225
118.383225
118.383225
118.383225
118.383225
118.383225
118.383225
118.383225
118.383225
118.383225
118.383225
118.383225
118.383225
118.383225
118.383225
118.383225
118.383225
118.383225
118.383225
118.383225
118.383225
118.383225
118.383225
118.383225
118.383225
118.383225
118.383225
118.383225
118.383225
118.383225
118.383225
118.383225
118.383225
118.383225
118.383225
118.383225
118.383225
118.383225
118.383225
118.383225
118.383225
118.383225
118.383225
118.383225
118.383225
118.383225
118.383225
118.383225
118.383225
118.383225
118.383225
118.383225
118.383225
118.383225
118.383225
118.383225
118.383225
118.383225
118.383225
118.383225
118.383225
118.383225
118.383225
118.383225
118.383225
118.383225
118.383225
118.383225
118.383225
118.383225
118.383225
118.383225
118.383225
118.383225
118.383225
118.383225
118.383225
118.383225
118.383225
118.383225
118.383225
118.383225
118.383225
118.383225
118.383225
118.383225
118.383225
118.383225
118.383225
118.383225
118.383225
118.383225
118.383225
118.383225
118.383225
118.383225
118.383225
118.383225
118.383225
118.383225
118.383225
118.383225
118.383225
118.383225
118.383225
118.383225
118.383225
118.383225
118.383225
118.383225
118.383225
118.383225
118.383225
118.383225
118.383225
118.383225
118.383225
118.383225
118.383225
118.383225
118.383225
118.383225
118.383225
118.383225
118.383225
118.383225
118.383225
118.383225
118.383225
118.383225
118.383225
118.383225
118.383225
118.383225
118.383225
118.383225
118.383225
118.383225
118.383225
118.383225
118.383225
118.383225
118.383225
118.383225
118.383225
118.383225
118.383225
118.383225
118.383225
118.383225
118.383225
118.383225
118.383225
118.383225
118.383225
118.383225
118.383225
118.383225
118.383225
118.383225
118.383225
118.383225
118.383225
118.383225
118.383225
118.383225
118.383225
118.383225
118.383225
118.383225
118.383225
118.383225
118.383225
118.383225
118.383225
118.383225
118.383225
118.383225
118.383225
118.383225
118.383225
118.383225
118.383225
118.383225
118.383225
118.383225
118.383225
118.383225
118.383225
118.383225
118.383225
118.383225
118.383225
118.383225
118.383225
118.383225
118.383225
118.383225
118.383225
118.383225
118.383225
118.383225
118.383225
118.383225
118.383225
118.383225
118.383225
118.383225
118.383225
118.383225
118.383225
118.383225
118.383225
118.383225
118.383225
118.383225
118.383225
118.383225
118.383225
118.383225
118.383225
118.383225
118.383225
118.383225
118.383225
118.383225
118.383225
118.383225
118.383225
118.383225
118.383225
118.383225
118.383225
118.383225
118.383225
118.383225
118.383225
118.383225
118.383225
118.383225
118.383225
118.383225
118.383225
118.383225
118.383225
118.383225
118.383225
118.383225
118.383225
118.383225
118.383225
118.383225
118.383225
118.383225
118.383225
118.383225
118.383225
118.383225
118.383225
118.383225
118.383225
118.383225
118.383225
118.383225
118.383225
118.383225
118.383225
118.383225
118.383225
118.383225
118.383225
118.383225
118.383225
118.383225
118.383225
118.383225
118.383225
118.383225
118.383225
118.383225
118.383225
118.383225
118.383225
118.383225
118.383225
118.383225
118.383225
118.383225
118.383225
118.383225
118.383225
118.383225
118.383225
118.383225
118.383225
118.383225
118.383225
118.383225
118.383225
118.383225
118.383225
118.383225
118.383225
118.383225
118.383225
118.383225
118.383225
118.383225
118.383225
118.383225
118.383225
118.383225
118.383225
118.383225
118.383225
118.383225
118.383225
118.383225
118.383225
118.383225
118.383225
118.383225
118.383225
118.383225
118.383225
118.383225
118.383225
118.383225
118.383225
118.383225
118.383225
118.383225
118.383225
118.383225
118.383225
118.383225
118.383225
118.383225
118.383225
118.383225
118.383225
118.383225
118.383225
118.383225
118.383225
118.383225
118.383225
118.383225
118.383225
118.383225
118.383225
118.383225
118.383225
118.383225
118.383225
118.383225
118.383225
118.383225
118.383225
118.383225
118.383225
118.383225
118.383225
118.383225
118.383225
118.383225
118.383225
118.383225
118.383225
118.383225
118.383225
118.383225
118.383225
118.383225
118.383225
118.383225
118.383225
118.383225
118.383225
118.383225
118.383225
118.383225
118.383225
118.383225
118.383225
118.383225
118.383225
118.383225
118.383225
118.383225
118.383225
118.383225
118.383225
118.383225
118.383225
118.383225
118.383225
118.383225
118.383225
118.383225
118.383225
118.383225
118.383225
118.383225
118.383225
118.383225
118.383225
118.383225
118.383225
118.383225
118.383225
118.383225
118.383225
118.383225
118.383225
118.383225
118.383225
118.383225
118.383225
118.383225
118.383225
118.383225
118.383225
118.383225
118.383225
118.383225
118.383225
118.383225
118.383225
118.383225
118.383225
118.383225
118.383225
118.383225
118.383225
118.383225
118.383225
118.383225
118.383225
118.383225
118.383225
118.383225
118.383225
118.383225
118.383225
118.383225
118.383225
118.383225
118.383225
118.383225
118.383225
118.383225
118.383225
118.383225
118.383225
118.383225
118.383225
118.383225
118.383225
118.383225
118.383225
118.383225
118.383225
118.383225
118.383225
118.383225
118.383225
118.383225
118.383225
118.383225
118.383225
118.383225
118.383225
118.383225
118.383225
118.383225
118.383225
118.383225
118.383225
118.383225
118.383225
118.383225
118.383225
118.383225
118.383225
118.383225
118.383225
118.383225
118.383225
118.383225
118.383225
118.383225
118.383225
118.383225
118.383225
118.383225
118.383225
118.383225
118.383225
118.383225
118.383225
118.383225
118.383225
118.383225
118.383225
118.383225
118.383225
118.383225
118.383225
118.383225
118.383225
118.383225
118.383225
118.383225
118.383225
118.383225
118.383225
118.383225
118.383225
118.383225
118.383225
118.383225
118.383225
118.383225
118.383225
118.383225
118.383225
118.383225
118.383225
118.383225
118.383225
118.383225
118.383225
118.383225
118.383225
118.383225
118.383225
118.383225
118.383225
118.383225
118.383225
118.383225
118.383225
118.383225
118.383225
118.383225
118.383225
118.383225
118.383225
118.383225
118.383225
118.383225
118.383225
118.383225
118.383225
118.383225
118.383225
118.383225
118.383225
118.383225
118.383225
118.383225
118.383225
118.383225
118.383225
118.383225
118.383225
118.383225
118.383225
118.383225
118.383225
118.383225
118.383225
118.383225
118.383225
118.383225
118.383225
118.383225
118.383225
118.383225
118.383225
118.383225
118.383225
118.383225
118.383225
118.383225
118.383225
118.383225
118.383225
118.383225
118.383225
118.383225
118.383225
118.383225
118.383225
118.383225
118.383225
118.383225
118.383225
118.383225
118.383225
118.383225
118.383225
118.383225
118.383225
118.383225
118.383225
118.383225
118.383225
118.383225
118.383225
118.383225
118.383225
118.383225
118.383225
118.383225
118.383225
118.383225
118.383225
118.383225
118.383225
118.383225
118.383225
118.383225
118.383225
118.383225
118.383225
118.383225
118.383225
118.383225
118.383225
118.383225
118.383225
118.383225
118.383225
118.383225
118.383225
118.383225
118.383225
118.383225
118.383225
118.383225
118.383225
118.383225
118.383225
118.383225
118.383225
118.383225
118.383225
118.383225
118.383225
118.383225
118.383225
118.383225
118.383225
118.383225
118.383225
118.383225
118.383225
118.383225
118.383225
118.383225
118.383225
118.383225
118.383225
118.383225
118.383225
118.383225
118.383225
118.383225
118.383225
118.383225
118.383225
118.383225
118.383225
118.383225
118.383225
118.383225
118.383225
118.383225
118.383225
118.383225
118.383225
118.383225
118.383225
118.383225
118.383225
118.383225
118.383225
118.383225
118.383225
118.383225
118.383225
118.383225
118.383225
118.383225
118.383225
118.383225
118.383225
118.383225
118.383225
118.383225
118.383225
118.383225
118.383225
118.383225
118.383225
118.383225
118.383225
118.383225
118.383225
118.383225
118.383225
118.383225
118.383225
118.383225
118.383225
118.383225
118.383225
118.383225
118.383225
118.383225
118.383225
118.383225
118.383225
118.383225
118.383225
118.383225
118.383225
118.383225
118.383225
118.383225
118.383225
118.383225
118.383225
118.383225
118.383225
118.383225
118.383225
118.383225
118.383225
118.383225
118.383225
118.383225
118.383225
118.383225
118.383225
118.383225
118.383225
118.383225
118.383225
118.383225
118.383225
118.383225
118.383225
118.383225
118.383225
118.383225
118.383225
118.383225
118.383225
118.383225
118.383225
118.383225
118.383225
118.383225
118.383225
118.383225
118.383225
118.383225
118.383225
118.383225
118.383225
118.383225
118.383225
118.383225
118.383225
118.383225
118.383225
118.383225
118.383225
118.383225
118.383225
118.383225
118.383225
118.383225
118.383225
118.383225
118.383225
118.383225
118.383225
118.383225
118.383225
118.383225
118.383225
118.383225
118.383225
118.383225
118.383225
118.383225
118.383225
118.383225
118.383225
118.383225
118.383225
118.383225
118.383225
118.383225
118.383225
118.383225
118.383225
118.383225
118.383225
118.383225
118.383225
118.383225
118.383225
118.383225
118.383225
118.383225
118.383225
118.383225
118.383225
118.383225
118.383225
118.383225
118.383225
118.383225
118.383225
118.383225
118.383225
118.383225
118.383225
118.383225
118.383225
118.383225
118.383225
118.383225
118.383225
118.383225
118.383225
118.383225
118.383225
118.383225
118.383225
118.383225
118.383225
118.383225
118.383225
118.383225
118.383225
118.383225
118.383225
118.383225
118.383225
118.383225
118.383225
118.383225
118.383225
118.383225
118.383225
118.383225
118.383225
118.383225
118.383225
118.383225
118.383225
118.383225
118.383225
118.383225
118.383225
118.383225
118.383225
118.383225
118.383225
118.383225
118.383225
118.383225
118.383225
118.383225
118.383225
118.383225
118.383225
118.383225
118.383225
118.383225
118.383225
118.383225
118.383225
118.383225
118.383225
118.383225
118.383225
118.383225
118.383225
118.383225
118.383225
118.383225
118.383225
118.383225
118.383225
118.383225
118.383225
118.383225
118.383225
118.383225
118.383225
118.383225
118.383225
118.383225
118.383225
118.383225
118.383225
118.383225
118.383225
118.383225
118.383225
118.383225
118.383225
118.383225
118.383225
118.383225
118.383225
118.383225
118.383225
118.383225
118.383225
118.383225
118.383225
118.383225
118.383225
118.383225
118.383225
118.383225
118.383225
118.383225
118.383225
118.383225
118.383225
118.383225
118.383225
118.383225
118.383225
118.383225
118.383225
118.383225
118.383225
118.383225
118.383225
118.383225
118.383225
118.383225
118.383225
118.383225
118.383225
118.383225
118.383225
118.383225
118.383225
118.383225
118.383225
118.383225
118.383225
118.383225
118.383225
118.383225
118.383225
118.383225
118.383225
118.383225
118.383225
118.383225
118.383225
118.383225
118.383225
118.383225
118.383225
118.383225
118.383225
118.383225
118.383225
118.383225
118.383225
118.383225
118.383225
118.383225
118.383225
118.383225
118.383225
118.383225
118.383225
118.383225
118.383225
118.383225
118.383225
118.383225
118.383225
118.383225
118.383225
118.383225
118.383225
118.383225
118.383225
118.383225
118.383225
118.383225
118.383225
118.383225
118.383225
118.383225
118.383225
118.383225
118.383225
118.383225
118.383225
118.383225
118.383225
118.383225
118.383225
118.383225
118.383225
118.383225
118.383225
118.383225
118.383225
118.383225
118.383225
118.383225
118.383225
118.383225
118.383225
118.383225
118.383225
118.383225
118.383225
118.383225
118.383225
118.383225
118.383225
118.383225
118.383225
118.383225
118.383225
118.383225
118.383225
118.383225
118.383225
118.383225
118.383225
118.383225
118.383225
118.383225
118.383225
118.383225
118.383225
118.383225
118.383225
118.383225
118.383225
118.383225
118.383225
118.383225
118.383225
118.383225
118.383225
118.383225
118.383225
118.383225
118.383225
118.383225
118.383225
118.383225
118.383225
118.383225
118.383225
118.383225
118.383225
118.383225
118.383225
118.383225
118.383225
118.383225
118.383225
118.383225
118.383225
118.383225
118.383225
118.383225
118.383225
118.383225
118.383225
118.383225
118.383225
118.383225
118.383225
118.383225
118.383225
118.383225
118.383225
118.383225
118.383225
118.383225
118.383225
118.383225
118.383225
118.383225
118.383225
118.383225
118.383225
118.383225
118.383225
118.383225
118.383225
118.383225
118.383225
118.383225
118.383225
118.383225
118.383225
118.383225
118.383225
118.383225
118.383225
118.383225
118.383225
118.383225
118.383225
118.383225
118.383225
118.383225
118.383225
118.383225
118.383225
118.383225
118.383225
118.383225
118.383225
118.383225
118.383225
118.383225
118.383225
118.383225
118.383225
118.383225
118.383225
118.383225
118.383225
118.383225
118.383225
118.383225
118.383225
118.383225
118.383225
118.383225
118.383225
118.383225
118.383225
118.383225
118.383225
118.383225
118.383225
118.383225
118.383225
118.383225
118.383225
118.383225
118.383225
118.383225
118.383225
118.383225
118.383225
118.383225
118.383225
118.383225
118.383225
118.383225
118.383225
118.383225
118.383225
118.383225
118.383225
118.383225
118.383225
118.383225
118.383225
118.383225
118.383225
118.383225
118.383225
118.383225
118.383225
118.383225
118.383225
118.383225
118.383225
118.383225
118.383225
118.383225
118.383225
118.383225
118.383225
118.383225
118.383225
118.383225
118.383225
118.383225
118.383225
118.383225
118.383225
118.383225
118.383225
118.383225
118.383225
118.383225
118.383225
118.383225
118.383225
118.383225
118.383225
118.383225
118.383225
118.383225
118.383225
118.383225
118.383225
118.383225
118.383225
118.383225
118.383225
118.383225
118.383225
118.383225
118.383225
118.383225
118.383225
118.383225
118.383225
118.383225
118.383225
118.383225
118.383225
118.383225
118.383225
118.383225
118.383225
118.383225
118.383225
118.383225
118.383225
118.383225
118.383225
118.383225
118.383225
118.383225
118.383225
118.383225
118.383225
118.383225
118.383225
118.383225
118.383225
118.383225
118.383225
118.383225
118.383225
118.383225
118.383225
118.383225
118.383225
118.383225
118.383225
118.383225
118.383225
118.383225
118.383225
118.383225
118.383225
118.383225
118.383225
118.383225
118.383225
118.383225
118.383225
118.383225
118.383225
118.383225
118.383225
118.383225
118.383225
118.383225
118.383225
118.383225
118.383225
118.383225
118.383225
118.383225
118.383225
118.383225
118.383225
118.383225
118.383225
118.383225
118.383225
118.383225
118.383225
118.383225
118.383225
118.383225
118.383225
118.383225
118.383225
118.383225
118.383225
118.383225
118.383225
118.383225
118.383225
118.383225
118.383225
118.383225
118.383225
118.383225
118.383225
118.383225
118.383225
118.383225
118.383225
118.383225
118.383225
118.383225
118.383225
118.383225
118.383225
118.383225
118.383225
118.383225
118.383225
118.383225
118.383225
118.383225
118.383225
118.383225
118.383225
118.383225
118.383225
118.383225
118.383225
118.383225
118.383225
118.383225
118.383225
118.383225
118.383225
118.383225
118.383225
118.383225
118.383225
118.383225
118.383225
118.383225
118.383225
118.383225
118.383225
118.383225
118.383225
118.383225
118.383225
118.383225
118.383225
118.383225
118.383225
118.383225
118.383225
118.383225
118.383225
118.383225
118.383225
118.383225
118.383225
118.383225
118.383225
118.383225
118.383225
118.383225
118.383225
118.383225
118.383225
118.383225
118.383225
118.383225
118.383225
118.383225
118.383225
118.383225
118.383225
118.383225
118.383225
118.383225
118.383225
118.383225
118.383225
118.383225
118.383225
118.383225
118.383225
118.383225
118.383225
118.383225
118.383225
118.383225
118.383225
118.383225
118.383225
118.383225
118.383225
118.383225
118.383225
118.383225
118.383225
118.383225
118.383225
118.383225
118.383225
118.383225
118.383225
118.383225
118.383225
118.383225
118.383225
118.383225
118.383225
118.383225
118.383225
118.383225
118.383225
118.383225
118.383225
118.383225
118.383225
118.383225
118.383225
118.383225
118.383225
118.383225
118.383225
118.383225
118.383225
118.383225
118.383225
118.383225
118.383225
118.383225
118.383225
118.383225
118.383225
118.383225
118.383225
118.383225
118.383225
118.383225
118.383225
118.383225
118.383225
118.383225
118.383225
118.383225
118.383225
118.383225
118.383225
118.383225
118.383225
118.383225
118.383225
118.383225
118.383225
118.383225
118.383225
118.383225
118.383225
118.383225
118.383225
118.383225
118.383225
118.383225
118.383225
118.383225
118.383225
118.383225
118.383225
118.383225
118.383225
118.383225
118.383225
118.383225
118.383225
118.383225
118.383225
118.383225
118.383225
118.383225
118.383225
118.383225
118.383225
118.383225
118.383225
118.383225
118.383225
118.383225
118.383225
118.383225
118.383225
118.383225
118.383225
118.383225
118.383225
118.383225
118.383225
118.383225
118.383225
118.383225
118.383225
118.383225
118.383225
118.383225
118.383225
118.383225
118.383225
118.383225
118.383225
118.383225
118.383225
118.383225
118.383225
118.383225
118.383225
118.383225
118.383225
118.383225
118.383225
118.383225
118.383225
118.383225
118.383225
118.383225
118.383225
118.383225
118.383225
118.383225
118.383225
118.383225
118.383225
118.383225
118.383225
118.383225
118.383225
118.383225
118.383225
118.383225
118.383225
118.383225
118.383225
118.383225
118.383225
118.383225
118.383225
118.383225
118.383225
118.383225
118.383225
118.383225
118.383225
118.383225
118.383225
118.383225
118.383225
118.383225
118.383225
118.383225
118.383225
118.383225
118.383225
118.383225
118.383225
118.383225
118.383225
118.383225
118.383225
118.383225
118.383225
118.383225
118.383225
118.383225
118.383225
118.383225
118.383225
118.383225
118.383225
118.383225
118.383225
118.383225
118.383225
118.383225
118.383225
118.383225
118.383225
118.383225
118.383225
118.383225
118.383225
118.383225
118.383225
118.383225
118.383225
118.383225
118.383225
118.383225
118.383225
118.383225
118.383225
118.383225
118.383225
118.383225
118.383225
118.383225
118.383225
118.383225
118.383225
118.383225
118.383225
118.383225
118.383225
118.383225
118.383225
118.383225
118.383225
118.383225
118.383225
118.383225
118.383225
118.383225
118.383225
118.383225
118.383225
118.383225
118.383225
118.383225
118.383225
118.383225
118.383225
118.383225
118.383225
118.383225
118.383225
118.383225
118.383225
118.383225
118.383225
118.383225
118.383225
118.383225
118.383225
118.383225
118.383225
118.383225
118.383225
118.383225
118.383225
118.383225
118.383225
118.383225
118.383225
118.383225
118.383225
118.383225
118.383225
118.383225
118.383225
118.383225
118.383225
118.383225
118.383225
118.383225
118.383225
118.383225
118.383225
118.383225
118.383225
118.383225
118.383225
118.383225
118.383225
118.383225
118.383225
118.383225
118.383225
118.383225
118.383225
118.383225
118.383225
118.383225
118.383225
118.383225
118.383225
118.383225
118.383225
118.383225
118.383225
118.383225
118.383225
118.383225
118.383225
118.383225
118.383225
118.383225
118.383225
118.383225
118.383225
118.383225
118.383225
118.383225
118.383225
118.383225
118.383225
118.383225
118.383225
118.383225
118.383225
118.383225
118.383225
118.383225
118.383225
118.383225
118.383225
118.383225
118.383225
118.383225
118.383225
118.383225
118.383225
118.383225
118.383225
118.383225
118.383225
118.383225
118.383225
118.383225
118.383225
118.383225
118.383225
118.383225
118.383225
118.383225
118.383225
118.383225
118.383225
118.383225
118.383225
118.383225
118.383225
118.383225
118.383225
118.383225
118.383225
118.383225
118.383225
118.383225
118.383225
118.383225
118.383225
118.383225
118.383225
118.383225
118.383225
118.383225
118.383225
118.383225
118.383225
118.383225
118.383225
118.383225
118.383225
118.383225
118.383225
118.383225
118.383225
118.383225
118.383225
118.383225
118.383225
118.383225
118.383225
118.383225
118.383225
118.383225
118.383225
118.383225
118.383225
118.383225
118.383225
118.383225
118.383225
118.383225
118.383225
118.383225
118.383225
118.383225
118.383225
118.383225
118.383225
118.383225
118.383225
118.383225
118.383225
118.383225
118.383225
118.383225
118.383225
118.383225
118.383225
118.383225
118.383225
118.383225
118.383225
118.383225
118.383225
118.383225
118.383225
118.383225
118.383225
118.383225
118.383225
118.383225
118.383225
118.383225
118.383225
118.383225
118.383225
118.383225
118.383225
118.383225
118.383225
118.383225
118.383225
118.383225
118.383225
118.383225
118.383225
118.383225
118.383225
118.383225
118.383225
118.383225
118.383225
118.383225
118.383225
118.383225
118.383225
118.383225
118.383225
118.383225
118.383225
118.383225
118.383225
118.383225
118.383225
118.383225
118.383225
118.383225
118.383225
118.383225
118.383225
118.383225
118.383225
118.383225
118.383225
118.383225
118.383225
118.383225
118.383225
118.383225
118.383225
118.383225
118.383225
118.383225
118.383225
118.383225
118.383225
118.383225
118.383225
118.383225
118.383225
118.383225
118.383225
118.383225
118.383225
118.383225
118.383225
118.383225
118.383225
118.383225
118.383225
118.383225
118.383225
118.383225
118.383225
118.383225
118.383225
118.383225
118.383225
118.383225
118.383225
118.383225
118.383225
118.383225
118.383225
118.383225
118.383225
118.383225
118.383225
118.383225
118.383225
118.383225
118.383225
118.383225
118.383225
118.383225
118.383225
118.383225
118.383225
118.383225
118.383225
118.383225
118.383225
118.383225
118.383225
118.383225
118.383225
118.383225
118.383225
118.383225
118.383225
118.383225
118.383225
118.383225
118.383225
118.383225
118.383225
118.383225
118.383225
118.383225
118.383225
118.383225
118.383225
118.383225
118.383225
118.383225
118.383225
118.383225
118.383225
118.383225
118.383225
118.383225
118.383225
118.383225
118.383225
118.383225
118.383225
118.383225
118.383225
118.383225
118.383225
118.383225
118.383225
118.383225
118.383225
118.383225
118.383225
118.383225
118.383225
118.383225
118.383225
118.383225
118.383225
118.383225
118.383225
118.383225
118.383225
118.383225
118.383225
118.383225
118.383225
118.383225
118.383225
118.383225
118.383225
118.383225
118.383225
118.383225
118.383225
118.383225
118.383225
118.383225
118.383225
118.383225
118.383225
118.383225
118.383225
118.383225
118.383225
118.383225
118.383225
118.383225
118.383225
118.383225
118.383225
118.383225
118.383225
118.383225
118.383225
118.383225
118.383225
118.383225
118.383225
118.383225
118.383225
118.383225
118.383225
118.383225
118.383225
118.383225
118.383225
118.383225
118.383225
118.383225
118.383225
118.383225
118.383225
118.383225
118.383225
118.383225
118.383225
118.383225
118.383225
118.383225
118.383225
118.383225
118.383225
118.383225
118.383225
118.383225
118.383225
118.383225
118.383225
118.383225
118.383225
118.383225
118.383225
118.383225
118.383225
118.383225
118.383225
118.383225
118.383225
118.383225
118.383225
118.383225
118.383225
118.383225
118.383225
118.383225
118.383225
118.383225
118.383225
118.383225
118.383225
118.383225
118.383225
118.383225
118.383225
118.383225
118.383225
118.383225
118.383225
118.383225
118.383225
118.383225
118.383225
118.383225
118.383225
118.383225
118.383225
118.383225
118.383225
118.383225
118.383225
118.383225
118.383225
118.383225
118.383225
118.383225
118.383225
118.383225
118.383225
118.383225
118.383225
118.383225
118.383225
118.383225
118.383225
118.383225
118.383225
118.383225
118.383225
118.383225
118.383225
118.383225
118.383225
118.383225
118.383225
118.383225
118.383225
118.383225
118.383225
118.383225
118.383225
118.383225
118.383225
118.383225
118.383225
118.383225
118.383225
118.383225
118.383225
118.383225
118.383225
118.383225
118.383225
118.383225
118.383225
118.383225
118.383225
118.383225
118.383225
118.383225
118.383225
118.383225
118.383225
118.383225
118.383225
118.383225
118.383225
118.383225
118.383225
118.383225
118.383225
118.383225
118.383225
118.383225
118.383225
118.383225
118.383225
118.383225
118.383225
118.383225
118.383225
118.383225
118.383225
118.383225
118.383225
118.383225
118.383225
118.383225
118.383225
118.383225
118.383225
118.383225
118.383225
118.383225
118.383225
118.383225
118.383225
118.383225
118.383225
118.383225
118.383225
118.383225
118.383225
118.383225
118.383225
118.383225
118.383225
118.383225
118.383225
118.383225
118.383225
118.383225
118.383225
118.383225
118.383225
118.383225
118.383225
118.383225
118.383225
118.383225
118.383225
118.383225
118.383225
118.383225
118.383225
118.383225
118.383225
118.383225
118.383225
118.383225
118.383225
118.383225
118.383225
118.383225
118.383225
118.383225
118.383225
118.383225
118.383225
118.383225
118.383225
118.383225
118.383225
118.383225
118.383225
118.383225
118.383225
118.383225
118.383225
118.383225
118.383225
118.383225
118.383225
118.383225
118.383225
118.383225
118.383225
118.383225
118.383225
118.383225
118.383225
118.383225
118.383225
118.383225
118.383225
118.383225
118.383225
118.383225
118.383225
118.383225
118.383225
118.383225
118.383225
118.383225
118.383225
118.383225
118.383225
118.383225
118.383225
118.383225
118.383225
118.383225
118.383225
118.383225
118.383225
118.383225
118.383225
118.383225
118.383225
118.383225
118.383225
118.383225
118.383225
118.383225
118.383225
118.383225
118.383225
118.383225
118.383225
118.383225
118.383225
118.383225
118.383225
118.383225
118.383225
118.383225
118.383225
118.383225
118.383225
118.383225
118.383225
118.383225
118.383225
118.383225
118.383225
118.383225
118.383225
118.383225
118.383225
118.383225
118.383225
118.383225
118.383225
118.383225
118.383225
118.383225
118.383225
118.383225
118.383225
118.383225
118.383225
118.383225
118.383225
118.383225
118.383225
118.383225
118.383225
118.383225
118.383225
118.383225
118.383225
118.383225
118.383225
118.383225
118.383225
118.383225
118.383225
118.383225
118.383225
118.383225
118.383225
118.383225
118.383225
118.383225
118.383225
118.383225
118.383225
118.383225
118.383225
118.383225
118.383225
118.383225
118.383225
118.383225
118.383225
118.383225
118.383225
118.383225
118.383225
118.383225
118.383225
118.383225
118.383225
118.383225
118.383225
118.383225
118.383225
118.383225
118.383225
118.383225
118.383225
118.383225
118.383225
118.383225
118.383225
118.383225
118.383225
118.383225
118.383225
118.383225
118.383225
118.383225
118.383225
118.383225
118.383225
118.383225
118.383225
118.383225
118.383225
118.383225
118.383225
118.383225
118.383225
118.383225
118.383225
118.383225
118.383225
118.383225
118.383225
118.383225
118.383225
118.383225
118.383225
118.383225
118.383225
118.383225
118.383225
118.383225
118.383225
118.383225
118.383225
118.383225
118.383225
118.383225
118.383225
118.383225
118.383225
118.383225
118.383225
118.383225
118.383225
118.383225
118.383225
118.383225
118.383225
118.383225
118.383225
118.383225
118.383225
118.383225
118.383225
118.383225
118.383225
118.383225
118.383225
118.383225
118.383225
118.383225
118.383225
118.383225
118.383225
118.383225
118.383225
118.383225
118.383225
118.383225
118.383225
118.383225
118.383225
118.383225
118.383225
118.383225
118.383225
118.383225
118.383225
118.383225
118.383225
118.383225
118.383225
118.383225
118.383225
118.383225
118.383225
118.383225
118.383225
118.383225
118.383225
118.383225
118.383225
118.383225
118.383225
118.383225
118.383225
118.383225
118.383225
118.383225
118.383225
118.383225
118.383225
118.383225
118.383225
118.383225
118.383225
118.383225
118.383225
118.383225
118.383225
118.383225
118.383225
118.383225
118.383225
118.383225
118.383225
118.383225
118.383225
118.383225
118.383225
118.383225
118.383225
118.383225
118.383225
118.383225
118.383225
118.383225
118.383225
118.383225
118.383225
118.383225
118.383225
118.383225
118.383225
118.383225
118.383225
118.383225
118.383225
118.383225
118.383225
118.383225
118.383225
118.383225
118.383225
118.383225
118.383225
118.383225
118.383225
118.383225
118.383225
118.383225
118.383225
118.383225
118.383225
118.383225
118.383225
118.383225
118.383225
118.383225
118.383225
118.383225
118.383225
118.383225
118.383225
118.383225
118.383225
118.383225
118.383225
118.383225
118.383225
118.383225
118.383225
118.383225
118.383225
118.383225
118.383225
118.383225
118.383225
118.383225
118.383225
118.383225
118.383225
118.383225
118.383225
118.383225
118.383225
118.383225
118.383225
118.383225
118.383225
118.383225
118.383225
118.383225
118.383225
118.383225
118.383225
118.383225
118.383225
118.383225
118.383225
118.383225
118.383225
118.383225
118.383225
118.383225
118.383225
118.383225
118.383225
118.383225
118.383225
118.383225
118.383225
118.383225
118.383225
118.383225
118.383225
118.383225
118.383225
118.383225
118.383225
118.383225
118.383225
118.383225
118.383225
118.383225
118.383225
118.383225
118.383225
118.383225
118.383225
118.383225
118.383225
118.383225
118.383225
118.383225
118.383225
118.383225
118.383225
118.383225
118.383225
118.383225
118.383225
118.383225
118.383225
118.383225
118.383225
118.383225
118.383225
118.383225
118.383225
118.383225
118.383225
118.383225
118.383225
118.383225
118.383225
118.383225
118.383225
118.383225
118.383225
118.383225
118.383225
118.383225
118.383225
118.383225
118.383225
118.383225
118.383225
118.383225
118.383225
118.383225
118.383225
118.383225
118.383225
118.383225
118.383225
118.383225
118.383225
118.383225
118.383225
118.383225
118.383225
118.383225
118.383225
118.383225
118.383225
118.383225
118.383225
118.383225
118.383225
118.383225
118.383225
118.383225
118.383225
118.383225
118.383225
118.383225
118.383225
118.383225
118.383225
118.383225
118.383225
118.383225
118.383225
118.383225
118.383225
118.383225
118.383225
118.383225
118.383225
118.383225
118.383225
118.383225
118.383225
118.383225
118.383225
118.383225
118.383225
118.383225
118.383225
118.383225
118.383225
118.383225
118.383225
118.383225
118.383225
118.383225
118.383225
118.383225
118.383225
118.383225
118.383225
118.383225
118.383225
118.383225
118.383225
118.383225
118.383225
118.383225
118.383225
118.383225
118.383225
118.383225
118.383225
118.383225
118.383225
118.383225
118.383225
118.383225
118.383225
118.383225
118.383225
118.383225
118.383225
118.383225
118.383225
118.383225
118.383225
118.383225
118.383225
118.383225
118.383225
118.383225
118.383225
118.383225
118.383225
118.383225
118.383225
118.383225
118.383225
118.383225
118.383225
118.383225
118.383225
118.383225
118.383225
118.383225
118.383225
118.383225
118.383225
118.383225
118.383225
118.383225
118.383225
118.383225
118.383225
118.383225
118.383225
118.383225
118.383225
118.383225
118.383225
118.383225
118.383225
118.383225
118.383225
118.383225
118.383225
118.383225
118.383225
118.383225
118.383225
118.383225
118.383225
118.383225
118.383225
118.383225
118.383225
118.383225
118.383225
118.383225
118.383225
118.383225
118.383225
118.383225
118.383225
118.383225
118.383225
118.383225
118.383225
118.383225
118.383225
118.383225
118.383225
118.383225
118.383225
118.383225
118.383225
118.383225
118.383225
118.383225
118.383225
118.383225
118.383225
118.383225
118.383225
118.383225
118.383225
118.383225
118.383225
118.383225
118.383225
118.383225
118.383225
118.383225
118.383225
118.383225
118.383225
118.383225
118.383225
118.383225
118.383225
118.383225
118.383225
118.383225
118.383225
118.383225
118.383225
118.383225
118.383225
118.383225
118.383225
118.383225
118.383225
118.383225
118.383225
118.383225
118.383225
118.383225
118.383225
118.383225
118.383225
118.383225
118.383225
118.383225
118.383225
118.383225
118.383225
118.383225
118.383225
118.383225
118.383225
118.383225
118.383225
118.383225
118.383225
118.383225
118.383225
118.383225
118.383225
118.383225
118.383225
118.383225
118.383225
118.383225
118.383225
118.383225
118.383225
118.383225
118.383225
118.383225
118.383225
118.383225
118.383225
118.383225
118.383225
118.383225
118.383225
118.383225
118.383225
118.383225
118.383225
118.383225
118.383225
118.383225
118.383225
118.383225
118.383225
118.383225
118.383225
118.383225
118.383225
118.383225
118.383225
118.383225
118.383225
118.383225
118.383225
118.383225
118.383225
118.383225
118.383225
118.383225
118.383225
118.383225
118.383225
118.383225
118.383225
118.383225
118.383225
118.383225
118.383225
118.383225
118.383225
118.383225
118.383225
118.383225
118.383225
118.383225
118.383225
118.383225
118.383225
118.383225
118.383225
118.383225
118.383225
118.383225
118.383225
118.383225
118.383225
118.383225
118.383225
118.383225
118.383225
118.383225
118.383225
118.383225
118.383225
118.383225
118.383225
118.383225
118.383225
118.383225
118.383225
118.383225
118.383225
118.383225
118.383225
118.383225
118.383225
118.383225
118.383225
118.383225
118.383225
118.383225
118.383225
118.383225
118.383225
118.383225
118.383225
118.383225
118.383225
118.383225
118.383225
118.383225
118.383225
118.383225
118.383225
118.383225
118.383225
118.383225
118.383225
118.383225
118.383225
118.383225
118.383225
118.383225
118.383225
118.383225
118.383225
118.383225
118.383225
118.383225
118.383225
118.383225
118.383225
118.383225
118.383225
118.383225
118.383225
118.383225
118.383225
118.383225
118.383225
118.383225
118.383225
118.383225
118.383225
118.383225
118.383225
118.383225
118.383225
118.383225
118.383225
118.383225
118.383225
118.383225
118.383225
118.383225
118.383225
118.383225
118.383225
118.383225
118.383225
118.383225
118.383225
118.383225
118.383225
118.383225
118.383225
118.383225
118.383225
118.383225
118.383225
118.383225
118.383225
118.383225
118.383225
118.383225
118.383225
118.383225
118.383225
118.383225
118.383225
118.383225
118.383225
118.383225
118.383225
118.383225
118.383225
118.383225
118.383225
118.383225
118.383225
118.383225
118.383225
118.383225
118.383225
118.383225
118.383225
118.383225
118.383225
118.383225
118.383225
118.383225
118.383225
118.383225
118.383225
118.383225
118.383225
118.383225
118.383225
118.383225
118.383225
118.383225
118.383225
118.383225
118.383225
118.383225
118.383225
118.383225
118.383225
118.383225
118.383225
118.383225
118.383225
118.383225
118.383225
118.383225
118.383225
118.383225
118.383225
118.383225
118.383225
118.383225
118.383225
118.383225
118.383225
118.383225
118.383225
118.383225
118.383225
118.383225
118.383225
118.383225
118.383225
118.383225
118.383225
118.383225
118.383225
118.383225
118.383225
118.383225
118.383225
118.383225
118.383225
118.383225
118.383225
118.383225
118.383225
118.383225
118.383225
118.383225
118.383225
118.383225
118.383225
118.383225
118.383225
118.383225
118.383225
118.383225
118.383225
118.383225
118.383225
118.383225
118.383225
118.383225
118.383225
118.383225
118.383225
118.383225
118.383225
118.383225
118.383225
118.383225
118.383225
118.383225
118.383225
118.383225
118.383225
118.383225
118.383225
118.383225
118.383225
118.383225
118.383225
118.383225
118.383225
118.383225
118.383225
118.383225
118.383225
118.383225
118.383225
118.383225
118.383225
118.383225
118.383225
118.383225
118.383225
118.383225
118.383225
118.383225
118.383225
118.383225
118.383225
118.383225
118.383225
118.383225
118.383225
118.383225
118.383225
118.383225
118.383225
118.383225
118.383225
118.383225
118.383225
118.383225
118.383225
118.383225
118.383225
118.383225
118.383225
118.383225
118.383225
118.383225
118.383225
118.383225
118.383225
118.383225
118.383225
118.383225
118.383225
118.383225
118.383225
118.383225
118.383225
118.383225
118.383225
118.383225
118.383225
118.383225
118.383225
118.383225
118.383225
118.383225
118.383225
118.383225
118.383225
118.383225
118.383225
118.383225
118.383225
118.383225
118.383225
118.383225
118.383225
118.383225
118.383225
118.383225
118.383225
118.383225
118.383225
118.383225
118.383225
118.383225
118.383225
118.383225
118.383225
118.383225
118.383225
118.383225
118.383225
118.383225
118.383225
118.383225
118.383225
118.383225
118.383225
118.383225
118.383225
118.383225
118.383225
118.383225
118.383225
118.383225
118.383225
118.383225
118.383225
118.383225
118.383225
118.383225
118.383225
118.383225
118.383225
118.383225
118.383225
118.383225
118.383225
118.383225
118.383225
118.383225
118.383225
118.383225
118.383225
118.383225
118.383225
118.383225
118.383225
118.383225
118.383225
118.383225
118.383225
118.383225
118.383225
118.383225
118.383225
118.383225
118.383225
118.383225
118.383225
118.383225
118.383225
118.383225
118.383225
118.383225
118.383225
118.383225
118.383225
118.383225
118.383225
118.383225
118.383225
118.383225
118.383225
118.383225
118.383225
118.383225
118.383225
118.383225
118.383225
118.383225
118.383225
118.383225
118.383225
118.383225
118.383225
118.383225
118.383225
118.383225
118.383225
118.383225
118.383225
118.383225
118.383225
118.383225
118.383225
118.383225
118.383225
118.383225
118.383225
118.383225
118.383225
118.383225
118.383225
118.383225
118.383225
118.383225
118.383225
118.383225
118.383225
118.383225
118.383225
118.383225
118.383225
118.383225
118.383225
118.383225
118.383225
118.383225
118.383225
118.383225
118.383225
118.383225
118.383225
118.383225
118.383225
118.383225
118.383225
118.383225
118.383225
118.383225
118.383225
118.383225
118.383225
118.383225
118.383225
118.383225
118.383225
118.383225
118.383225
118.383225
118.383225
118.383225
118.383225
118.383225
118.383225
118.383225
118.383225
118.383225
118.383225
118.383225
118.383225
118.383225
118.383225
118.383225
118.383225
118.383225
118.383225
118.383225
118.383225
118.383225
118.383225
118.383225
118.383225
118.383225
118.383225
118.383225
118.383225
118.383225
118.383225
118.383225
118.383225
118.383225
118.383225
118.383225
118.383225
118.383225
118.383225
118.383225
118.383225
118.383225
118.383225
118.383225
118.383225
118.383225
118.383225
118.383225
118.383225
118.383225
118.383225
118.383225
118.383225
118.383225
118.383225
118.383225
118.383225
118.383225
118.383225
118.383225
118.383225
118.383225
118.383225
118.383225
118.383225
118.383225
118.383225
118.383225
118.383225
118.383225
118.383225
118.383225
118.383225
118.383225
118.383225
118.383225
118.383225
118.383225
118.383225
118.383225
118.383225
118.383225
118.383225
118.383225
118.383225
118.383225
118.383225
118.383225
118.383225
118.383225
118.383225
118.383225
118.383225
118.383225
118.383225
118.383225
118.383225
118.383225
118.383225
118.383225
118.383225
118.383225
118.383225
118.383225
118.383225
118.383225
118.383225
118.383225
118.383225
118.383225
118.383225
118.383225
118.383225
118.383225
118.383225
118.383225
118.383225
118.383225
118.383225
118.383225
118.383225
118.383225
118.383225
118.383225
118.383225
118.383225
118.383225
118.383225
118.383225
118.383225
118.383225
118.383225
118.383225
118.383225
118.383225
118.383225
118.383225
118.383225
118.383225
118.383225
118.383225
118.383225
118.383225
118.383225
118.383225
118.383225
118.383225
118.383225
118.383225
118.383225
118.383225
118.383225
118.383225
118.383225
118.383225
118.383225
118.383225
118.383225
118.383225
118.383225
118.383225
118.383225
118.383225
118.383225
118.383225
118.383225
118.383225
118.383225
118.383225
118.383225
118.383225
118.383225
118.383225
118.383225
118.383225
118.383225
118.383225
118.383225
118.383225
118.383225
118.383225
118.383225
118.383225
118.383225
118.383225
118.383225
118.383225
118.383225
118.383225
118.383225
118.383225
118.383225
118.383225
118.383225
118.383225
118.383225
118.383225
118.383225
118.383225
118.383225
118.383225
118.383225
118.383225
118.383225
118.383225
118.383225
118.383225
118.383225
118.383225
118.383225
118.383225
118.383225
118.383225
118.383225
118.383225
118.383225
118.383225
118.383225
118.383225
118.383225
118.383225
118.383225
118.383225
118.383225
118.383225
118.383225
118.383225
118.383225
118.383225
118.383225
118.383225
118.383225
118.383225
118.383225
118.383225
118.383225
118.383225
118.383225
118.383225
118.383225
118.383225
118.383225
118.383225
118.383225
118.383225
118.383225
118.383225
118.383225
118.383225
118.383225
118.383225
118.383225
118.383225
118.383225
118.383225
118.383225
118.383225
118.383225
118.383225
118.383225
118.383225
118.383225
118.383225
118.383225
118.383225
118.383225
118.383225
118.383225
118.383225
118.383225
118.383225
118.383225
118.383225
118.383225
118.383225
118.383225
118.383225
118.383225
118.383225
118.383225
118.383225
118.383225
118.383225
118.383225
118.383225
118.383225
118.383225
118.383225
118.383225
118.383225
118.383225
118.383225
118.383225
118.383225
118.383225
118.383225
118.383225
118.383225
118.383225
118.383225
118.383225
118.383225
118.383225
118.383225
118.383225
118.383225
118.383225
118.383225
118.383225
118.383225
118.383225
118.383225
118.383225
118.383225
118.383225
118.383225
118.383225
118.383225
118.383225
118.383225
118.383225
118.383225
118.383225
118.383225
118.383225
118.383225
118.383225
118.383225
118.383225
118.383225
118.383225
118.383225
118.383225
118.383225
118.383225
118.383225
118.383225
118.383225
118.383225
118.383225
118.383225
118.383225
118.383225
118.383225
118.383225
118.383225
118.383225
118.383225
118.383225
118.383225
118.383225
118.383225
118.383225
118.383225
118.383225
118.383225
118.383225
118.383225
118.383225
118.383225
118.383225
118.383225
118.383225
118.383225
118.383225
118.383225
118.383225
118.383225
118.383225
118.383225
118.383225
118.383225
118.383225
118.383225
118.383225
118.383225
118.383225
118.383225
118.383225
118.383225
118.383225
118.383225
118.383225
118.383225
118.383225
118.383225
118.383225
118.383225
118.383225
118.383225
118.383225
118.383225
118.383225
118.383225
118.383225
118.383225
118.383225
118.383225
118.383225
118.383225
118.383225
118.383225
118.383225
118.383225
118.383225
118.383225
118.383225
118.383225
118.383225
118.383225
118.383225
118.383225
118.383225
118.383225
118.383225
118.383225
118.383225
118.383225
118.383225
118.383225
118.383225
118.383225
118.383225
118.383225
118.383225
118.383225
118.383225
118.383225
118.383225
118.383225
118.383225
118.383225
118.383225
118.383225
118.383225
118.383225
118.383225
118.383225
118.383225
118.383225
118.383225
118.383225
118.383225
118.383225
118.383225
118.383225
118.383225
118.383225
118.383225
118.383225
118.383225
118.383225
118.383225
118.383225
118.383225
118.383225
118.383225
118.383225
118.383225
118.383225
118.383225
118.383225
118.383225
118.383225
118.383225
118.383225
118.383225
118.383225
118.383225
118.383225
118.383225
118.383225
118.383225
118.383225
118.383225
118.383225
118.383225
118.383225
118.383225
118.383225
118.383225
118.383225
118.383225
118.383225
118.383225
118.383225
118.383225
118.383225
118.383225
118.383225
118.383225
118.383225
118.383225
118.383225
118.383225
118.383225
118.383225
118.383225
118.383225
118.383225
118.383225
118.383225
118.383225
118.383225
118.383225
118.383225
118.383225
118.383225
118.383225
118.383225
118.383225
118.383225
118.383225
118.383225
118.383225
118.383225
118.383225
118.383225
118.383225
118.383225
118.383225
118.383225
118.383225
118.383225
118.383225
118.383225
118.383225
118.383225
118.383225
118.383225
118.383225
118.383225
118.383225
118.383225
118.383225
118.383225
118.383225
118.383225
118.383225
118.383225
118.383225
118.383225
118.383225
118.383225
118.383225
118.383225
118.383225
118.383225
118.383225
118.383225
118.383225
118.383225
118.383225
118.383225
118.383225
118.383225
118.383225
118.383225
118.383225
118.383225
118.383225
118.383225
118.383225
118.383225
118.383225
118.383225
118.383225
118.383225
118.383225
118.383225
118.383225
118.383225
118.383225
118.383225
118.383225
118.383225
118.383225
118.383225
118.383225
118.383225
118.383225
118.383225
118.383225
118.383225
118.383225
118.383225
118.383225
118.383225
118.383225
118.383225
118.383225
118.383225
118.383225
118.383225
118.383225
118.383225
118.383225
118.383225
118.383225
118.383225
118.383225
118.383225
118.383225
118.383225
118.383225
118.383225
118.383225
118.383225
118.383225
118.383225
118.383225
118.383225
118.383225
118.383225
118.383225
118.383225
118.383225
118.383225
118.383225
118.383225
118.383225
118.383225
118.383225
118.383225
118.383225
118.383225
118.383225
118.383225
118.383225
118.383225
118.383225
118.383225
118.383225
118.383225
118.383225
118.383225
118.383225
118.383225
118.383225
118.383225
118.383225
118.383225
118.383225
118.383225
118.383225
118.383225
118.383225
118.383225
118.383225
118.383225
118.383225
118.383225
118.383225
118.383225
118.383225
118.383225
118.383225
118.383225
118.383225
118.383225
118.383225
118.383225
118.383225
118.383225
118.383225
118.383225
118.383225
118.383225
118.383225
118.383225
118.383225
118.383225
118.383225
118.383225
118.383225
118.383225
118.383225
118.383225
118.383225
118.383225
118.383225
118.383225
118.383225
118.383225
118.383225
118.383225
118.383225
118.383225
118.383225
118.383225
118.383225
118.383225
118.383225
118.383225
118.383225
118.383225
118.383225
118.383225
118.383225
118.383225
118.383225
118.383225
118.383225
118.383225
118.383225
118.383225
118.383225
118.383225
118.383225
118.383225
118.383225
118.383225
118.383225
118.383225
118.383225
118.383225
118.383225
118.383225
118.383225
118.383225
118.383225
118.383225
118.383225
118.383225
118.383225
118.383225
118.383225
118.383225
118.383225
118.383225
118.383225
118.383225
118.383225
118.383225
118.383225
118.383225
118.383225
118.383225
118.383225
118.383225
118.383225
118.383225
118.383225
118.383225
118.383225
118.383225
118.383225
118.383225
118.383225
118.383225
118.383225
118.383225
118.383225
118.383225
118.383225
118.383225
118.383225
118.383225
118.383225
118.383225
118.383225
118.383225
118.383225
118.383225
118.383225
118.383225
118.383225
118.383225
118.383225
118.383225
118.383225
118.383225
118.383225
118.383225
118.383225
118.383225
118.383225
118.383225
118.383225
118.383225
118.383225
118.383225
118.383225
118.383225
118.383225
118.383225
118.383225
118.383225
118.383225
118.383225
118.383225
118.383225
118.383225
118.383225
118.383225
118.383225
118.383225
118.383225
118.383225
118.383225
118.383225
118.383225
118.383225
118.383225
118.383225
118.383225
118.383225
118.383225
118.383225
118.383225
118.383225
118.383225
118.383225
118.383225
118.383225
118.383225
118.383225
118.383225
118.383225
118.383225
118.383225
118.383225
118.383225
118.383225
118.383225
118.383225
118.383225
118.383225
118.383225
118.383225
118.383225
118.383225
118.383225
118.383225
118.383225
118.383225
118.383225
118.383225
118.383225
118.383225
118.383225
118.383225
118.383225
118.383225
118.383225
118.383225
118.383225
118.383225
118.383225
118.383225
118.383225
118.383225
118.383225
118.383225
118.383225
118.383225
118.383225
118.383225
118.383225
118.383225
118.383225
118.383225
118.383225
118.383225
118.383225
118.383225
118.383225
118.383225
118.383225
118.383225
118.383225
118.383225
118.383225
118.383225
118.383225
118.383225
118.383225
118.383225
118.383225
118.383225
118.383225
118.383225
118.383225
118.383225
118.383225
118.383225
118.383225
118.383225
118.383225
118.383225
118.383225
118.383225
118.383225
118.383225
118.383225
118.383225
118.383225
118.383225
118.383225
118.383225
118.383225
118.383225
118.383225
118.383225
118.383225
118.383225
118.383225
118.383225
118.383225
118.383225
118.383225
118.383225
118.383225
118.383225
118.383225
118.383225
118.383225
118.383225
118.383225
118.383225
118.383225
118.383225
118.383225
118.383225
118.383225
118.383225
118.383225
118.383225
118.383225
118.383225
118.383225
118.383225
118.383225
118.383225
118.383225
118.383225
118.383225
118.383225
118.383225
118.383225
118.383225
118.383225
118.383225
118.383225
118.383225
118.383225
118.383225
118.383225
118.383225
118.383225
118.383225
118.383225
118.383225
118.383225
118.383225
118.383225
118.383225
118.383225
118.383225
118.383225
118.383225
118.383225
118.383225
118.383225
118.383225
118.383225
118.383225
118.383225
118.383225
118.383225
118.383225
118.383225
118.383225
118.383225
118.383225
118.383225
118.383225
118.383225
118.383225
118.383225
118.383225
118.383225
118.383225
118.383225
118.383225
118.383225
118.383225
118.383225
118.383225
118.383225
118.383225
118.383225
118.383225
118.383225
118.383225
118.383225
118.383225
118.383225
118.383225
118.383225
118.383225
118.383225
118.383225
118.383225
118.383225
118.383225
118.383225
118.383225
118.383225
118.383225
118.383225
118.383225
118.383225
118.383225
118.383225
118.383225
118.383225
118.383225
118.383225
118.383225
118.383225
118.383225
118.383225
118.383225
118.383225
118.383225
118.383225
118.383225
118.383225
118.383225
118.383225
118.383225
118.383225
118.383225
118.383225
118.383225
118.383225
118.383225
118.383225
118.383225
118.383225
118.383225
118.383225
118.383225
118.383225
118.383225
118.383225
118.383225
118.383225
118.383225
118.383225
118.383225
118.383225
118.383225
118.383225
118.383225
118.383225
118.383225
118.383225
118.383225
118.383225
118.383225
118.383225
118.383225
118.383225
118.383225
118.383225
118.383225
118.383225
118.383225
118.383225
118.383225
118.383225
118.383225
118.383225
118.383225
118.383225
118.383225
118.383225
118.383225
118.383225
118.383225
118.383225
118.383225
118.383225
118.383225
118.383225
118.383225
118.383225
118.383225
118.383225
118.383225
118.383225
118.383225
118.383225
118.383225
118.383225
118.383225
118.383225
118.383225
118.383225
118.383225
118.383225
118.383225
118.383225
118.383225
118.383225
118.383225
118.383225
118.383225
118.383225
118.383225
118.383225
118.383225
118.383225
118.383225
118.383225
118.383225
118.383225
118.383225
118.383225
118.383225
118.383225
118.383225
118.383225
118.383225
118.383225
118.383225
118.383225
118.383225
118.383225
118.383225
118.383225
118.383225
118.383225
118.383225
118.383225
118.383225
118.383225
118.383225
118.383225
118.383225
118.383225
118.383225
118.383225
118.383225
118.383225
118.383225
118.383225
118.383225
118.383225
118.383225
118.383225
118.383225
118.383225
118.383225
118.383225
118.383225
118.383225
118.383225
118.383225
118.383225
118.383225
118.383225
118.383225
118.383225
118.383225
118.383225
118.383225
118.383225
118.383225
118.383225
118.383225
118.383225
118.383225
118.383225
118.383225
118.383225
118.383225
118.383225
118.383225
118.383225
118.383225
118.383225
118.383225
118.383225
118.383225
118.383225
118.383225
118.383225
118.383225
118.383225
118.383225
118.383225
118.383225
118.383225
118.383225
118.383225
118.383225
118.383225
118.383225
118.383225
118.383225
118.383225
118.383225
118.383225
118.383225
118.383225
118.383225
118.383225
118.383225
118.383225
118.383225
118.383225
118.383225
118.383225
118.383225
118.383225
118.383225
118.383225
118.383225
118.383225
118.383225
118.383225
118.383225
118.383225
118.383225
118.383225
118.383225
118.383225
118.383225
118.383225
118.383225
118.383225
118.383225
118.383225
118.383225
118.383225
118.383225
118.383225
118.383225
118.383225
118.383225
118.383225
118.383225
118.383225
118.383225
118.383225
118.383225
118.383225
118.383225
118.383225
118.383225
118.383225
118.383225
118.383225
118.383225
118.383225
118.383225
118.383225
118.383225
118.383225
118.383225
118.383225
118.383225
118.383225
118.383225
118.383225
118.383225
118.383225
118.383225
118.383225
118.383225
118.383225
118.383225
118.383225
118.383225
118.383225
118.383225
118.383225
118.383225
118.383225
118.383225
118.383225
118.383225
118.383225
118.383225
118.383225
118.383225
118.383225
118.383225
118.383225
118.383225
118.383225
118.383225
118.383225
118.383225
118.383225
118.383225
118.383225
118.383225
118.383225
118.383225
118.383225
118.383225
118.383225
118.383225
118.383225
118.383225
118.383225
118.383225
118.383225
118.383225
118.383225
118.383225
118.383225
118.383225
118.383225
118.383225
118.383225
118.383225
118.383225
118.383225
118.383225
118.383225
118.383225
118.383225
118.383225
118.383225
118.383225
118.383225
118.383225
118.383225
118.383225
118.383225
118.383225
118.383225
118.383225
118.383225
118.383225
118.383225
118.383225
118.383225
118.383225
118.383225
118.383225
118.383225
118.383225
118.383225
118.383225
118.383225
118.383225
118.383225
118.383225
118.383225
118.383225
118.383225
118.383225
118.383225
118.383225
118.383225
118.383225
118.383225
118.383225
118.383225
118.383225
118.383225
118.383225
118.383225
118.383225
118.383225
118.383225
118.383225
118.383225
118.383225
118.383225
118.383225
118.383225
118.383225
118.383225
118.383225
118.383225
118.383225
118.383225
118.383225
118.383225
118.383225
118.383225
118.383225
118.383225
118.383225
118.383225
118.383225
118.383225
118.383225
118.383225
118.383225
118.383225
118.383225
118.383225
118.383225
118.383225
118.383225
118.383225
118.383225
118.383225
118.383225
118.383225
118.383225
118.383225
118.383225
118.383225
118.383225
118.383225
118.383225
118.383225
118.383225
118.383225
118.383225
118.383225
118.383225
118.383225
118.383225
118.383225
118.383225
118.383225
118.383225
118.383225
118.383225
118.383225
118.383225
118.383225
118.383225
118.383225
118.383225
118.383225
118.383225
118.383225
118.383225
118.383225
118.383225
118.383225
118.383225
118.383225
118.383225
118.383225
118.383225
118.383225
118.383225
118.383225
118.383225
118.383225
118.383225
118.383225
118.383225
118.383225
118.383225
118.383225
118.383225
118.383225
118.383225
118.383225
118.383225
118.383225
118.383225
118.383225
118.383225
118.383225
118.383225
118.383225
118.383225
118.383225
118.383225
118.383225
118.383225
118.383225
118.383225
118.383225
118.383225
118.383225
118.383225
118.383225
118.383225
118.383225
118.383225
118.383225
118.383225
118.383225
118.383225
118.383225
118.383225
118.383225
118.383225
118.383225
118.383225
118.383225
118.383225
118.383225
118.383225
118.383225
118.383225
118.383225
118.383225
118.383225
118.383225
118.383225
118.383225
118.383225
118.383225
118.383225
118.383225
118.383225
118.383225
118.383225
118.383225
118.383225
118.383225
118.383225
118.383225
118.383225
118.383225
118.383225
118.383225
118.383225
118.383225
118.383225
118.383225
118.383225
118.383225
118.383225
118.383225
118.383225
118.383225
118.383225
118.383225
118.383225
118.383225
118.383225
118.383225
118.383225
118.383225
118.383225
118.383225
118.383225
118.383225
118.383225
118.383225
118.383225
118.383225
118.383225
118.383225
118.383225
118.383225
118.383225
118.383225
118.383225
118.383225
118.383225
118.383225
118.383225
118.383225
118.383225
118.383225
118.383225
118.383225
118.383225
118.383225
118.383225
118.383225
118.383225
118.383225
118.383225
118.383225
118.383225
118.383225
118.383225
118.383225
118.383225
118.383225
118.383225
118.383225
118.383225
118.383225
118.383225
118.383225
118.383225
118.383225
118.383225
118.383225
118.383225
118.383225
118.383225
118.383225
118.383225
118.383225
118.383225
118.383225
118.383225
118.383225
118.383225
118.383225
118.383225
118.383225
118.383225
118.383225
118.383225
118.383225
118.383225
118.383225
118.383225
118.383225
118.383225
118.383225
118.383225
118.383225
118.383225
118.383225
118.383225
118.383225
118.383225
118.383225
118.383225
118.383225
118.383225
118.383225
118.383225
118.383225
118.383225
118.383225
118.383225
118.383225
118.383225
118.383225
118.383225
118.383225
118.383225
118.383225
118.383225
118.383225
118.383225
118.383225
118.383225
118.383225
118.383225
118.383225
118.383225
118.383225
118.383225
118.383225
118.383225
118.383225
118.383225
118.383225
118.383225
118.383225
118.383225
118.383225
118.383225
118.383225
118.383225
118.383225
118.383225
118.383225
118.383225
118.383225
118.383225
118.383225
118.383225
118.383225
118.383225
118.383225
118.383225
118.383225
118.383225
118.383225
118.383225
118.383225
118.383225
118.383225
118.383225
118.383225
118.383225
118.383225
118.383225
118.383225
118.383225
118.383225
118.383225
118.383225
118.383225
118.383225
118.383225
118.383225
118.383225
118.383225
118.383225
118.383225
118.383225
118.383225
118.383225
118.383225
118.383225
118.383225
118.383225
118.383225
118.383225
118.383225
118.383225
118.383225
118.383225
118.383225
118.383225
118.383225
118.383225
118.383225
118.383225
118.383225
118.383225
118.383225
118.383225
118.383225
118.383225
118.383225
118.383225
118.383225
118.383225
118.383225
118.383225
118.383225
118.383225
118.383225
118.383225
118.383225
118.383225
118.383225
118.383225
118.383225
118.383225
118.383225
118.383225
118.383225
118.383225
118.383225
118.383225
118.383225
118.383225
118.383225
118.383225
118.383225
118.383225
118.383225
118.383225
118.383225
118.383225
118.383225
118.383225
118.383225
118.383225
118.383225
118.383225
118.383225
118.383225
118.383225
118.383225
118.383225
118.383225
118.383225
118.383225
118.383225
118.383225
118.383225
118.383225
118.383225
118.383225
118.383225
118.383225
118.383225
118.383225
118.383225
118.383225
118.383225
118.383225
118.383225
118.383225
118.383225
118.383225
118.383225
118.383225
118.383225
118.383225
118.383225
118.383225
118.383225
118.383225
118.383225
118.383225
118.383225
118.383225
118.383225
118.383225
118.383225
118.383225
118.383225
118.383225
118.383225
118.383225
118.383225
118.383225
118.383225
118.383225
118.383225
118.383225
118.383225
118.383225
118.383225
118.383225
118.383225
118.383225
118.383225
118.383225
118.383225
118.383225
118.383225
118.383225
118.383225
118.383225
118.383225
118.383225
118.383225
118.383225
118.383225
118.383225
118.383225
118.383225
118.383225
118.383225
118.383225
118.383225
118.383225
118.383225
118.383225
118.383225
118.383225
118.383225
118.383225
118.383225
118.383225
118.383225
118.383225
118.383225
118.383225
118.383225
118.383225
118.383225
118.383225
118.383225
118.383225
118.383225
118.383225
118.383225
118.383225
118.383225
118.383225
118.383225
118.383225
118.383225
118.383225
118.383225
118.383225
118.383225
118.383225
118.383225
118.383225
118.383225
118.383225
118.383225
118.383225
118.383225
118.383225
118.383225
118.383225
118.383225
118.383225
118.383225
118.383225
118.383225
118.383225
118.383225
118.383225
118.383225
118.383225
118.383225
118.383225
118.383225
118.383225
118.383225
118.383225
118.383225
118.383225
118.383225
118.383225
118.383225
118.383225
118.383225
118.383225
118.383225
118.383225
118.383225
118.383225
118.383225
118.383225
118.383225
118.383225
118.383225
118.383225
118.383225
118.383225
118.383225
118.383225
118.383225
118.383225
118.383225
118.383225
118.383225
118.383225
118.383225
118.383225
118.383225
118.383225
118.383225
118.383225
118.383225
118.383225
118.383225
118.383225
118.383225
118.383225
118.383225
118.383225
118.383225
118.383225
118.383225
118.383225
118.383225
118.383225
118.383225
118.383225
118.383225
118.383225
118.383225
118.383225
118.383225
118.383225
118.383225
118.383225
118.383225
118.383225
118.383225
118.383225
118.383225
118.383225
118.383225
118.383225
118.383225
118.383225
118.383225
118.383225
118.383225
118.383225
118.383225
118.383225
118.383225
118.383225
118.383225
118.383225
118.383225
118.383225
118.383225
118.383225
118.383225
118.383225
118.383225
118.383225
118.383225
118.383225
118.383225
118.383225
118.383225
118.383225
118.383225
118.383225
118.383225
118.383225
118.383225
118.383225
118.383225
118.383225
118.383225
118.383225
118.383225
118.383225
118.383225
118.383225
118.383225
118.383225
118.383225
118.383225
118.383225
118.383225
118.383225
118.383225
118.383225
118.383225
118.383225
118.383225
118.383225
118.383225
118.383225
118.383225
118.383225
118.383225
118.383225
118.383225
118.383225
118.383225
118.383225
118.383225
118.383225
118.383225
118.383225
118.383225
118.383225
118.383225
118.383225
118.383225
118.383225
118.383225
118.383225
118.383225
118.383225
118.383225
118.383225
118.383225
118.383225
118.383225
118.383225
118.383225
118.383225
118.383225
118.383225
118.383225
118.383225
118.383225
118.383225
118.383225
118.383225
118.383225
118.383225
118.383225
118.383225
118.383225
118.383225
118.383225
118.383225
118.383225
118.383225
118.383225
118.383225
118.383225
118.383225
118.383225
118.383225
118.383225
118.383225
118.383225
118.383225
118.383225
118.383225
118.383225
118.383225
118.383225
118.383225
118.383225
118.383225
118.383225
118.383225
118.383225
118.383225
118.383225
118.383225
118.383225
118.383225
118.383225
118.383225
118.383225
118.383225
118.383225
118.383225
118.383225
118.383225
118.383225
118.383225
118.383225
118.383225
118.383225
118.383225
118.383225
118.383225
118.383225
118.383225
118.383225
118.383225
118.383225
118.383225
118.383225
118.383225
118.383225
118.383225
118.383225
118.383225
118.383225
118.383225
118.383225
118.383225
118.383225
118.383225
118.383225
118.383225
118.383225
118.383225
118.383225
118.383225
118.383225
118.383225
118.383225
118.383225
118.383225
118.383225
118.383225
118.383225
118.383225
118.383225
118.383225
118.383225
118.383225
118.383225
118.383225
118.383225
118.383225
118.383225
118.383225
118.383225
118.383225
118.383225
118.383225
118.383225
118.383225
118.383225
118.383225
118.383225
118.383225
118.383225
118.383225
118.383225
118.383225
118.383225
118.383225
118.383225
118.383225
118.383225
118.383225
118.383225
118.383225
118.383225
118.383225
118.383225
118.383225
118.383225
118.383225
118.383225
118.383225
118.383225
118.383225
118.383225
118.383225
118.383225
118.383225
118.383225
118.383225
118.383225
118.383225
118.383225
118.383225
118.383225
118.383225
118.383225
118.383225
118.383225
118.383225
118.383225
118.383225
118.383225
118.383225
118.383225
118.383225
118.383225
118.383225
118.383225
118.383225
118.383225
118.383225
118.383225
118.383225
118.383225
118.383225
118.383225
118.383225
118.383225
118.383225
118.383225
118.383225
118.383225
118.383225
118.383225
118.383225
118.383225
118.383225
118.383225
118.383225
118.383225
118.383225
118.383225
118.383225
118.383225
118.383225
118.383225
118.383225
118.383225
118.383225
118.383225
118.383225
118.383225
118.383225
118.383225
118.383225
118.383225
118.383225
118.383225
118.383225
118.383225
118.383225
118.383225
118.383225
118.383225
118.383225
118.383225
118.383225
118.383225
118.383225
118.383225
118.383225
118.383225
118.383225
118.383225
118.383225
118.383225
118.383225
118.383225
118.383225
118.383225
118.383225
118.383225
118.383225
118.383225
118.383225
118.383225
118.383225
118.383225
118.383225
118.383225
118.383225
118.383225
118.383225
118.383225
118.383225
118.383225
118.383225
118.383225
118.383225
118.383225
118.383225
118.383225
118.383225
118.383225
118.383225
118.383225
118.383225
118.383225
118.383225
118.383225
118.383225
118.383225
118.383225
118.383225
118.383225
118.383225
118.383225
118.383225
118.383225
118.383225
118.383225
118.383225
118.383225
118.383225
118.383225
118.383225
118.383225
118.383225
118.383225
118.383225
118.383225
118.383225
118.383225
118.383225
118.383225
118.383225
118.383225
118.383225
118.383225
118.383225
118.383225
118.383225
118.383225
118.383225
118.383225
118.383225
118.383225
118.383225
118.383225
118.383225
118.383225
118.383225
118.383225
118.383225
118.383225
118.383225
118.383225
118.383225
118.383225
118.383225
118.383225
118.383225
118.383225
118.383225
118.383225
118.383225
118.383225
118.383225
118.383225
118.383225
118.383225
118.383225
118.383225
118.383225
118.383225
118.383225
118.383225
118.383225
118.383225
118.383225
118.383225
118.383225
118.383225
118.383225
118.383225
118.383225
118.383225
118.383225
118.383225
118.383225
118.383225
118.383225
118.383225
118.383225
118.383225
118.383225
118.383225
118.383225
118.383225
118.383225
118.383225
118.383225
118.383225
118.383225
118.383225
118.383225
118.383225
118.383225
118.383225
118.383225
118.383225
118.383225
118.383225
118.383225
118.383225
118.383225
118.383225
118.383225
118.383225
118.383225
118.383225
118.383225
118.383225
118.383225
118.383225
118.383225
118.383225
118.383225
118.383225
118.383225
118.383225
118.383225
118.383225
118.383225
118.383225
118.383225
118.383225
118.383225
118.383225
118.383225
118.383225
118.383225
118.383225
118.383225
118.383225
118.383225
118.383225
118.383225
118.383225
118.383225
118.383225
118.383225
118.383225
118.383225
118.383225
118.383225
118.383225
118.383225
118.383225
118.383225
118.383225
118.383225
118.383225
118.383225
118.383225
118.383225
118.383225
118.383225
118.383225
118.383225
118.383225
118.383225
118.383225
118.383225
118.383225
118.383225
118.383225
118.383225
118.383225
118.383225
118.383225
118.383225
118.383225
118.383225
118.383225
118.383225
118.383225
118.383225
118.383225
118.383225
118.383225
118.383225
118.383225
118.383225
118.383225
118.383225
118.383225
118.383225
118.383225
118.383225
118.383225
118.383225
118.383225
118.383225
118.383225
118.383225
118.383225
118.383225
118.383225
118.383225
118.383225
118.383225
118.383225
118.383225
118.383225
118.383225
118.383225
118.383225
118.383225
118.383225
118.383225
118.383225
118.383225
118.383225
118.383225
118.383225
118.383225
118.383225
118.383225
118.383225
118.383225
118.383225
118.383225
118.383225
118.383225
118.383225
118.383225
118.383225
118.383225
118.383225
118.383225
118.383225
118.383225
118.383225
118.383225
118.383225
118.383225
118.383225
118.383225
118.383225
118.383225
118.383225
118.383225
118.383225
118.383225
118.383225
118.383225
118.383225
118.383225
118.383225
118.383225
118.383225
118.383225
118.383225
118.383225
118.383225
118.383225
118.383225
118.383225
118.383225
118.383225
118.383225
118.383225
118.383225
118.383225
118.383225
118.383225
118.383225
118.383225
118.383225
118.383225
118.383225
118.383225
118.383225
118.383225
118.383225
118.383225
118.383225
118.383225
118.383225
118.383225
118.383225
118.383225
118.383225
118.383225
118.383225
118.383225
118.383225
118.383225
118.383225
118.383225
118.383225
118.383225
118.383225
118.383225
118.383225
118.383225
118.383225
118.383225
118.383225
118.383225
118.383225
118.383225
118.383225
118.383225
118.383225
118.383225
118.383225
118.383225
118.383225
118.383225
118.383225
118.383225
118.383225
118.383225
118.383225
118.383225
118.383225
118.383225
118.383225
118.383225
118.383225
118.383225
118.383225
118.383225
118.383225
118.383225
118.383225
118.383225
118.383225
118.383225
118.383225
118.383225
118.383225
118.383225
118.383225
118.383225
118.383225
118.383225
118.383225
118.383225
118.383225
118.383225
118.383225
118.383225
118.383225
118.383225
118.383225
118.383225
118.383225
118.383225
118.383225
118.383225
118.383225
118.383225
118.383225
118.383225
118.383225
118.383225
118.383225
118.383225
118.383225
118.383225
118.383225
118.383225
118.383225
118.383225
118.383225
118.383225
118.383225
118.383225
118.383225
118.383225
118.383225
118.383225
118.383225
118.383225
118.383225
118.383225
118.383225
118.383225
118.383225
118.383225
118.383225
118.383225
118.383225
118.383225
118.383225
118.383225
118.383225
118.383225
118.383225
118.383225
118.383225
118.383225
118.383225
118.383225
118.383225
118.383225
118.383225
118.383225
118.383225
118.383225
118.383225
118.383225
118.383225
118.383225
118.383225
118.383225
118.383225
118.383225
118.383225
118.383225
118.383225
118.383225
118.383225
118.383225
118.383225
118.383225
118.383225
118.383225
118.383225
118.383225
118.383225
118.383225
118.383225
118.383225
118.383225
118.383225
118.383225
118.383225
118.383225
118.383225
118.383225
118.383225
118.383225
118.383225
118.383225
118.383225
118.383225
118.383225
118.383225
118.383225
118.383225
118.383225
118.383225
118.383225
118.383225
118.383225
118.383225
118.383225
118.383225
118.383225
118.383225
118.383225
118.383225
118.383225
118.383225
118.383225
118.383225
118.383225
118.383225
118.383225
118.383225
118.383225
118.383225
118.383225
118.383225
118.383225
118.383225
118.383225
118.383225
118.383225
118.383225
118.383225
118.383225
118.383225
118.383225
118.383225
118.383225
118.383225
118.383225
118.383225
118.383225
118.383225
118.383225
118.383225
118.383225
118.383225
118.383225
118.383225
118.383225
118.383225
118.383225
118.383225
118.383225
118.383225
118.383225
118.383225
118.383225
118.383225
118.383225
118.383225
118.383225
118.383225
118.383225
118.383225
118.383225
118.383225
118.383225
118.383225
118.383225
118.383225
118.383225
118.383225
118.383225
118.383225
118.383225
118.383225
118.383225
118.383225
118.383225
118.383225
118.383225
118.383225
118.383225
118.383225
118.383225
118.383225
118.383225
118.383225
118.383225
118.383225
118.383225
118.383225
118.383225
118.383225
118.383225
118.383225
118.383225
118.383225
118.383225
118.383225
118.383225
118.383225
118.383225
118.383225
118.383225
118.383225
118.383225
118.383225
118.383225
118.383225
118.383225
118.383225
118.383225
118.383225
118.383225
118.383225
118.383225
118.383225
118.383225
118.383225
118.383225
118.383225
118.383225
118.383225
118.383225
118.383225
118.383225
118.383225
118.383225
118.383225
118.383225
118.383225
118.383225
118.383225
118.383225
118.383225
118.383225
118.383225
118.383225
118.383225
118.383225
118.383225
118.383225
118.383225
118.383225
118.383225
118.383225
118.383225
118.383225
118.383225
118.383225
118.383225
118.383225
118.383225
118.383225
118.383225
118.383225
118.383225
118.383225
118.383225
118.383225
118.383225
118.383225
118.383225
118.383225
118.383225
118.383225
118.383225
118.383225
118.383225
118.383225
118.383225
118.383225
118.383225
118.383225
118.383225
118.383225
118.383225
118.383225
118.383225
118.383225
118.383225
118.383225
118.383225
118.383225
118.383225
118.383225
118.383225
118.383225
118.383225
118.383225
118.383225
118.383225
118.383225
118.383225
118.383225
118.383225
118.383225
118.383225
118.383225
118.383225
118.383225
118.383225
118.383225
118.383225
118.383225
118.383225
118.383225
118.383225
118.383225
118.383225
118.383225
118.383225
118.383225
118.383225
118.383225
118.383225
118.383225
118.383225
118.383225
118.383225
118.383225
118.383225
118.383225
118.383225
118.383225
118.383225
118.383225
118.383225
118.383225
118.383225
118.383225
118.383225
118.383225
118.383225
118.383225
118.383225
118.383225
118.383225
118.383225
118.383225
118.383225
118.383225
118.383225
118.383225
118.383225
118.383225
118.383225
118.383225
118.383225
118.383225
118.383225
118.383225
118.383225
118.383225
118.383225
118.383225
118.383225
118.383225
118.383225
118.383225
118.383225
118.383225
118.383225
118.383225
118.383225
118.383225
118.383225
118.383225
118.383225
118.383225
118.383225
118.383225
118.383225
118.383225
118.383225
118.383225
118.383225
118.383225
118.383225
118.383225
118.383225
118.383225
118.383225
118.383225
118.383225
118.383225
118.383225
118.383225
118.383225
118.383225
118.383225
118.383225
118.383225
118.383225
118.383225
118.383225
118.383225
118.383225
118.383225
118.383225
118.383225
118.383225
118.383225
118.383225
118.383225
118.383225
118.383225
118.383225
118.383225
118.383225
118.383225
118.383225
118.383225
118.383225
118.383225
118.383225
118.383225
118.383225
118.383225
118.383225
118.383225
118.383225
118.383225
118.383225
118.383225
118.383225
118.383225
118.383225
118.383225
118.383225
118.383225
118.383225
118.383225
118.383225
118.383225
118.383225
118.383225
118.383225
118.383225
118.383225
118.383225
118.383225
118.383225
118.383225
118.383225
118.383225
118.383225
118.383225
118.383225
118.383225
118.383225
118.383225
118.383225
118.383225
118.383225
118.383225
118.383225
118.383225
118.383225
118.383225
118.383225
118.383225
118.383225
118.383225
118.383225
118.383225
118.383225
118.383225
118.383225
118.383225
118.383225
118.383225
118.383225
118.383225
118.383225
118.383225
118.383225
118.383225
118.383225
118.383225
118.383225
118.383225
118.383225
118.383225
118.383225
118.383225
118.383225
118.383225
118.383225
118.383225
118.383225
118.383225
118.383225
118.383225
118.383225
118.383225
118.383225
118.383225
118.383225
118.383225
118.383225
118.383225
118.383225
118.383225
118.383225
118.383225
118.383225
118.383225
118.383225
118.383225
118.383225
118.383225
118.383225
118.383225
118.383225
118.383225
118.383225
118.383225
118.383225
118.383225
118.383225
118.383225
118.383225
118.383225
118.383225
118.383225
118.383225
118.383225
118.383225
118.383225
118.383225
118.383225
118.383225
118.383225
118.383225
118.383225
118.383225
118.383225
118.383225
118.383225
118.383225
118.383225
118.383225
118.383225
118.383225
118.383225
118.383225
118.383225
118.383225
118.383225
118.383225
118.383225
118.383225
118.383225
118.383225
118.383225
118.383225
118.383225
118.383225
118.383225
118.383225
118.383225
118.383225
118.383225
118.383225
118.383225
118.383225
118.383225
118.383225
118.383225
118.383225
118.383225
118.383225
118.383225
118.383225
118.383225
118.383225
118.383225
118.383225
118.383225
118.383225
118.383225
118.383225
118.383225
118.383225
118.383225
118.383225
118.383225
118.383225
118.383225
118.383225
118.383225
118.383225
118.383225
118.383225
118.383225
118.383225
118.383225
118.383225
118.383225
118.383225
118.383225
118.383225
118.383225
118.383225
118.383225
118.383225
118.383225
118.383225
118.383225
118.383225
118.383225
118.383225
118.383225
118.383225
118.383225
118.383225
118.383225
118.383225
118.383225
118.383225
118.383225
118.383225
118.383225
118.383225
118.383225
118.383225
118.383225
118.383225
118.383225
118.383225
118.383225
118.383225
118.383225
118.383225
118.383225
118.383225
118.383225
118.383225
118.383225
118.383225
118.383225
118.383225
118.383225
118.383225
118.383225
118.383225
118.383225
118.383225
118.383225
118.383225
118.383225
118.383225
118.383225
118.383225
118.383225
118.383225
118.383225
118.383225
118.383225
118.383225
118.383225
118.383225
118.383225
118.383225
118.383225
118.383225
118.383225
118.383225
118.383225
118.383225
118.383225
118.383225
118.383225
118.383225
118.383225
118.383225
118.383225
118.383225
118.383225
118.383225
118.383225
118.383225
118.383225
118.383225
118.383225
118.383225
118.383225
118.383225
118.383225
118.383225
118.383225
118.383225
118.383225
118.383225
118.383225
118.383225
118.383225
118.383225
118.383225
118.383225
118.383225
118.383225
118.383225
118.383225
118.383225
118.383225
118.383225
118.383225
118.383225
118.383225
118.383225
118.383225
118.383225
118.383225
118.383225
118.383225
118.383225
118.383225
118.383225
118.383225
118.383225
118.383225
118.383225
118.383225
118.383225
118.383225
118.383225
118.383225
118.383225
118.383225
118.383225
118.383225
118.383225
118.383225
118.383225
118.383225
118.383225
118.383225
118.383225
118.383225
118.383225
118.383225
118.383225
118.383225
118.383225
118.383225
118.383225
118.383225
118.383225
118.383225
118.383225
118.383225
118.383225
118.383225
118.383225
118.383225
118.383225
118.383225
118.383225
118.383225
118.383225
118.383225
118.383225
118.383225
118.383225
118.383225
118.383225
118.383225
118.383225
118.383225
118.383225
118.383225
118.383225
118.383225
118.383225
118.383225
118.383225
118.383225
118.383225
118.383225
118.383225
118.383225
118.383225
118.383225
118.383225
118.383225
118.383225
118.383225
118.383225
118.383225
118.383225
118.383225
118.383225
118.383225
118.383225
118.383225
118.383225
118.383225
118.383225
118.383225
118.383225
118.383225
118.383225
118.383225
118.383225
118.383225
118.383225
118.383225
118.383225
118.383225
118.383225
118.383225
118.383225
118.383225
118.383225
118.383225
118.383225
118.383225
118.383225
118.383225
118.383225
118.383225
118.383225
118.383225
118.383225
118.383225
118.383225
118.383225
118.383225
118.383225
118.383225
118.383225
118.383225
118.383225
118.383225
118.383225
118.383225
118.383225
118.383225
118.383225
118.383225
118.383225
118.383225
118.383225
118.383225
118.383225
118.383225
118.383225
118.383225
118.383225
118.383225
118.383225
118.383225
118.383225
118.383225
118.383225
118.383225
118.383225
118.383225
118.383225
118.383225
118.383225
118.383225
118.383225
118.383225
118.383225
118.383225
118.383225
118.383225
118.383225
118.383225
118.383225
118.383225
118.383225
118.383225
118.383225
118.383225
118.383225
118.383225
118.383225
118.383225
118.383225
118.383225
118.383225
118.383225
118.383225
118.383225
118.383225
118.383225
118.383225
118.383225
118.383225
118.383225
118.383225
118.383225
118.383225
118.383225
118.383225
118.383225
118.383225
118.383225
118.383225
118.383225
118.383225
118.383225
118.383225
118.383225
118.383225
118.383225
118.383225
118.383225
118.383225
118.383225
118.383225
118.383225
118.383225
118.383225
118.383225
118.383225
118.383225
118.383225
118.383225
118.383225
118.383225
118.383225
118.383225
118.383225
118.383225
118.383225
118.383225
118.383225
118.383225
118.383225
118.383225
118.383225
118.383225
118.383225
118.383225
118.383225
118.383225
118.383225
118.383225
118.383225
118.383225
118.383225
118.383225
118.383225
118.383225
118.383225
118.383225
118.383225
118.383225
118.383225
118.383225
118.383225
118.383225
118.383225
118.383225
118.383225
118.383225
118.383225
118.383225
118.383225
118.383225
118.383225
118.383225
118.383225
118.383225
118.383225
118.383225
118.383225
118.383225
118.383225
118.383225
118.383225
118.383225
118.383225
118.383225
118.383225
118.383225
118.383225
118.383225
118.383225
118.383225
118.383225
118.383225
118.383225
118.383225
118.383225
118.383225
118.383225
118.383225
118.383225
118.383225
118.383225
118.383225
118.383225
118.383225
118.383225
118.383225
118.383225
118.383225
118.383225
118.383225
118.383225
118.383225
118.383225
118.383225
118.383225
118.383225
118.383225
118.383225
118.383225
118.383225
118.383225
118.383225
118.383225
118.383225
118.383225
118.383225
118.383225
118.383225
118.383225
118.383225
118.383225
118.383225
118.383225
118.383225
118.383225
118.383225
118.383225
118.383225
118.383225
118.383225
118.383225
118.383225
118.383225
118.383225
118.383225
118.383225
118.383225
118.383225
118.383225
118.383225
118.383225
118.383225
118.383225
118.383225
118.383225
118.383225
118.383225
118.383225
118.383225
118.383225
118.383225
118.383225
118.383225
118.383225
118.383225
118.383225
118.383225
118.383225
118.383225
118.383225
118.383225
118.383225
118.383225
118.383225
118.383225
118.383225
118.383225
118.383225
118.383225
118.383225
118.383225
118.383225
118.383225
118.383225
118.383225
118.383225
118.383225
118.383225
118.383225
118.383225
118.383225
118.383225
118.383225
118.383225
118.383225
118.383225
118.383225
118.383225
118.383225
118.383225
118.383225
118.383225
118.383225
118.383225
118.383225
118.383225
118.383225
118.383225
118.383225
118.383225
118.383225
118.383225
118.383225
118.383225
118.383225
118.383225
118.383225
118.383225
118.383225
118.383225
118.383225
118.383225
118.383225
118.383225
118.383225
118.383225
118.383225
118.383225
118.383225
118.383225
118.383225
118.383225
118.383225
118.383225
118.383225
118.383225
118.383225
118.383225
118.383225
118.383225
118.383225
118.383225
118.383225
118.383225
118.383225
118.383225
118.383225
118.383225
118.383225
118.383225
118.383225
118.383225
118.383225
118.383225
118.383225
118.383225
118.383225
118.383225
118.383225
118.383225
118.383225
118.383225
118.383225
118.383225
118.383225
118.383225
118.383225
118.383225
118.383225
118.383225
118.383225
118.383225
118.383225
118.383225
118.383225
118.383225
118.383225
118.383225
118.383225
118.383225
118.383225
118.383225
118.383225
118.383225
118.383225
118.383225
118.383225
118.383225
118.383225
118.383225
118.383225
118.383225
118.383225
118.383225
118.383225
118.383225
118.383225
118.383225
118.383225
118.383225
118.383225
118.383225
118.383225
118.383225
118.383225
118.383225
118.383225
118.383225
118.383225
118.383225
118.383225
118.383225
118.383225
118.383225
118.383225
118.383225
118.383225
118.383225
118.383225
118.383225
118.383225
118.383225
118.383225
118.383225
118.383225
118.383225
118.383225
118.383225
118.383225
118.383225
118.383225
118.383225
118.383225
118.383225
118.383225
118.383225
118.383225
118.383225
118.383225
118.383225
118.383225
118.383225
118.383225
118.383225
118.383225
118.383225
118.383225
118.383225
118.383225
118.383225
118.383225
118.383225
118.383225
118.383225
118.383225
118.383225
118.383225
118.383225
118.383225
118.383225
118.383225
118.383225
118.383225
118.383225
118.383225
118.383225
118.383225
118.383225
118.383225
118.383225
118.383225
118.383225
118.383225
118.383225
118.383225
118.383225
118.383225
118.383225
118.383225
118.383225
118.383225
118.383225
118.383225
118.383225
118.383225
118.383225
118.383225
118.383225
118.383225
118.383225
118.383225
118.383225
118.383225
118.383225
118.383225
118.383225
118.383225
118.383225
118.383225
118.383225
118.383225
118.383225
118.383225
118.383225
118.383225
118.383225
118.383225
118.383225
118.383225
118.383225
118.383225
118.383225
118.383225
118.383225
118.383225
118.383225
118.383225
118.383225
118.383225
118.383225
118.383225
118.383225
118.383225
118.383225
118.383225
118.383225
118.383225
118.383225
118.383225
118.383225
118.383225
118.383225
118.383225
118.383225
118.383225
118.383225
118.383225
118.383225
118.383225
118.383225
118.383225
118.383225
118.383225
118.383225
118.383225
118.383225
118.383225
118.383225
118.383225
118.383225
118.383225
118.383225
118.383225
118.383225
118.383225
118.383225
118.383225
118.383225
118.383225
118.383225
118.383225
118.383225
118.383225
118.383225
118.383225
118.383225
118.383225
118.383225
118.383225
118.383225
118.383225
118.383225
118.383225
118.383225
118.383225
118.383225
118.383225
118.383225
118.383225
118.383225
118.383225
118.383225
118.383225
118.383225
118.383225
118.383225
118.383225
118.383225
118.383225
118.383225
118.383225
118.383225
118.383225
118.383225
118.383225
118.383225
118.383225
118.383225
118.383225
118.383225
118.383225
118.383225
118.383225
118.383225
118.383225
118.383225
118.383225
118.383225
118.383225
118.383225
118.383225
118.383225
118.383225
118.383225
118.383225
118.383225
118.383225
118.383225
118.383225
118.383225
118.383225
118.383225
118.383225
118.383225
118.383225
118.383225
118.383225
118.383225
118.383225
118.383225
118.383225
118.383225
118.383225
118.383225
118.383225
118.383225
118.383225
118.383225
118.383225
118.383225
118.383225
118.383225
118.383225
118.383225
118.383225
118.383225
118.383225
118.383225
118.383225
118.383225
118.383225
118.383225
118.383225
118.383225
118.383225
118.383225
118.383225
118.383225
118.383225
118.383225
118.383225
118.383225
118.383225
118.383225
118.383225
118.383225
118.383225
118.383225
118.383225
118.383225
118.383225
118.383225
118.383225
118.383225
118.383225
118.383225
118.383225
118.383225
118.383225
118.383225
118.383225
118.383225
118.383225
118.383225
118.383225
118.383225
118.383225
118.383225
118.383225
118.383225
118.383225
118.383225
118.383225
118.383225
118.383225
118.383225
118.383225
118.383225
118.383225
118.383225
118.383225
118.383225
118.383225
118.383225
118.383225
118.383225
118.383225
118.383225
118.383225
118.383225
118.383225
118.383225
118.383225
118.383225
118.383225
118.383225
118.383225
118.383225
118.383225
118.383225
118.383225
118.383225
118.383225
118.383225
118.383225
118.383225
118.383225
118.383225
118.383225
118.383225
118.383225
118.383225
118.383225
118.383225
118.383225
118.383225
118.383225
118.383225
118.383225
118.383225
118.383225
118.383225
118.383225
118.383225
118.383225
118.383225
118.383225
118.383225
118.383225
118.383225
118.383225
118.383225
118.383225
118.383225
118.383225
118.383225
118.383225
118.383225
118.383225
118.383225
118.383225
118.383225
118.383225
118.383225
118.383225
118.383225
118.383225
118.383225
118.383225
118.383225
118.383225
118.383225
118.383225
118.383225
118.383225
118.383225
118.383225
118.383225
118.383225
118.383225
118.383225
118.383225
118.383225
118.383225
118.383225
118.383225
118.383225
118.383225
118.383225
118.383225
118.383225
118.383225
118.383225
118.383225
118.383225
118.383225
118.383225
118.383225
118.383225
118.383225
118.383225
118.383225
118.383225
118.383225
118.383225
118.383225
118.383225
118.383225
118.383225
118.383225
118.383225
118.383225
118.383225
118.383225
118.383225
118.383225
118.383225
118.383225
118.383225
118.383225
118.383225
118.383225
118.383225
118.383225
118.383225
118.383225
118.383225
118.383225
118.383225
118.383225
118.383225
118.383225
118.383225
118.383225
118.383225
118.383225
118.383225
118.383225
118.383225
118.383225
118.383225
118.383225
118.383225
118.383225
118.383225
118.383225
118.383225
118.383225
118.383225
118.383225
118.383225
118.383225
118.383225
118.383225
118.383225
118.383225
118.383225
118.383225
118.383225
118.383225
118.383225
118.383225
118.383225
118.383225
118.383225
118.383225
118.383225
118.383225
118.383225
118.383225
118.383225
118.383225
118.383225
118.383225
118.383225
118.383225
118.383225
118.383225
118.383225
118.383225
118.383225
118.383225
118.383225
118.383225
118.383225
118.383225
118.383225
118.383225
118.383225
118.383225
118.383225
118.383225
118.383225
118.383225
118.383225
118.383225
118.383225
118.383225
118.383225
118.383225
118.383225
118.383225
118.383225
118.383225
118.383225
118.383225
118.383225
118.383225
118.383225
118.383225
118.383225
118.383225
118.383225
118.383225
118.383225
118.383225
118.383225
118.383225
118.383225
118.383225
118.383225
118.383225
118.383225
118.383225
118.383225
118.383225
118.383225
118.383225
118.383225
118.383225
118.383225
118.383225
118.383225
118.383225
118.383225
118.383225
118.383225
118.383225
118.383225
118.383225
118.383225
118.383225
118.383225
118.383225
118.383225
118.383225
118.383225
118.383225
118.383225
118.383225
118.383225
118.383225
118.383225
118.383225
118.383225
118.383225
118.383225
118.383225
118.383225
118.383225
118.383225
118.383225
118.383225
118.383225
118.383225
118.383225
118.383225
118.383225
118.383225
118.383225
118.383225
118.383225
118.383225
118.383225
118.383225
118.383225
118.383225
118.383225
118.383225
118.383225
118.383225
118.383225
118.383225
118.383225
118.383225
118.383225
118.383225
118.383225
118.383225
118.383225
118.383225
118.383225
118.383225
118.383225
118.383225
118.383225
118.383225
118.383225
118.383225
118.383225
118.383225
118.383225
118.383225
118.383225
118.383225
118.383225
118.383225
118.383225
118.383225
118.383225
118.383225
118.383225
118.383225
118.383225
118.383225
118.383225
118.383225
118.383225
118.383225
118.383225
118.383225
118.383225
118.383225
118.383225
118.383225
118.383225
118.383225
118.383225
118.383225
118.383225
118.383225
118.383225
118.383225
118.383225
118.383225
118.383225
118.383225
118.383225
118.383225
118.383225
118.383225
118.383225
118.383225
118.383225
118.383225
118.383225
118.383225
118.383225
118.383225
118.383225
118.383225
118.383225
118.383225
118.383225
118.383225
118.383225
118.383225
118.383225
118.383225
118.383225
118.383225
118.383225
118.383225
118.383225
118.383225
118.383225
118.383225
118.383225
118.383225
118.383225
118.383225
118.383225
118.383225
118.383225
118.383225
118.383225
118.383225
118.383225
118.383225
118.383225
118.383225
118.383225
118.383225
118.383225
118.383225
118.383225
118.383225
118.383225
118.383225
118.383225
118.383225
118.383225
118.383225
118.383225
118.383225
118.383225
118.383225
118.383225
118.383225
118.383225
118.383225
118.383225
118.383225
118.383225
118.383225
118.383225
118.383225
118.383225
118.383225
118.383225
118.383225
118.383225
118.383225
118.383225
118.383225
118.383225
118.383225
118.383225
118.383225
118.383225
118.383225
118.383225
118.383225
118.383225
118.383225
118.383225
118.383225
118.383225
118.383225
118.383225
118.383225
118.383225
118.383225
118.383225
118.383225
118.383225
118.383225
118.383225
118.383225
118.383225
118.383225
118.383225
118.383225
118.383225
118.383225
118.383225
118.383225
118.383225
118.383225
118.383225
118.383225
118.383225
118.383225
118.383225
118.383225
118.383225
118.383225
118.383225
118.383225
118.383225
118.383225
118.383225
118.383225
118.383225
118.383225
118.383225
118.383225
118.383225
118.383225
118.383225
118.383225
118.383225
118.383225
118.383225
118.383225
118.383225
118.383225
118.383225
118.383225
118.383225
118.383225
118.383225
118.383225
118.383225
118.383225
118.383225
118.383225
118.383225
118.383225
118.383225
118.383225
118.383225
118.383225
118.383225
118.383225
118.383225
118.383225
118.383225
118.383225
118.383225
118.383225
118.383225
118.383225
118.383225
118.383225
118.383225
118.383225
118.383225
118.383225
118.383225
118.383225
118.383225
118.383225
118.383225
118.383225
118.383225
118.383225
118.383225
118.383225
118.383225
118.383225
118.383225
118.383225
118.383225
118.383225
118.383225
118.383225
118.383225
118.383225
118.383225
118.383225
118.383225
118.383225
118.383225
118.383225
118.383225
118.383225
118.383225
118.383225
118.383225
118.383225
118.383225
118.383225
118.383225
118.383225
118.383225
118.383225
118.383225
118.383225
118.383225
118.383225
118.383225
118.383225
118.383225
118.383225
118.383225
118.383225
118.383225
118.383225
118.383225
118.383225
118.383225
118.383225
118.383225
118.383225
118.383225
118.383225
118.383225
118.383225
118.383225
118.383225
118.383225
118.383225
118.383225
118.383225
118.383225
118.383225
118.383225
118.383225
118.383225
118.383225
118.383225
118.383225
118.383225
118.383225
118.383225
118.383225
118.383225
118.383225
118.383225
118.383225
118.383225
118.383225
118.383225
118.383225
118.383225
118.383225
118.383225
118.383225
118.383225
118.383225
118.383225
118.383225
118.383225
118.383225
118.383225
118.383225
118.383225
118.383225
118.383225
118.383225
118.383225
118.383225
118.383225
118.383225
118.383225
118.383225
118.383225
118.383225
118.383225
118.383225
118.383225
118.383225
118.383225
118.383225
118.383225
118.383225
118.383225
118.383225
118.383225
118.383225
118.383225
118.383225
118.383225
118.383225
118.383225
118.383225
118.383225
118.383225
118.383225
118.383225
118.383225
118.383225
118.383225
118.383225
118.383225
118.383225
118.383225
118.383225
118.383225
118.383225
118.383225
118.383225
118.383225
118.383225
118.383225
118.383225
118.383225
118.383225
118.383225
118.383225
118.383225
118.383225
118.383225
118.383225
118.383225
118.383225
118.383225
118.383225
118.383225
118.383225
118.383225
118.383225
118.383225
118.383225
118.383225
118.383225
118.383225
118.383225
118.383225
118.383225
118.383225
118.383225
118.383225
118.383225
118.383225
118.383225
118.383225
118.383225
118.383225
118.383225
118.383225
118.383225
118.383225
118.383225
118.383225
118.383225
118.383225
118.383225
118.383225
118.383225
118.383225
118.383225
118.383225
118.383225
118.383225
118.383225
118.383225
118.383225
118.383225
118.383225
118.383225
118.383225
118.383225
118.383225
118.383225
118.383225
118.383225
118.383225
118.383225
118.383225
118.383225
118.383225
118.383225
118.383225
118.383225
118.383225
118.383225
118.383225
118.383225
118.383225
118.383225
118.383225
118.383225
118.383225
118.383225
118.383225
118.383225
118.383225
118.383225
118.383225
118.383225
118.383225
118.383225
118.383225
118.383225
118.383225
118.383225
118.383225
118.383225
118.383225
118.383225
118.383225
118.383225
118.383225
118.383225
118.383225
118.383225
118.383225
118.383225
118.383225
118.383225
118.383225
118.383225
118.383225
118.383225
118.383225
118.383225
118.383225
118.383225
118.383225
118.383225
118.383225
118.383225
118.383225
118.383225
118.383225
118.383225
118.383225
118.383225
118.383225
118.383225
118.383225
118.383225
118.383225
118.383225
118.383225
118.383225
118.383225
118.383225
118.383225
118.383225
118.383225
118.383225
118.383225
118.383225
118.383225
118.383225
118.383225
118.383225
118.383225
118.383225
118.383225
118.383225
118.383225
118.383225
118.383225
118.383225
118.383225
118.383225
118.383225
118.383225
118.383225
118.383225
118.383225
118.383225
118.383225
118.383225
118.383225
118.383225
118.383225
118.383225
118.383225
118.383225
118.383225
118.383225
118.383225
118.383225
118.383225
118.383225
118.383225
118.383225
118.383225
118.383225
118.383225
118.383225
118.383225
118.383225
118.383225
118.383225
118.383225
118.383225
118.383225
118.383225
118.383225
118.383225
118.383225
118.383225
118.383225
118.383225
118.383225
118.383225
118.383225
118.383225
118.383225
118.383225
118.383225
118.383225
118.383225
118.383225
118.383225
118.383225
118.383225
118.383225
118.383225
118.383225
118.383225
118.383225
118.383225
118.383225
118.383225
118.383225
118.383225
118.383225
118.383225
118.383225
118.383225
118.383225
118.383225
118.383225
118.383225
118.383225
118.383225
118.383225
118.383225
118.383225
118.383225
118.383225
118.383225
118.383225
118.383225
118.383225
118.383225
118.383225
118.383225
118.383225
118.383225
118.383225
118.383225
118.383225
118.383225
118.383225
118.383225
118.383225
118.383225
118.383225
118.383225
118.383225
118.383225
118.383225
118.383225
118.383225
118.383225
118.383225
118.383225
118.383225
118.383225
118.383225
118.383225
118.383225
118.383225
118.383225
118.383225
118.383225
118.383225
118.383225
118.383225
118.383225
118.383225
118.383225
118.383225
118.383225
118.383225
118.383225
118.383225
118.383225
118.383225
118.383225
118.383225
118.383225
118.383225
118.383225
118.383225
118.383225
118.383225
118.383225
118.383225
118.383225
118.383225
118.383225
118.383225
118.383225
118.383225
118.383225
118.383225
118.383225
118.383225
118.383225
118.383225
118.383225
118.383225
118.383225
118.383225
118.383225
118.383225
118.383225
118.383225
118.383225
118.383225
118.383225
118.383225
118.383225
118.383225
118.383225
118.383225
118.383225
118.383225
118.383225
118.383225
118.383225
118.383225
118.383225
118.383225
118.383225
118.383225
118.383225
118.383225
118.383225
118.383225
118.383225
118.383225
118.383225
118.383225
118.383225
118.383225
118.383225
118.383225
118.383225
118.383225
118.383225
118.383225
118.383225
118.383225
118.383225
118.383225
118.383225
118.383225
118.383225
118.383225
118.383225
118.383225
118.383225
118.383225
118.383225
118.383225
118.383225
118.383225
118.383225
118.383225
118.383225
118.383225
118.383225
118.383225
118.383225
118.383225
118.383225
118.383225
118.383225
118.383225
118.383225
118.383225
118.383225
118.383225
118.383225
118.383225
118.383225
118.383225
118.383225
118.383225
118.383225
118.383225
118.383225
118.383225
118.383225
118.383225
118.383225
118.383225
118.383225
118.383225
118.383225
118.383225
118.383225
118.383225
118.383225
118.383225
118.383225
118.383225
118.383225
118.383225
118.383225
118.383225
118.383225
118.383225
118.383225
118.383225
118.383225
118.383225
118.383225
118.383225
118.383225
118.383225
118.383225
118.383225
118.383225
118.383225
118.383225
118.383225
118.383225
118.383225
118.383225
118.383225
118.383225
118.383225
118.383225
118.383225
118.383225
118.383225
118.383225
118.383225
118.383225
118.383225
118.383225
118.383225
118.383225
118.383225
118.383225
118.383225
118.383225
118.383225
118.383225
118.383225
118.383225
118.383225
118.383225
118.383225
118.383225
118.383225
118.383225
118.383225
118.383225
118.383225
118.383225
118.383225
118.383225
118.383225
118.383225
118.383225
118.383225
118.383225
118.383225
118.383225
118.383225
118.383225
118.383225
118.383225
118.383225
118.383225
118.383225
118.383225
118.383225
118.383225
118.383225
118.383225
118.383225
118.383225
118.383225
118.383225
118.383225
118.383225
118.383225
118.383225
118.383225
118.383225
118.383225
118.383225
118.383225
118.383225
118.383225
118.383225
118.383225
118.383225
118.383225
118.383225
118.383225
118.383225
118.383225
118.383225
118.383225
118.383225
118.383225
118.383225
118.383225
118.383225
118.383225
118.383225
118.383225
118.383225
118.383225
118.383225
118.383225
118.383225
118.383225
118.383225
118.383225
118.383225
118.383225
118.383225
118.383225
118.383225
118.383225
118.383225
118.383225
118.383225
118.383225
118.383225
118.383225
118.383225
118.383225
118.383225
118.383225
118.383225
118.383225
118.383225
118.383225
118.383225
118.383225
118.383225
118.383225
118.383225
118.383225
118.383225
118.383225
118.383225
118.383225
118.383225
118.383225
118.383225
118.383225
118.383225
118.383225
118.383225
118.383225
118.383225
118.383225
118.383225
118.383225
118.383225
118.383225
118.383225
118.383225
118.383225
118.383225
118.383225
118.383225
118.383225
118.383225
118.383225
118.383225
118.383225
118.383225
118.383225
118.383225
118.383225
118.383225
118.383225
118.383225
118.383225
118.383225
118.383225
118.383225
118.383225
118.383225
118.383225
118.383225
118.383225
118.383225
118.383225
118.383225
118.383225
118.383225
118.383225
118.383225
118.383225
118.383225
118.383225
118.383225
118.383225
118.383225
118.383225
118.383225
118.383225
118.383225
118.383225
118.383225
118.383225
118.383225
118.383225
118.383225
118.383225
118.383225
118.383225
118.383225
118.383225
118.383225
118.383225
118.383225
118.383225
118.383225
118.383225
118.383225
118.383225
118.383225
118.383225
118.383225
118.383225
118.383225
118.383225
118.383225
118.383225
118.383225
118.383225
118.383225
118.383225
118.383225
118.383225
118.383225
118.383225
118.383225
118.383225
118.383225
118.383225
118.383225
118.383225
118.383225
118.383225
118.383225
118.383225
118.383225
118.383225
118.383225
118.383225
118.383225
118.383225
118.383225
118.383225
118.383225
118.383225
118.383225
118.383225
118.383225
118.383225
118.383225
118.383225
118.383225
118.383225
118.383225
118.383225
118.383225
118.383225
118.383225
118.383225
118.383225
118.383225
118.383225
118.383225
118.383225
118.383225
118.383225
118.383225
118.383225
118.383225
118.383225
118.383225
118.383225
118.383225
118.383225
118.383225
118.383225
118.383225
118.383225
118.383225
118.383225
118.383225
118.383225
118.383225
118.383225
118.383225
118.383225
118.383225
118.383225
118.383225
118.383225
118.383225
118.383225
118.383225
118.383225
118.383225
118.383225
118.383225
118.383225
118.383225
118.383225
118.383225
118.383225
118.383225
118.383225
118.383225
118.383225
118.383225
118.383225
118.383225
118.383225
118.383225
118.383225
118.383225
118.383225
118.383225
118.383225
118.383225
118.383225
118.383225
118.383225
118.383225
118.383225
118.383225
118.383225
118.383225
118.383225
118.383225
118.383225
118.383225
118.383225
118.383225
118.383225
118.383225
118.383225
118.383225
118.383225
118.383225
118.383225
118.383225
118.383225
118.383225
118.383225
118.383225
118.383225
118.383225
118.383225
118.383225
118.383225
118.383225
118.383225
118.383225
118.383225
118.383225
118.383225
118.383225
118.383225
118.383225
118.383225
118.383225
118.383225
118.383225
118.383225
118.383225
118.383225
118.383225
118.383225
118.383225
118.383225
118.383225
118.383225
118.383225
118.383225
118.383225
118.383225
118.383225
118.383225
118.383225
118.383225
118.383225
118.383225
118.383225
118.383225
118.383225
118.383225
118.383225
118.383225
118.383225
118.383225
118.383225
118.383225
118.383225
118.383225
118.383225
118.383225
118.383225
118.383225
118.383225
118.383225
118.383225
118.383225
118.383225
118.383225
118.383225
118.383225
118.383225
118.383225
118.383225
118.383225
118.383225
118.383225
118.383225
118.383225
118.383225
118.383225
118.383225
118.383225
118.383225
118.383225
118.383225
118.383225
118.383225
118.383225
118.383225
118.383225
118.383225
118.383225
118.383225
118.383225
118.383225
118.383225
118.383225
118.383225
118.383225
118.383225
118.383225
118.383225
118.383225
118.383225
118.383225
118.383225
118.383225
118.383225
118.383225
118.383225
118.383225
118.383225
118.383225
118.383225
118.383225
118.383225
118.383225
118.383225
118.383225
118.383225
118.383225
118.383225
118.383225
118.383225
118.383225
118.383225
118.383225
118.383225
118.383225
118.383225
118.383225
118.383225
118.383225
118.383225
118.383225
118.383225
118.383225
118.383225
118.383225
118.383225
118.383225
118.383225
118.383225
118.383225
118.383225
118.383225
118.383225
118.383225
118.383225
118.383225
118.383225
118.383225
118.383225
118.383225
118.383225
118.383225
118.383225
118.383225
118.383225
118.383225
118.383225
118.383225
118.383225
118.383225
118.383225
118.383225
118.383225
118.383225
118.383225
118.383225
118.383225
118.383225
118.383225
118.383225
118.383225
118.383225
118.383225
118.383225
118.383225
118.383225
118.383225
118.383225
118.383225
118.383225
118.383225
118.383225
118.383225
118.383225
118.383225
118.383225
118.383225
118.383225
118.383225
118.383225
118.383225
118.383225
118.383225
118.383225
118.383225
118.383225
118.383225
118.383225
118.383225
118.383225
118.383225
118.383225
118.383225
118.383225
118.383225
118.383225
118.383225
118.383225
118.383225
118.383225
118.383225
118.383225
118.383225
118.383225
118.383225
118.383225
118.383225
118.383225
118.383225
118.383225
118.383225
118.383225
118.383225
118.383225
118.383225
118.383225
118.383225
118.383225
118.383225
118.383225
118.383225
118.383225
118.383225
118.383225
118.383225
118.383225
118.383225
118.383225
118.383225
118.383225
118.383225
118.383225
118.383225
118.383225
118.383225
118.383225
118.383225
118.383225
118.383225
118.383225
118.383225
118.383225
118.383225
118.383225
118.383225
118.383225
118.383225
118.383225
118.383225
118.383225
118.383225
118.383225
118.383225
118.383225
118.383225
118.383225
118.383225
118.383225
118.383225
118.383225
118.383225
118.383225
118.383225
118.383225
118.383225
118.383225
118.383225
118.383225
118.383225
118.383225
118.383225
118.383225
118.383225
118.383225
118.383225
118.383225
118.383225
118.383225
118.383225
118.383225
118.383225
118.383225
118.383225
118.383225
118.383225
118.383225
118.383225
118.383225
118.383225
118.383225
118.383225
118.383225
118.383225
118.383225
118.383225
118.383225
118.383225
118.383225
118.383225
118.383225
118.383225
118.383225
118.383225
118.383225
118.383225
118.383225
118.383225
118.383225
118.383225
118.383225
118.383225
118.383225
118.383225
118.383225
118.383225
118.383225
118.383225
118.383225
118.383225
118.383225
118.383225
118.383225
118.383225
118.383225
118.383225
118.383225
118.383225
118.383225
118.383225
118.383225
118.383225
118.383225
118.383225
118.383225
118.383225
118.383225
118.383225
118.383225
118.383225
118.383225
118.383225
118.383225
118.383225
118.383225
118.383225
118.383225
118.383225
118.383225
118.383225
118.383225
118.383225
118.383225
118.383225
118.383225
118.383225
118.383225
118.383225
118.383225
118.383225
118.383225
118.383225
118.383225
118.383225
118.383225
118.383225
118.383225
118.383225
118.383225
118.383225
118.383225
118.383225
118.383225
118.383225
118.383225
118.383225
118.383225
118.383225
118.383225
118.383225
118.383225
118.383225
118.383225
118.383225
118.383225
118.383225
118.383225
118.383225
118.383225
118.383225
118.383225
118.383225
118.383225
118.383225
118.383225
118.383225
118.383225
118.383225
118.383225
118.383225
118.383225
118.383225
118.383225
118.383225
118.383225
118.383225
118.383225
118.383225
118.383225
118.383225
118.383225
118.383225
118.383225
118.383225
118.383225
118.383225
118.383225
118.383225
118.383225
118.383225
118.383225
118.383225
118.383225
118.383225
118.383225
118.383225
118.383225
118.383225
118.383225
118.383225
118.383225
118.383225
118.383225
118.383225
118.383225
118.383225
118.383225
118.383225
118.383225
118.383225
118.383225
118.383225
118.383225
118.383225
118.383225
118.383225
118.383225
118.383225
118.383225
118.383225
118.383225
118.383225
118.383225
118.383225
118.383225
118.383225
118.383225
118.383225
118.383225
118.383225
118.383225
118.383225
118.383225
118.383225
118.383225
118.383225
118.383225
118.383225
118.383225
118.383225
118.383225
118.383225
118.383225
118.383225
118.383225
118.383225
118.383225
118.383225
118.383225
118.383225
118.383225
118.383225
118.383225
118.383225
118.383225
118.383225
118.383225
118.383225
118.383225
118.383225
118.383225
118.383225
118.383225
118.383225
118.383225
118.383225
118.383225
118.383225
118.383225
118.383225
118.383225
118.383225
118.383225
118.383225
118.383225
118.383225
118.383225
118.383225
118.383225
118.383225
118.383225
118.383225
118.383225
118.383225
118.383225
118.383225
118.383225
118.383225
118.383225
118.383225
118.383225
118.383225
118.383225
118.383225
118.383225
118.383225
118.383225
118.383225
118.383225
118.383225
118.383225
118.383225
118.383225
118.383225
118.383225
118.383225
118.383225
118.383225
118.383225
118.383225
118.383225
118.383225
118.383225
118.383225
118.383225
118.383225
118.383225
118.383225
118.383225
118.383225
118.383225
118.383225
118.383225
118.383225
118.383225
118.383225
118.383225
118.383225
118.383225
118.383225
118.383225
118.383225
118.383225
118.383225
118.383225
118.383225
118.383225
118.383225
118.383225
118.383225
118.383225
118.383225
118.383225
118.383225
118.383225
118.383225
118.383225
118.383225
118.383225
118.383225
118.383225
118.383225
118.383225
118.383225
118.383225
118.383225
118.383225
118.383225
118.383225
118.383225
118.383225
118.383225
118.383225
118.383225
118.383225
118.383225
118.383225
118.383225
118.383225
118.383225
118.383225
118.383225
118.383225
118.383225
118.383225
118.383225
118.383225
118.383225
118.383225
118.383225
118.383225
118.383225
118.383225
118.383225
118.383225
118.383225
118.383225
118.383225
118.383225
118.383225
118.383225
118.383225
118.383225
118.383225
118.383225
118.383225
118.383225
118.383225
118.383225
118.383225
118.383225
118.383225
118.383225
118.383225
118.383225
118.383225
118.383225
118.383225
118.383225
118.383225
118.383225
118.383225
118.383225
118.383225
118.383225
118.383225
118.383225
118.382325
118.382325
118.382325
118.382325
118.382325
118.382325
118.354711
118.354711
118.354711
118.354711
118.354711
118.354711
118.354711
118.354711
118.353871
118.353871
118.353871
118.353871
118.353871
118.353871
118.353871
118.353871
118.353871
118.353871
118.342774
118.342774
118.342774
118.342774
118.342774
118.342774
118.342774
118.342774
118.342774
118.342774
118.342774
118.342774
118.342774
118.342774
118.342774
118.342774
118.342774
118.342774
118.342774
118.342774
118.342774
118.342774
118.342774
118.342774
118.342774
118.342774
118.342774
118.342774
118.342774
118.342774
118.342774
118.342774
118.342774
118.342774
118.342774
118.342774
118.342774
118.342774
118.342774
118.342774
118.342774
118.342774
118.342774
118.342774
118.342774
118.342774
118.342774
118.342774
118.342774
118.342774
118.342774
118.342774
118.333074
118.333074
118.333074
118.333074
118.333074
118.333074
118.333074
118.333074
118.333074
118.333074
118.333074
118.333074
118.333074
118.333074
118.333074
118.333074
118.333074
118.333074
118.333074
118.333074
118.333074
118.333074
118.333074
118.333074
118.333074
118.333074
118.333074
118.333074
118.333074
118.333074
118.333074
118.333074
118.333074
118.333074
118.333074
118.333074
118.333074
118.333074
118.333074
118.333074
118.333074
118.333074
118.333074
118.333074
118.333074
118.333074
118.333074
118.333074
118.333074
118.333074
118.332877
118.332877
118.332877
118.332877
118.332877
118.332877
118.331306
118.331306
118.331306
118.331306
118.330200
118.330200
118.330200
118.330200
118.330200
118.330200
118.325300
118.325300
118.325300
118.325300
118.325300
118.325300
118.325300
118.325300
118.325300
118.325300
118.324437
118.324437
118.324437
118.324437
118.324437
118.324437
118.324437
118.324437
118.324437
118.324437
118.324437
118.324437
118.324437
118.324437
118.324437
118.324437
118.324437
118.324437
118.324437
118.324437
118.324437
118.324437
118.324437
118.324437
118.324437
118.324437
118.324437
118.323383
118.323383
118.323383
118.323383
118.323383
118.323383
118.323383
118.323383
118.323383
118.323383
118.323383
118.323383
118.323383
118.323383
118.323383
118.323383
118.323383
118.323383
118.323383
118.322396
118.322396
118.322396
118.322396
118.322396
118.322396
118.322396
118.322396
118.322396
118.322396
118.322396
118.322396
118.322396
118.322396
118.322396
118.322396
118.322396
118.322396
118.322396
118.322396
118.322309
118.322309
118.322309
118.322309
118.322309
118.322309
118.322309
118.322309
118.322309
118.322309
118.322309
118.322309
118.322309
118.322309
118.322309
118.322309
118.322268
118.322268
118.320933
118.320933
118.320933
118.320933
118.320933
118.320933
118.320933
118.320933
118.320933
118.320933
118.320933
118.320933
118.320933
118.320933
118.320775
118.320775
118.320775
118.320775
118.320609
118.320609
118.320609
118.320609
118.320609
118.320609
118.318296
118.318296
118.318296
118.318296
118.318296
118.318296
118.318296
118.318296
118.318296
118.318296
118.318296
118.318296
118.318296
118.318296
118.318296
118.318296
118.318296
118.318296
118.318296
118.318296
118.318296
118.318296
118.318296
118.318296
118.318296
118.318296
118.317987
118.317987
118.317987
118.317987
118.317987
118.317987
118.317987
118.317987
118.317987
118.317987
118.317987
118.317987
118.317987
118.317987
118.316172
118.316172
118.316172
118.316172
118.316172
118.316172
118.316172
118.316172
118.316172
118.316172
118.316172
118.316172
118.316172
118.316172
118.316172
118.316172
118.316172
118.316172
118.316172
118.316172
118.316172
118.316172
118.315908
118.315908
118.315908
118.315908
118.315122
118.315122
118.315122
118.315122
118.315122
118.315122
118.315122
118.315122
118.315122
118.315122
118.315122
118.315122
118.315122
118.315122
118.315122
118.315122
118.315018
118.315018
118.315018
118.315018
118.314350
118.314350
118.314350
118.314350
118.314350
118.314350
118.314350
118.314350
118.314350
118.314350
118.314350
118.314350
118.314350
118.314350
118.314350
118.314350
118.314350
118.314350
118.314350
118.314350
118.314350
118.314350
118.314350
118.314350
118.314350
118.314350
118.314350
118.314350
118.314350
118.314350
118.314350
118.314350
118.314350
118.314350
118.314350
118.314350
118.313357
118.313357
118.313357
118.313357
118.313357
118.313357
118.313357
118.313357
118.313357
118.313102
118.313102
118.313102
118.313102
118.313102
118.313102
118.313102
118.313102
118.313102
118.313102
118.313102
118.313102
118.313102
118.313102
118.313102
118.313102
118.313102
118.313102
118.311239
118.311239
118.311239
118.311239
118.311239
118.311239
118.311239
118.311239
118.311239
118.311239
118.310821
118.310821
118.310821
118.310821
118.310821
118.310821
118.310821
118.310821
118.310821
118.310821
118.310821
118.310821
118.310821
118.310821
118.310821
118.310821
118.310821
118.310821
118.310821
118.310821
118.310821
118.310821
118.310821
118.310821
118.310821
118.310821
118.310821
118.310821
118.310821
118.310821
118.310821
118.310821
118.310821
118.310821
118.310821
118.310821
118.310821
118.310821
118.310821
118.310821
118.310821
118.310821
118.310821
118.310274
118.310274
118.310274
118.310274
118.310274
118.310274
118.310274
118.310274
118.310274
118.310274
118.309809
118.309809
118.309809
118.309809
118.309809
118.309809
118.309809
118.309809
118.309809
118.309809
118.309728
118.309728
118.309728
118.309728
118.309728
118.309728
118.309728
118.309728
118.309728
118.309728
118.309728
118.309728
118.309728
118.309728
118.309728
118.309728
118.309728
118.309728
118.309728
118.309728
118.309728
118.309728
118.309728
118.309728
118.309728
118.309728
118.309728
118.309728
118.309728
118.309728
118.309728
118.309728
118.309728
118.309728
118.309728
118.309728
118.309728
118.309728
118.309728
118.309467
118.309467
118.309467
118.309467
118.309467
118.309467
118.309467
118.309467
118.309467
118.309467
118.309467
118.309467
118.309467
118.309467
118.309467
118.309467
118.309467
118.309467
118.309109
118.309109
118.309109
118.309109
118.309109
118.309109
118.309109
118.309109
118.309109
118.309109
118.309109
118.309109
118.309109
118.309109
118.309109
118.309109
118.309109
118.309109
118.309109
118.309109
118.309109
118.309109
118.309109
118.308059
118.308059
118.308059
118.308059
118.308059
118.308059
118.308059
118.308059
118.308059
118.308059
118.308059
118.308059
118.308059
118.308059
118.308059
118.308059
118.308059
118.308059
118.308059
118.308059
118.307969
118.307969
118.307969
118.307969
118.307969
118.307969
118.307969
118.307969
118.307969
118.307969
118.307969
118.307969
118.307969
118.307969
118.307969
118.307969
118.307969
118.307969
118.307969
118.307969
118.307969
118.307969
118.307969
118.307969
118.307920
118.307920
118.307920
118.307920
118.307920
118.307920
118.307920
118.307920
118.307876
118.307876
118.307876
118.307876
118.307876
118.307876
118.307876
118.307876
118.307584
118.307584
118.307584
118.307584
118.307584
118.307584
118.307584
118.307491
118.307491
118.307491
118.307491
118.307491
118.307491
118.307491
118.307491
118.307491
118.307491
118.307042
118.307042
118.307042
118.307042
118.307042
118.307042
118.307042
118.307042
118.307042
118.307042
118.307042
118.307042
118.307042
118.306864
118.306864
118.306864
118.306864
118.306864
118.306864
118.306864
118.306864
118.306864
118.306864
118.306864
118.306864
118.306864
118.306864
118.306864
118.306864
118.306864
118.306864
118.306864
118.306864
118.306864
118.306864
118.305129
118.305129
118.305129
118.305129
118.305129
118.305129
118.305129
118.305129
118.305129
118.305129
118.305129
118.305129
118.305129
118.305129
118.305129
118.305129
118.305129
118.305129
118.305129
118.305129
118.305129
118.305129
118.305129
118.305129
118.305129
118.305129
118.305129
118.305129
118.305129
118.305129
118.305044
118.305044
118.305044
118.305044
118.305044
118.305044
118.305044
118.305044
118.304755
118.304755
118.303727
118.303727
118.303727
118.303727
118.303727
118.303727
118.303727
118.303727
118.303449
118.303449
118.303384
118.303384
118.303384
118.303384
118.303384
118.303384
118.303384
118.303384
118.302161
118.302161
118.302161
118.302161
118.302161
118.302161
118.302161
118.301428
118.301428
118.301428
118.301428
118.301428
118.300984
118.300984
118.300984
118.300984
118.300984
118.299522
118.299522
118.299522
118.299522
118.299522
118.299522
118.299522
118.299522
118.299522
118.299522
118.299522
118.299522
118.299522
118.299522
118.299522
118.299522
118.299522
118.299522
118.299522
118.299522
118.299522
118.299522
118.299522
118.299522
118.299522
118.298721
118.298721
118.298721
118.298721
118.298721
118.298721
118.298721
118.298721
118.298721
118.298721
118.298537
118.298537
118.298537
118.298537
118.298537
118.298537
118.298537
118.297017
118.297017
118.297017
118.297017
118.297017
118.296458
118.296458
118.296458
118.294960
118.294960
118.294960
118.294960
118.294960
118.294960
118.294960
118.294960
118.294960
118.294960
118.290375
118.290375
118.290375
118.290375
118.290375
118.290375
118.290375
118.290375
118.290375
118.290375
118.289589
118.289589
118.289589
118.289589
118.289589
118.289589
118.289589
118.289589
118.289589
118.289589
118.287354
118.287354
118.287354
118.287354
118.287354
118.287354
118.287354
118.287354
118.287354
118.287354
118.287354
118.287354
118.287354
118.287354
118.287354
118.287354
118.287354
118.287354
118.287354
118.287354
118.287354
118.287354
118.287354
118.287354
118.287354
118.287354
118.287354
118.287354
118.287354
118.287354
118.287328
118.287328
118.287328
118.287328
118.287328
118.287328
118.287328
118.287328
118.287328
118.287328
118.287328
118.287328
118.287328
118.287328
118.287328
118.287328
118.287328
118.283341
118.283341
118.283341
118.283341
118.283341
118.283341
118.283341
118.283341
118.283341
118.283341
118.283341
118.283341
118.283341
118.283341
118.283341
118.283341
118.283341
118.283341
118.283341
118.283341
118.282681
118.282681
118.282681
118.282681
118.282681
118.282681
118.282681
118.282681
118.282681
118.282681
118.282681
118.282681
118.282681
118.282681
118.282681
118.282681
118.282681
118.282681
118.282681
118.282681
118.282681
118.282681
118.282681
118.282681
118.282681
118.282681
118.282681
118.282681
118.282681
118.282681
118.281172
118.281172
118.281172
118.281172
118.281172
118.281172
118.281172
118.281172
118.281172
118.281172
118.281161
118.281161
118.281161
118.281161
118.281161
118.281161
118.281161
118.281161
118.281161
118.281161
118.281161
118.281161
118.281161
118.281161
118.281161
118.278777
118.278777
118.278777
118.278777
118.278777
118.278777
118.278777
118.278777
118.278777
118.278777
118.278777
118.278777
118.278777
118.278777
118.278777
118.278777
118.278777
118.278777
118.278777
118.278777
118.278777
118.277622
118.277622
118.277622
118.277622
118.277622
118.277622
118.277622
118.274833
118.274833
118.274833
118.274833
118.274833
118.274833
118.274833
118.274833
118.274833
118.274833
118.274833
118.274833
118.274833
118.274833
118.274833
118.274833
118.274833
118.274833
118.274833
118.274833
118.274743
118.274743
118.274743
118.274743
118.274743
118.274743
118.274743
118.274743
118.274743
118.273897
118.273897
118.273897
118.273897
118.273897
118.273897
118.273897
118.273897
118.273897
118.273897
118.273897
118.273897
118.273897
118.273897
118.273897
118.273897
118.273897
118.273897
118.273897
118.273897
118.273897
118.273512
118.273512
118.273512
118.273512
118.273512
118.273512
118.273512
118.273512
118.273512
118.273512
118.273507
118.273507
118.273507
118.273507
118.273507
118.264507
118.264507
118.264507
118.264507
118.264507
118.264507
118.264507
118.264507
118.264507
118.264507
118.264507
118.264507
118.264507
118.264507
118.264507
118.259458
118.259458
118.259458
118.259458
118.259458
118.259458
118.259458
118.259458
118.259458
118.259458
118.257118
118.257118
118.257118
118.257118
118.257118
118.257118
118.257118
118.257118
118.257118
118.257118
118.257101
118.257101
118.257101
118.257101
118.257101
118.257101
118.257101
118.257101
118.257101
118.257101
118.257101
118.257101
118.257101
118.257101
118.257101
118.257101
118.257101
118.257101
118.257101
118.257101
118.257095
118.257095
118.257095
118.257095
118.257095
118.257095
118.257095
118.257095
118.257095
118.257095
118.257095
118.257095
118.257095
118.256500
118.256500
118.256500
118.256500
118.256500
118.256500
118.256500
118.254637
118.254637
118.254637
118.251691
118.251691
118.251691
118.251691
118.251691
118.251691
118.251691
118.251691
118.251691
118.251691
118.251691
118.251691
118.251216
118.251216
118.251216
118.251216
118.251216
118.251216
118.251216
118.251216
118.251216
118.251216
118.251216
118.251216
118.251216
118.251216
118.251216
118.251216
118.251216
118.251216
118.251216
118.251216
118.251216
118.251216
118.251216
118.251216
118.251216
118.251216
118.251216
118.251216
118.251216
118.251216
118.250024
118.250024
118.250024
118.250024
118.250024
118.249160
118.249160
118.249160
118.249160
118.249160
118.249160
118.249160
118.249160
118.249160
118.249160
118.249160
118.249160
118.249160
118.246745
118.246745
118.242273
118.242273
118.242273
118.242273
118.242273
118.242273
118.242273
118.242273
118.242273
118.242273
118.236041
118.236041
118.236041
118.236041
118.236041
118.236041
118.236041
118.236041
118.236041
118.236041
118.236041
118.236041
118.236041
118.236041
118.236041
118.236041
118.236041
118.236041
118.236041
118.236041
118.236041
118.236041
118.236041
118.236041
118.236041
118.236041
118.236041
118.217959
118.217959
118.217959
118.217959
118.217959
118.217959
118.217959
118.214560
118.214560
118.214560
118.209967
118.209967
118.209967
118.209967
118.209967
118.209967
118.209967
118.204200
118.204200
118.204200
118.203931
118.203931
118.203931
118.203931
118.203931
118.203931
118.203931
118.203931
118.203931
118.203931
118.203860
118.203860
118.203860
118.203860
118.203860
118.203860
118.203860
118.203860
118.203860
118.203860
118.203860
118.203860
118.203860
118.203860
118.203860
118.203860
118.203860
118.203860
118.203860
118.203860
118.190896
118.190896
118.190896
118.190896
118.190896
118.190896
118.190896
118.190896
118.190896
118.190896
118.190859
118.190859
118.190859
118.190859
118.190859
118.190859
118.190859
118.190859
118.190859
118.190859
118.190859
118.190859
118.190859
118.190859
118.190859
118.190859
118.190859
118.190859
118.190859
118.190859
118.190828
118.190828
118.190828
118.190828
118.190828
118.190828
118.190828
118.190828
118.190828
118.190828
118.190828
118.190828
118.190828
118.190828
118.190828
118.190828
118.190828
118.190828
118.190828
118.190828
118.190487
118.190487
118.190487
118.182301
118.182301
118.182301
118.182301
118.182301
118.182301
118.182301
118.182301
118.182301
118.182301
118.174751
118.174751
118.174751
118.174751
118.174751
118.174751
118.174751
118.174751
118.174751
118.174751
118.174751
118.174751
118.174751
118.174751
118.174751
118.174751
118.174751
118.174751
118.174751
118.174751
118.174751
118.174751
118.174751
118.174751
118.174751
118.158711
118.158711
118.158711
118.158711
118.158711
118.158711
118.158711
118.158711
118.158711
118.158711
118.158711
118.158711
118.158711
118.158711
118.158711
118.158711
118.158711
118.158711
118.158711
118.158711
118.156488
118.156488
118.156488
118.156488
118.156488
118.156488
118.156488
118.156488
118.156488
118.156488
118.156488
118.156488
118.156488
118.156488
118.156488
118.156488
118.156488
118.156488
118.156488
118.156488
118.156488
118.156488
118.156488
118.156449
118.156449
118.156449
118.156449
118.156449
118.156449
118.156449
118.156449
118.156449
118.156449
118.156449
118.156449
118.156449
118.156449
118.156449
118.156449
118.156449
118.145829
118.145829
118.145829
118.145829
118.145829
118.145829
118.145829
118.145829
118.145829
118.145829
118.145829
118.145829
118.145829
118.145829
118.145829
118.145829
118.145829
118.145829
118.145829
118.145829
118.145829
118.145829
118.145829
118.127862
118.127862
118.127862
118.127862
118.127862
118.127862
118.127862
118.127862
118.127862
118.127862
118.127862
118.127862
118.127862
118.127862
118.127862
118.127862
118.127862
118.127862
118.127862
118.127862
118.124267
118.124267
118.124267
118.124267
118.124267
118.124267
118.124267
118.124267
118.124267
118.124267
118.124239
118.124239
118.124239
118.124239
118.124239
118.124239
118.124239
118.124239
118.123997
118.123997
118.123997
118.123997
118.123997
118.123997
118.123997
118.123997
118.123997
118.123997
118.123997
118.114254
118.114254
118.114254
118.114254
118.114254
118.114254
118.114254
118.114254
118.114254
118.109538
118.109538
118.109538
118.109538
118.109538
118.109538
118.109538
118.109538
118.109538
118.109538
118.103534
118.103534
118.103534
118.103534
118.103534
118.103534
118.103534
118.103534
118.103534
118.103534
118.103516
118.103516
118.103516
118.103516
118.103516
118.103516
118.103516
118.103516
118.103516
118.103516
118.103453
118.103453
118.096795
118.096795
118.096795
118.096795
118.096795
118.096795
118.096795
118.096795
118.096795
118.096795
118.096706
118.096706
118.096706
118.096706
118.096706
118.096706
118.096706
118.096706
118.096706
118.096706
118.096706
118.096706
118.096706
118.096706
118.096706
118.096706
118.096706
118.096706
118.096706
118.096706
118.096706
118.096706
118.088923
118.088923
118.088923
118.088923
118.088923
118.088923
118.088923
118.088923
118.088923
118.088923
118.080381
118.080381
118.080381
118.080381
118.080381
118.080381
118.080381
118.080381
118.080381
118.080381
118.080381
118.080381
118.080381
118.080381
118.080381
118.080381
118.080381
118.080381
118.080381
118.080381
118.080381
118.080381
118.080381
118.080381
118.080381
118.080381
118.080381
118.080381
118.080381
118.080381
118.080381
118.080381
118.080381
118.080381
118.080381
118.080381
118.080381
118.080381
118.080381
118.080381
118.067960
118.067960
118.067960
118.067960
118.067960
118.067960
118.067960
118.067960
118.067960
118.067960
118.067960
118.067960
118.067960
118.067960
118.067960
118.067960
118.067960
118.067960
118.067960
118.067960
118.067960
118.067960
118.067960
118.067960
118.067960
118.067960
118.051090
118.051090
118.051090
118.051090
118.051090
118.051090
118.051090
118.051090
118.051090
118.051090
118.051090
118.051090
118.051090
118.051090
118.051090
118.051090
118.051090
118.051090
118.051090
118.051090
118.051090
118.051090
118.045114
118.045114
118.045114
118.045114
118.045114
118.045114
118.045114
118.034694
118.034694
118.034694
118.034694
118.034694
118.034694
118.034694
118.034694
118.034694
118.034694
118.034694
118.034694
118.034694
118.034694
118.034694
118.034694
118.034694
118.034694
118.034694
118.034694
118.034694
118.034694
118.034694
118.034694
118.034694
118.034694
118.034694
118.034694
118.034694
118.034694
118.034694
118.013878
118.013878
118.013878
118.013878
118.013878
118.013878
118.013878
118.013878
118.011423
118.011423
118.011423
118.011423
118.011423
118.011423
118.011423
118.011423
118.011423
118.011423
117.972207
117.972207
117.972207
117.972207
117.972207
117.972207
117.972207
117.972207
117.972207
117.972207
117.972207
117.972207
117.972207
117.972207
117.972207
117.972207
117.972207
117.972207
117.972207
117.972207
117.950082
117.950082
117.950082
117.950082
117.950082
117.950082
117.950082
117.950082
117.950082
117.950082
117.950082
117.950082
117.950082
117.943129
117.943129
117.943129
117.943129
117.943129
117.943129
117.943129
117.943129
117.943129
117.943129
117.925879
117.925879
117.925879
117.925879
117.925879
117.925879
117.925879
117.925879
117.925879
117.925879
117.925879
117.925879
117.925879
117.925879
117.925879
117.925879
117.925879
117.925879
117.925879
117.925879
117.925879
117.925879
117.925879
117.925879
117.925879
117.913928
117.913928
117.913928
117.913928
117.913928
117.913928
117.913928
117.913928
117.913928
117.913928
117.913928
117.913928
117.913928
117.913928
117.913928
117.913928
117.913928
117.913928
117.913928
117.913928
117.913928
117.913928
117.913928
117.913928
117.913928
117.913928
117.913928
117.913928
117.880842
117.880842
117.880842
117.880842
117.880842
117.880842
117.880842
117.880842
117.880842
117.880842
117.858710
117.858710
117.858710
117.858710
117.858710
117.858710
117.858710
117.858710
117.858710
117.858710
117.858710
117.858710
117.858710
117.858710
117.858710
117.858710
117.858710
117.858710
117.858710
117.858710
117.858710
117.858710
117.858710
117.858710
117.858710
117.858710
117.858710
117.858710
117.858710
117.858710
117.858710
117.858710
117.858710
117.858710
117.858710
117.846846
117.846846
117.846846
117.846846
117.846846
117.846846
117.846846
117.846846
117.846846
117.846846
117.846846
117.846846
117.846846
117.846846
117.846846
117.846846
117.846846
117.846846
117.846846
117.846846
117.846846
117.846846
117.846846
117.846846
117.846846
117.830508
117.830508
117.830508
117.830508
117.830508
117.830508
117.830508
117.830508
117.830508
117.830508
117.830508
117.830508
117.830508
117.830508
117.830508
117.830508
117.830508
117.830508
117.830508
117.830508
117.830508
117.830508
117.830508
117.830508
117.830508
117.830508
117.830508
117.830508
117.830508
117.830508
117.830508
117.830508
117.830508
117.830508
117.830508
117.830508
117.830508
117.830508
117.830508
117.830508
117.781385
117.781385
117.781385
117.781385
117.781385
117.781385
117.781385
117.781385
117.781385
117.781385
117.781385
117.781385
117.781385
117.781385
117.781385
117.781385
117.781385
117.781385
117.781385
117.781385
117.781385
117.781385
117.781385
117.781385
117.781385
117.781385
117.781385
117.781385
117.781385
117.781385
117.772700
117.772700
117.772700
117.772700
117.772700
117.772700
117.772700
117.772700
117.772700
117.772700
117.772700
117.772700
117.754836
117.754836
117.754836
117.754836
117.754836
117.754836
117.754836
117.754836
117.735912
117.735912
117.735912
117.735912
117.735912
117.735912
117.735912
117.735912
117.735912
117.735912
117.735912
117.735912
117.733404
117.733404
117.733404
117.733404
117.733404
117.733404
117.733404
117.733404
117.733404
117.733404
117.733404
117.733404
117.733404
117.719600
117.719600
117.719600
117.719600
117.719600
117.719600
117.719600
117.693696
117.693696
117.693696
117.693696
117.693696
117.693696
117.693696
117.693696
117.693696
117.693696
117.693696
117.693696
117.693696
117.693696
117.693696
117.693696
117.693696
117.693696
117.693696
117.693696
117.693696
117.693696
117.693696
117.667184
117.667184
117.667184
117.667184
117.667184
117.667184
117.667184
117.667184
117.667184
117.667184
117.667184
117.667184
117.667184
117.667184
117.667184
117.667184
117.667184
117.667184
117.667184
117.667184
117.667180
117.667180
117.667180
117.667180
117.667180
117.667180
117.667180
117.667180
117.667180
117.667180
117.629881
117.629881
117.599205
117.599205
117.599205
117.599205
117.599205
117.586034
117.586034
117.586034
117.586034
117.586034
117.586034
117.523719
117.523719
117.523719
117.523719
117.523719
117.523719
117.523719
117.523719
117.523719
117.523719
117.523719
117.523719
117.523719
117.523719
117.458983
117.458983
117.458983
117.458983
117.458983
117.458983
117.458983
117.458983
117.458983
117.458983
117.458983
117.458983
117.458983
117.458983
117.458983
117.458983
117.458983
117.458983
117.458983
117.458983
117.458965
117.458965
117.458965
117.458965
117.458965
117.458965
117.458965
117.458965
117.458965
117.458965
117.458965
117.458965
117.458965
117.458965
117.458965
117.388180
117.388180
117.388180
117.388180
117.388180
117.388180
117.388180
117.388180
117.388180
117.388180
117.388180
117.388180
117.388180
117.388180
117.388180
117.388180
117.388180
117.388180
117.388180
117.388180
117.388180
117.388180
117.388180
117.388180
117.388180
117.388180
117.388180
117.388180
117.388180
117.388180
117.388176
117.388176
117.388176
117.388176
117.388176
117.388176
117.388176
117.388176
117.388176
117.388176
117.367017
117.353311
117.353311
117.353311
117.353311
117.353311
117.353311
117.353311
117.353311
117.353311
117.353311
117.353311
117.353311
117.321841
117.321841
117.321841
117.321841
117.249975
117.249975
117.249975
117.249975
117.249975
117.249975
117.249975
117.249975
117.249975
117.249975
117.249975
117.249975
117.249975
117.249975
117.249975
117.249975
117.221005
117.221005
117.221005
117.221005
117.221005
117.221005
117.221005
117.221005
117.221005
117.221005
117.221005
117.221005
117.181396
117.181396
117.108082
117.108082
117.108082
117.108082
117.108082
117.108082
117.108082
117.108082
117.108082
117.108082
117.108082
117.108082
117.082972
117.082972
117.082972
117.082972
116.976565
116.976565
116.976565
116.976565
116.976565
116.976565
116.976565
116.976565
116.976565
116.976565
116.976560
116.976560
116.976560
116.976560
116.976560
116.976560
116.976560
116.976560
116.976560
116.976560
116.976560
116.976560
116.976560
116.976560
116.976560
116.976560
116.934533
116.934533
116.934533
116.934533
116.934533
116.934533
116.735759
116.735759
116.735759
116.735759
116.735759
116.735759
116.735759
116.735759
116.735759
116.735759
116.735759
116.735759
116.735759
116.735759
116.735759
116.735759
116.735759
116.735759
116.735759
116.735759
116.635361
116.635361
116.635361
116.635361
116.635361
116.635361
116.635361
116.635361
116.635361
116.635361
116.635361
116.635361
116.635361
116.635361
116.596529
116.596529
116.596529
116.596529
116.596529
116.596529
116.500376
116.500376
116.500376
116.500376
116.500376
116.500376
116.500376
116.500376
116.500376
116.500376
116.437479
116.437479
116.437479
116.437479
116.437479
116.437479
116.437479
116.437479
116.437479
116.437479
116.437479
116.437479
116.437479
116.437479
116.437479
116.437479
116.437479
116.437479
116.437479
116.437479
116.437479
116.437479
116.437479
116.437479
116.437479
116.437479
116.437479
116.437479
116.437479
116.437479
116.437479
116.437479
116.354559
116.354559
116.354559
116.354559
116.282092
116.282092
116.282092
116.282092
116.282092
116.282092
116.256789
116.256789
116.256789
116.256789
116.256789
116.256789
116.256789
116.256789
116.256789
116.256789
116.256789
116.256789
116.256789
116.256789
116.256789
116.256789
116.256789
116.256789
116.256789
116.256789
116.256789
116.203462
116.203462
116.203462
116.203462
116.203462
116.200927
116.200927
116.200927
116.200927
116.148781
116.148781
116.148781
116.031674
116.031674
116.031674
116.031674
116.031674
116.031674
116.031674
116.031674
116.031674
116.031674
115.961574
115.961574
115.961574
115.961574
115.961574
115.961574
115.961574
115.961574
115.961574
115.961574
115.961574
115.961574
115.961574
115.961574
115.961574
115.961574
115.961574
115.961574
115.961574
115.961574
115.936643
115.936643
115.936643
115.814908
115.814908
115.814908
115.814908
115.814908
115.814908
115.814908
115.814908
115.814908
115.814908
115.814908
115.814908
115.814908
115.814908
115.814908
115.814908
115.814908
115.814908
115.814908
115.814908
115.814908
115.814908
115.814908
115.814908
115.814908
115.814908
115.814908
115.814908
115.814908
115.814908
115.814908
115.814908
115.814908
115.814908
115.814908
115.814908
115.814908
115.814908
115.814908
115.814908
115.814908
115.814908
115.814908
115.814908
115.814908
115.814908
115.814908
115.814908
115.814908
115.814908
115.748843
115.748843
115.748843
115.748843
115.748843
115.748843
115.748843
115.748843
115.748843
115.748843
115.748843
115.748843
115.748843
115.748843
115.748843
115.725455
115.725455
115.725455
115.725455
115.725455
115.725455
115.725455
115.725455
115.725455
115.725455
115.725455
115.725455
115.725455
115.725455
115.725455
115.725455
115.725455
115.725455
115.725455
115.725455
115.725455
115.616330
115.616330
115.616330
115.616330
115.616330
115.616330
115.616330
115.616330
115.616330
115.616330
115.615039
115.615039
115.615039
115.615039
115.615039
115.615039
115.615039
115.615039
115.615039
115.615039
115.615039
115.615039
115.615039
115.615039
115.615039
115.615039
115.615039
115.615039
115.615039
115.615039
115.615039
115.615039
115.615039
115.615039
115.615039
115.615039
115.615039
115.615039
115.615039
115.615039
115.615039
115.615039
115.615039
115.615039
115.615039
115.615039
115.615039
115.615039
115.615039
115.615039
115.615039
115.615039
115.615039
115.615039
115.615039
115.615039
115.615039
115.615039
115.615039
115.615039
115.615039
115.615039
115.615039
115.615039
115.615039
115.615039
115.615039
115.615039
115.615039
115.615039
115.615035
115.614109
115.614109
115.614109
115.614109
115.614109
115.614109
115.614109
115.614109
115.614109
115.614109
115.614109
115.614084
115.614084
115.614084
115.614084
115.614084
115.614084
115.614084
115.614084
115.614084
115.614084
115.614084
115.614084
115.614084
115.614084
115.614084
115.614084
115.614084
115.614084
115.614084
115.614084
115.614084
115.614084
115.614084
115.614084
115.614084
115.614084
115.614084
115.614084
115.614084
115.614084
115.614084
115.614084
115.614084
115.614084
115.614084
115.614084
115.614084
115.614084
115.614084
115.614084
115.614084
115.614084
115.614084
115.614084
115.614084
115.614084
115.614084
115.614084
115.614084
115.614084
115.614084
115.614084
115.614084
115.614084
115.614084
115.614084
115.614084
115.614084
115.614084
115.614084
115.614084
115.614084
115.614084
115.614084
115.614084
115.614084
115.614084
115.614084
115.614084
115.614084
115.614084
115.614084
115.614084
115.614084
115.614084
115.614084
115.614084
115.614084
115.614084
115.614084
115.614084
115.614084
115.614084
115.614084
115.614084
115.614084
115.614084
115.614084
115.614084
115.614084
115.614059
115.614059
115.614059
115.614059
115.614059
115.614059
115.614059
115.614059
115.614059
115.614059
115.614014
115.614014
115.614014
115.614014
115.614014
115.614014
115.614014
115.614014
115.614011
115.614011
115.614011
115.614011
115.614011
115.614011
115.614011
115.614011
115.614011
115.614011
115.614011
115.614011
115.614011
115.614011
115.614011
115.614011
115.614011
115.614011
115.614011
115.614011
115.614011
115.614011
115.614011
115.614011
115.614011
115.614011
115.614011
115.614011
115.614011
115.614011
115.613955
115.613955
115.613955
115.613955
115.613955
115.613955
115.613955
115.613955
115.613955
115.613955
115.613955
115.613955
115.613955
115.613955
115.613955
115.613955
115.613955
115.613955
115.613955
115.613955
115.613955
115.613955
115.613955
115.613955
115.613955
115.613955
115.613955
115.613955
115.613955
115.613955
115.613954
115.613954
115.613954
115.613954
115.613954
115.613954
115.613954
115.613954
115.613954
115.613954
115.613954
115.613954
115.613954
115.613954
115.613954
115.613954
115.613954
115.613954
115.613954
115.613954
115.613954
115.613954
115.613954
115.613954
115.613954
115.613954
115.613954
115.613954
115.613954
115.613954
115.613954
115.613954
115.613954
115.613954
115.613954
115.613954
115.613954
115.613954
115.613954
115.613954
115.613954
115.613954
115.613954
115.613954
115.613954
115.613954
115.613954
115.613954
115.613954
115.613954
115.613954
115.613954
115.613935
115.613935
115.613935
115.613935
115.613935
115.613935
115.613935
115.613935
115.613935
115.613935
115.613935
115.613935
115.613913
115.613913
115.613913
115.613913
115.613913
115.613913
115.613913
115.613913
115.613913
115.613913
115.613894
115.613894
115.613894
115.613894
115.613894
115.613894
115.613894
115.613894
115.613894
115.613894
115.613892
115.613892
115.613892
115.613892
115.613892
115.613892
115.613892
115.613892
115.613892
115.613892
115.613892
115.613892
115.613892
115.613892
115.613889
115.613889
115.613889
115.613889
115.613879
115.613879
115.613879
115.613879
115.613879
115.613879
115.613879
115.613879
115.613879
115.613879
115.613879
115.613879
115.613879
115.613879
115.613879
115.613879
115.613863
115.613863
115.613863
115.613863
115.613863
115.613863
115.613863
115.613863
115.613863
115.613863
115.613863
115.613863
115.613863
115.613863
115.613863
115.613863
115.613863
115.613863
115.613863
115.613863
115.613862
115.613862
115.613862
115.613862
115.613862
115.613862
115.613854
115.613854
115.613854
115.613854
115.613854
115.613854
115.613854
115.613854
115.613854
115.613854
115.613833
115.613833
115.613833
115.613833
115.613833
115.613833
115.613833
115.613833
115.613833
115.613833
115.613833
115.613833
115.613833
115.613833
115.613833
115.613833
115.613833
115.613833
115.613833
115.613833
115.613833
115.613833
115.613833
115.613833
115.613833
115.613833
115.613833
115.613833
115.613833
115.613833
115.613833
115.613833
115.613833
115.613833
115.613833
115.613833
115.613833
115.613833
115.613833
115.613833
115.613833
115.613833
115.613833
115.613833
115.613833
115.613833
115.613833
115.613833
115.613833
115.613833
115.613833
115.613833
115.613833
115.613833
115.613832
115.613832
115.613832
115.613832
115.613832
115.613832
115.613832
115.613832
115.613832
115.613832
115.613832
115.613832
115.613832
115.613832
115.613832
115.613832
115.613832
115.613832
115.613832
115.613832
115.613832
115.613832
115.613770
115.613770
115.613770
115.613770
115.613770
115.613770
115.613770
115.613770
115.613770
115.613770
115.613770
115.613770
115.613770
115.613770
115.613770
115.613770
115.613770
115.613770
115.613770
115.613770
115.613770
115.613770
115.613770
115.613770
115.613770
115.613770
115.613770
115.613770
115.613770
115.613770
115.613769
115.613769
115.613769
115.613769
115.613769
115.613769
115.613769
115.613769
115.613769
115.613769
115.613769
115.613769
115.613769
115.613769
115.613769
115.613769
115.613769
115.613769
115.613769
115.613769
115.613769
115.613769
115.613769
115.613769
115.613769
115.613769
115.613769
115.613769
115.613769
115.613769
115.613769
115.613769
115.613769
115.613769
115.613759
115.613759
115.613759
115.613759
115.613759
115.613759
115.613743
115.613743
115.613743
115.613743
115.613743
115.613743
115.613743
115.613743
115.613737
115.613737
115.613737
115.613737
115.613737
115.613737
115.613737
115.613737
115.613737
115.613737
115.613737
115.613737
115.613699
115.613699
115.613699
115.613699
115.613699
115.613699
115.613699
115.613699
115.613699
115.613699
115.613699
115.613699
115.613699
115.613699
115.613699
115.613699
115.613699
115.613699
115.613699
115.613699
115.613698
115.613698
115.613698
115.613698
115.613698
115.613698
115.613698
115.613698
115.613698
115.613698
115.613698
115.613698
115.613698
115.613698
115.613698
115.613698
115.613698
115.613698
115.613698
115.613698
115.613698
115.613698
115.613698
115.613698
115.613698
115.613698
115.613698
115.613698
115.613698
115.613698
115.613698
115.613698
115.613690
115.613690
115.613690
115.613690
115.613690
115.613690
115.613641
115.613641
115.613641
115.613641
115.613641
115.613641
115.613641
115.613641
115.613641
115.613641
115.613641
115.613641
115.613641
115.613641
115.613641
115.613641
115.613641
115.613641
115.613641
115.613641
115.613641
115.613610
115.613610
115.613610
115.613610
115.613610
115.613610
115.613610
115.613610
115.613610
115.613610
115.613610
115.613607
115.613607
115.613607
115.613607
115.613607
115.613607
115.613607
115.613607
115.613607
115.613607
115.613607
115.613607
115.613607
115.613607
115.613607
115.613607
115.613607
115.613607
115.613607
115.613605
115.613605
115.613605
115.613601
115.613601
115.613583
115.613583
115.613583
115.613583
115.613583
115.613583
115.613583
115.613583
115.613583
115.613583
115.613583
115.613583
115.613583
115.613583
115.613583
115.613583
115.613583
115.613583
115.613569
115.613569
115.613569
115.613569
115.613569
115.613569
115.613569
115.613569
115.613569
115.613569
115.613569
115.613569
115.613530
115.613530
115.613530
115.613530
115.613530
115.613530
115.613530
115.613530
115.613530
115.613530
115.613530
115.613530
115.613530
115.613530
115.613530
115.613530
115.613530
115.613530
115.613530
115.613530
115.613530
115.613530
115.613530
115.613530
115.613530
115.613530
115.613530
115.613530
115.613530
115.613530
115.613518
115.613518
115.613518
115.613518
115.613518
115.613518
115.613518
115.613508
115.613508
115.613508
115.613508
115.613508
115.613508
115.613508
115.613508
115.613508
115.613508
115.613452
115.613452
115.613452
115.613452
115.613452
115.613452
115.613452
115.613452
115.613452
115.613452
115.613452
115.613452
115.613452
115.613452
115.613452
115.613452
115.613452
115.613452
115.613452
115.613452
115.613452
115.613452
115.613452
115.613452
115.613452
115.613452
115.613452
115.613452
115.613452
115.613452
115.613452
115.613452
115.613452
115.613452
115.613452
115.613451
115.613451
115.613451
115.613451
115.613451
115.613404
115.613404
115.613404
115.613404
115.613404
115.613404
115.613404
115.613404
115.613404
115.613404
115.613404
115.613404
115.613404
115.613404
115.613404
115.613404
115.613404
115.613404
115.613404
115.613404
115.613404
115.613404
115.613404
115.613404
115.613404
115.613404
115.613404
115.613404
115.613404
115.613404
115.613404
115.613390
115.613390
115.613390
115.613390
115.613390
115.613390
115.613390
115.613390
115.613390
115.613390
115.613390
115.613390
115.613377
115.613377
115.613377
115.613377
115.613377
115.613377
115.613377
115.613377
115.613310
115.613310
115.613310
115.613310
115.613310
115.613310
115.613310
115.613310
115.613310
115.613310
115.613309
115.613309
115.613309
115.613309
115.613246
115.613246
115.613246
115.613246
115.613246
115.613246
115.613246
115.613246
115.613246
115.613246
115.613246
115.613246
115.613246
115.613246
115.613246
115.613246
115.613246
115.613246
115.613246
115.613246
115.613246
115.613246
115.613246
115.613246
115.613246
115.613246
115.613201
115.613201
115.613201
115.613201
115.613184
115.613184
115.613184
115.613184
115.613184
115.613184
115.613184
115.613184
115.613184
115.613184
115.613184
115.613184
115.613184
115.613184
115.613184
115.613184
115.613184
115.613184
115.613184
115.613184
115.613184
115.613184
115.613184
115.613184
115.613184
115.613184
115.613184
115.613184
115.613184
115.613184
115.613184
115.613184
115.613184
115.613184
115.613184
115.613184
115.613184
115.613184
115.613184
115.613184
115.613184
115.613184
115.613184
115.613184
115.613184
115.613184
115.613184
115.613184
115.613184
115.613184
115.613184
115.613184
115.613184
115.613184
115.613184
115.613089
115.613089
115.613089
115.613089
115.613089
115.613089
115.613089
115.613089
115.613089
115.613089
115.613088
115.613088
115.613088
115.613088
115.613088
115.613088
115.613088
115.613088
115.613088
115.613088
115.613088
115.613088
115.613088
115.613088
115.613088
115.613044
115.613044
115.613044
115.613044
115.613044
115.613044
115.613044
115.613044
115.613044
115.613044
115.613044
115.613044
115.613044
115.613044
115.613044
115.613044
115.613044
115.613044
115.613044
115.613044
115.613044
115.613044
115.613044
115.613044
115.613039
115.613039
115.612954
115.612954
115.612954
115.612954
115.612954
115.612954
115.612954
115.612954
115.612954
115.612954
115.612954
115.612954
115.612954
115.612954
115.612954
115.612954
115.612954
115.612954
115.612954
115.612954
115.612954
115.612954
115.612954
115.612954
115.612954
115.612954
115.612954
115.612861
115.612861
115.612861
115.612861
115.612861
115.612861
115.612861
115.612804
115.612804
115.612804
115.612804
115.612804
115.612804
115.612804
115.612804
115.612804
115.612804
115.612690
115.612690
115.612690
115.612690
115.612690
115.612690
115.612690
115.612690
115.612690
115.612690
115.612690
115.612690
115.612690
115.612690
115.612690
115.612690
115.612690
115.612690
115.612690
115.612690
115.612690
115.612690
115.612690
115.612690
115.612690
115.612690
115.612690
115.612690
115.612690
115.612690
115.612690
115.612690
115.612690
115.612690
115.612690
115.612690
115.612690
115.612690
115.612690
115.612690
115.612690
115.612690
115.612690
115.612649
115.612649
115.612649
115.612632
115.612632
115.612632
115.612632
115.612632
115.612632
115.612632
115.612632
115.612632
115.612632
115.612538
115.612538
115.612538
115.612538
115.612538
115.612538
115.612538
115.612538
115.612538
115.612538
115.612538
115.612538
115.612538
115.612538
115.612538
115.612538
115.612538
115.612538
115.612538
115.612538
115.612375
115.612375
115.612375
115.612375
115.612375
115.612375
115.612375
115.612375
115.612375
115.612375
115.612375
115.612375
115.612375
115.612375
115.612375
115.612375
115.612375
115.612375
115.612375
115.612375
115.612375
115.612375
115.612375
115.612375
115.612375
115.612375
115.612375
115.612375
115.612375
115.612375
115.612375
115.612375
115.612375
115.612375
115.612370
115.612370
115.612370
115.612370
115.612370
115.612370
115.612370
115.612370
115.612370
115.612370
115.612370
115.612370
115.612370
115.612370
115.612370
115.612363
115.612363
115.612363
115.612363
115.612363
115.612363
115.612363
115.612363
115.612363
115.612363
115.612363
115.612363
115.612363
115.612363
115.612363
115.612363
115.612363
115.612363
115.612363
115.612363
115.612363
115.612363
115.612363
115.612363
115.612363
115.612363
115.612363
115.612363
115.612363
115.612363
115.612361
115.612361
115.612361
115.612361
115.612361
115.612238
115.612238
115.612238
115.612238
115.612238
115.612238
115.612238
115.612238
115.612238
115.612238
115.612238
115.612238
115.612238
115.612238
115.612238
115.612238
115.612238
115.612238
115.612238
115.612238
115.612238
115.612238
115.612238
115.612238
115.612238
115.612238
115.612238
115.612238
115.612238
115.612238
115.612238
115.612238
115.612238
115.612238
115.612238
115.612238
115.612082
115.612082
115.612082
115.612082
115.612082
115.612082
115.612082
115.612082
115.612082
115.611965
115.611965
115.611965
115.611965
115.611965
115.611965
115.611965
115.611965
115.611965
115.611965
115.611955
115.611955
115.611955
115.611854
115.611854
115.611854
115.611854
115.611854
115.611854
115.611854
115.611854
115.611854
115.611854
115.611854
115.611854
115.611854
115.611854
115.611854
115.611854
115.611854
115.611854
115.611854
115.611854
115.611854
115.611854
115.611854
115.611854
115.611854
115.611854
115.611854
115.611854
115.611854
115.611854
115.611854
115.611854
115.611854
115.611854
115.611854
115.611854
115.611854
115.611661
115.611661
115.611661
115.611661
115.611661
115.611661
115.611661
115.611661
115.611661
115.611661
115.611661
115.611661
115.611661
115.611661
115.611661
115.611661
115.611661
115.611661
115.611661
115.611661
115.611661
115.611661
115.611661
115.611661
115.611661
115.611661
115.611661
115.611661
115.611661
115.611661
115.611661
115.611661
115.611661
115.611661
115.611661
115.611642
115.611642
115.611642
115.611632
115.611632
115.611632
115.611632
115.611632
115.611632
115.611632
115.611632
115.611632
115.611632
115.611191
115.611191
115.611191
115.611191
115.611191
115.611191
115.611191
115.611191
115.611191
115.611191
115.611191
115.611191
115.611191
115.611191
115.611191
115.611191
115.611191
115.611191
115.611191
115.611191
115.611141
115.611141
115.611141
115.611141
115.611141
115.611141
115.611141
115.611141
115.611141
115.611141
115.611141
115.611141
115.611141
115.611141
115.611141
115.611135
115.611135
115.611135
115.611135
115.611135
115.611135
115.611135
115.611135
115.611135
115.611135
115.611135
115.611135
115.610926
115.610926
115.610926
115.610926
115.610926
115.610926
115.610926
115.610926
115.610926
115.610926
115.610926
115.610926
115.610926
115.610926
115.610926
115.610926
115.610926
115.610926
115.610926
115.610926
115.610926
115.610926
115.610926
115.610899
115.610899
115.610899
115.610899
115.610899
115.610899
115.610899
115.610899
115.610899
115.610899
115.610899
115.610899
115.610899
115.610899
115.610899
115.610899
115.610899
115.610899
115.610899
115.610899
115.610899
115.610899
115.610899
115.610899
115.610899
115.610899
115.610899
115.610899
115.610899
115.610899
115.610899
115.610899
115.610899
115.610899
115.610899
115.610899
115.610899
115.610899
115.610899
115.610899
115.610899
115.610899
115.610899
115.610899
115.610899
115.610899
115.610899
115.610807
115.610807
115.610807
115.610807
115.610807
115.610807
115.610807
115.610807
115.610807
115.610807
115.610807
115.610807
115.610807
115.610807
115.610807
115.610807
115.610807
115.610807
115.610807
115.610807
115.610807
115.610807
115.610807
115.610807
115.610807
115.610807
115.610807
115.610807
115.610807
115.610807
115.610807
115.610807
115.610807
115.610746
115.610746
115.610746
115.610746
115.610746
115.610746
115.610746
115.610746
115.610746
115.610738
115.610738
115.610738
115.610738
115.610738
115.610738
115.610738
115.610738
115.610738
115.610738
115.610738
115.610738
115.610738
115.610738
115.610738
115.610738
115.610738
115.610738
115.610700
115.610700
115.610700
115.610700
115.610700
115.610626
115.610626
115.610626
115.610626
115.610626
115.610626
115.610626
115.610626
115.610626
115.610626
115.610626
115.610626
115.610626
115.610626
115.610626
115.610626
115.610626
115.610553
115.610553
115.610553
115.610553
115.610553
115.610553
115.610553
115.610553
115.610553
115.610553
115.610553
115.610553
115.610553
115.610553
115.610553
115.610553
115.610553
115.610553
115.610553
115.610553
115.610553
115.610553
115.610553
115.610529
115.610529
115.610529
115.610529
115.610529
115.610467
115.610467
115.610467
115.610467
115.610467
115.610467
115.610467
115.610467
115.610467
115.610467
115.610467
115.610467
115.610467
115.610467
115.610467
115.610467
115.610467
115.610467
115.610467
115.610467
115.610467
115.610467
115.610467
115.610467
115.610467
115.610467
115.610467
115.610467
115.610467
115.610467
115.610467
115.610467
115.610403
115.610403
115.610403
115.610381
115.610381
115.610381
115.610381
115.610381
115.610381
115.610381
115.610381
115.610381
115.610381
115.610381
115.610381
115.610381
115.610381
115.610381
115.610381
115.610381
115.610381
115.610354
115.610354
115.610354
115.610354
115.610354
115.610354
115.610354
115.610354
115.610354
115.610354
115.610354
115.610354
115.610354
115.610354
115.610354
115.610354
115.610354
115.610354
115.610354
115.610331
115.610331
115.610308
115.610308
115.610308
115.610308
115.610239
115.610239
115.610239
115.610239
115.610239
115.610239
115.610239
115.610239
115.610239
115.610239
115.610239
115.610239
115.610086
115.610086
115.610086
115.610086
115.610086
115.610086
115.610086
115.610086
115.610086
115.610086
115.610086
115.610086
115.610086
115.610086
115.610086
115.610086
115.610086
115.610086
115.610086
115.610086
115.610048
115.610048
115.610048
115.610048
115.610048
115.609972
115.609972
115.609972
115.609972
115.609972
115.609972
115.609972
115.609972
115.609972
115.609890
115.609890
115.609890
115.609890
115.609890
115.609890
115.609890
115.609890
115.609890
115.609890
115.609890
115.609890
115.609890
115.609890
115.609890
115.609890
115.609890
115.609890
115.609890
115.609890
115.609890
115.609890
115.609890
115.609890
115.609890
115.609890
115.609890
115.609890
115.609890
115.609890
115.609890
115.609840
115.609840
115.609840
115.609840
115.609840
115.609840
115.609840
115.609840
115.609840
115.609840
115.609839
115.609839
115.609839
115.609839
115.609839
115.609839
115.609839
115.609839
115.609839
115.609839
115.609839
115.609839
115.609839
115.609839
115.609839
115.609839
115.609839
115.609839
115.609839
115.609839
115.609839
115.609839
115.609839
115.609839
115.609839
115.609839
115.609839
115.609839
115.609839
115.609839
115.609839
115.609839
115.609839
115.609839
115.609839
115.609839
115.609839
115.609839
115.609661
115.609661
115.609661
115.609661
115.609661
115.609661
115.609661
115.609661
115.609661
115.609661
115.609661
115.609661
115.609661
115.609661
115.609661
115.609661
115.609661
115.609661
115.609661
115.609661
115.609661
115.609661
115.609661
115.609661
115.609661
115.609661
115.609661
115.609661
115.609661
115.609661
115.609661
115.609661
115.609661
115.609661
115.609661
115.609661
115.609661
115.609661
115.609661
115.609661
115.609621
115.609621
115.609621
115.609621
115.609621
115.609621
115.609621
115.609621
115.609621
115.609621
115.609621
115.609621
115.609621
115.609621
115.609621
115.609621
115.609621
115.609621
115.609621
115.609621
115.609621
115.609609
115.609609
115.609609
115.609609
115.609568
115.609568
115.609568
115.609568
115.609568
115.609568
115.609568
115.609568
115.609568
115.609568
115.609568
115.609568
115.609568
115.609568
115.609568
115.609568
115.609568
115.609568
115.609568
115.609568
115.609568
115.609568
115.609568
115.609568
115.609568
115.609568
115.609568
115.609568
115.609420
115.609420
115.609420
115.609420
115.609420
115.609420
115.609420
115.609290
115.609290
115.609290
115.609290
115.609290
115.609290
115.609290
115.609290
115.609290
115.609290
115.609290
115.609290
115.609290
115.609285
115.609285
115.609285
115.609285
115.609285
115.609285
115.609285
115.609285
115.609285
115.609285
115.609285
115.609285
115.609285
115.609285
115.609285
115.609285
115.609285
115.609285
115.609285
115.609285
115.609113
115.609113
115.609113
115.609113
115.609113
115.609113
115.609113
115.609113
115.609113
115.609113
115.609113
115.609113
115.609113
115.609113
115.609113
115.609113
115.609113
115.609113
115.609113
115.609113
115.609113
115.609113
115.609113
115.609113
115.609113
115.609113
115.609113
115.609113
115.609113
115.609113
115.609113
115.609113
115.609091
115.609091
115.609091
115.609091
115.609091
115.609091
115.609018
115.609018
115.609018
115.609018
115.609018
115.609018
115.609018
115.609018
115.609018
115.609018
115.608811
115.608811
115.608811
115.608811
115.608811
115.608811
115.608811
115.608811
115.608811
115.608811
115.608811
115.608811
115.608811
115.608811
115.608811
115.608811
115.608811
115.608811
115.608811
115.608811
115.608448
115.608448
115.608448
115.608448
115.608448
115.608448
115.608448
115.608448
115.608448
115.608448
115.608448
115.608448
115.608448
115.608448
115.608448
115.608448
115.608448
115.608448
115.608448
115.608448
115.608448
115.608448
115.608448
115.608448
115.608233
115.608233
115.608233
115.608233
115.608233
115.608233
115.608233
115.608233
115.608233
115.608233
115.608233
115.608233
115.608233
115.608233
115.608233
115.608233
115.608233
115.608233
115.608233
115.608233
115.608160
115.608160
115.608160
115.608160
115.608160
115.608160
115.608160
115.608160
115.608160
115.608160
115.608160
115.608160
115.608160
115.608160
115.608160
115.608160
115.608160
115.608160
115.608160
115.608160
115.607980
115.607980
115.607980
115.607980
115.607929
115.607929
115.607929
115.607929
115.607929
115.607929
115.607929
115.607929
115.607929
115.607929
115.607929
115.607929
115.607823
115.607823
115.607823
115.607823
115.607745
115.607745
115.607745
115.607745
115.607745
115.607745
115.607745
115.607745
115.607745
115.607745
115.607745
115.607745
115.607745
115.607745
115.607745
115.607745
115.607745
115.607626
115.607626
115.607626
115.607626
115.607626
115.607626
115.607626
115.607039
115.607039
115.607039
115.607039
115.607039
115.607039
115.607039
115.607039
115.607039
115.607039
115.607039
115.607039
115.607039
115.607039
115.607039
115.607039
115.607039
115.607039
115.607039
115.607039
115.607039
115.607039
115.607039
115.607039
115.607039
115.607039
115.606842
115.606842
115.606842
115.606842
115.606842
115.606842
115.606842
115.606842
115.606842
115.606842
115.606739
115.606739
115.606739
115.606739
115.606739
115.606739
115.606739
115.606739
115.606739
115.606739
115.606739
115.606739
115.606739
115.606739
115.606739
115.606739
115.606739
115.606739
115.606739
115.606739
115.606739
115.606739
115.606691
115.606691
115.606691
115.606691
115.606691
115.606691
115.606691
115.606691
115.606526
115.606526
115.606526
115.606526
115.606526
115.606526
115.606526
115.606526
115.606526
115.606526
115.606338
115.606338
115.606031
115.606031
115.606031
115.606031
115.606031
115.606031
115.606031
115.606031
115.606031
115.606031
115.606031
115.606031
115.606031
115.606031
115.606031
115.606031
115.606031
115.606031
115.606031
115.606031
115.606031
115.606031
115.606031
115.606031
115.606031
115.606031
115.606031
115.606031
115.606031
115.606031
115.606031
115.606031
115.606031
115.605993
115.605993
115.605993
115.605993
115.605993
115.605993
115.605993
115.605875
115.605875
115.605875
115.605875
115.605875
115.605875
115.605875
115.605875
115.605875
115.605875
115.605689
115.605689
115.605689
115.605689
115.605689
115.605689
115.605689
115.605689
115.605335
115.605335
115.605077
115.605077
115.605077
115.605077
115.605077
115.605077
115.605077
115.605077
115.605077
115.605077
115.604865
115.604865
115.604865
115.604822
115.604822
115.604822
115.604822
115.604822
115.604822
115.604822
115.604822
115.604822
115.604822
115.604384
115.604384
115.604384
115.604384
115.604384
115.604384
115.604384
115.604384
115.604384
115.604384
115.604384
115.604384
115.604384
115.604384
115.604384
115.604384
115.604384
115.604384
115.604384
115.604384
115.604384
115.604384
115.604080
115.604080
115.604080
115.604080
115.604080
115.604080
115.604080
115.604080
115.603359
115.603359
115.603108
115.603108
115.603108
115.603108
115.603108
115.603108
115.603108
115.603108
115.603108
115.603108
115.603108
115.603108
115.603108
115.603108
115.603108
115.603108
115.603108
115.603108
115.603108
115.603108
115.602001
115.602001
115.602001
115.602001
115.602001
115.602001
115.602001
115.602001
115.602001
115.602001
115.602001
115.602001
115.602001
115.601755
115.601755
115.601755
115.601755
115.601755
115.601755
115.601755
115.601755
115.601755
115.601755
115.601755
115.601755
115.601755
115.601755
115.601755
115.601152
115.601152
115.601152
115.601152
115.601152
115.601149
115.601149
115.601149
115.601149
115.601149
115.601149
115.601149
115.601149
115.601149
115.601149
115.601149
115.601149
115.601149
115.601149
115.601149
115.601149
115.601149
115.601149
115.601149
115.601149
115.601149
115.601149
115.601149
115.601149
115.601149
115.599711
115.599711
115.599711
115.599711
115.599711
115.599711
115.599711
115.599711
115.599711
115.599711
115.599711
115.599711
115.599711
115.599711
115.599711
115.599711
115.599711
115.599711
115.599711
115.599711
115.597911
115.597911
115.597911
115.597911
115.597911
115.597911
115.597911
115.597911
115.597911
115.597911
115.597911
115.597911
115.597911
115.597911
115.597911
115.597911
115.597911
115.597911
115.597911
115.597911
115.597911
115.597911
115.597911
115.597911
115.597911
115.597911
115.597911
115.597911
115.597911
115.597911
115.597911
115.597911
115.597911
115.597911
115.597911
115.597911
115.597911
115.597911
115.597911
115.597911
115.597911
115.597911
115.597911
115.597911
115.597911
115.597911
115.597911
115.597911
115.597911
115.597911
115.597911
115.597911
115.597911
115.597911
115.597911
115.597911
115.597911
115.597911
115.597911
115.597911
115.597911
115.597911
115.597911
115.597911
115.597911
115.597911
115.597911
115.597911
115.597911
115.597911
115.597911
115.597911
115.597911
115.597911
115.597911
115.597911
115.597911
115.597911
115.597911
115.597911
115.597911
115.597911
115.597911
115.597911
115.597911
115.597911
115.597911
115.597911
115.597911
115.597911
115.597911
115.597911
115.596811
115.596811
115.596811
115.596696
115.596696
115.596696
115.596696
115.596696
115.596696
115.596696
115.596696
115.596696
115.596696
115.596696
115.596696
115.596696
115.596696
115.596696
115.596696
115.596696
115.596696
115.596675
115.596675
115.596675
115.596675
115.596675
115.596675
115.596675
115.596675
115.596675
115.596675
115.596675
115.596675
115.596675
115.596675
115.596675
115.596675
115.596675
115.595551
115.595551
115.595551
115.595551
115.595551
115.595551
115.595551
115.595551
115.595551
115.595551
115.595481
115.595481
115.595481
115.595481
115.595481
115.595481
115.595481
115.595481
115.595481
115.595481
115.595481
115.595481
115.595481
115.595481
115.595481
115.595481
115.595481
115.595481
115.595481
115.595481
115.595481
115.595481
115.594949
115.594820
115.594820
115.594631
115.594631
115.594631
115.594631
115.594631
115.594631
115.594631
115.594631
115.594631
115.594631
115.594631
115.594631
115.594631
115.594631
115.593892
115.592682
115.592682
115.592682
115.592682
115.592682
115.592682
115.592682
115.592682
115.592682
115.592682
115.592682
115.592682
115.592682
115.592682
115.592682
115.592682
115.592682
115.592682
115.592682
115.592682
115.592682
115.592682
115.592682
115.592682
115.592682
115.592682
115.592682
115.592682
115.592682
115.592682
115.592682
115.592682
115.592682
115.592682
115.592682
115.592682
115.592682
115.592682
115.592682
115.592682
115.592682
115.592682
115.592682
115.592682
115.592682
115.592682
115.592682
115.592682
115.592682
115.592682
115.592682
115.592682
115.592682
115.592682
115.592682
115.592682
115.592682
115.592682
115.592682
115.592682
115.592682
115.592682
115.592682
115.592682
115.592682
115.592682
115.592682
115.591592
115.591592
115.591592
115.591592
115.591592
115.591592
115.591592
115.591592
115.591592
115.591592
115.591592
115.591592
115.591592
115.591592
115.591592
115.591592
115.591592
115.591592
115.591592
115.591592
115.591592
115.591592
115.591592
115.591592
115.591592
115.591592
115.591592
115.591592
115.591592
115.591592
115.591592
115.591592
115.591592
115.591592
115.591592
115.591592
115.591592
115.591592
115.591592
115.591592
115.591592
115.591592
115.591592
115.591592
115.591592
115.591592
115.591592
115.591592
115.591592
115.591592
115.590904
115.590904
115.590904
115.590904
115.590904
115.590904
115.590904
115.590904
115.590904
115.590904
115.590904
115.590904
115.590904
115.590904
115.590904
115.590904
115.590904
115.590904
115.590904
115.590904
115.590904
115.590904
115.590904
115.590790
115.590790
115.590790
115.590790
115.590790
115.590790
115.590790
115.590790
115.590790
115.590790
115.590790
115.590790
115.590790
115.590790
115.590790
115.589079
115.589079
115.589079
115.589079
115.589079
115.589079
115.589079
115.589079
115.589079
115.589079
115.589079
115.589079
115.589079
115.589079
115.589079
115.589079
115.589079
115.589079
115.589079
115.589079
115.589079
115.589079
115.589079
115.589079
115.589079
115.589079
115.589079
115.589079
115.589079
115.589079
115.587105
115.587105
115.587105
115.587105
115.587105
115.587105
115.587105
115.587105
115.587105
115.587105
115.587105
115.587105
115.587105
115.587105
115.587105
115.587105
115.587105
115.587105
115.587105
115.587105
115.587105
115.587105
115.587105
115.587105
115.587105
115.587105
115.587105
115.587105
115.587105
115.587105
115.587050
115.587050
115.587050
115.587050
115.587050
115.587050
115.587050
115.587050
115.587050
115.587050
115.587050
115.587050
115.587050
115.587050
115.587050
115.587050
115.587050
115.587050
115.587050
115.587050
115.587050
115.587050
115.586616
115.586616
115.586616
115.586616
115.586616
115.586616
115.586616
115.586616
115.586616
115.586616
115.586286
115.586286
115.586286
115.586286
115.586286
115.586286
115.586286
115.586286
115.586286
115.586286
115.586286
115.586286
115.586286
115.586286
115.586286
115.586286
115.586286
115.586286
115.586286
115.586286
115.586286
115.586286
115.586286
115.586286
115.586286
115.585914
115.585914
115.585914
115.585914
115.585914
115.585914
115.585914
115.585914
115.585914
115.585914
115.585914
115.585914
115.585914
115.585914
115.585914
115.585914
115.585914
115.585914
115.585914
115.585914
115.585582
115.585582
115.585582
115.585582
115.585582
115.585582
115.585582
115.585582
115.585582
115.585582
115.585582
115.585582
115.585582
115.585582
115.585582
115.585053
115.585053
115.585053
115.585053
115.585053
115.585053
115.585053
115.585053
115.585053
115.585053
115.585053
115.585053
115.585053
115.585053
115.585053
115.585053
115.585053
115.585053
115.585053
115.585053
115.585053
115.585053
115.585053
115.585053
115.585053
115.585053
115.585053
115.585053
115.585053
115.585053
115.585053
115.585053
115.585053
115.585053
115.585053
115.585053
115.585053
115.585053
115.585053
115.585053
115.585053
115.585053
115.585053
115.585053
115.583842
115.583404
115.583404
115.583404
115.583404
115.583404
115.583404
115.583404
115.583404
115.583404
115.583404
115.583404
115.583404
115.583404
115.583404
115.583404
115.583404
115.583404
115.583404
115.583404
115.583404
115.583404
115.583404
115.583404
115.583404
115.583404
115.583404
115.583404
115.583404
115.583404
115.583404
115.583404
115.583404
115.583404
115.583404
115.583404
115.583404
115.583404
115.583404
115.583404
115.583404
115.583404
115.583404
115.583404
115.583404
115.583404
115.583404
115.583404
115.583404
115.583404
115.583404
115.583404
115.583404
115.583404
115.583404
115.583404
115.583404
115.583404
115.583404
115.583404
115.583404
115.583404
115.583404
115.583404
115.583404
115.583404
115.583404
115.583404
115.583404
115.583404
115.583404
115.583404
115.583404
115.583404
115.583404
115.583404
115.583404
115.583404
115.583404
115.583404
115.583404
115.583404
115.583404
115.583404
115.583404
115.583404
115.583404
115.583404
115.583404
115.583404
115.583404
115.583404
115.581589
115.581589
115.581589
115.581589
115.581589
115.581589
115.581589
115.581589
115.581589
115.581589
115.581589
115.581589
115.581589
115.581589
115.581589
115.581589
115.581589
115.581589
115.581053
115.581053
115.581053
115.581053
115.581053
115.581053
115.581013
115.581013
115.581013
115.581013
115.581013
115.581013
115.581013
115.581013
115.581013
115.581013
115.581013
115.581013
115.581013
115.580597
115.580597
115.580597
115.580597
115.580597
115.580597
115.580597
115.580597
115.580597
115.580597
115.580597
115.580597
115.580597
115.580597
115.580597
115.580597
115.580597
115.580597
115.580597
115.580597
115.580597
115.580597
115.580597
115.580200
115.580200
115.580200
115.580200
115.580200
115.580200
115.580200
115.580200
115.580200
115.580200
115.580200
115.580200
115.580200
115.580200
115.580200
115.580200
115.580200
115.580200
115.580200
115.580200
115.580200
115.580200
115.580200
115.580200
115.580200
115.580200
115.580200
115.580200
115.580200
115.580200
115.579080
115.579080
115.579080
115.579080
115.579080
115.579080
115.579080
115.579080
115.578980
115.578980
115.578980
115.578980
115.578980
115.578980
115.578980
115.578980
115.578980
115.578980
115.578980
115.578980
115.576171
115.576171
115.576171
115.576171
115.576171
115.576171
115.576171
115.576171
115.576171
115.574728
115.574728
115.574728
115.574728
115.574728
115.574728
115.574728
115.574728
115.574728
115.574728
115.574728
115.574728
115.574728
115.574728
115.574728
115.574728
115.574728
115.574728
115.574728
115.574728
115.574728
115.574728
115.574728
115.574674
115.574674
115.574674
115.574674
115.573219
115.573219
115.573219
115.573219
115.573219
115.573219
115.573219
115.573219
115.573219
115.573219
115.573219
115.573219
115.573219
115.573219
115.573219
115.573219
115.570898
115.570898
115.570898
115.570898
115.570898
115.570898
115.570898
115.570898
115.570898
115.570898
115.570898
115.570898
115.570898
115.570898
115.570898
115.570898
115.570898
115.570898
115.570898
115.570898
115.570898
115.570898
115.570898
115.570898
115.570898
115.570898
115.570898
115.570898
115.570898
115.570898
115.570898
115.570898
115.570898
115.570898
115.567726
115.567726
115.567726
115.567726
115.567726
115.567726
115.567726
115.567726
115.567726
115.567726
115.567726
115.567726
115.567726
115.567726
115.567726
115.567726
115.567726
115.567726
115.567726
115.567726
115.567726
115.567726
115.567726
115.567726
115.567726
115.567726
115.564327
115.564327
115.564327
115.564327
115.564327
115.564327
115.564327
115.564327
115.564327
115.564327
115.564327
115.564327
115.564327
115.564327
115.564327
115.564327
115.564327
115.564327
115.559921
115.559921
115.559921
115.559921
115.559921
115.559921
115.559921
115.559921
115.559921
115.559921
115.559921
115.559921
115.559921
115.559921
115.559921
115.559921
115.559921
115.559921
115.559921
115.559921
115.559921
115.559921
115.559921
115.559921
115.559921
115.559921
115.559529
115.559529
115.559529
115.559529
115.559529
115.559529
115.559529
115.559529
115.559529
115.559529
115.559529
115.559529
115.559529
115.559529
115.558113
115.558113
115.558113
115.558113
115.558113
115.558113
115.552453
115.552453
115.552453
115.552453
115.552453
115.552453
115.552453
115.552453
115.552453
115.552453
115.552453
115.552453
115.552453
115.552453
115.552453
115.552453
115.552453
115.552453
115.552453
115.552453
115.552453
115.552453
115.552453
115.552453
115.552453
115.552453
115.552453
115.552453
115.552453
115.552453
115.552453
115.552453
115.551991
115.551991
115.551991
115.551991
115.551991
115.551991
115.551991
115.551991
115.551991
115.551991
115.551776
115.551776
115.551776
115.551776
115.551776
115.551776
115.551776
115.551776
115.551716
115.550062
115.550062
115.550062
115.550062
115.550062
115.545045
115.545045
115.545045
115.545045
115.545045
115.545045
115.545045
115.545045
115.545045
115.545045
115.545045
115.545045
115.545045
115.545045
115.545045
115.540620
115.540620
115.540620
115.540620
115.540620
115.540620
115.540620
115.540620
115.540620
115.540620
115.540620
115.540620
115.540620
115.540620
115.540620
115.540620
115.540620
115.540620
115.540620
115.540620
115.540620
115.540620
115.540620
115.540620
115.540620
115.540620
115.540620
115.540620
115.540620
115.540620
115.540620
115.540620
115.540620
115.540620
115.540620
115.540620
115.540620
115.540620
115.540620
115.540620
115.540620
115.540620
115.540620
115.540620
115.540620
115.540620
115.540620
115.540620
115.540620
115.540620
115.540620
115.540620
115.540620
115.540620
115.540620
115.540620
115.540620
115.540620
115.540620
115.540620
115.540620
115.540620
115.540620
115.540620
115.540620
115.540620
115.540620
115.540620
115.540620
115.540620
115.540620
115.540620
115.540620
115.540620
115.540620
115.540620
115.540620
115.540620
115.540620
115.540620
115.540620
115.540620
115.540620
115.540620
115.540620
115.540620
115.540620
115.540620
115.540620
115.540620
115.540619
115.540619
115.540619
115.540619
115.540619
115.540619
115.540619
115.540619
115.540619
115.540619
115.540619
115.540619
115.540619
115.540619
115.540619
115.540619
115.540619
115.540619
115.540619
115.540619
115.540619
115.540619
115.540619
115.540619
115.540619
115.540619
115.540619
115.540619
115.540619
115.540619
115.540619
115.539042
115.539042
115.539042
115.539042
115.539042
115.539042
115.539042
115.539042
115.539042
115.539042
115.539042
115.539042
115.539042
115.539042
115.539042
115.539042
115.539042
115.539042
115.539042
115.539042
115.539042
115.539042
115.539042
115.539042
115.539042
115.539042
115.539042
115.539042
115.539042
115.539042
115.539042
115.539042
115.539042
115.539042
115.539042
115.539042
115.539042
115.539042
115.539042
115.539042
115.539042
115.539042
115.539042
115.539042
115.539042
115.539042
115.539042
115.539042
115.538326
115.538326
115.538326
115.538326
115.538326
115.538326
115.538326
115.538326
115.538326
115.538326
115.538326
115.538326
115.538326
115.538326
115.538326
115.538326
115.538326
115.538326
115.538326
115.538326
115.538326
115.538326
115.538326
115.538326
115.538326
115.538326
115.538326
115.538326
115.538326
115.538326
115.538326
115.538326
115.538309
115.537962
115.537962
115.537962
115.537962
115.537962
115.537962
115.537962
115.537962
115.537962
115.537962
115.537962
115.537962
115.537962
115.537962
115.537962
115.537962
115.537962
115.537962
115.537962
115.537962
115.537962
115.537962
115.537962
115.537962
115.537962
115.537962
115.537962
115.537962
115.537962
115.537962
115.537962
115.537962
115.537962
115.537962
115.537962
115.537962
115.537962
115.537901
115.537901
115.537901
115.537901
115.537901
115.537901
115.537692
115.537692
115.536811
115.536811
115.536811
115.536811
115.536811
115.536811
115.536811
115.536811
115.536811
115.536811
115.535810
115.535810
115.535810
115.535810
115.535810
115.535810
115.535810
115.535810
115.535810
115.535810
115.535810
115.535810
115.535810
115.535810
115.535810
115.535810
115.535810
115.535810
115.535810
115.535810
115.534266
115.534266
115.534266
115.534266
115.534266
115.534266
115.534266
115.534266
115.534266
115.534266
115.533342
115.533342
115.533342
115.533342
115.533342
115.533342
115.533342
115.533342
115.533342
115.533342
115.533342
115.533342
115.533342
115.533342
115.533188
115.533188
115.533188
115.533188
115.533188
115.533188
115.533188
115.533188
115.533188
115.533188
115.533188
115.533136
115.533136
115.533136
115.533136
115.533136
115.533136
115.533136
115.533136
115.533136
115.532131
115.532131
115.532131
115.532131
115.532131
115.532131
115.532131
115.532131
115.532131
115.532131
115.532131
115.532131
115.532131
115.532131
115.532131
115.532131
115.532131
115.532131
115.532131
115.532131
115.532131
115.532131
115.532131
115.532131
115.532131
115.532131
115.532131
115.532131
115.532131
115.532131
115.530802
115.530802
115.530802
115.530802
115.530802
115.530802
115.530785
115.530785
115.530785
115.530785
115.530300
115.530300
115.530300
115.530300
115.530300
115.530300
115.530300
115.530300
115.530300
115.530300
115.530300
115.530250
115.530250
115.530250
115.530250
115.530250
115.530250
115.530250
115.530250
115.530250
115.530250
115.530250
115.530250
115.530250
115.530250
115.530250
115.530250
115.530250
115.530250
115.530250
115.530250
115.530250
115.529455
115.529455
115.529455
115.529455
115.529455
115.529455
115.529455
115.529455
115.529455
115.529365
115.529365
115.529365
115.529365
115.529365
115.529365
115.529365
115.529365
115.529365
115.529364
115.529364
115.529364
115.529364
115.529364
115.529364
115.529364
115.529364
115.529364
115.529364
115.529364
115.529364
115.529364
115.529364
115.529364
115.529364
115.529364
115.529364
115.529364
115.529364
115.529364
115.529364
115.529364
115.529364
115.529364
115.529364
115.529364
115.529364
115.529364
115.529364
115.529364
115.529364
115.529364
115.529364
115.529364
115.529364
115.529364
115.529364
115.529364
115.529364
115.529364
115.529364
115.529364
115.529364
115.529364
115.529364
115.529364
115.529364
115.529364
115.529364
115.529364
115.529364
115.529364
115.529364
115.529364
115.529364
115.529364
115.529364
115.529364
115.529364
115.529364
115.529364
115.529364
115.529364
115.529364
115.529364
115.529364
115.529364
115.529364
115.529364
115.529364
115.529364
115.529364
115.529364
115.529364
115.529364
115.529364
115.529364
115.529364
115.529364
115.529364
115.529364
115.529364
115.529364
115.529364
115.529364
115.529364
115.529364
115.529364
115.529364
115.529364
115.529364
115.529364
115.529364
115.529364
115.529364
115.529364
115.529364
115.529364
115.529364
115.529364
115.529364
115.529364
115.529364
115.529364
115.529364
115.529364
115.529364
115.529364
115.529364
115.529364
115.529364
115.529364
115.529364
115.529364
115.529364
115.529364
115.529364
115.529364
115.529364
115.529364
115.529364
115.529364
115.529364
115.529364
115.529364
115.529364
115.529364
115.529364
115.529364
115.529363
115.529363
115.529363
115.529363
115.529363
115.529363
115.529363
115.529363
115.529363
115.529363
115.529363
115.529363
115.529363
115.529363
115.529363
115.529363
115.529363
115.529363
115.529363
115.529363
115.529363
115.529363
115.529363
115.529363
115.529363
115.529363
115.529363
115.529363
115.529363
115.529363
115.529363
115.529363
115.529363
115.529363
115.529363
115.529363
115.529363
115.529363
115.529363
115.529363
115.529363
115.529363
115.529363
115.529363
115.529363
115.529363
115.529363
115.529363
115.529363
115.529363
115.529363
115.529363
115.529363
115.529363
115.529363
115.529363
115.529363
115.529363
115.529363
115.529363
115.529363
115.529363
115.529363
115.529363
115.529363
115.529363
115.529363
115.529363
115.529363
115.529363
115.529363
115.529363
115.529363
115.529363
115.529363
115.529363
115.529363
115.529363
115.529363
115.529363
115.529363
115.529363
115.529363
115.529363
115.529363
115.529363
115.529363
115.529363
115.529363
115.529363
115.529363
115.529363
115.529363
115.529363
115.529363
115.529363
115.529363
115.529363
115.529363
115.529363
115.529363
115.529363
115.529363
115.529363
115.529363
115.529363
115.529363
115.529363
115.529363
115.529363
115.529363
115.529363
115.529363
115.529363
115.529363
115.529363
115.529363
115.529363
115.529363
115.529363
115.529363
115.529363
115.529363
115.529363
115.529363
115.529363
115.529363
115.529363
115.529363
115.529363
115.529363
115.529363
115.529363
115.529363
115.529363
115.529363
115.529363
115.529363
115.529363
115.529363
115.529363
115.529363
115.529363
115.529363
115.529363
115.529363
115.529363
115.529363
115.529363
115.529363
115.529363
115.529363
115.529363
115.529363
115.529363
115.529363
115.529363
115.529363
115.529363
115.529363
115.529363
115.529363
115.529363
115.529363
115.529363
115.529363
115.529363
115.529363
115.529363
115.529363
115.529363
115.529363
115.529363
115.529363
115.529363
115.529363
115.529363
115.529363
115.529363
115.529363
115.529363
115.529363
115.529363
115.529363
115.529363
115.529363
115.529363
115.529363
115.529363
115.529363
115.529363
115.529363
115.529363
115.529363
115.529363
115.529363
115.529363
115.529363
115.529363
115.529363
115.529363
115.529363
115.529363
115.529363
115.529363
115.529363
115.529363
115.529363
115.529363
115.529363
115.529363
115.529363
115.529363
115.529363
115.529363
115.529363
115.529363
115.529363
115.529363
115.529363
115.529363
115.529363
115.529363
115.529363
115.529363
115.529363
115.529363
115.529363
115.529363
115.529363
115.529363
115.529363
115.529363
115.529363
115.529363
115.529363
115.529363
115.529363
115.529363
115.529363
115.529363
115.529363
115.529363
115.529363
115.529363
115.529363
115.529363
115.529363
115.529363
115.529363
115.529363
115.529363
115.529363
115.529363
115.529363
115.529363
115.529363
115.529363
115.529363
115.529363
115.529363
115.529363
115.529363
115.529363
115.529363
115.529363
115.529363
115.529363
115.529363
115.529363
115.529363
115.529363
115.529363
115.529363
115.529363
115.529363
115.529363
115.529363
115.529363
115.529363
115.529363
115.529363
115.529363
115.529363
115.529363
115.529363
115.529363
115.529363
115.529363
115.529363
115.529363
115.529363
115.529363
115.529363
115.529363
115.529363
115.529363
115.529363
115.529363
115.529363
115.529363
115.529363
115.529363
115.529363
115.529363
115.529363
115.529363
115.529363
115.529363
115.529363
115.529363
115.529363
115.529363
115.529363
115.529363
115.529363
115.529363
115.529363
115.529363
115.529363
115.529363
115.529363
115.529363
115.529363
115.529363
115.529363
115.529363
115.529363
115.529363
115.529363
115.529363
115.529363
115.529363
115.529363
115.529363
115.529363
115.529363
115.529363
115.529363
115.529363
115.529363
115.529363
115.529363
115.529363
115.529363
115.529363
115.529363
115.529363
115.529363
115.529363
115.529363
115.529363
115.529363
115.529363
115.529363
115.529363
115.529363
115.529363
115.529363
115.529363
115.529363
115.529363
115.529363
115.529363
115.529363
115.529363
115.529363
115.529363
115.529363
115.529363
115.529363
115.529363
115.529363
115.529363
115.529363
115.529363
115.529363
115.529363
115.529363
115.529363
115.529363
115.529363
115.529363
115.529363
115.529363
115.529363
115.529363
115.529363
115.529363
115.529363
115.529363
115.529363
115.529363
115.529363
115.529363
115.529363
115.529363
115.529363
115.529363
115.529363
115.529363
115.529363
115.529363
115.529363
115.529363
115.529363
115.529363
115.529363
115.529363
115.529363
115.529363
115.529363
115.529363
115.529363
115.529363
115.529363
115.529363
115.529363
115.529363
115.529363
115.529363
115.529363
115.529363
115.529363
115.529363
115.529363
115.529363
115.529363
115.529363
115.529363
115.529363
115.529363
115.529363
115.529363
115.529363
115.529363
115.529363
115.529363
115.529363
115.529363
115.529363
115.529363
115.529363
115.529363
115.529363
115.529363
115.529363
115.529363
115.529363
115.529363
115.529363
115.529363
115.529363
115.529363
115.529363
115.529363
115.529363
115.529363
115.529363
115.529363
115.529363
115.529363
115.529363
115.529363
115.529363
115.529363
115.529363
115.529363
115.529363
115.529363
115.529363
115.529363
115.529363
115.529363
115.529363
115.529363
115.529363
115.529363
115.529363
115.529363
115.529363
115.529363
115.529363
115.529363
115.529363
115.529363
115.529363
115.529363
115.529363
115.529363
115.529363
115.529363
115.529363
115.529363
115.529363
115.529363
115.529363
115.529363
115.529363
115.529363
115.529363
115.529363
115.529363
115.529363
115.529363
115.529363
115.529363
115.529363
115.529363
115.529363
115.529363
115.529363
115.529363
115.529363
115.529363
115.529363
115.529362
115.529362
115.529362
115.529362
115.529362
115.529362
115.529362
115.529362
115.529362
115.529362
115.529362
115.529362
115.529362
115.529362
115.529362
115.529362
115.529362
115.529362
115.529362
115.529362
115.529362
115.529362
115.529362
115.529362
115.529362
115.529362
115.529362
115.529362
115.529362
115.529362
115.529362
115.529362
115.529362
115.529362
115.529362
115.529362
115.529362
115.529362
115.529362
115.529362
115.529362
115.529362
115.529362
115.529362
115.529362
115.529362
115.529362
115.529362
115.529362
115.529362
115.529362
115.529362
115.529362
115.529362
115.529362
115.529362
115.529362
115.529362
115.529362
115.529362
115.529362
115.529362
115.529362
115.529362
115.529362
115.529362
115.529362
115.529362
115.529362
115.529362
115.529362
115.529362
115.529362
115.529362
115.529362
115.529362
115.529362
115.529362
115.529362
115.529362
115.529362
115.529362
115.529362
115.529362
115.529362
115.529362
115.529362
115.529362
115.529362
115.529362
115.529362
115.529362
115.529362
115.529362
115.529362
115.529362
115.529362
115.529362
115.529362
115.529362
115.529362
115.529362
115.529362
115.529362
115.529362
115.529362
115.529362
115.529362
115.529362
115.529362
115.529362
115.529362
115.529362
115.529362
115.529362
115.529362
115.529362
115.529362
115.529362
115.529362
115.529362
115.529362
115.529362
115.529362
115.529362
115.529362
115.529362
115.529362
115.529362
115.529362
115.529362
115.529362
115.529362
115.529362
115.529362
115.529362
115.529362
115.529362
115.529362
115.529362
115.529362
115.529362
115.529362
115.529362
115.529362
115.529362
115.529362
115.529362
115.529362
115.529362
115.529362
115.529362
115.529362
115.529362
115.529362
115.529362
115.529362
115.529362
115.529362
115.529362
115.529362
115.529362
115.529362
115.529362
115.529362
115.529362
115.529362
115.529362
115.529362
115.529362
115.529362
115.529362
115.529362
115.529362
115.529362
115.529362
115.529362
115.529362
115.529362
115.529362
115.529362
115.529362
115.529362
115.529362
115.529362
115.529362
115.529362
115.529362
115.529362
115.529362
115.529362
115.529362
115.529362
115.529362
115.529362
115.529362
115.529362
115.529362
115.529362
115.529362
115.529362
115.529362
115.529362
115.529362
115.529362
115.529362
115.529362
115.529362
115.529362
115.529362
115.529362
115.529362
115.529362
115.529362
115.529362
115.529362
115.529362
115.529362
115.529362
115.529362
115.529362
115.529362
115.529362
115.529362
115.529362
115.529362
115.529362
115.529362
115.529362
115.529362
115.529362
115.529362
115.529362
115.529362
115.529362
115.529362
115.529362
115.529362
115.529362
115.529362
115.529362
115.529362
115.529362
115.529362
115.529362
115.529362
115.529362
115.529362
115.529362
115.529362
115.529362
115.529362
115.529362
115.529362
115.529362
115.529362
115.529362
115.529362
115.529362
115.529362
115.529362
115.529362
115.529362
115.529362
115.529362
115.529362
115.529362
115.529362
115.529362
115.529362
115.529362
115.529362
115.529362
115.529362
115.529362
115.529362
115.529362
115.529362
115.529362
115.529362
115.529362
115.529362
115.529362
115.529362
115.529362
115.529362
115.529362
115.529362
115.529362
115.529362
115.529362
115.529362
115.529362
115.529362
115.529362
115.529362
115.529362
115.529362
115.529362
115.529362
115.529362
115.529362
115.529362
115.529362
115.529362
115.529362
115.529362
115.529362
115.529362
115.529362
115.529362
115.529362
115.529362
115.529362
115.529362
115.529362
115.529362
115.529362
115.529362
115.529362
115.529362
115.529362
115.529362
115.529362
115.529362
115.529362
115.529362
115.529362
115.529362
115.529362
115.529362
115.529362
115.529362
115.529362
115.529362
115.529362
115.529362
115.529362
115.529362
115.529362
115.529362
115.529362
115.529362
115.529362
115.529362
115.529362
115.529362
115.529362
115.529362
115.529362
115.529362
115.529362
115.529362
115.529362
115.529362
115.529362
115.529362
115.529362
115.529362
115.529362
115.529362
115.529362
115.529362
115.529362
115.529362
115.529362
115.529362
115.529362
115.529362
115.529362
115.529362
115.529362
115.529362
115.529362
115.529362
115.529362
115.529362
115.529362
115.529362
115.529362
115.529362
115.529362
115.529362
115.529362
115.529362
115.529362
115.529362
115.529362
115.529362
115.529362
115.529362
115.529362
115.529362
115.529362
115.529362
115.529362
115.529362
115.529362
115.529362
115.529362
115.529362
115.529362
115.529362
115.529362
115.529362
115.529362
115.529362
115.529362
115.529362
115.529362
115.529362
115.529362
115.529362
115.529362
115.529362
115.529362
115.529362
115.529362
115.529362
115.529362
115.529362
115.529362
115.529362
115.529362
115.529362
115.529362
115.529362
115.529362
115.529362
115.529362
115.529362
115.529362
115.529362
115.529362
115.529362
115.529362
115.529362
115.529362
115.529362
115.529362
115.529362
115.529362
115.529362
115.529362
115.529362
115.529362
115.529362
115.529362
115.529362
115.529362
115.529362
115.529362
115.529362
115.529362
115.529362
115.529362
115.529362
115.529362
115.529362
115.529362
115.529362
115.529362
115.529362
115.529362
115.529362
115.529362
115.529362
115.529362
115.529362
115.529362
115.529362
115.529362
115.529362
115.529362
115.529362
115.529362
115.529362
115.529362
115.529362
115.529362
115.529362
115.529362
115.529362
115.529362
115.529362
115.529362
115.529362
115.529362
115.529362
115.529362
115.529362
115.529362
115.529362
115.529362
115.529362
115.529362
115.529362
115.529362
115.529362
115.529362
115.529362
115.529362
115.529362
115.529362
115.529362
115.529362
115.529361
115.529361
115.529361
115.529361
115.529361
115.529361
115.529361
115.529361
115.529361
115.529361
115.529361
115.529361
115.529361
115.529361
115.529361
115.529361
115.529361
115.529361
115.529361
115.529361
115.529361
115.529361
115.529361
115.529361
115.529361
115.529361
115.529361
115.529361
115.529361
115.529361
115.529361
115.529361
115.529361
115.529361
115.529361
115.529361
115.529361
115.529361
115.529361
115.529361
115.529361
115.529361
115.529361
115.529361
115.529361
115.529361
115.529361
115.529361
115.529361
115.529361
115.529361
115.529361
115.529361
115.529361
115.529361
115.529361
115.529361
115.529361
115.529361
115.529361
115.529361
115.529361
115.529361
115.529361
115.529361
115.529361
115.529361
115.529361
115.529361
115.529361
115.529361
115.529361
115.529361
115.529361
115.529361
115.529361
115.529361
115.529361
115.529361
115.529361
115.529361
115.529361
115.529361
115.529361
115.529361
115.529361
115.529361
115.529361
115.529361
115.529361
115.529361
115.529361
115.529361
115.529361
115.529361
115.529361
115.529361
115.529361
115.529361
115.529361
115.529361
115.529361
115.529361
115.529361
115.529361
115.529361
115.529361
115.529361
115.529361
115.529361
115.529361
115.529361
115.529361
115.529361
115.529361
115.529361
115.529361
115.529361
115.529361
115.529361
115.529361
115.529361
115.529361
115.529361
115.529361
115.529361
115.529361
115.529361
115.529361
115.529361
115.529361
115.529361
115.529361
115.529361
115.529361
115.529361
115.529361
115.529361
115.529361
115.529361
115.529361
115.529361
115.529361
115.529361
115.529361
115.529361
115.529361
115.529361
115.529361
115.529361
115.529361
115.529361
115.529361
115.529361
115.529361
115.529361
115.529361
115.529361
115.529361
115.529361
115.529361
115.529361
115.529361
115.529361
115.529361
115.529361
115.529361
115.529361
115.529361
115.529361
115.529361
115.529361
115.529361
115.529361
115.529361
115.529361
115.529361
115.529361
115.529361
115.529361
115.529361
115.529361
115.529361
115.529361
115.529361
115.529361
115.529361
115.529361
115.529361
115.529361
115.529361
115.529361
115.529361
115.529361
115.529361
115.529361
115.529361
115.529361
115.529361
115.529361
115.529361
115.529361
115.529361
115.529361
115.529361
115.529361
115.529361
115.529361
115.529361
115.529361
115.529361
115.529361
115.529360
115.529360
115.529360
115.529360
115.529360
115.529360
115.529360
115.529360
115.529360
115.529360
115.529360
115.529360
115.529360
115.529360
115.529360
115.529360
115.529360
115.529360
115.529360
115.529360
115.529360
115.529360
115.529360
115.529360
115.529360
115.529360
115.529360
115.529360
115.529360
115.529360
115.529360
115.529360
115.529360
115.529360
115.529360
115.529360
115.529360
115.529360
115.529360
115.529360
115.529360
115.529360
115.529360
115.529360
115.529360
115.529360
115.529360
115.529360
115.529360
115.529360
115.529360
115.529360
115.529360
115.529360
115.529360
115.529360
115.529360
115.529360
115.529360
115.529360
115.529360
115.529360
115.529360
115.529360
115.529360
115.529360
115.529360
115.529360
115.529360
115.529360
115.529360
115.529360
115.529360
115.529360
115.529360
115.529360
115.529360
115.529360
115.529360
115.529360
115.529360
115.529360
115.529360
115.529360
115.529360
115.529360
115.529360
115.529360
115.529360
115.529360
115.529360
115.529360
115.529360
115.529360
115.529360
115.529360
115.529360
115.529360
115.529360
115.529360
115.529360
115.529360
115.529360
115.529360
115.529360
115.529360
115.529360
115.529360
115.529360
115.529360
115.529360
115.529360
115.529360
115.529360
115.529360
115.529360
115.529360
115.529360
115.529360
115.529360
115.529360
115.529360
115.529360
115.529360
115.529359
115.529359
115.529359
115.529359
115.529359
115.529359
115.529359
115.529359
115.529359
115.529359
115.529359
115.529359
115.529359
115.529359
115.529359
115.529359
115.529359
115.529359
115.529359
115.529359
115.529359
115.529359
115.529359
115.529359
115.529359
115.529359
115.529359
115.529359
115.529359
115.529359
115.529359
115.529359
115.529359
115.529359
115.529359
115.529359
115.529359
115.529359
115.529359
115.529359
115.529359
115.529359
115.529359
115.529359
115.529359
115.529359
115.529359
115.529359
115.529359
115.529359
115.529359
115.529359
115.529359
115.529359
115.529359
115.529359
115.529359
115.529359
115.529359
115.529359
115.529359
115.529359
115.529358
115.529358
115.529358
115.529358
115.529358
115.529358
115.529358
115.529358
115.529358
115.529358
115.529358
115.529358
115.529358
115.529358
115.529358
115.529358
115.529358
115.529358
115.529358
115.529358
115.529358
115.529358
115.529358
115.529358
115.529358
115.529358
115.529358
115.529358
115.529358
115.529358
115.529358
115.529358
115.529358
115.529358
115.529358
115.529358
115.529358
115.529358
115.529358
115.529358
115.529358
115.529358
115.529358
115.529358
115.529358
115.529358
115.529358
115.529358
115.529358
115.529358
115.529358
115.529357
115.529357
115.529357
115.529357
115.529357
115.529357
115.529357
115.529357
115.529357
115.529357
115.529357
115.529357
115.529357
115.529357
115.529357
115.529357
115.529357
115.529357
115.529356
115.529356
115.529356
115.529356
115.529356
115.529356
115.529356
115.529356
115.529356
115.529356
115.529356
115.529356
115.529356
115.529356
115.529356
115.529356
115.529356
115.529356
115.529356
115.529356
115.529356
115.529356
115.529356
115.529356
115.529356
115.529356
115.529356
115.529356
115.529356
115.529356
115.529355
115.529355
115.529355
115.529355
115.529355
115.529355
115.529355
115.529355
115.529355
115.529355
115.529355
115.529355
115.529355
115.529355
115.529355
115.529355
115.529355
115.529355
115.529355
115.529355
115.529355
115.529355
115.529355
115.529355
115.529355
115.529355
115.529355
115.529355
115.529355
115.529355
115.529355
115.529355
115.529355
115.529355
115.529355
115.529355
115.529355
115.529355
115.529355
115.529355
115.529354
115.529354
115.529354
115.529354
115.529354
115.529354
115.529354
115.529354
115.529354
115.529353
115.529353
115.529353
115.529353
115.529353
115.529353
115.529353
115.529353
115.529353
115.529353
115.529353
115.529353
115.529353
115.529353
115.529353
115.529353
115.529353
115.529353
115.529353
115.529353
115.529353
115.529353
115.529353
115.529353
115.529353
115.529353
115.529353
115.529353
115.529353
115.529353
115.529353
115.529353
115.529353
115.529353
115.529353
115.529353
115.529353
115.529353
115.529353
115.529353
115.529352
115.529352
115.529352
115.529352
115.529352
115.529352
115.529352
115.529352
115.529352
115.529352
115.529350
115.529350
115.529350
115.529350
115.529350
115.529350
115.529350
115.529350
115.529350
115.529350
115.529350
115.529350
115.529350
115.529350
115.529350
115.529350
115.529350
115.529350
115.529350
115.529350
115.529350
115.529350
115.529350
115.529350
115.529350
115.529350
115.529350
115.529350
115.529350
115.529350
115.529350
115.529350
115.529350
115.529350
115.529350
115.529350
115.529350
115.529350
115.529350
115.529350
115.529350
115.529350
115.529350
115.529350
115.529350
115.529350
115.529350
115.529350
115.529350
115.529350
115.529350
115.529350
115.529350
115.529350
115.529350
115.529350
115.529350
115.529350
115.529350
115.529350
115.529350
115.529350
115.529350
115.529350
115.529350
115.529350
115.529350
115.529350
115.529350
115.529350
115.529350
115.529350
115.529350
115.529350
115.529350
115.529350
115.529350
115.529350
115.529350
115.529350
115.529350
115.529350
115.529350
115.529350
115.529350
115.529350
115.529350
115.529350
115.529350
115.529350
115.529350
115.529350
115.529348
115.529348
115.529348
115.529348
115.529348
115.529348
115.529348
115.529348
115.529348
115.529348
115.529348
115.529348
115.529348
115.529348
115.529348
115.529348
115.529348
115.529348
115.529348
115.529348
115.529348
115.529348
115.529348
115.529348
115.529348
115.529348
115.529348
115.529348
115.529348
115.529348
115.529348
115.529348
115.529348
115.529348
115.529348
115.529348
115.529345
115.529345
115.529345
115.529345
115.529345
115.529345
115.529345
115.529345
115.529345
115.529345
115.529345
115.529345
115.529345
115.529345
115.529345
115.529345
115.529345
115.529345
115.529345
115.529345
115.529345
115.529345
115.529345
115.529345
115.529345
115.529345
115.529345
115.529345
115.529345
115.529345
115.529345
115.529345
115.529345
115.529345
115.529345
115.529345
115.529345
115.529345
115.529345
115.529345
115.529345
115.529345
115.529345
115.529345
115.529345
115.529345
115.529345
115.529345
115.529345
115.529345
115.529345
115.529345
115.529345
115.529345
115.529345
115.529345
115.529345
115.529345
115.529345
115.529345
115.529345
115.529345
115.529345
115.529345
115.529345
115.529345
115.529345
115.529345
115.529345
115.529345
115.529345
115.529345
115.529345
115.529345
115.529345
115.529345
115.529345
115.529345
115.529345
115.529345
115.529345
115.529345
115.529345
115.529345
115.529344
115.529344
115.529344
115.529344
115.529344
115.529344
115.529344
115.529344
115.529344
115.529344
115.529344
115.529344
115.529344
115.529344
115.529344
115.529344
115.529344
115.529344
115.529344
115.529343
115.529343
115.529341
115.529341
115.529341
115.529341
115.529341
115.529341
115.529341
115.529341
115.529341
115.529341
115.529341
115.529341
115.529341
115.529341
115.529341
115.529341
115.529341
115.529341
115.529341
115.529340
115.529340
115.529340
115.529340
115.529340
115.529340
115.529340
115.529340
115.529340
115.529340
115.529340
115.529340
115.529340
115.529340
115.529340
115.529340
115.529339
115.529339
115.529339
115.529339
115.529339
115.529339
115.529339
115.529339
115.529337
115.529337
115.529337
115.529337
115.529337
115.529337
115.529337
115.529337
115.529337
115.529337
115.529337
115.529337
115.529337
115.529337
115.529337
115.529337
115.529337
115.529337
115.529337
115.529337
115.529337
115.529337
115.529337
115.529337
115.529337
115.529337
115.529337
115.529337
115.529337
115.529337
115.529337
115.529337
115.529337
115.529337
115.529337
115.529337
115.529337
115.529337
115.529337
115.529337
115.529337
115.529337
115.529337
115.529337
115.529337
115.529337
115.529337
115.529337
115.529337
115.529337
115.529336
115.529336
115.529336
115.529336
115.529336
115.529336
115.529336
115.529334
115.529334
115.529334
115.529334
115.529334
115.529334
115.529334
115.529334
115.529334
115.529334
115.529334
115.529334
115.529334
115.529333
115.529333
115.529333
115.529333
115.529333
115.529333
115.529333
115.529333
115.529333
115.529333
115.529333
115.529333
115.529333
115.529333
115.529333
115.529333
115.529333
115.529333
115.529333
115.529333
115.529333
115.529333
115.529333
115.529333
115.529333
115.529333
115.529333
115.529333
115.529333
115.529333
115.529333
115.529333
115.529333
115.529333
115.529333
115.529333
115.529333
115.529333
115.529333
115.529333
115.529333
115.529333
115.529333
115.529333
115.529333
115.529333
115.529333
115.529333
115.529333
115.529333
115.529333
115.529333
115.529333
115.529333
115.529333
115.529333
115.529332
115.529332
115.529332
115.529332
115.529332
115.529332
115.529332
115.529332
115.529332
115.529332
115.529332
115.529332
115.529332
115.529332
115.529332
115.529332
115.529332
115.529332
115.529332
115.529328
115.529328
115.529328
115.529328
115.529328
115.529328
115.529328
115.529328
115.529328
115.529328
115.529326
115.529326
115.529326
115.529326
115.529326
115.529326
115.529326
115.529326
115.529326
115.529326
115.529323
115.529323
115.529323
115.529323
115.529323
115.529323
115.529323
115.529323
115.529323
115.529323
115.529323
115.529323
115.529323
115.529323
115.529323
115.529323
115.529323
115.529323
115.529323
115.529323
115.529323
115.529323
115.529323
115.529323
115.529323
115.529323
115.529323
115.529323
115.529323
115.529323
115.529323
115.529323
115.529323
115.529323
115.529323
115.529323
115.529323
115.529323
115.529323
115.529323
115.529321
115.529321
115.529321
115.529321
115.529321
115.529321
115.529321
115.529321
115.529321
115.529321
115.529321
115.529321
115.529321
115.529321
115.529321
115.529320
115.529320
115.529320
115.529320
115.529320
115.529320
115.529320
115.529320
115.529320
115.529320
115.529320
115.529320
115.529320
115.529320
115.529320
115.529320
115.529320
115.529320
115.529320
115.529320
115.529320
115.529320
115.529320
115.529320
115.529320
115.529319
115.529319
115.529319
115.529319
115.529319
115.529318
115.529318
115.529318
115.529318
115.529318
115.529318
115.529318
115.529318
115.529318
115.529318
115.529318
115.529318
115.529318
115.529318
115.529318
115.529318
115.529318
115.529318
115.529318
115.529318
115.529318
115.529318
115.529318
115.529318
115.529316
115.529316
115.529316
115.529316
115.529316
115.529316
115.529316
115.529316
115.529316
115.529316
115.529316
115.529316
115.529316
115.529316
115.529316
115.529316
115.529316
115.529316
115.529316
115.529316
115.529316
115.529316
115.529316
115.529316
115.529316
115.529316
115.529316
115.529316
115.529316
115.529316
115.529316
115.529316
115.529316
115.529316
115.529316
115.529316
115.529316
115.529316
115.529316
115.529316
115.529310
115.529310
115.529310
115.529310
115.529310
115.529310
115.529310
115.529310
115.529310
115.529310
115.529310
115.529310
115.529310
115.529310
115.529310
115.529310
115.529310
115.529310
115.529310
115.529310
115.529310
115.529310
115.529310
115.529310
115.529310
115.529310
115.529305
115.529305
115.529305
115.529305
115.529305
115.529305
115.529305
115.529305
115.529305
115.529305
115.529305
115.529305
115.529305
115.529305
115.529305
115.529305
115.529301
115.529301
115.529301
115.529301
115.529301
115.529301
115.529301
115.529301
115.529301
115.529301
115.529300
115.529300
115.529300
115.529300
115.529300
115.529300
115.529300
115.529300
115.529300
115.529300
115.529300
115.529300
115.529300
115.529300
115.529300
115.529300
115.529300
115.529300
115.529300
115.529300
115.529300
115.529300
115.529300
115.529300
115.529294
115.529294
115.529294
115.529294
115.529294
115.529294
115.529294
115.529294
115.529294
115.529294
115.529294
115.529294
115.529294
115.529294
115.529294
115.529294
115.529294
115.529294
115.529294
115.529294
115.529294
115.529294
115.529294
115.529294
115.529294
115.529294
115.529294
115.529294
115.529289
115.529289
115.529289
115.529289
115.529289
115.529289
115.529289
115.529289
115.529289
115.529289
115.529289
115.529289
115.529289
115.529289
115.529289
115.529289
115.529289
115.529289
115.529289
115.529289
115.529289
115.529289
115.529289
115.529289
115.529289
115.529289
115.529289
115.529289
115.529289
115.529289
115.529289
115.529289
115.529289
115.529289
115.529289
115.529289
115.529289
115.529289
115.529289
115.529289
115.529288
115.529288
115.529288
115.529288
115.529288
115.529288
115.529288
115.529288
115.529288
115.529288
115.529288
115.529288
115.529288
115.529288
115.529288
115.529288
115.529287
115.529287
115.529287
115.529287
115.529287
115.529287
115.529287
115.529287
115.529287
115.529287
115.529287
115.529287
115.529287
115.529287
115.529287
115.529287
115.529286
115.529286
115.529280
115.529280
115.529280
115.529280
115.529280
115.529280
115.529280
115.529280
115.529280
115.529280
115.529280
115.529280
115.529280
115.529280
115.529280
115.529271
115.529271
115.529271
115.529271
115.529271
115.529271
115.529271
115.529271
115.529271
115.529271
115.529271
115.529271
115.529271
115.529271
115.529271
115.529271
115.529271
115.529271
115.529271
115.529271
115.529271
115.529271
115.529271
115.529271
115.529271
115.529271
115.529271
115.529271
115.529271
115.529271
115.529271
115.529271
115.529271
115.529271
115.529271
115.529271
115.529271
115.529271
115.529271
115.529271
115.529269
115.529269
115.529269
115.529269
115.529269
115.529269
115.529269
115.529269
115.529266
115.529266
115.529266
115.529266
115.529266
115.529266
115.529266
115.529264
115.529264
115.529264
115.529264
115.529264
115.529260
115.529260
115.529260
115.529260
115.529260
115.529260
115.529260
115.529260
115.529260
115.529260
115.529260
115.529252
115.529252
115.529252
115.529252
115.529252
115.529252
115.529252
115.529252
115.529252
115.529252
115.529252
115.529252
115.529251
115.529251
115.529251
115.529251
115.529251
115.529251
115.529251
115.529251
115.529251
115.529251
115.529251
115.529251
115.529251
115.529251
115.529251
115.529251
115.529251
115.529245
115.529232
115.529232
115.529232
115.529232
115.529232
115.529232
115.529232
115.529232
115.529232
115.529232
115.529232
115.529232
115.529232
115.529232
115.529232
115.529232
115.529232
115.529232
115.529232
115.529232
115.529232
115.529232
115.529232
115.529232
115.529232
115.529232
115.529232
115.529232
115.529232
115.529232
115.529232
115.529232
115.529232
115.529232
115.529232
115.529232
115.529232
115.529232
115.529232
115.529232
115.529213
115.529213
115.529213
115.529213
115.529213
115.529213
115.529207
115.529207
115.529207
115.529207
115.529207
115.529207
115.529206
115.529206
115.529206
115.529206
115.529206
115.529206
115.529206
115.529200
115.529200
115.529200
115.529189
115.529189
115.529189
115.529189
115.529189
115.529189
115.529189
115.529189
115.529189
115.529189
115.529189
115.529189
115.529189
115.529189
115.529189
115.529189
115.529189
115.529189
115.529189
115.529189
115.529189
115.529189
115.529189
115.529189
115.529189
115.529189
115.529189
115.529189
115.529189
115.529189
115.529189
115.529189
115.529189
115.529189
115.529189
115.529189
115.529155
115.529155
115.529155
115.529155
115.529155
115.529155
115.529155
115.529155
115.529155
115.529155
115.529155
115.529155
115.529155
115.529155
115.529155
115.529155
115.529155
115.529155
115.529155
115.529155
115.529132
115.529132
115.529132
115.529132
115.529132
115.529132
115.529132
115.529132
115.529132
115.529132
115.529132
115.529132
115.529132
115.529132
115.529132
115.529132
115.529132
115.529132
115.529078
115.529078
115.529078
115.529078
115.529078
115.529078
115.529078
115.529078
115.529078
115.529078
115.529078
115.529078
115.529078
115.529011
115.529011
115.529011
115.529011
115.529011
115.529011
115.529011
115.529011
115.529011
115.529011
115.529011
115.529011
115.529011
115.529011
115.529011
115.529011
115.529011
115.529011
115.529011
115.529011
115.528986
115.528986
115.528986
115.528986
115.528986
115.528986
115.528986
115.528986
115.528986
115.528986
115.528986
115.528986
115.528986
115.528986
115.528986
115.528986
115.528986
115.528986
115.528986
115.528986
115.528986
115.528986
115.528986
115.528986
115.528986
115.528953
115.528953
115.528953
115.528953
115.528953
115.528953
115.528953
115.528953
115.528953
115.528953
115.528953
115.528953
115.528953
115.528953
115.528953
115.528953
115.528916
115.528916
115.528916
115.528916
115.528916
115.528916
115.528916
115.528916
115.528916
115.528916
115.528916
115.528916
115.528916
115.528916
115.528916
115.528916
115.528916
115.528916
115.528916
115.528854
115.528854
115.528854
115.528854
115.528854
115.528854
115.528854
115.528854
115.528854
115.528854
115.528854
115.528854
115.528854
115.528854
115.528854
115.528854
115.528854
115.528836
115.528836
115.528836
115.528836
115.528836
115.528836
115.528836
115.528836
115.528787
115.528787
115.528787
115.528787
115.528787
115.528787
115.528787
115.528787
115.528787
115.528787
115.528787
115.528787
115.528787
115.528787
115.528787
115.528787
115.528787
115.528787
115.528787
115.528787
115.528787
115.528787
115.528759
115.528759
115.528759
115.528706
115.528706
115.528706
115.528706
115.528706
115.528651
115.528651
115.528651
115.528651
115.528651
115.528651
115.528651
115.528651
115.528642
115.528642
115.528642
115.528642
115.528642
115.528642
115.528642
115.528642
115.528642
115.528642
115.528621
115.528621
115.528621
115.528621
115.528621
115.528621
115.528621
115.528621
115.528621
115.528621
115.528621
115.528621
115.528621
115.528621
115.528576
115.528576
115.528576
115.528576
115.528576
115.528576
115.528551
115.528551
115.528551
115.528551
115.528551
115.528551
115.528551
115.528551
115.528551
115.528551
115.528413
115.528413
115.528413
115.528413
115.528413
115.528413
115.528413
115.528413
115.528413
115.528413
115.528413
115.528413
115.528413
115.528413
115.528413
115.528413
115.528413
115.528413
115.528413
115.528413
115.528413
115.528413
115.528413
115.528413
115.528387
115.528387
115.528387
115.528387
115.528387
115.528387
115.528387
115.528387
115.528387
115.528387
115.528387
115.528387
115.528387
115.528387
115.528387
115.528387
115.528387
115.528387
115.528387
115.528387
115.528356
115.528356
115.528356
115.528356
115.528356
115.528356
115.528356
115.528356
115.528356
115.528356
115.528356
115.528356
115.528356
115.528356
115.528238
115.528238
115.528238
115.528238
115.528238
115.528238
115.528211
115.528211
115.528211
115.528211
115.528211
115.528211
115.528211
115.528211
115.528211
115.528211
115.528211
115.528211
115.528211
115.528211
115.528210
115.528210
115.528210
115.528210
115.528210
115.528210
115.528210
115.528210
115.528210
115.528210
115.528210
115.528210
115.528210
115.528210
115.528210
115.528210
115.528210
115.528210
115.528210
115.528210
115.528210
115.528210
115.528210
115.528210
115.528210
115.528210
115.528113
115.528113
115.528113
115.528113
115.528113
115.528113
115.528113
115.528113
115.528113
115.528113
115.528113
115.528113
115.528113
115.528113
115.528113
115.528113
115.528113
115.528113
115.528113
115.528113
115.528113
115.528113
115.528113
115.528113
115.528113
115.528113
115.528113
115.528113
115.528113
115.528113
115.528113
115.528113
115.528113
115.528113
115.528113
115.528113
115.528113
115.528113
115.528113
115.528113
115.528113
115.528113
115.528113
115.528113
115.528113
115.528113
115.528113
115.528113
115.528113
115.528113
115.528113
115.528113
115.528113
115.528113
115.528113
115.528113
115.528113
115.528113
115.528113
115.528113
115.528113
115.528113
115.528113
115.528065
115.528065
115.528065
115.528065
115.528065
115.528065
115.528065
115.528022
115.528022
115.528022
115.528022
115.528022
115.528022
115.528022
115.528022
115.528022
115.528022
115.528022
115.528022
115.527923
115.527923
115.527923
115.527923
115.527923
115.527923
115.527923
115.527923
115.527923
115.527923
115.527923
115.527923
115.527923
115.527923
115.527923
115.527923
115.527908
115.527908
115.527862
115.527862
115.527862
115.527862
115.527862
115.527862
115.527862
115.527862
115.527862
115.527862
115.527780
115.527780
115.527780
115.527780
115.527780
115.527780
115.527780
115.527780
115.527780
115.527780
115.527780
115.527780
115.527780
115.527780
115.527780
115.527780
115.527780
115.527780
115.527780
115.527780
115.527780
115.527780
115.527780
115.527780
115.527780
115.527780
115.527780
115.527780
115.527780
115.527780
115.527780
115.527748
115.527748
115.527748
115.527748
115.527748
115.527748
115.527748
115.527748
115.527748
115.527748
115.527748
115.527748
115.527748
115.527748
115.527748
115.527748
115.527748
115.527748
115.527748
115.527748
115.527748
115.527748
115.527552
115.527552
115.527552
115.527552
115.527552
115.527552
115.527552
115.527552
115.527552
115.527552
115.527552
115.527552
115.527552
115.527552
115.527552
115.527552
115.527552
115.527552
115.527552
115.527453
115.527453
115.527453
115.527453
115.527453
115.527453
115.527453
115.527453
115.527453
115.527453
115.527453
115.527453
115.527453
115.527453
115.527453
115.527453
115.527453
115.527453
115.527453
115.527453
115.527453
115.527453
115.527453
115.527453
115.527453
115.527453
115.527453
115.527453
115.527453
115.527453
115.527453
115.527453
115.527453
115.527453
115.527453
115.527453
115.527453
115.527453
115.527453
115.527453
115.527453
115.527453
115.527453
115.527453
115.527453
115.527453
115.527453
115.527453
115.527453
115.527453
115.527453
115.527453
115.527453
115.527453
115.527453
115.527453
115.527453
115.527453
115.527453
115.527453
115.527453
115.527453
115.527453
115.527453
115.527452
115.527452
115.527452
115.527452
115.527452
115.527343
115.527343
115.527343
115.527343
115.527343
115.527343
115.527343
115.527343
115.527343
115.527343
115.527343
115.527343
115.527343
115.527343
115.527343
115.527343
115.527343
115.527343
115.527343
115.527343
115.527343
115.527343
115.527343
115.527343
115.527343
115.527343
115.527343
115.527343
115.527343
115.527343
115.527343
115.527343
115.527343
115.527343
115.527343
115.527286
115.527286
115.527286
115.527286
115.527286
115.527286
115.527286
115.527286
115.527286
115.527286
115.527286
115.527286
115.527286
115.527286
115.527277
115.527277
115.527277
115.527277
115.527277
115.527277
115.527277
115.527277
115.527277
115.527277
115.527201
115.527201
115.527201
115.527201
115.527201
115.527201
115.527115
115.527115
115.527115
115.527115
115.527115
115.527115
115.527115
115.527115
115.527115
115.527115
115.527115
115.527115
115.527115
115.527115
115.527115
115.527115
115.527115
115.527112
115.527112
115.527112
115.527112
115.527112
115.527112
115.527112
115.527112
115.527112
115.527112
115.527112
115.527112
115.527112
115.527112
115.527112
115.527112
115.527112
115.527112
115.527112
115.527112
115.527112
115.527112
115.527112
115.527112
115.527112
115.527071
115.527071
115.527071
115.527071
115.527071
115.526923
115.526923
115.526923
115.526923
115.526923
115.526735
115.526735
115.526735
115.526735
115.526735
115.526735
115.526735
115.526735
115.526735
115.526735
115.526735
115.526735
115.526735
115.526735
115.526735
115.526735
115.526735
115.526735
115.526735
115.526735
115.526735
115.526735
115.526735
115.526735
115.526735
115.526735
115.526735
115.526735
115.526735
115.526735
115.526735
115.526735
115.526706
115.526706
115.526706
115.526706
115.526706
115.526706
115.526706
115.526706
115.526706
115.526706
115.526706
115.526706
115.526706
115.526667
115.526667
115.526667
115.526667
115.526667
115.526667
115.526667
115.526583
115.526583
115.526583
115.526583
115.526583
115.526583
115.526583
115.526583
115.526583
115.526583
115.526583
115.526559
115.526559
115.526559
115.526559
115.526559
115.526559
115.526559
115.526559
115.526559
115.526559
115.526559
115.526559
115.526559
115.526559
115.526559
115.526559
115.526559
115.526559
115.526559
115.526410
115.526410
115.526410
115.526410
115.526410
115.526410
115.526410
115.526410
115.526410
115.526410
115.526410
115.526403
115.526403
115.526403
115.526403
115.526403
115.526403
115.526403
115.526403
115.526403
115.526403
115.526403
115.526403
115.526403
115.526337
115.526337
115.526337
115.526337
115.526337
115.526337
115.526337
115.526337
115.526337
115.526337
115.526334
115.526334
115.526334
115.526334
115.526334
115.526334
115.526334
115.526334
115.526334
115.526334
115.526289
115.526289
115.526289
115.526289
115.526289
115.526289
115.526289
115.526289
115.526289
115.526289
115.526286
115.526286
115.526286
115.526286
115.526286
115.526286
115.526286
115.526286
115.526286
115.526286
115.526286
115.526286
115.526286
115.526286
115.526286
115.526286
115.526286
115.526286
115.526286
115.526286
115.526286
115.526286
115.526286
115.526286
115.526286
115.526286
115.526286
115.526286
115.526286
115.526286
115.526286
115.526286
115.526286
115.526286
115.526286
115.526286
115.526286
115.526286
115.526286
115.526286
115.526286
115.526286
115.526286
115.526286
115.526286
115.526286
115.526286
115.526286
115.526286
115.526286
115.526286
115.526286
115.526286
115.526286
115.526286
115.526286
115.526286
115.526286
115.526286
115.526286
115.526286
115.526286
115.526286
115.526286
115.526286
115.526286
115.526286
115.526286
115.526286
115.526286
115.526286
115.526286
115.526286
115.526286
115.526286
115.526286
115.526286
115.526286
115.526286
115.526286
115.526286
115.526286
115.526286
115.526286
115.526286
115.526286
115.526286
115.526286
115.526286
115.526286
115.526286
115.526286
115.526286
115.526286
115.526286
115.526286
115.526286
115.526286
115.526286
115.526286
115.526286
115.526286
115.526286
115.526286
115.526286
115.526286
115.526286
115.526286
115.526286
115.526286
115.526286
115.526286
115.526286
115.526286
115.526286
115.526286
115.526286
115.526286
115.526286
115.526286
115.526286
115.526286
115.526286
115.526286
115.526286
115.526286
115.526286
115.526286
115.526286
115.526286
115.526286
115.526286
115.526286
115.526286
115.526286
115.526286
115.526286
115.526286
115.526286
115.526286
115.526286
115.526286
115.526286
115.526286
115.526286
115.526286
115.526286
115.526286
115.526286
115.526286
115.526286
115.526286
115.526286
115.526286
115.526286
115.526286
115.526286
115.526286
115.526286
115.526286
115.526286
115.526286
115.526286
115.526286
115.526286
115.526286
115.526286
115.526286
115.526286
115.526286
115.526286
115.526286
115.526286
115.526286
115.526286
115.526286
115.526286
115.526286
115.526286
115.526286
115.526286
115.526286
115.526286
115.526286
115.526286
115.526286
115.526286
115.526286
115.526286
115.526286
115.526286
115.526286
115.526286
115.526286
115.526286
115.526286
115.526286
115.526286
115.526286
115.526286
115.526286
115.526286
115.526286
115.526286
115.526286
115.526286
115.526286
115.526286
115.526286
115.526286
115.526286
115.526286
115.526286
115.526286
115.526286
115.526286
115.526286
115.526286
115.526286
115.526286
115.526286
115.526286
115.526286
115.526286
115.526286
115.526286
115.526286
115.526286
115.526286
115.526286
115.526286
115.526286
115.526286
115.526286
115.526286
115.526286
115.526286
115.526286
115.526286
115.526286
115.526286
115.526286
115.526286
115.526286
115.526286
115.526286
115.526286
115.526286
115.526286
115.526286
115.526286
115.526286
115.526286
115.526286
115.526286
115.526286
115.526286
115.526286
115.526286
115.526286
115.526286
115.526286
115.526286
115.526286
115.526286
115.526286
115.526286
115.526286
115.526286
115.526286
115.526286
115.526286
115.526286
115.526286
115.526286
115.526286
115.526286
115.526286
115.526286
115.526286
115.526286
115.526286
115.526286
115.526286
115.526286
115.526286
115.526286
115.526286
115.526286
115.526286
115.526286
115.526286
115.526286
115.526286
115.526286
115.526286
115.526286
115.526286
115.526286
115.526286
115.526286
115.526286
115.526286
115.526286
115.526286
115.526286
115.526286
115.526286
115.526286
115.526286
115.526286
115.526286
115.526286
115.526286
115.526286
115.526286
115.526286
115.526286
115.526286
115.526286
115.526286
115.526286
115.526286
115.526286
115.526286
115.526286
115.526286
115.526286
115.526286
115.526286
115.526286
115.526286
115.526286
115.526286
115.526286
115.526286
115.526286
115.526286
115.526286
115.526286
115.526286
115.526286
115.526286
115.526286
115.526286
115.526286
115.526286
115.526286
115.526286
115.526286
115.526286
115.526286
115.526286
115.526286
115.526286
115.526286
115.526286
115.526286
115.526286
115.526286
115.526286
115.526286
115.526286
115.526286
115.526286
115.526286
115.526286
115.526286
115.526286
115.526286
115.526286
115.526286
115.526286
115.526286
115.526286
115.526286
115.526286
115.526286
115.526286
115.526286
115.526286
115.526286
115.526286
115.526286
115.526286
115.526286
115.526286
115.526286
115.526286
115.526286
115.526286
115.526286
115.526286
115.526286
115.526286
115.526286
115.526286
115.526286
115.526286
115.526286
115.526286
115.526286
115.526286
115.526286
115.526286
115.526286
115.526286
115.526286
115.526286
115.526286
115.526286
115.526286
115.526286
115.526286
115.526286
115.526286
115.526286
115.526286
115.526286
115.526286
115.526286
115.526286
115.526286
115.526286
115.526286
115.526286
115.526286
115.526286
115.526286
115.526286
115.526286
115.526286
115.526286
115.526286
115.526286
115.526286
115.526286
115.526286
115.526286
115.526286
115.526286
115.526286
115.526286
115.526286
115.526286
115.526286
115.526286
115.526286
115.526286
115.526286
115.526286
115.526286
115.526286
115.526286
115.526286
115.526286
115.526286
115.526286
115.526286
115.526286
115.526286
115.526286
115.526286
115.526286
115.526286
115.526286
115.526286
115.526286
115.526286
115.526286
115.526286
115.526286
115.526286
115.526286
115.526286
115.526286
115.526286
115.526286
115.526286
115.526286
115.526286
115.526286
115.526286
115.526286
115.526286
115.526286
115.526286
115.526286
115.526286
115.526286
115.526286
115.526286
115.526286
115.526286
115.526286
115.526286
115.526286
115.526286
115.526286
115.526286
115.526286
115.526286
115.526286
115.526286
115.526286
115.526286
115.526286
115.526286
115.526286
115.526286
115.526286
115.526286
115.526286
115.526286
115.526286
115.526286
115.526286
115.526286
115.526286
115.526286
115.526286
115.526286
115.526286
115.526286
115.526286
115.526286
115.526286
115.526286
115.526286
115.526286
115.526286
115.526286
115.526286
115.526286
115.526286
115.526286
115.526286
115.526286
115.526286
115.526286
115.526286
115.526286
115.526286
115.526286
115.526286
115.526286
115.526286
115.526286
115.526286
115.526286
115.526286
115.526286
115.526286
115.526286
115.526286
115.526286
115.526286
115.526286
115.526286
115.526286
115.526286
115.526286
115.526286
115.526286
115.526286
115.526286
115.526286
115.526286
115.526286
115.526286
115.526286
115.526286
115.526286
115.526286
115.526286
115.526286
115.526286
115.526286
115.526286
115.526286
115.526286
115.526286
115.526286
115.526286
115.526286
115.526286
115.526286
115.526286
115.526286
115.526286
115.526286
115.526286
115.526286
115.526286
115.526286
115.526286
115.526286
115.526286
115.526286
115.526286
115.526286
115.526286
115.526286
115.526286
115.526286
115.526286
115.526286
115.526286
115.526286
115.526286
115.526286
115.526286
115.526286
115.526286
115.526286
115.526286
115.526286
115.526286
115.526286
115.526286
115.526286
115.526286
115.526286
115.526286
115.526286
115.526286
115.526286
115.526286
115.526286
115.526286
115.526286
115.526286
115.526286
115.526286
115.526286
115.526286
115.526286
115.526286
115.526286
115.526286
115.526286
115.526286
115.526286
115.526286
115.526286
115.526286
115.526286
115.526286
115.526286
115.526286
115.526286
115.526286
115.526286
115.526286
115.526286
115.526286
115.526286
115.526286
115.526286
115.526286
115.526286
115.526286
115.526286
115.526286
115.526286
115.526286
115.526286
115.526286
115.526286
115.526286
115.526286
115.526286
115.526286
115.526286
115.526286
115.526286
115.526286
115.526286
115.526286
115.526286
115.526286
115.526286
115.526286
115.526286
115.526286
115.526286
115.526286
115.526286
115.526286
115.526286
115.526286
115.526286
115.526286
115.526286
115.526286
115.526286
115.526286
115.526286
115.526286
115.526286
115.526286
115.526286
115.526286
115.526286
115.526286
115.526286
115.526286
115.526286
115.526286
115.526286
115.526286
115.526286
115.526286
115.526286
115.526286
115.526286
115.526286
115.526286
115.526286
115.526286
115.526286
115.526286
115.526286
115.526286
115.526286
115.526286
115.526286
115.526286
115.526286
115.526286
115.526286
115.526286
115.526286
115.526286
115.526286
115.526286
115.526286
115.526286
115.526286
115.526286
115.526286
115.526286
115.526286
115.526286
115.526286
115.526286
115.526286
115.526286
115.526286
115.526286
115.526286
115.526286
115.526286
115.526286
115.526286
115.526286
115.526286
115.526286
115.526286
115.526286
115.526286
115.526286
115.526286
115.526286
115.526286
115.526286
115.526286
115.526286
115.526286
115.526286
115.526286
115.526286
115.526286
115.526286
115.526286
115.526286
115.526286
115.526286
115.526286
115.526286
115.526286
115.526286
115.526286
115.526286
115.526286
115.526286
115.526286
115.526286
115.526286
115.526286
115.526286
115.526286
115.526286
115.526286
115.526286
115.526286
115.526286
115.526286
115.526286
115.526286
115.526286
115.526286
115.526286
115.526286
115.526286
115.526286
115.526286
115.526286
115.526286
115.526286
115.526286
115.526286
115.526286
115.526286
115.526286
115.526286
115.526286
115.526286
115.526286
115.526286
115.526286
115.526286
115.526286
115.526286
115.526286
115.526286
115.526286
115.526286
115.526286
115.526286
115.526286
115.526286
115.526286
115.526286
115.526286
115.526286
115.526286
115.526286
115.526286
115.526286
115.526286
115.526286
115.526286
115.526286
115.526286
115.526286
115.526286
115.526286
115.526286
115.526286
115.526286
115.526286
115.526286
115.526286
115.526286
115.526286
115.526286
115.526286
115.526286
115.526286
115.526286
115.526286
115.526286
115.526286
115.526286
115.526286
115.526286
115.526286
115.526286
115.526286
115.526286
115.526286
115.526286
115.526286
115.526286
115.526286
115.526286
115.526286
115.526286
115.526286
115.526286
115.526286
115.526286
115.526286
115.526286
115.526286
115.526286
115.526286
115.526286
115.526286
115.526286
115.526286
115.526286
115.526286
115.526286
115.526286
115.526286
115.526286
115.526286
115.526286
115.526286
115.526286
115.526286
115.526286
115.526286
115.526286
115.526286
115.526286
115.526286
115.526286
115.526286
115.526286
115.526286
115.526286
115.526286
115.526286
115.526286
115.526286
115.526286
115.526286
115.526286
115.526286
115.526286
115.526286
115.526286
115.526286
115.526286
115.526286
115.526286
115.526286
115.526286
115.526286
115.526286
115.526286
115.526286
115.526286
115.526286
115.526286
115.526286
115.526286
115.526286
115.526286
115.526286
115.526286
115.526286
115.526286
115.526286
115.526286
115.526286
115.526286
115.526286
115.526286
115.526286
115.526286
115.526286
115.526286
115.526286
115.526286
115.526286
115.526286
115.526286
115.526286
115.526286
115.526286
115.526286
115.526286
115.526286
115.526286
115.526286
115.526286
115.526286
115.526286
115.526286
115.526286
115.526286
115.526286
115.526286
115.526286
115.526286
115.526286
115.526286
115.526286
115.526286
115.526286
115.526286
115.526286
115.526286
115.526286
115.526286
115.526286
115.526286
115.526286
115.526286
115.526286
115.526286
115.526286
115.526286
115.526286
115.526286
115.526286
115.526286
115.526286
115.526286
115.526286
115.526286
115.526286
115.526286
115.526286
115.526286
115.526286
115.526286
115.526286
115.526286
115.526286
115.526286
115.526286
115.526286
115.526286
115.526286
115.526286
115.526286
115.526286
115.526286
115.526286
115.526286
115.526286
115.526286
115.526286
115.526286
115.526286
115.526286
115.526286
115.526286
115.526286
115.526286
115.526286
115.526286
115.526286
115.526286
115.526286
115.526286
115.526286
115.526286
115.526286
115.526286
115.526286
115.526286
115.526286
115.526286
115.526286
115.526286
115.526286
115.526286
115.526286
115.526286
115.526286
115.526286
115.526286
115.526286
115.526286
115.526286
115.526286
115.526286
115.526286
115.526286
115.526286
115.526286
115.526286
115.526286
115.526286
115.526286
115.526286
115.526286
115.526286
115.526286
115.526286
115.526286
115.526286
115.526286
115.526286
115.526286
115.526286
115.526286
115.526286
115.526286
115.526286
115.526286
115.526286
115.526286
115.526286
115.526286
115.526286
115.526286
115.526286
115.526286
115.526286
115.526286
115.526286
115.526286
115.526286
115.526286
115.526286
115.526286
115.526286
115.526286
115.526286
115.526286
115.526286
115.526286
115.526286
115.526286
115.526286
115.526286
115.526286
115.526286
115.526286
115.526286
115.526286
115.526286
115.526286
115.526286
115.526286
115.526286
115.526286
115.526286
115.526286
115.526286
115.526286
115.526286
115.526286
115.526286
115.526286
115.526286
115.526286
115.526286
115.526286
115.526286
115.526286
115.526286
115.526286
115.526286
115.526286
115.526286
115.526286
115.526286
115.526286
115.526286
115.526286
115.526286
115.526286
115.526286
115.526286
115.526286
115.526286
115.526286
115.526286
115.526286
115.526286
115.526286
115.526286
115.526286
115.526286
115.526286
115.526286
115.526286
115.526286
115.526286
115.526286
115.526286
115.526286
115.526286
115.526286
115.526286
115.526286
115.526286
115.526286
115.526286
115.526286
115.526286
115.526286
115.526286
115.526286
115.526286
115.526286
115.526286
115.526286
115.526286
115.526286
115.526286
115.526286
115.526286
115.526286
115.526286
115.526286
115.526286
115.526286
115.526286
115.526286
115.526286
115.526286
115.526286
115.526286
115.526286
115.526286
115.526286
115.526286
115.526286
115.526286
115.526286
115.526286
115.526286
115.526286
115.526286
115.526286
115.526286
115.526286
115.526286
115.526286
115.526286
115.526286
115.526286
115.526286
115.526286
115.526286
115.526286
115.526286
115.526286
115.526286
115.526286
115.526286
115.526286
115.526286
115.526286
115.526286
115.526286
115.526286
115.526286
115.526286
115.526286
115.526286
115.526286
115.526286
115.526286
115.526286
115.526286
115.526286
115.526286
115.526286
115.526286
115.526286
115.526286
115.526286
115.526286
115.526286
115.526286
115.526286
115.526286
115.526286
115.526286
115.526286
115.526286
115.526286
115.526286
115.526286
115.526286
115.526286
115.526286
115.526286
115.526286
115.526286
115.526286
115.526286
115.526286
115.526286
115.526286
115.526286
115.526286
115.526286
115.526286
115.526286
115.526286
115.526286
115.526286
115.526286
115.526286
115.526286
115.526286
115.526286
115.526286
115.526286
115.526286
115.526286
115.526286
115.526286
115.526286
115.526286
115.526286
115.526286
115.526286
115.526286
115.526286
115.526286
115.526286
115.526286
115.526286
115.526286
115.526286
115.526286
115.526286
115.526286
115.526286
115.526286
115.526286
115.526286
115.526286
115.526286
115.526286
115.526286
115.526286
115.526286
115.526286
115.526286
115.526286
115.526286
115.526286
115.526286
115.526286
115.526286
115.526286
115.526286
115.526286
115.526286
115.526286
115.526286
115.526286
115.526286
115.526286
115.526286
115.526286
115.526286
115.526286
115.526286
115.526286
115.526286
115.526286
115.526286
115.526286
115.526286
115.526286
115.526286
115.526286
115.526286
115.526286
115.526286
115.526286
115.526286
115.526286
115.526286
115.526286
115.526286
115.526286
115.526286
115.526286
115.526286
115.526286
115.526286
115.526286
115.526286
115.526286
115.526286
115.526286
115.526286
115.526286
115.526286
115.526286
115.526286
115.526286
115.526286
115.526286
115.526286
115.526286
115.526286
115.526286
115.526286
115.526286
115.526286
115.526286
115.526286
115.526286
115.526286
115.526286
115.526286
115.526286
115.526286
115.526286
115.526286
115.526286
115.526286
115.526286
115.526286
115.526286
115.526286
115.526286
115.526286
115.526286
115.526286
115.526286
115.526286
115.526286
115.526286
115.526286
115.526286
115.526286
115.526286
115.526286
115.526286
115.526286
115.526286
115.526286
115.526286
115.526286
115.526286
115.526286
115.526286
115.526286
115.526286
115.526286
115.526286
115.526286
115.526286
115.526286
115.526286
115.526286
115.526286
115.526286
115.526286
115.526286
115.526286
115.526286
115.526286
115.526286
115.526286
115.526286
115.526286
115.526286
115.526286
115.526286
115.526286
115.526286
115.526286
115.526286
115.526286
115.526286
115.526286
115.526286
115.526286
115.526286
115.526286
115.526286
115.526286
115.526286
115.526286
115.526286
115.526286
115.526286
115.526286
115.526286
115.526286
115.526286
115.526286
115.526286
115.526286
115.526286
115.526286
115.526286
115.526286
115.526286
115.526286
115.526286
115.526286
115.526286
115.526286
115.526286
115.526286
115.526286
115.526286
115.526286
115.526286
115.526286
115.526286
115.526286
115.526286
115.526286
115.526286
115.526286
115.526286
115.526286
115.526286
115.526286
115.526286
115.526286
115.526286
115.526286
115.526286
115.526286
115.526286
115.526286
115.526286
115.526286
115.526286
115.526286
115.526286
115.526286
115.526286
115.526286
115.526286
115.526286
115.526286
115.526286
115.526286
115.526286
115.526286
115.526286
115.526286
115.526286
115.526286
115.526286
115.526286
115.526286
115.526286
115.526286
115.526286
115.526286
115.526286
115.526286
115.526286
115.526286
115.526286
115.526286
115.526286
115.526286
115.526286
115.526286
115.526286
115.526286
115.526286
115.526286
115.526286
115.526286
115.526286
115.526286
115.526286
115.526286
115.526286
115.526286
115.526286
115.526286
115.526286
115.526286
115.526286
115.526286
115.526286
115.526286
115.526286
115.526286
115.526286
115.526286
115.526286
115.526286
115.526286
115.526286
115.526286
115.526286
115.526286
115.526286
115.526286
115.526286
115.526286
115.526286
115.526286
115.526286
115.526286
115.526286
115.526286
115.526286
115.526286
115.526286
115.526286
115.526286
115.526286
115.526286
115.526286
115.526286
115.526286
115.526286
115.526286
115.526286
115.526286
115.526286
115.526286
115.526286
115.526286
115.526286
115.526286
115.526286
115.526286
115.526286
115.526286
115.526286
115.526286
115.526286
115.526286
115.526286
115.526286
115.526286
115.526286
115.526286
115.526286
115.526286
115.526286
115.526286
115.526286
115.526286
115.526286
115.526286
115.526286
115.526286
115.526286
115.526286
115.526286
115.526286
115.526286
115.526286
115.526286
115.526286
115.526286
115.526286
115.526286
115.526286
115.526286
115.526286
115.526286
115.526286
115.526286
115.526286
115.526286
115.526286
115.526286
115.526286
115.526286
115.526286
115.526286
115.526286
115.526286
115.526286
115.526286
115.526286
115.526286
115.526286
115.526286
115.526286
115.526286
115.526286
115.526286
115.526286
115.526286
115.526286
115.526286
115.526286
115.526286
115.526286
115.526286
115.526286
115.526286
115.526286
115.526286
115.526286
115.526286
115.526286
115.526286
115.526286
115.526286
115.526286
115.526286
115.526286
115.526286
115.526286
115.526286
115.526286
115.526286
115.526286
115.526286
115.526286
115.526286
115.526286
115.526286
115.526286
115.526286
115.526286
115.526286
115.526286
115.526286
115.526286
115.526286
115.526286
115.526286
115.526286
115.526286
115.526286
115.526286
115.526286
115.526286
115.526286
115.526286
115.526286
115.526286
115.526286
115.526286
115.526286
115.526286
115.526286
115.526286
115.526286
115.526286
115.526285
115.526285
115.526285
115.526285
115.526285
115.526285
115.526285
115.526285
115.526285
115.526285
115.526285
115.526285
115.526285
115.526285
115.526285
115.526285
115.526285
115.526285
115.526285
115.526285
115.526285
115.526285
115.526285
115.526285
115.526285
115.526285
115.526285
115.526285
115.526285
115.526285
115.526285
115.526285
115.526285
115.526285
115.526285
115.526285
115.526285
115.526285
115.526285
115.526285
115.526285
115.526285
115.526285
115.526285
115.526285
115.526285
115.526285
115.526285
115.526285
115.526285
115.526285
115.526285
115.526285
115.526285
115.526285
115.526285
115.526285
115.526285
115.526285
115.526285
115.526285
115.526285
115.526285
115.526285
115.526285
115.526285
115.526285
115.526285
115.526285
115.526285
115.526285
115.526285
115.526285
115.526285
115.526285
115.526285
115.526285
115.526285
115.526285
115.526285
115.526285
115.526285
115.526285
115.526285
115.526285
115.526285
115.526285
115.526285
115.526285
115.526285
115.526285
115.526285
115.526285
115.526285
115.526285
115.526285
115.526285
115.526285
115.526285
115.526285
115.526285
115.526285
115.526285
115.526285
115.526285
115.526285
115.526285
115.526285
115.526285
115.526285
115.526285
115.526285
115.526285
115.526285
115.526285
115.526285
115.526285
115.526285
115.526285
115.526285
115.526285
115.526285
115.526285
115.526285
115.526285
115.526285
115.526285
115.526285
115.526285
115.526285
115.526285
115.526285
115.526285
115.526285
115.526285
115.526285
115.526285
115.526285
115.526285
115.526285
115.526285
115.526285
115.526285
115.526285
115.526285
115.526285
115.526285
115.526285
115.526285
115.526285
115.526285
115.526285
115.526285
115.526285
115.526285
115.526285
115.526285
115.526285
115.526285
115.526285
115.526285
115.526285
115.526285
115.526285
115.526285
115.526285
115.526285
115.526285
115.526285
115.526285
115.526285
115.526285
115.526285
115.526285
115.526285
115.526285
115.526285
115.526285
115.526285
115.526285
115.526285
115.526285
115.526285
115.526285
115.526285
115.526285
115.526285
115.526285
115.526285
115.526285
115.526285
115.526285
115.526285
115.526285
115.526285
115.526285
115.526285
115.526285
115.526285
115.526285
115.526285
115.526285
115.526285
115.526285
115.526285
115.526285
115.526285
115.526285
115.526285
115.526285
115.526285
115.526285
115.526285
115.526285
115.526285
115.526285
115.526285
115.526285
115.526285
115.526285
115.526285
115.526285
115.526285
115.526285
115.526285
115.526285
115.526285
115.526285
115.526285
115.526285
115.526285
115.526285
115.526285
115.526285
115.526285
115.526285
115.526285
115.526285
115.526285
115.526285
115.526285
115.526285
115.526285
115.526285
115.526285
115.526285
115.526285
115.526285
115.526285
115.526285
115.526285
115.526285
115.526285
115.526285
115.526285
115.526285
115.526285
115.526285
115.526285
115.526285
115.526285
115.526285
115.526285
115.526285
115.526284
115.526284
115.526284
115.526284
115.526284
115.526284
115.526284
115.526284
115.526284
115.526284
115.526284
115.526284
115.526284
115.526284
115.526284
115.526284
115.526284
115.526284
115.526284
115.526284
115.526284
115.526284
115.526284
115.526284
115.526284
115.526284
115.526284
115.526284
115.526284
115.526284
115.526284
115.526284
115.526284
115.526284
115.526284
115.526284
115.526284
115.526284
115.526284
115.526284
115.526284
115.526284
115.526284
115.526284
115.526284
115.526284
115.526284
115.526284
115.526284
115.526284
115.526284
115.526284
115.526284
115.526284
115.526284
115.526284
115.526284
115.526284
115.526284
115.526284
115.526284
115.526284
115.526284
115.526284
115.526284
115.526284
115.526284
115.526284
115.526284
115.526284
115.526284
115.526284
115.526284
115.526284
115.526284
115.526284
115.526284
115.526284
115.526284
115.526284
115.526284
115.526284
115.526284
115.526284
115.526284
115.526284
115.526284
115.526284
115.526284
115.526284
115.526284
115.526284
115.526284
115.526284
115.526284
115.526284
115.526284
115.526284
115.526284
115.526284
115.526284
115.526284
115.526284
115.526284
115.526284
115.526284
115.526284
115.526284
115.526284
115.526284
115.526284
115.526284
115.526284
115.526284
115.526284
115.526284
115.526284
115.526284
115.526284
115.526284
115.526284
115.526284
115.526284
115.526284
115.526284
115.526284
115.526284
115.526284
115.526284
115.526284
115.526284
115.526284
115.526284
115.526284
115.526284
115.526284
115.526284
115.526284
115.526284
115.526284
115.526284
115.526284
115.526284
115.526284
115.526284
115.526284
115.526284
115.526284
115.526284
115.526284
115.526284
115.526284
115.526284
115.526284
115.526284
115.526284
115.526284
115.526284
115.526284
115.526284
115.526284
115.526284
115.526284
115.526284
115.526284
115.526284
115.526284
115.526284
115.526284
115.526284
115.526284
115.526284
115.526284
115.526284
115.526284
115.526284
115.526284
115.526284
115.526284
115.526284
115.526284
115.526284
115.526284
115.526284
115.526284
115.526284
115.526284
115.526284
115.526284
115.526284
115.526284
115.526284
115.526284
115.526284
115.526284
115.526284
115.526284
115.526284
115.526284
115.526284
115.526284
115.526284
115.526284
115.526284
115.526284
115.526284
115.526284
115.526284
115.526284
115.526284
115.526284
115.526284
115.526284
115.526284
115.526284
115.526284
115.526284
115.526284
115.526284
115.526284
115.526284
115.526284
115.526284
115.526284
115.526284
115.526284
115.526284
115.526284
115.526284
115.526284
115.526284
115.526284
115.526284
115.526284
115.526284
115.526284
115.526284
115.526284
115.526284
115.526284
115.526284
115.526284
115.526284
115.526284
115.526284
115.526284
115.526284
115.526284
115.526284
115.526284
115.526284
115.526283
115.526283
115.526283
115.526283
115.526283
115.526283
115.526283
115.526283
115.526283
115.526283
115.526283
115.526283
115.526283
115.526283
115.526283
115.526283
115.526283
115.526283
115.526283
115.526283
115.526283
115.526283
115.526283
115.526282
115.526282
115.526282
115.526282
115.526282
115.526282
115.526282
115.526282
115.526282
115.526282
115.526282
115.526282
115.526282
115.526282
115.526282
115.526282
115.526282
115.526282
115.526282
115.526282
115.526282
115.526282
115.526282
115.526282
115.526282
115.526282
115.526282
115.526282
115.526282
115.526282
115.526282
115.526282
115.526282
115.526282
115.526282
115.526281
115.526281
115.526281
115.526281
115.526281
115.526281
115.526281
115.526281
115.526281
115.526281
115.526281
115.526281
115.526281
115.526281
115.526281
115.526281
115.526281
115.526281
115.526281
115.526281
115.526281
115.526281
115.526281
115.526281
115.526281
115.526281
115.526281
115.526281
115.526281
115.526281
115.526281
115.526281
115.526281
115.526281
115.526281
115.526280
115.526280
115.526280
115.526280
115.526280
115.526280
115.526280
115.526280
115.526280
115.526280
115.526280
115.526280
115.526280
115.526280
115.526280
115.526280
115.526280
115.526280
115.526280
115.526280
115.526278
115.526278
115.526278
115.526278
115.526278
115.526278
115.526278
115.526278
115.526278
115.526278
115.526278
115.526278
115.526278
115.526278
115.526278
115.526278
115.526278
115.526278
115.526278
115.526278
115.526278
115.526278
115.526277
115.526277
115.526277
115.526277
115.526277
115.526277
115.526277
115.526277
115.526275
115.526275
115.526275
115.526275
115.526275
115.526275
115.526275
115.526275
115.526275
115.526275
115.526275
115.526275
115.526275
115.526275
115.526275
115.526275
115.526275
115.526275
115.526275
115.526275
115.526275
115.526275
115.526275
115.526275
115.526274
115.526274
115.526274
115.526274
115.526274
115.526274
115.526274
115.526274
115.526274
115.526274
115.526274
115.526274
115.526274
115.526274
115.526274
115.526274
115.526274
115.526274
115.526274
115.526274
115.526273
115.526273
115.526273
115.526273
115.526273
115.526273
115.526273
115.526273
115.526273
115.526273
115.526273
115.526273
115.526273
115.526273
115.526273
115.526273
115.526273
115.526273
115.526273
115.526273
115.526273
115.526273
115.526273
115.526273
115.526273
115.526273
115.526273
115.526273
115.526273
115.526273
115.526271
115.526271
115.526271
115.526271
115.526271
115.526271
115.526271
115.526271
115.526271
115.526271
115.526266
115.526266
115.526266
115.526266
115.526266
115.526266
115.526266
115.526266
115.526266
115.526266
115.526266
115.526266
115.526266
115.526266
115.526266
115.526266
115.526266
115.526266
115.526266
115.526266
115.526266
115.526266
115.526266
115.526266
115.526266
115.526266
115.526266
115.526266
115.526266
115.526266
115.526266
115.526266
115.526266
115.526266
115.526266
115.526266
115.526266
115.526266
115.526266
115.526266
115.526266
115.526266
115.526266
115.526266
115.526266
115.526266
115.526266
115.526266
115.526266
115.526266
115.526266
115.526261
115.526261
115.526261
115.526261
115.526261
115.526261
115.526261
115.526261
115.526261
115.526261
115.526261
115.526261
115.526261
115.526261
115.526261
115.526261
115.526261
115.526261
115.526261
115.526259
115.526259
115.526259
115.526259
115.526259
115.526259
115.526259
115.526259
115.526259
115.526259
115.526259
115.526259
115.526259
115.526259
115.526259
115.526259
115.526255
115.526255
115.526255
115.526255
115.526255
115.526253
115.526253
115.526253
115.526253
115.526253
115.526253
115.526253
115.526253
115.526253
115.526253
115.526253
115.526253
115.526253
115.526253
115.526253
115.526253
115.526253
115.526250
115.526250
115.526250
115.526247
115.526247
115.526247
115.526247
115.526247
115.526247
115.526247
115.526247
115.526247
115.526247
115.526247
115.526247
115.526246
115.526245
115.526245
115.526245
115.526245
115.526245
115.526245
115.526245
115.526244
115.526244
115.526244
115.526244
115.526244
115.526244
115.526244
115.526244
115.526244
115.526244
115.526239
115.526239
115.526239
115.526239
115.526239
115.526239
115.526239
115.526239
115.526239
115.526239
115.526239
115.526239
115.526239
115.526239
115.526239
115.526239
115.526239
115.526239
115.526239
115.526239
115.526237
115.526237
115.526237
115.526237
115.526237
115.526237
115.526237
115.526237
115.526237
115.526237
115.526237
115.526237
115.526237
115.526237
115.526237
115.526237
115.526237
115.526237
115.526237
115.526237
115.526237
115.526237
115.526237
115.526237
115.526237
115.526237
115.526237
115.526237
115.526237
115.526236
115.526236
115.526236
115.526236
115.526236
115.526236
115.526236
115.526236
115.526236
115.526236
115.526236
115.526236
115.526236
115.526236
115.526236
115.526236
115.526236
115.526236
115.526236
115.526236
115.526236
115.526236
115.526236
115.526236
115.526236
115.526236
115.526236
115.526236
115.526236
115.526236
115.526236
115.526231
115.526231
115.526231
115.526231
115.526231
115.526231
115.526231
115.526231
115.526231
115.526231
115.526231
115.526231
115.526231
115.526231
115.526231
115.526231
115.526231
115.526231
115.526231
115.526231
115.526231
115.526231
115.526231
115.526231
115.526231
115.526231
115.526231
115.526231
115.526231
115.526231
115.526231
115.526231
115.526231
115.526231
115.526231
115.526231
115.526231
115.526231
115.526231
115.526231
115.526231
115.526231
115.526231
115.526231
115.526231
115.526231
115.526231
115.526231
115.526231
115.526231
115.526227
115.526227
115.526225
115.526225
115.526225
115.526225
115.526225
115.526225
115.526225
115.526225
115.526225
115.526225
115.526225
115.526225
115.526225
115.526225
115.526225
115.526225
115.526225
115.526225
115.526225
115.526225
115.526224
115.526224
115.526224
115.526224
115.526224
115.526224
115.526224
115.526224
115.526224
115.526224
115.526224
115.526223
115.526223
115.526223
115.526223
115.526223
115.526223
115.526223
115.526223
115.526223
115.526215
115.526215
115.526215
115.526215
115.526215
115.526215
115.526215
115.526215
115.526215
115.526215
115.526211
115.526211
115.526211
115.526211
115.526211
115.526211
115.526211
115.526211
115.526211
115.526211
115.526211
115.526211
115.526211
115.526211
115.526211
115.526211
115.526211
115.526211
115.526211
115.526211
115.526211
115.526211
115.526211
115.526211
115.526211
115.526211
115.526211
115.526211
115.526211
115.526211
115.526211
115.526211
115.526211
115.526211
115.526211
115.526211
115.526211
115.526211
115.526211
115.526211
115.526211
115.526211
115.526211
115.526211
115.526211
115.526211
115.526211
115.526211
115.526211
115.526211
115.526211
115.526211
115.526211
115.526211
115.526211
115.526206
115.526206
115.526206
115.526206
115.526206
115.526206
115.526206
115.526206
115.526197
115.526197
115.526197
115.526197
115.526197
115.526197
115.526197
115.526197
115.526197
115.526197
115.526197
115.526197
115.526192
115.526192
115.526192
115.526192
115.526192
115.526192
115.526192
115.526192
115.526192
115.526192
115.526192
115.526192
115.526192
115.526192
115.526192
115.526192
115.526192
115.526192
115.526192
115.526192
115.526192
115.526192
115.526192
115.526192
115.526192
115.526192
115.526192
115.526192
115.526192
115.526192
115.526192
115.526192
115.526192
115.526192
115.526192
115.526192
115.526192
115.526192
115.526192
115.526192
115.526192
115.526192
115.526192
115.526192
115.526186
115.526186
115.526186
115.526186
115.526186
115.526186
115.526186
115.526186
115.526186
115.526184
115.526184
115.526184
115.526184
115.526184
115.526184
115.526184
115.526179
115.526179
115.526179
115.526179
115.526179
115.526179
115.526179
115.526179
115.526179
115.526179
115.526179
115.526179
115.526179
115.526179
115.526179
115.526179
115.526179
115.526179
115.526179
115.526179
115.526179
115.526179
115.526179
115.526179
115.526179
115.526179
115.526179
115.526179
115.526179
115.526179
115.526177
115.526177
115.526177
115.526177
115.526177
115.526177
115.526177
115.526177
115.526177
115.526177
115.526177
115.526177
115.526175
115.526175
115.526175
115.526175
115.526175
115.526175
115.526175
115.526175
115.526175
115.526175
115.526175
115.526175
115.526175
115.526175
115.526175
115.526175
115.526175
115.526175
115.526175
115.526175
115.526175
115.526175
115.526175
115.526175
115.526175
115.526175
115.526175
115.526175
115.526175
115.526175
115.526175
115.526175
115.526175
115.526175
115.526174
115.526174
115.526174
115.526174
115.526174
115.526174
115.526174
115.526174
115.526174
115.526174
115.526174
115.526174
115.526174
115.526174
115.526174
115.526174
115.526174
115.526174
115.526174
115.526174
115.526174
115.526174
115.526174
115.526174
115.526174
115.526174
115.526174
115.526174
115.526174
115.526174
115.526174
115.526174
115.526174
115.526174
115.526174
115.526174
115.526174
115.526174
115.526174
115.526174
115.526174
115.526174
115.526174
115.526174
115.526174
115.526174
115.526174
115.526174
115.526174
115.526174
115.526174
115.526174
115.526174
115.526174
115.526174
115.526174
115.526174
115.526174
115.526174
115.526174
115.526174
115.526174
115.526174
115.526174
115.526174
115.526174
115.526174
115.526174
115.526174
115.526174
115.526174
115.526174
115.526174
115.526174
115.526174
115.526174
115.526174
115.526174
115.526174
115.526174
115.526174
115.526174
115.526174
115.526174
115.526174
115.526174
115.526174
115.526174
115.526174
115.526174
115.526174
115.526174
115.526174
115.526174
115.526174
115.526174
115.526174
115.526174
115.526174
115.526174
115.526174
115.526174
115.526174
115.526174
115.526174
115.526174
115.526174
115.526174
115.526174
115.526174
115.526174
115.526174
115.526174
115.526174
115.526174
115.526174
115.526174
115.526174
115.526174
115.526174
115.526174
115.526174
115.526174
115.526174
115.526174
115.526174
115.526174
115.526174
115.526174
115.526174
115.526174
115.526174
115.526174
115.526174
115.526174
115.526174
115.526174
115.526174
115.526174
115.526174
115.526174
115.526174
115.526174
115.526174
115.526174
115.526174
115.526174
115.526174
115.526174
115.526174
115.526174
115.526174
115.526174
115.526174
115.526174
115.526174
115.526174
115.526174
115.526174
115.526174
115.526174
115.526174
115.526174
115.526174
115.526174
115.526174
115.526174
115.526174
115.526174
115.526174
115.526174
115.526174
115.526174
115.526174
115.526174
115.526174
115.526174
115.526174
115.526174
115.526174
115.526174
115.526174
115.526174
115.526174
115.526174
115.526174
115.526174
115.526174
115.526174
115.526174
115.526174
115.526174
115.526174
115.526174
115.526174
115.526174
115.526174
115.526174
115.526174
115.526174
115.526174
115.526174
115.526174
115.526174
115.526174
115.526174
115.526174
115.526174
115.526174
115.526174
115.526174
115.526174
115.526174
115.526174
115.526174
115.526174
115.526174
115.526174
115.526174
115.526174
115.526174
115.526174
115.526174
115.526174
115.526174
115.526174
115.526174
115.526174
115.526174
115.526174
115.526174
115.526174
115.526174
115.526174
115.526174
115.526174
115.526174
115.526174
115.526174
115.526174
115.526174
115.526174
115.526174
115.526174
115.526174
115.526174
115.526174
115.526174
115.526174
115.526174
115.526174
115.526174
115.526174
115.526174
115.526174
115.526174
115.526174
115.526174
115.526174
115.526174
115.526174
115.526174
115.526174
115.526174
115.526174
115.526174
115.526174
115.526174
115.526174
115.526174
115.526174
115.526174
115.526174
115.526174
115.526174
115.526174
115.526174
115.526174
115.526174
115.526174
115.526174
115.526174
115.526174
115.526174
115.526174
115.526174
115.526174
115.526174
115.526174
115.526174
115.526174
115.526174
115.526174
115.526174
115.526174
115.526174
115.526174
115.526174
115.526174
115.526174
115.526174
115.526174
115.526174
115.526174
115.526174
115.526174
115.526174
115.526174
115.526174
115.526174
115.526174
115.526174
115.526174
115.526174
115.526174
115.526174
115.526174
115.526174
115.526174
115.526174
115.526174
115.526174
115.526174
115.526174
115.526174
115.526174
115.526174
115.526174
115.526174
115.526174
115.526174
115.526174
115.526174
115.526174
115.526174
115.526174
115.526174
115.526174
115.526174
115.526174
115.526174
115.526174
115.526174
115.526174
115.526174
115.526174
115.526174
115.526174
115.526174
115.526174
115.526174
115.526174
115.526174
115.526174
115.526174
115.526174
115.526174
115.526174
115.526174
115.526174
115.526174
115.526174
115.526174
115.526174
115.526174
115.526174
115.526174
115.526174
115.526174
115.526174
115.526174
115.526174
115.526174
115.526174
115.526174
115.526174
115.526174
115.526174
115.526174
115.526174
115.526174
115.526174
115.526174
115.526174
115.526174
115.526174
115.526174
115.526174
115.526174
115.526174
115.526174
115.526174
115.526174
115.526174
115.526174
115.526174
115.526174
115.526174
115.526174
115.526174
115.526174
115.526174
115.526174
115.526174
115.526174
115.526174
115.526174
115.526174
115.526174
115.526174
115.526174
115.526174
115.526174
115.526174
115.526174
115.526174
115.526174
115.526174
115.526174
115.526174
115.526174
115.526174
115.526174
115.526174
115.526174
115.526174
115.526174
115.526174
115.526174
115.526174
115.526174
115.526174
115.526174
115.526174
115.526174
115.526174
115.526174
115.526174
115.526174
115.526174
115.526174
115.526174
115.526174
115.526174
115.526174
115.526174
115.526174
115.526174
115.526174
115.526174
115.526174
115.526174
115.526174
115.526174
115.526174
115.526174
115.526174
115.526174
115.526174
115.526174
115.526174
115.526174
115.526174
115.526174
115.526174
115.526174
115.526174
115.526174
115.526174
115.526174
115.526174
115.526174
115.526174
115.526174
115.526174
115.526174
115.526174
115.526174
115.526174
115.526174
115.526174
115.526174
115.526174
115.526174
115.526174
115.526174
115.526174
115.526174
115.526174
115.526174
115.526174
115.526174
115.526174
115.526174
115.526174
115.526174
115.526174
115.526174
115.526174
115.526174
115.526174
115.526174
115.526174
115.526174
115.526174
115.526174
115.526174
115.526174
115.526174
115.526174
115.526174
115.526174
115.526174
115.526174
115.526174
115.526174
115.526174
115.526174
115.526174
115.526174
115.526174
115.526174
115.526174
115.526174
115.526174
115.526174
115.526174
115.526174
115.526174
115.526174
115.526174
115.526174
115.526174
115.526174
115.526174
115.526174
115.526174
115.526174
115.526174
115.526174
115.526174
115.526174
115.526174
115.526174
115.526174
115.526174
115.526174
115.526174
115.526174
115.526174
115.526174
115.526174
115.526174
115.526174
115.526174
115.526174
115.526174
115.526174
115.526174
115.526174
115.526174
115.526174
115.526174
115.526174
115.526174
115.526174
115.526174
115.526174
115.526174
115.526174
115.526174
115.526174
115.526174
115.526174
115.526174
115.526174
115.526174
115.526174
115.526174
115.526174
115.526174
115.526174
115.526174
115.526174
115.526174
115.526174
115.526174
115.526174
115.526174
115.526174
115.526174
115.526174
115.526174
115.526174
115.526174
115.526174
115.526174
115.526174
115.526174
115.526174
115.526174
115.526174
115.526174
115.526174
115.526174
115.526174
115.526174
115.526174
115.526174
115.526174
115.526174
115.526174
115.526174
115.526174
115.526174
115.526174
115.526174
115.526174
115.526174
115.526174
115.526174
115.526174
115.526174
115.526174
115.526174
115.526174
115.526174
115.526174
115.526174
115.526174
115.526174
115.526174
115.526174
115.526174
115.526174
115.526174
115.526174
115.526174
115.526174
115.526174
115.526174
115.526174
115.526174
115.526174
115.526174
115.526174
115.526174
115.526174
115.526174
115.526174
115.526174
115.526174
115.526174
115.526174
115.526174
115.526174
115.526174
115.526174
115.526174
115.526174
115.526174
115.526174
115.526174
115.526174
115.526174
115.526174
115.526174
115.526174
115.526174
115.526174
115.526174
115.526174
115.526174
115.526174
115.526174
115.526174
115.526174
115.526174
115.526174
115.526174
115.526174
115.526174
115.526174
115.526174
115.526174
115.526174
115.526174
115.526174
115.526174
115.526174
115.526174
115.526174
115.526174
115.526174
115.526174
115.526174
115.526174
115.526174
115.526174
115.526174
115.526174
115.526174
115.526174
115.526174
115.526174
115.526174
115.526174
115.526174
115.526174
115.526174
115.526174
115.526174
115.526174
115.526174
115.526174
115.526174
115.526174
115.526174
115.526174
115.526174
115.526174
115.526174
115.526174
115.526174
115.526174
115.526174
115.526174
115.526174
115.526174
115.526174
115.526174
115.526174
115.526174
115.526174
115.526174
115.526174
115.526174
115.526174
115.526174
115.526174
115.526174
115.526174
115.526174
115.526174
115.526174
115.526174
115.526174
115.526174
115.526174
115.526174
115.526174
115.526174
115.526174
115.526174
115.526174
115.526174
115.526174
115.526174
115.526174
115.526174
115.526174
115.526174
115.526174
115.526174
115.526174
115.526174
115.526174
115.526174
115.526174
115.526174
115.526174
115.526174
115.526174
115.526174
115.526174
115.526174
115.526174
115.526174
115.526174
115.526174
115.526174
115.526174
115.526174
115.526174
115.526174
115.526174
115.526174
115.526174
115.526174
115.526174
115.526174
115.526174
115.526174
115.526174
115.526174
115.526174
115.526174
115.526174
115.526174
115.526174
115.526174
115.526174
115.526174
115.526174
115.526174
115.526174
115.526174
115.526174
115.526174
115.526174
115.526174
115.526174
115.526174
115.526174
115.526174
115.526174
115.526174
115.526174
115.526174
115.526174
115.526174
115.526174
115.526174
115.526174
115.526174
115.526174
115.526174
115.526174
115.526174
115.526174
115.526174
115.526174
115.526174
115.526174
115.526174
115.526174
115.526174
115.526174
115.526174
115.526174
115.526174
115.526174
115.526174
115.526174
115.526174
115.526174
115.526174
115.526174
115.526174
115.526174
115.526174
115.526174
115.526174
115.526174
115.526174
115.526174
115.526174
115.526174
115.526174
115.526174
115.526174
115.526174
115.526174
115.526174
115.526174
115.526174
115.526174
115.526174
115.526174
115.526174
115.526174
115.526174
115.526174
115.526174
115.526174
115.526174
115.526174
115.526174
115.526174
115.526174
115.526174
115.526174
115.526174
115.526174
115.526174
115.526174
115.526174
115.526174
115.526174
115.526174
115.526174
115.526174
115.526174
115.526174
115.526174
115.526174
115.526174
115.526174
115.526174
115.526174
115.526174
115.526174
115.526174
115.526174
115.526174
115.526174
115.526174
115.526174
115.526174
115.526174
115.526174
115.526174
115.526174
115.526174
115.526174
115.526174
115.526174
115.526174
115.526174
115.526174
115.526174
115.526174
115.526174
115.526174
115.526174
115.526174
115.526174
115.526174
115.526174
115.526174
115.526174
115.526174
115.526174
115.526174
115.526174
115.526174
115.526174
115.526174
115.526174
115.526174
115.526174
115.526174
115.526174
115.526174
115.526174
115.526174
115.526174
115.526174
115.526174
115.526174
115.526174
115.526174
115.526174
115.526174
115.526174
115.526174
115.526174
115.526174
115.526174
115.526174
115.526174
115.526174
115.526174
115.526174
115.526174
115.526174
115.526174
115.526174
115.526174
115.526174
115.526174
115.526174
115.526174
115.526174
115.526174
115.526174
115.526174
115.526174
115.526174
115.526174
115.526174
115.526174
115.526174
115.526174
115.526174
115.526174
115.526174
115.526174
115.526174
115.526174
115.526174
115.526174
115.526174
115.526174
115.526174
115.526174
115.526174
115.526174
115.526174
115.526174
115.526174
115.526174
115.526174
115.526174
115.526174
115.526174
115.526174
115.526174
115.526174
115.526174
115.526174
115.526174
115.526174
115.526174
115.526174
115.526174
115.526174
115.526174
115.526174
115.526174
115.526174
115.526174
115.526174
115.526174
115.526174
115.526174
115.526174
115.526174
115.526174
115.526174
115.526174
115.526174
115.526174
115.526174
115.526174
115.526174
115.526174
115.526174
115.526174
115.526174
115.526174
115.526174
115.526174
115.526174
115.526174
115.526174
115.526174
115.526174
115.526174
115.526174
115.526174
115.526174
115.526174
115.526174
115.526174
115.526174
115.526174
115.526174
115.526174
115.526174
115.526174
115.526174
115.526174
115.526174
115.526174
115.526174
115.526174
115.526174
115.526174
115.526174
115.526174
115.526174
115.526174
115.526174
115.526174
115.526174
115.526174
115.526174
115.526174
115.526174
115.526174
115.526174
115.526174
115.526174
115.526174
115.526174
115.526174
115.526174
115.526174
115.526174
115.526174
115.526174
115.526174
115.526174
115.526174
115.526174
115.526174
115.526174
115.526174
115.526174
115.526174
115.526174
115.526174
115.526174
115.526174
115.526174
115.526174
115.526174
115.526174
115.526174
115.526174
115.526174
115.526174
115.526174
115.526174
115.526174
115.526174
115.526174
115.526174
115.526174
115.526174
115.526174
115.526174
115.526174
115.526174
115.526174
115.526174
115.526174
115.526174
115.526174
115.526174
115.526174
115.526174
115.526174
115.526174
115.526174
115.526174
115.526174
115.526174
115.526174
115.526174
115.526174
115.526174
115.526174
115.526174
115.526174
115.526174
115.526174
115.526174
115.526174
115.526174
115.526174
115.526174
115.526174
115.526174
115.526174
115.526174
115.526174
115.526174
115.526174
115.526174
115.526174
115.526174
115.526174
115.526174
115.526174
115.526174
115.526174
115.526174
115.526174
115.526174
115.526174
115.526174
115.526174
115.526174
115.526174
115.526174
115.526174
115.526174
115.526174
115.526174
115.526174
115.526174
115.526174
115.526174
115.526174
115.526174
115.526174
115.526174
115.526174
115.526174
115.526174
115.526174
115.526174
115.526174
115.526174
115.526174
115.526174
115.526174
115.526174
115.526174
115.526174
115.526174
115.526174
115.526174
115.526174
115.526174
115.526174
115.526174
115.526174
115.526174
115.526174
115.526174
115.526174
115.526174
115.526174
115.526174
115.526174
115.526174
115.526174
115.526174
115.526174
115.526174
115.526174
115.526174
115.526174
115.526174
115.526174
115.526174
115.526174
115.526174
115.526174
115.526174
115.526174
115.526174
115.526174
115.526174
115.526174
115.526174
115.526174
115.526174
115.526174
115.526174
115.526174
115.526174
115.526174
115.526174
115.526174
115.526174
115.526174
115.526174
115.526174
115.526174
115.526174
115.526174
115.526174
115.526174
115.526174
115.526174
115.526174
115.526174
115.526174
115.526174
115.526174
115.526174
115.526174
115.526174
115.526174
115.526174
115.526174
115.526174
115.526174
115.526174
115.526174
115.526174
115.526174
115.526174
115.526174
115.526174
115.526174
115.526174
115.526174
115.526174
115.526174
115.526174
115.526174
115.526174
115.526174
115.526174
115.526174
115.526174
115.526174
115.526174
115.526174
115.526174
115.526174
115.526174
115.526174
115.526174
115.526174
115.526174
115.526174
115.526174
115.526174
115.526174
115.526174
115.526174
115.526174
115.526174
115.526174
115.526174
115.526174
115.526174
115.526174
115.526174
115.526174
115.526174
115.526174
115.526174
115.526174
115.526174
115.526174
115.526174
115.526174
115.526174
115.526174
115.526174
115.526174
115.526174
115.526174
115.526174
115.526174
115.526174
115.526174
115.526174
115.526174
115.526174
115.526174
115.526174
115.526174
115.526174
115.526174
115.526174
115.526174
115.526174
115.526174
115.526174
115.526174
115.526174
115.526174
115.526174
115.526174
115.526174
115.526174
115.526174
115.526174
115.526174
115.526174
115.526174
115.526174
115.526174
115.526174
115.526174
115.526174
115.526174
115.526174
115.526174
115.526174
115.526174
115.526174
115.526174
115.526174
115.526174
115.526174
115.526174
115.526174
115.526174
115.526174
115.526174
115.526174
115.526174
115.526174
115.526174
115.526174
115.526174
115.526174
115.526174
115.526174
115.526174
115.526174
115.526174
115.526174
115.526174
115.526174
115.526174
115.526174
115.526174
115.526174
115.526174
115.526174
115.526174
115.526174
115.526174
115.526174
115.526174
115.526174
115.526174
115.526174
115.526174
115.526174
115.526174
115.526174
115.526174
115.526174
115.526174
115.526174
115.526174
115.526174
115.526174
115.526174
115.526174
115.526174
115.526174
115.526174
115.526174
115.526174
115.526174
115.526174
115.526174
115.526174
115.526174
115.526174
115.526174
115.526174
115.526174
115.526174
115.526174
115.526174
115.526174
115.526174
115.526174
115.526174
115.526174
115.526174
115.526174
115.526174
115.526174
115.526174
115.526174
115.526174
115.526174
115.526174
115.526174
115.526174
115.526174
115.526174
115.526174
115.526174
115.526174
115.526174
115.526174
115.526174
115.526174
115.526174
115.526174
115.526174
115.526174
115.526174
115.526174
115.526174
115.526174
115.526174
115.526174
115.526174
115.526174
115.526174
115.526174
115.526174
115.526174
115.526174
115.526174
115.526174
115.526174
115.526174
115.526174
115.526174
115.526174
115.526174
115.526174
115.526174
115.526174
115.526174
115.526174
115.526174
115.526174
115.526174
115.526174
115.526174
115.526174
115.526174
115.526174
115.526174
115.526174
115.526174
115.526174
115.526174
115.526174
115.526174
115.526174
115.526174
115.526174
115.526174
115.526174
115.526174
115.526174
115.526174
115.526174
115.526174
115.526174
115.526174
115.526174
115.526174
115.526174
115.526174
115.526174
115.526174
115.526174
115.526174
115.526174
115.526174
115.526174
115.526174
115.526174
115.526174
115.526174
115.526174
115.526174
115.526174
115.526174
115.526174
115.526174
115.526174
115.526174
115.526174
115.526174
115.526174
115.526174
115.526174
115.526174
115.526174
115.526174
115.526174
115.526174
115.526174
115.526174
115.526174
115.526174
115.526174
115.526174
115.526174
115.526174
115.526174
115.526174
115.526174
115.526174
115.526174
115.526174
115.526174
115.526174
115.526174
115.526174
115.526174
115.526174
115.526174
115.526174
115.526174
115.526174
115.526174
115.526174
115.526174
115.526174
115.526174
115.526174
115.526174
115.526174
115.526174
115.526174
115.526174
115.526174
115.526174
115.526174
115.526174
115.526174
115.526174
115.526174
115.526174
115.526174
115.526174
115.526174
115.526174
115.526174
115.526174
115.526174
115.526174
115.526174
115.526174
115.526174
115.526174
115.526174
115.526174
115.526174
115.526174
115.526174
115.526174
115.526174
115.526174
115.526174
115.526174
115.526174
115.526174
115.526174
115.526174
115.526174
115.526174
115.526174
115.526174
115.526174
115.526174
115.526174
115.526174
115.526174
115.526174
115.526174
115.526174
115.526174
115.526174
115.526174
115.526174
115.526174
115.526174
115.526174
115.526174
115.526174
115.526174
115.526174
115.526174
115.526174
115.526174
115.526174
115.526174
115.526174
115.526174
115.526174
115.526174
115.526174
115.526174
115.526174
115.526174
115.526174
115.526174
115.526174
115.526174
115.526174
115.526174
115.526174
115.526174
115.526174
115.526174
115.526174
115.526174
115.526174
115.526174
115.526174
115.526174
115.526174
115.526174
115.526174
115.526174
115.526174
115.526174
115.526174
115.526174
115.526174
115.526174
115.526174
115.526174
115.526174
115.526174
115.526174
115.526174
115.526174
115.526174
115.526174
115.526174
115.526174
115.526174
115.526174
115.526174
115.526174
115.526174
115.526174
115.526174
115.526174
115.526174
115.526174
115.526174
115.526174
115.526174
115.526174
115.526174
115.526174
115.526174
115.526174
115.526174
115.526174
115.526174
115.526174
115.526174
115.526174
115.526174
115.526174
115.526174
115.526174
115.526174
115.526174
115.526174
115.526174
115.526174
115.526174
115.526174
115.526174
115.526174
115.526174
115.526174
115.526174
115.526174
115.526174
115.526174
115.526174
115.526174
115.526174
115.526174
115.526174
115.526174
115.526174
115.526174
115.526174
115.526174
115.526174
115.526174
115.526174
115.526174
115.526174
115.526174
115.526174
115.526174
115.526174
115.526174
115.526174
115.526174
115.526174
115.526174
115.526174
115.526174
115.526174
115.526174
115.526174
115.526174
115.526174
115.526174
115.526174
115.526174
115.526174
115.526174
115.526174
115.526174
115.526174
115.526174
115.526174
115.526174
115.526174
115.526174
115.526174
115.526174
115.526174
115.526174
115.526174
115.526174
115.526174
115.526174
115.526174
115.526174
115.526174
115.526174
115.526174
115.526174
115.526174
115.526174
115.526174
115.526174
115.526174
115.526174
115.526174
115.526174
115.526174
115.526174
115.526174
115.526174
115.526174
115.526174
115.526174
115.526174
115.526174
115.526174
115.526174
115.526174
115.526174
115.526174
115.526174
115.526174
115.526174
115.526174
115.526174
115.526174
115.526174
115.526174
115.526174
115.526174
115.526174
115.526174
115.526174
115.526174
115.526174
115.526174
115.526174
115.526174
115.526174
115.526174
115.526174
115.526174
115.526174
115.526174
115.526174
115.526174
115.526174
115.526174
115.526174
115.526174
115.526174
115.526174
115.526174
115.526174
115.526174
115.526174
115.526174
115.526174
115.526174
115.526174
115.526174
115.526174
115.526174
115.526174
115.526174
115.526174
115.526174
115.526174
115.526174
115.526174
115.526174
115.526174
115.526174
115.526174
115.526174
115.526174
115.526174
115.526174
115.526174
115.526174
115.526174
115.526174
115.526174
115.526174
115.526174
115.526174
115.526174
115.526174
115.526174
115.526174
115.526174
115.526174
115.526174
115.526174
115.526174
115.526174
115.526174
115.526174
115.526174
115.526174
115.526174
115.526174
115.526174
115.526174
115.526174
115.526174
115.526174
115.526174
115.526174
115.526174
115.526174
115.526174
115.526174
115.526174
115.526174
115.526174
115.526174
115.526174
115.526174
115.526174
115.526174
115.526174
115.526174
115.526174
115.526174
115.526174
115.526174
115.526174
115.526174
115.526174
115.526174
115.526174
115.526174
115.526174
115.526174
115.526174
115.526174
115.526174
115.526174
115.526174
115.526174
115.526174
115.526174
115.526174
115.526174
115.526174
115.526174
115.526174
115.526174
115.526174
115.526174
115.526174
115.526174
115.526174
115.526174
115.526174
115.526174
115.526174
115.526174
115.526174
115.526174
115.526174
115.526174
115.526174
115.526174
115.526174
115.526174
115.526174
115.526174
115.526174
115.526174
115.526174
115.526174
115.526174
115.526174
115.526174
115.526174
115.526174
115.526174
115.526174
115.526174
115.526174
115.526174
115.526174
115.526174
115.526174
115.526174
115.526174
115.526174
115.526174
115.526174
115.526174
115.526174
115.526174
115.526174
115.526174
115.526174
115.526174
115.526174
115.526174
115.526174
115.526174
115.526174
115.526174
115.526174
115.526174
115.526174
115.526174
115.526174
115.526174
115.526174
115.526174
115.526174
115.526174
115.526174
115.526174
115.526174
115.526174
115.526174
115.526173
115.526173
115.526173
115.526173
115.526173
115.526173
115.526173
115.526173
115.526173
115.526173
115.526173
115.526173
115.526173
115.526173
115.526173
115.526173
115.526173
115.526173
115.526173
115.526173
115.526173
115.526173
115.526173
115.526173
115.526173
115.526173
115.526173
115.526173
115.526173
115.526173
115.526173
115.526173
115.526173
115.526173
115.526173
115.526173
115.526173
115.526173
115.526173
115.526173
115.526173
115.526173
115.526173
115.526173
115.526173
115.526173
115.526173
115.526173
115.526173
115.526173
115.526173
115.526173
115.526173
115.526173
115.526173
115.526173
115.526173
115.526173
115.526173
115.526173
115.526173
115.526173
115.526173
115.526173
115.526173
115.526173
115.526173
115.526173
115.526173
115.526173
115.526173
115.526173
115.526173
115.526173
115.526173
115.526173
115.526173
115.526173
115.526173
115.526173
115.526173
115.526173
115.526173
115.526173
115.526173
115.526173
115.526173
115.526173
115.526173
115.526172
115.526172
115.526172
115.526172
115.526172
115.526172
115.526172
115.526172
115.526172
115.526172
115.526172
115.526172
115.526172
115.526172
115.526172
115.526172
115.526172
115.526172
115.526172
115.526172
115.526172
115.526172
115.526172
115.526172
115.526172
115.526172
115.526172
115.526172
115.526172
115.526172
115.526172
115.526172
115.526172
115.526172
115.526172
115.526172
115.526172
115.526172
115.526172
115.526172
115.526172
115.526172
115.526172
115.526172
115.526172
115.526172
115.526172
115.526172
115.526172
115.526172
115.526172
115.526172
115.526172
115.526172
115.526172
115.526172
115.526172
115.526172
115.526172
115.526172
115.526172
115.526172
115.526172
115.526172
115.526172
115.526172
115.526172
115.526172
115.526172
115.526172
115.526172
115.526172
115.526172
115.526171
115.526171
115.526171
115.526171
115.526171
115.526171
115.526171
115.526171
115.526171
115.526171
115.526171
115.526171
115.526171
115.526171
115.526171
115.526171
115.526171
115.526171
115.526171
115.526171
115.526171
115.526171
115.526171
115.526171
115.526171
115.526171
115.526171
115.526171
115.526171
115.526171
115.526171
115.526171
115.526171
115.526171
115.526171
115.526171
115.526171
115.526171
115.526171
115.526171
115.526171
115.526171
115.526171
115.526171
115.526171
115.526171
115.526171
115.526171
115.526171
115.526171
115.526171
115.526171
115.526171
115.526171
115.526171
115.526171
115.526171
115.526171
115.526171
115.526171
115.526171
115.526171
115.526171
115.526171
115.526171
115.526171
115.526171
115.526171
115.526171
115.526171
115.526171
115.526171
115.526171
115.526171
115.526171
115.526171
115.526171
115.526171
115.526171
115.526171
115.526171
115.526171
115.526171
115.526171
115.526171
115.526171
115.526171
115.526171
115.526171
115.526171
115.526171
115.526171
115.526171
115.526171
115.526171
115.526171
115.526171
115.526171
115.526171
115.526171
115.526171
115.526171
115.526171
115.526171
115.526171
115.526171
115.526171
115.526171
115.526171
115.526171
115.526171
115.526170
115.526170
115.526170
115.526170
115.526170
115.526170
115.526170
115.526170
115.526170
115.526170
115.526170
115.526170
115.526170
115.526170
115.526170
115.526170
115.526170
115.526170
115.526170
115.526170
115.526170
115.526170
115.526170
115.526170
115.526170
115.526170
115.526170
115.526170
115.526170
115.526170
115.526170
115.526170
115.526170
115.526170
115.526170
115.526170
115.526170
115.526170
115.526170
115.526170
115.526170
115.526170
115.526170
115.526170
115.526170
115.526170
115.526170
115.526170
115.526170
115.526170
115.526170
115.526170
115.526170
115.526170
115.526170
115.526170
115.526170
115.526170
115.526170
115.526170
115.526170
115.526170
115.526170
115.526170
115.526170
115.526170
115.526170
115.526170
115.526170
115.526170
115.526170
115.526170
115.526170
115.526170
115.526170
115.526170
115.526170
115.526170
115.526170
115.526170
115.526170
115.526170
115.526170
115.526170
115.526170
115.526170
115.526170
115.526170
115.526170
115.526170
115.526170
115.526170
115.526170
115.526170
115.526170
115.526170
115.526170
115.526170
115.526170
115.526170
115.526170
115.526170
115.526170
115.526170
115.526170
115.526170
115.526170
115.526170
115.526170
115.526170
115.526170
115.526170
115.526170
115.526170
115.526170
115.526170
115.526170
115.526170
115.526170
115.526170
115.526170
115.526170
115.526170
115.526170
115.526170
115.526170
115.526170
115.526170
115.526170
115.526170
115.526170
115.526170
115.526170
115.526170
115.526170
115.526170
115.526170
115.526170
115.526170
115.526170
115.526170
115.526170
115.526170
115.526170
115.526170
115.526170
115.526170
115.526170
115.526170
115.526170
115.526170
115.526170
115.526170
115.526170
115.526170
115.526170
115.526170
115.526170
115.526170
115.526170
115.526170
115.526170
115.526170
115.526170
115.526170
115.526170
115.526170
115.526170
115.526170
115.526170
115.526170
115.526170
115.526170
115.526170
115.526170
115.526170
115.526170
115.526170
115.526170
115.526170
115.526170
115.526170
115.526170
115.526170
115.526170
115.526170
115.526170
115.526170
115.526170
115.526170
115.526170
115.526170
115.526170
115.526170
115.526170
115.526170
115.526170
115.526170
115.526170
115.526170
115.526170
115.526170
115.526170
115.526170
115.526170
115.526170
115.526170
115.526170
115.526170
115.526170
115.526170
115.526170
115.526170
115.526170
115.526170
115.526170
115.526170
115.526170
115.526170
115.526170
115.526170
115.526170
115.526170
115.526170
115.526170
115.526170
115.526170
115.526170
115.526170
115.526170
115.526170
115.526170
115.526170
115.526170
115.526170
115.526170
115.526170
115.526170
115.526170
115.526170
115.526170
115.526170
115.526170
115.526170
115.526170
115.526170
115.526170
115.526170
115.526170
115.526170
115.526170
115.526170
115.526170
115.526170
115.526170
115.526170
115.526170
115.526170
115.526170
115.526170
115.526170
115.526170
115.526170
115.526170
115.526170
115.526170
115.526170
115.526170
115.526170
115.526170
115.526170
115.526170
115.526170
115.526170
115.526170
115.526170
115.526170
115.526170
115.526170
115.526170
115.526170
115.526170
115.526170
115.526170
115.526170
115.526170
115.526170
115.526170
115.526170
115.526170
115.526170
115.526170
115.526170
115.526170
115.526170
115.526170
115.526170
115.526170
115.526170
115.526170
115.526170
115.526170
115.526170
115.526170
115.526170
115.526170
115.526170
115.526170
115.526170
115.526170
115.526170
115.526170
115.526170
115.526170
115.526170
115.526170
115.526170
115.526170
115.526170
115.526170
115.526170
115.526170
115.526170
115.526170
115.526170
115.526170
115.526170
115.526170
115.526170
115.526170
115.526170
115.526170
115.526170
115.526170
115.526170
115.526170
115.526170
115.526170
115.526170
115.526170
115.526170
115.526170
115.526170
115.526170
115.526170
115.526170
115.526170
115.526170
115.526170
115.526170
115.526170
115.526170
115.526170
115.526170
115.526170
115.526170
115.526170
115.526170
115.526170
115.526170
115.526170
115.526170
115.526170
115.526170
115.526170
115.526170
115.526170
115.526170
115.526170
115.526170
115.526170
115.526170
115.526170
115.526170
115.526170
115.526170
115.526170
115.526170
115.526170
115.526170
115.526170
115.526170
115.526170
115.526170
115.526170
115.526170
115.526170
115.526170
115.526170
115.526170
115.526170
115.526170
115.526170
115.526170
115.526170
115.526170
115.526170
115.526170
115.526170
115.526170
115.526170
115.526170
115.526170
115.526170
115.526170
115.526170
115.526170
115.526170
115.526170
115.526170
115.526170
115.526170
115.526170
115.526170
115.526170
115.526170
115.526170
115.526170
115.526170
115.526170
115.526170
115.526170
115.526170
115.526170
115.526170
115.526170
115.526170
115.526170
115.526170
115.526170
115.526170
115.526170
115.526170
115.526170
115.526170
115.526170
115.526170
115.526170
115.526170
115.526170
115.526170
115.526170
115.526170
115.526170
115.526170
115.526170
115.526170
115.526170
115.526170
115.526170
115.526170
115.526170
115.526170
115.526170
115.526170
115.526170
115.526170
115.526170
115.526170
115.526170
115.526170
115.526170
115.526170
115.526170
115.526170
115.526170
115.526170
115.526170
115.526170
115.526170
115.526170
115.526170
115.526170
115.526170
115.526170
115.526170
115.526170
115.526170
115.526170
115.526170
115.526170
115.526170
115.526170
115.526170
115.526170
115.526170
115.526170
115.526170
115.526170
115.526170
115.526170
115.526170
115.526170
115.526170
115.526170
115.526170
115.526170
115.526170
115.526170
115.526170
115.526170
115.526170
115.526170
115.526170
115.526170
115.526170
115.526170
115.526170
115.526170
115.526170
115.526170
115.526170
115.526170
115.526170
115.526170
115.526170
115.526170
115.526170
115.526170
115.526170
115.526170
115.526170
115.526170
115.526170
115.526170
115.526170
115.526170
115.526170
115.526170
115.526170
115.526170
115.526170
115.526170
115.526170
115.526170
115.526170
115.526170
115.526170
115.526170
115.526170
115.526170
115.526170
115.526170
115.526170
115.526170
115.526170
115.526170
115.526170
115.526170
115.526170
115.526170
115.526170
115.526170
115.526170
115.526170
115.526170
115.526170
115.526170
115.526170
115.526170
115.526170
115.526170
115.526170
115.526170
115.526170
115.526170
115.526170
115.526170
115.526170
115.526170
115.526170
115.526170
115.526170
115.526170
115.526170
115.526170
115.526170
115.526170
115.526170
115.526170
115.526170
115.526170
115.526170
115.526170
115.526170
115.526170
115.526170
115.526170
115.526170
115.526170
115.526170
115.526170
115.526170
115.526170
115.526170
115.526170
115.526170
115.526170
115.526170
115.526170
115.526170
115.526170
115.526170
115.526170
115.526170
115.526170
115.526170
115.526170
115.526170
115.526170
115.526170
115.526170
115.526170
115.526170
115.526170
115.526170
115.526170
115.526170
115.526170
115.526170
115.526170
115.526170
115.526170
115.526170
115.526170
115.526170
115.526170
115.526170
115.526170
115.526170
115.526170
115.526170
115.526170
115.526170
115.526170
115.526170
115.526170
115.526170
115.526170
115.526170
115.526170
115.526170
115.526170
115.526170
115.526170
115.526170
115.526170
115.526170
115.526170
115.526170
115.526170
115.526170
115.526170
115.526170
115.526170
115.526170
115.526170
115.526170
115.526170
115.526170
115.526170
115.526170
115.526170
115.526170
115.526170
115.526170
115.526170
115.526170
115.526170
115.526170
115.526170
115.526170
115.526170
115.526170
115.526170
115.526170
115.526170
115.526170
115.526170
115.526170
115.526170
115.526170
115.526170
115.526170
115.526170
115.526170
115.526170
115.526170
115.526170
115.526170
115.526170
115.526170
115.526170
115.526170
115.526170
115.526170
115.526170
115.526170
115.526170
115.526170
115.526170
115.526170
115.526170
115.526170
115.526170
115.526170
115.526170
115.526170
115.526170
115.526170
115.526170
115.526170
115.526170
115.526170
115.526170
115.526170
115.526170
115.526170
115.526170
115.526170
115.526170
115.526170
115.526170
115.526170
115.526170
115.526170
115.526170
115.526170
115.526170
115.526170
115.526170
115.526170
115.526170
115.526170
115.526170
115.526170
115.526170
115.526170
115.526170
115.526170
115.526170
115.526170
115.526170
115.526170
115.526170
115.526170
115.526170
115.526170
115.526170
115.526170
115.526170
115.526170
115.526170
115.526170
115.526170
115.526170
115.526170
115.526170
115.526170
115.526170
115.526170
115.526170
115.526170
115.526170
115.526170
115.526170
115.526170
115.526170
115.526170
115.526170
115.526170
115.526170
115.526170
115.526170
115.526170
115.526170
115.526170
115.526170
115.526170
115.526170
115.526170
115.526170
115.526170
115.526170
115.526170
115.526170
115.526170
115.526170
115.526170
115.526170
115.526170
115.526170
115.526170
115.526170
115.526170
115.526170
115.526170
115.526170
115.526170
115.526170
115.526170
115.526170
115.526170
115.526170
115.526170
115.526170
115.526170
115.526170
115.526170
115.526170
115.526170
115.526170
115.526170
115.526170
115.526170
115.526170
115.526170
115.526170
115.526170
115.526170
115.526170
115.526170
115.526170
115.526170
115.526170
115.526170
115.526170
115.526170
115.526170
115.526170
115.526170
115.526170
115.526170
115.526170
115.526170
115.526170
115.526170
115.526170
115.526170
115.526170
115.526170
115.526170
115.526170
115.526170
115.526170
115.526170
115.526170
115.526170
115.526170
115.526170
115.526170
115.526170
115.526170
115.526170
115.526170
115.526170
115.526170
115.526170
115.526170
115.526170
115.526170
115.526170
115.526170
115.526170
115.526170
115.526170
115.526170
115.526170
115.526170
115.526170
115.526170
115.526170
115.526170
115.526170
115.526170
115.526170
115.526170
115.526170
115.526170
115.526170
115.526170
115.526170
115.526170
115.526170
115.526170
115.526170
115.526170
115.526170
115.526170
115.526170
115.526170
115.526170
115.526170
115.526170
115.526170
115.526170
115.526170
115.526170
115.526170
115.526170
115.526170
115.526170
115.526170
115.526170
115.526170
115.526170
115.526170
115.526170
115.526170
115.526170
115.526170
115.526170
115.526170
115.526170
115.526170
115.526170
115.526170
115.526170
115.526170
115.526170
115.526170
115.526170
115.526170
115.526170
115.526170
115.526170
115.526170
115.526170
115.526170
115.526170
115.526170
115.526170
115.526170
115.526170
115.526170
115.526170
115.526170
115.526170
115.526170
115.526170
115.526170
115.526170
115.526170
115.526170
115.526170
115.526170
115.526170
115.526170
115.526170
115.526170
115.526170
115.526170
115.526170
115.526170
115.526170
115.526170
115.526170
115.526170
115.526170
115.526170
115.526170
115.526170
115.526170
115.526170
115.526170
115.526170
115.526170
115.526170
115.526170
115.526170
115.526170
115.526170
115.526170
115.526170
115.526170
115.526170
115.526170
115.526170
115.526170
115.526170
115.526170
115.526170
115.526170
115.526170
115.526170
115.526170
115.526170
115.526170
115.526170
115.526170
115.526170
115.526170
115.526170
115.526170
115.526170
115.526170
115.526170
115.526170
115.526170
115.526170
115.526170
115.526170
115.526170
115.526170
115.526170
115.526170
115.526170
115.526170
115.526170
115.526170
115.526170
115.526170
115.526170
115.526170
115.526170
115.526170
115.526170
115.526170
115.526170
115.526170
115.526170
115.526170
115.526170
115.526170
115.526170
115.526170
115.526170
115.526170
115.526170
115.526170
115.526170
115.526170
115.526170
115.526170
115.526170
115.526170
115.526170
115.526170
115.526170
115.526170
115.526170
115.526170
115.526170
115.526170
115.526170
115.526170
115.526170
115.526170
115.526170
115.526170
115.526170
115.526170
115.526170
115.526170
115.526170
115.526170
115.526170
115.526170
115.526170
115.526170
115.526170
115.526170
115.526170
115.526170
115.526170
115.526170
115.526170
115.526170
115.526170
115.526170
115.526170
115.526170
115.526170
115.526170
115.526170
115.526170
115.526170
115.526170
115.526170
115.526170
115.526170
115.526170
115.526170
115.526170
115.526170
115.526170
115.526170
115.526170
115.526170
115.526170
115.526170
115.526170
115.526170
115.526170
115.526170
115.526170
115.526170
115.526170
115.526170
115.526170
115.526170
115.526170
115.526170
115.526170
115.526170
115.526170
115.526170
115.526170
115.526170
115.526170
115.526170
115.526170
115.526170
115.526170
115.526170
115.526170
115.526170
115.526170
115.526170
115.526170
115.526170
115.526170
115.526170
115.526170
115.526170
115.526170
115.526170
115.526170
115.526170
115.526170
115.526170
115.526170
115.526170
115.526170
115.526170
115.526170
115.526170
115.526170
115.526170
115.526170
115.526170
115.526170
115.526170
115.526170
115.526170
115.526170
115.526170
115.526170
115.526170
115.526170
115.526170
115.526170
115.526170
115.526170
115.526170
115.526170
115.526170
115.526170
115.526170
115.526170
115.526170
115.526170
115.526170
115.526170
115.526170
115.526170
115.526170
115.526170
115.526170
115.526170
115.526170
115.526170
115.526170
115.526170
115.526170
115.526170
115.526170
115.526170
115.526170
115.526170
115.526170
115.526170
115.526170
115.526170
115.526170
115.526170
115.526170
115.526170
115.526170
115.526170
115.526170
115.526170
115.526170
115.526170
115.526170
115.526170
115.526170
115.526170
115.526170
115.526170
115.526170
115.526170
115.526170
115.526170
115.526170
115.526170
115.526170
115.526170
115.526170
115.526170
115.526170
115.526170
115.526170
115.526170
115.526170
115.526170
115.526170
115.526170
115.526170
115.526170
115.526170
115.526170
115.526170
115.526170
115.526170
115.526170
115.526170
115.526170
115.526170
115.526170
115.526170
115.526170
115.526170
115.526170
115.526170
115.526170
115.526170
115.526170
115.526170
115.526170
115.526170
115.526170
115.526170
115.526170
115.526170
115.526170
115.526170
115.526170
115.526170
115.526170
115.526170
115.526170
115.526170
115.526170
115.526170
115.526170
115.526170
115.526170
115.526170
115.526170
115.526170
115.526170
115.526170
115.526170
115.526170
115.526170
115.526170
115.526170
115.526170
115.526170
115.526170
115.526170
115.526170
115.526170
115.526170
115.526170
115.526170
115.526170
115.526170
115.526170
115.526170
115.526170
115.526170
115.526170
115.526170
115.526170
115.526170
115.526170
115.526170
115.526170
115.526170
115.526170
115.526170
115.526170
115.526170
115.526170
115.526170
115.526170
115.526170
115.526170
115.526170
115.526170
115.526170
115.526170
115.526170
115.526170
115.526170
115.526170
115.526170
115.526170
115.526170
115.526170
115.526170
115.526170
115.526170
115.526170
115.526170
115.526170
115.526170
115.526170
115.526170
115.526170
115.526170
115.526170
115.526170
115.526170
115.526170
115.526170
115.526170
115.526170
115.526170
115.526170
115.526170
115.526170
115.526170
115.526170
115.526170
115.526170
115.526170
115.526170
115.526170
115.526170
115.526170
115.526170
115.526170
115.526170
115.526170
115.526170
115.526170
115.526170
115.526170
115.526170
115.526170
115.526170
115.526170
115.526170
115.526170
115.526170
115.526170
115.526170
115.526170
115.526170
115.526170
115.526170
115.526170
115.526170
115.526170
115.526170
115.526170
115.526170
115.526170
115.526170
115.526170
115.526170
115.526170
115.526170
115.526170
115.526170
115.526170
115.526170
115.526170
115.526170
115.526170
115.526170
115.526170
115.526170
115.526170
115.526170
115.526170
115.526170
115.526170
115.526170
115.526170
115.526170
115.526170
115.526170
115.526170
115.526170
115.526170
115.526170
115.526170
115.526170
115.526170
115.526170
115.526170
115.526170
115.526170
115.526170
115.526170
115.526170
115.526170
115.526170
115.526170
115.526170
115.526170
115.526170
115.526170
115.526170
115.526170
115.526170
115.526170
115.526170
115.526170
115.526170
115.526170
115.526170
115.526170
115.526170
115.526170
115.526170
115.526170
115.526170
115.526170
115.526170
115.526170
115.526170
115.526170
115.526170
115.526170
115.526170
115.526170
115.526170
115.526170
115.526170
115.526170
115.526170
115.526170
115.526170
115.526170
115.526170
115.526170
115.526170
115.526170
115.526170
115.526170
115.526170
115.526170
115.526170
115.526170
115.526170
115.526170
115.526170
115.526170
115.526170
115.526170
115.526170
115.526170
115.526170
115.526170
115.526170
115.526170
115.526170
115.526170
115.526170
115.526170
115.526170
115.526170
115.526170
115.526170
115.526170
115.526170
115.526170
115.526170
115.526170
115.526170
115.526170
115.526170
115.526170
115.526170
115.526170
115.526170
115.526170
115.526170
115.526170
115.526170
115.526170
115.526170
115.526170
115.526170
115.526170
115.526170
115.526170
115.526170
115.526170
115.526170
115.526170
115.526170
115.526170
115.526170
115.526170
115.526170
115.526170
115.526170
115.526170
115.526170
115.526170
115.526170
115.526170
115.526170
115.526170
115.526170
115.526170
115.526170
115.526170
115.526170
115.526170
115.526170
115.526170
115.526170
115.526170
115.526170
115.526170
115.526170
115.526170
115.526170
115.526170
115.526170
115.526170
115.526170
115.526170
115.526170
115.526170
115.526170
115.526170
115.526170
115.526170
115.526170
115.526170
115.526170
115.526170
115.526170
115.526170
115.526170
115.526170
115.526170
115.526170
115.526170
115.526170
115.526170
115.526170
115.526170
115.526170
115.526170
115.526170
115.526170
115.526170
115.526170
115.526170
115.526170
115.526170
115.526170
115.526170
115.526170
115.526170
115.526170
115.526170
115.526170
115.526170
115.526170
115.526170
115.526170
115.526170
115.526170
115.526170
115.526170
115.526170
115.526170
115.526170
115.526170
115.526170
115.526170
115.526170
115.526170
115.526170
115.526170
115.526170
115.526170
115.526170
115.526170
115.526170
115.526170
115.526170
115.526170
115.526170
115.526170
115.526170
115.526170
115.526170
115.526170
115.526170
115.526170
115.526170
115.526170
115.526170
115.526170
115.526170
115.526170
115.526170
115.526170
115.526170
115.526170
115.526170
115.526170
115.526170
115.526170
115.526170
115.526170
115.526170
115.526170
115.526170
115.526170
115.526170
115.526170
115.526170
115.526170
115.526170
115.526170
115.526170
115.526170
115.526170
115.526170
115.526170
115.526170
115.526170
115.526170
115.526170
115.526170
115.526170
115.526170
115.526170
115.526170
115.526170
115.526170
115.526170
115.526170
115.526170
115.526170
115.526170
115.526170
115.526170
115.526170
115.526170
115.526170
115.526170
115.526170
115.526170
115.526170
115.526170
115.526170
115.526170
115.526170
115.526170
115.526170
115.526170
115.526170
115.526170
115.526170
115.526170
115.526170
115.526170
115.526170
115.526170
115.526170
115.526170
115.526170
115.526170
115.526170
115.526170
115.526170
115.526170
115.526170
115.526170
115.526170
115.526170
115.526170
115.526170
115.526170
115.526170
115.526170
115.526170
115.526170
115.526170
115.526170
115.526170
115.526170
115.526170
115.526170
115.526170
115.526170
115.526170
115.526170
115.526170
115.526170
115.526170
115.526170
115.526170
115.526170
115.526170
115.526170
115.526170
115.526170
115.526170
115.526170
115.526170
115.526170
115.526170
115.526170
115.526170
115.526170
115.526170
115.526170
115.526170
115.526170
115.526170
115.526170
115.526170
115.526170
115.526170
115.526170
115.526170
115.526170
115.526170
115.526170
115.526170
115.526170
115.526170
115.526170
115.526170
115.526170
115.526170
115.526170
115.526170
115.526170
115.526170
115.526170
115.526170
115.526170
115.526170
115.526170
115.526170
115.526170
115.526170
115.526170
115.526170
115.526170
115.526170
115.526170
115.526170
115.526170
115.526170
115.526170
115.526170
115.526170
115.526170
115.526170
115.526170
115.526170
115.526170
115.526170
115.526170
115.526170
115.526170
115.526170
115.526170
115.526170
115.526170
115.526170
115.526170
115.526170
115.526170
115.526170
115.526170
115.526170
115.526170
115.526170
115.526170
115.526170
115.526170
115.526170
115.526170
115.526170
115.526170
115.526170
115.526170
115.526170
115.526170
115.526170
115.526170
115.526170
115.526170
115.526170
115.526170
115.526170
115.526170
115.526170
115.526170
115.526170
115.526170
115.526170
115.526170
115.526170
115.526170
115.526170
115.526170
115.526170
115.526170
115.526170
115.526170
115.526170
115.526170
115.526170
115.526170
115.526170
115.526170
115.526170
115.526170
115.526170
115.526170
115.526170
115.526170
115.526170
115.526170
115.526170
115.526170
115.526170
115.526170
115.526170
115.526170
115.526170
115.526170
115.526170
115.526170
115.526170
115.526170
115.526170
115.526170
115.526170
115.526170
115.526170
115.526170
115.526170
115.526170
115.526170
115.526170
115.526170
115.526170
115.526170
115.526170
115.526170
115.526170
115.526170
115.526170
115.526170
115.526170
115.526170
115.526170
115.526170
115.526170
115.526170
115.526170
115.526170
115.526170
115.526170
115.526170
115.526170
115.526170
115.526170
115.526170
115.526170
115.526170
115.526170
115.526170
115.526170
115.526170
115.526170
115.526170
115.526170
115.526170
115.526170
115.526170
115.526170
115.526170
115.526170
115.526170
115.526170
115.526170
115.526170
115.526170
115.526170
115.526170
115.526170
115.526170
115.526170
115.526170
115.526170
115.526170
115.526170
115.526170
115.526170
115.526170
115.526170
115.526170
115.526170
115.526170
115.526170
115.526170
115.526170
115.526170
115.526170
115.526170
115.526170
115.526170
115.526170
115.526170
115.526170
115.526170
115.526170
115.526170
115.526170
115.526170
115.526170
115.526170
115.526170
115.526170
115.526170
115.526170
115.526170
115.526170
115.526170
115.526170
115.526170
115.526170
115.526170
115.526170
115.526170
115.526170
115.526170
115.526170
115.526170
115.526170
115.526170
115.526170
115.526170
115.526170
115.526170
115.526170
115.526170
115.526170
115.526170
115.526170
115.526170
115.526170
115.526170
115.526170
115.526170
115.526170
115.526170
115.526170
115.526170
115.526170
115.526170
115.526170
115.526170
115.526170
115.526170
115.526170
115.526170
115.526170
115.526170
115.526170
115.526170
115.526170
115.526170
115.526170
115.526170
115.526170
115.526170
115.526170
115.526170
115.526170
115.526170
115.526170
115.526170
115.526170
115.526170
115.526170
115.526170
115.526170
115.526170
115.526170
115.526170
115.526170
115.526170
115.526170
115.526170
115.526170
115.526170
115.526170
115.526170
115.526170
115.526170
115.526170
115.526170
115.526170
115.526170
115.526170
115.526170
115.526170
115.526170
115.526170
115.526170
115.526170
115.526170
115.526170
115.526170
115.526170
115.526170
115.526170
115.526170
115.526170
115.526170
115.526170
115.526170
115.526170
115.526170
115.526170
115.526170
115.526170
115.526170
115.526170
115.526170
115.526170
115.526170
115.526170
115.526170
115.526170
115.526170
115.526170
115.526170
115.526170
115.526170
115.526170
115.526170
115.526170
115.526170
115.526170
115.526170
115.526170
115.526170
115.526170
115.526170
115.526170
115.526170
115.526170
115.526170
115.526170
115.526170
115.526170
115.526170
115.526170
115.526170
115.526170
115.526170
115.526170
115.526170
115.526170
115.526170
115.526170
115.526170
115.526170
115.526170
115.526170
115.526170
115.526170
115.526170
115.526170
115.526170
115.526170
115.526170
115.526170
115.526170
115.526170
115.526170
115.526170
115.526170
115.526170
115.526170
115.526170
115.526170
115.526170
115.526170
115.526170
115.526170
115.526170
115.526170
115.526170
115.526170
115.526170
115.526170
115.526170
115.526170
115.526170
115.526170
115.526170
115.526170
115.526170
115.526170
115.526170
115.526170
115.526170
115.526170
115.526170
115.526170
115.526170
115.526170
115.526170
115.526170
115.526170
115.526170
115.526170
115.526170
115.526170
115.526170
115.526170
115.526170
115.526170
115.526170
115.526170
115.526170
115.526170
115.526170
115.526170
115.526170
115.526170
115.526170
115.526170
115.526170
115.526170
115.526170
115.526170
115.526170
115.526170
115.526170
115.526170
115.526170
115.526170
115.526170
115.526170
115.526170
115.526170
115.526170
115.526170
115.526170
115.526170
115.526170
115.526170
115.526170
115.526170
115.526170
115.526170
115.526170
115.526170
115.526170
115.526170
115.526170
115.526170
115.526170
115.526170
115.526170
115.526170
115.526170
115.526170
115.526170
115.526170
115.526170
115.526170
115.526170
115.526170
115.526170
115.526170
115.526170
115.526170
115.526170
115.526170
115.526170
115.526170
115.526170
115.526170
115.526170
115.526170
115.526170
115.526170
115.526170
115.526170
115.526170
115.526170
115.526170
115.526170
115.526170
115.526170
115.526170
115.526170
115.526170
115.526170
115.526170
115.526170
115.526170
115.526170
115.526170
115.526170
115.526170
115.526170
115.526170
115.526170
115.526170
115.526170
115.526170
115.526170
115.526170
115.526170
115.526170
115.526170
115.526170
115.526170
115.526170
115.526170
115.526170
115.526170
115.526170
115.526170
115.526170
115.526170
115.526170
115.526170
115.526170
115.526170
115.526170
115.526170
115.526170
115.526170
115.526170
115.526170
115.526170
115.526170
115.526170
115.526170
115.526170
115.526170
115.526170
115.526170
115.526170
115.526170
115.526170
115.526170
115.526170
115.526170
115.526170
115.526170
115.526170
115.526170
115.526170
115.526170
115.526170
115.526170
115.526170
115.526170
115.526170
115.526170
115.526170
115.526170
115.526170
115.526170
115.526170
115.526170
115.526170
115.526170
115.526170
115.526170
115.526170
115.526170
115.526170
115.526170
115.526170
115.526170
115.526170
115.526170
115.526170
115.526170
115.526170
115.526170
115.526170
115.526170
115.526170
115.526170
115.526170
115.526170
115.526170
115.526170
115.526170
115.526170
115.526170
115.526170
115.526170
115.526170
115.526170
115.526170
115.526170
115.526170
115.526170
115.526170
115.526170
115.526170
115.526170
115.526170
115.526170
115.526170
115.526170
115.526170
115.526170
115.526170
115.526170
115.526170
115.526170
115.526170
115.526170
115.526170
115.526170
115.526170
115.526170
115.526170
115.526170
115.526170
115.526170
115.526170
115.526170
115.526170
115.526170
115.526170
115.526170
115.526170
115.526170
115.526170
115.526170
115.526170
115.526170
115.526170
115.526170
115.526170
115.526170
115.526170
115.526170
115.526170
115.526170
115.526170
115.526170
115.526170
115.526170
115.526170
115.526170
115.526170
115.526170
115.526170
115.526170
115.526170
115.526170
115.526170
115.526170
115.526170
115.526170
115.526170
115.526170
115.526170
115.526170
115.526170
115.526170
115.526170
115.526170
115.526170
115.526170
115.526170
115.526170
115.526170
115.526170
115.526170
115.526170
115.526170
115.526170
115.526170
115.526170
115.526170
115.526170
115.526170
115.526170
115.526170
115.526170
115.526170
115.526170
115.526170
115.526170
115.526170
115.526170
115.526170
115.526170
115.526170
115.526170
115.526170
115.526170
115.526170
115.526170
115.526170
115.526170
115.526170
115.526170
115.526170
115.526170
115.526170
115.526170
115.526170
115.526170
115.526170
115.526170
115.526170
115.526170
115.526170
115.526170
115.526170
115.526170
115.526170
115.526170
115.526170
115.526170
115.526170
115.526170
115.526170
115.526170
115.526170
115.526170
115.526170
115.526170
115.526170
115.526170
115.526170
115.526170
115.526170
115.526170
115.526170
115.526170
115.526170
115.526170
115.526170
115.526170
115.526170
115.526170
115.526170
115.526170
115.526170
115.526170
115.526170
115.526170
115.526170
115.526170
115.526170
115.526170
115.526170
115.526170
115.526170
115.526170
115.526170
115.526170
115.526170
115.526170
115.526170
115.526170
115.526170
115.526170
115.526170
115.526170
115.526170
115.526170
115.526170
115.526170
115.526170
115.526170
115.526170
115.526170
115.526170
115.526170
115.526170
115.526170
115.526170
115.526170
115.526170
115.526170
115.526170
115.526170
115.526170
115.526170
115.526170
115.526170
115.526170
115.526170
115.526170
115.526170
115.526170
115.526170
115.526170
115.526170
115.526170
115.526170
115.526170
115.526170
115.526170
115.526170
115.526170
115.526170
115.526170
115.526170
115.526170
115.526170
115.526170
115.526170
115.526170
115.526170
115.526170
115.526170
115.526170
115.526170
115.526170
115.526170
115.526170
115.526170
115.526170
115.526170
115.526170
115.526170
115.526170
115.526170
115.526170
115.526170
115.526170
115.526170
115.526170
115.526170
115.526170
115.526170
115.526170
115.526170
115.526170
115.526170
115.526170
115.526170
115.526170
115.526170
115.526170
115.526170
115.526170
115.526170
115.526170
115.526170
115.526170
115.526170
115.526170
115.526170
115.526170
115.526170
115.526170
115.526170
115.526170
115.526170
115.526170
115.526170
115.526170
115.526170
115.526170
115.526170
115.526170
115.526170
115.526170
115.526170
115.526170
115.526170
115.526170
115.526170
115.526170
115.526170
115.526170
115.526170
115.526170
115.526170
115.526170
115.526170
115.526170
115.526170
115.526170
115.526170
115.526170
115.526170
115.526170
115.526170
115.526170
115.526170
115.526170
115.526170
115.526170
115.526170
115.526170
115.526170
115.526170
115.526170
115.526170
115.526170
115.526170
115.526170
115.526170
115.526170
115.526170
115.526170
115.526170
115.526170
115.526170
115.526170
115.526170
115.526170
115.526170
115.526170
115.526170
115.526170
115.526170
115.526170
115.526170
115.526170
115.526170
115.526170
115.526170
115.526170
115.526170
115.526170
115.526170
115.526170
115.526170
115.526170
115.526170
115.526170
115.526170
115.526170
115.526170
115.526170
115.526170
115.526170
115.526170
115.526170
115.526170
115.526170
115.526170
115.526170
115.526170
115.526170
115.526170
115.526170
115.526170
115.526170
115.526170
115.526170
115.526170
115.526170
115.526170
115.526170
115.526170
115.526170
115.526170
115.526170
115.526170
115.526170
115.526170
115.526170
115.526170
115.526170
115.526170
115.526170
115.526170
115.526170
115.526170
115.526170
115.526170
115.526170
115.526170
115.526170
115.526170
115.526170
115.526170
115.526170
115.526170
115.526170
115.526170
115.526170
115.526170
115.526170
115.526170
115.526170
115.526170
115.526170
115.526170
115.526170
115.526170
115.526170
115.526170
115.526170
115.526170
115.526170
115.526170
115.526170
115.526170
115.526170
115.526170
115.526170
115.526170
115.526170
115.526170
115.526170
115.526170
115.526170
115.526170
115.526170
115.526170
115.526170
115.526170
115.526170
115.526170
115.526170
115.526170
115.526170
115.526170
115.526170
115.526170
115.526170
115.526170
115.526170
115.526170
115.526170
115.526170
115.526170
115.526170
115.526170
115.526170
115.526170
115.526170
115.526170
115.526170
115.526170
115.526170
115.526170
115.526170
115.526170
115.526170
115.526170
115.526170
115.526170
115.526170
115.526170
115.526170
115.526170
115.526170
115.526170
115.526170
115.526170
115.526170
115.526170
115.526170
115.526170
115.526170
115.526170
115.526170
115.526170
115.526170
115.526170
115.526170
115.526170
115.526170
115.526170
115.526170
115.526170
115.526170
115.526170
115.526170
115.526170
115.526170
115.526170
115.526170
115.526170
115.526170
115.526170
115.526170
115.526170
115.526170
115.526170
115.526170
115.526170
115.526170
115.526170
115.526170
115.526170
115.526170
115.526170
115.526170
115.526170
115.526170
115.526170
115.526170
115.526170
115.526170
115.526170
115.526170
115.526170
115.526170
115.526170
115.526170
115.526170
115.526170
115.526170
115.526170
115.526170
115.526170
115.526170
115.526170
115.526170
115.526170
115.526170
115.526170
115.526170
115.526170
115.526170
115.526170
115.526170
115.526170
115.526170
115.526170
115.526170
115.526170
115.526170
115.526170
115.526170
115.526170
115.526170
115.526170
115.526170
115.526170
115.526170
115.526170
115.526170
115.526170
115.526170
115.526170
115.526170
115.526170
115.526170
115.526170
115.526170
115.526170
115.526170
115.526170
115.526170
115.526170
115.526170
115.526170
115.526170
115.526170
115.526170
115.526170
115.526170
115.526170
115.526170
115.526170
115.526170
115.526170
115.526170
115.526170
115.526170
115.526170
115.526170
115.526170
115.526170
115.526170
115.526170
115.526170
115.526170
115.526170
115.526170
115.526170
115.526170
115.526170
115.526170
115.526170
115.526170
115.526170
115.526170
115.526170
115.526170
115.526170
115.526170
115.526170
115.526170
115.526170
115.526170
115.526170
115.526170
115.526170
115.526170
115.526170
115.526170
115.526170
115.526170
115.526170
115.526170
115.526170
115.526170
115.526170
115.526170
115.526170
115.526170
115.526170
115.526170
115.526170
115.526170
115.526170
115.526170
115.526170
115.526170
115.526170
115.526170
115.526170
115.526170
115.526170
115.526170
115.526170
115.526170
115.526170
115.526170
115.526170
115.526170
115.526170
115.526170
115.526170
115.526170
115.526170
115.526170
115.526170
115.526170
115.526170
115.526170
115.526170
115.526170
115.526170
115.526170
115.526170
115.526170
115.526170
115.526170
115.526170
115.526170
115.526170
115.526170
115.526170
115.526170
115.526170
115.526170
115.526170
115.526170
115.526170
115.526170
115.526170
115.526170
115.526170
115.526170
115.526170
115.526170
115.526170
115.526170
115.526170
115.526170
115.526170
115.526170
115.526170
115.526170
115.526170
115.526170
115.526170
115.526170
115.526170
115.526170
115.526170
115.526170
115.526170
115.526170
115.526170
115.526170
115.526170
115.526170
115.526170
115.526170
115.526170
115.526170
115.526170
115.526170
115.526170
115.526170
115.526170
115.526170
115.526170
115.526170
115.526170
115.526170
115.526170
115.526170
115.526170
115.526170
115.526170
115.526170
115.526170
115.526170
115.526170
115.526170
115.526170
115.526170
115.526170
115.526170
115.526170
115.526170
115.526170
115.526170
115.526170
115.526170
115.526170
115.526170
115.526170
115.526170
115.526170
115.526170
115.526170
115.526170
115.526170
115.526170
115.526170
115.526170
115.526170
115.526170
115.526170
115.526170
115.526170
115.526170
115.526170
115.526170
115.526170
115.526170
115.526170
115.526170
115.526170
115.526170
115.526170
115.526170
115.526170
115.526170
115.526170
115.526170
115.526170
115.526170
115.526170
115.526170
115.526170
115.526170
115.526170
115.526170
115.526170
115.526170
115.526170
115.526170
115.526170
115.526170
115.526170
115.526170
115.526170
115.526170
115.526170
115.526170
115.526170
115.526170
115.526170
115.526170
115.526170
115.526170
115.526170
115.526170
115.526170
115.526170
115.526170
115.526170
115.526170
115.526170
115.526170
115.526170
115.526170
115.526170
115.526170
115.526170
115.526170
115.526170
115.526170
115.526170
115.526170
115.526170
115.526170
115.526170
115.526170
115.526170
115.526170
115.526170
115.526170
115.526170
115.526170
115.526170
115.526170
115.526170
115.526170
115.526170
115.526170
115.526170
115.526170
115.526170
115.526170
115.526170
115.526170
115.526170
115.526170
115.526170
115.526170
115.526170
115.526170
115.526170
115.526170
115.526170
115.526170
115.526170
115.526170
115.526170
115.526170
115.526170
115.526170
115.526170
115.526170
115.526170
115.526170
115.526170
115.526170
115.526170
115.526170
115.526170
115.526170
115.526170
115.526170
115.526170
115.526170
115.526170
115.526170
115.526170
115.526170
115.526170
115.526170
115.526170
115.526170
115.526170
115.526170
115.526170
115.526170
115.526170
115.526170
115.526170
115.526170
115.526170
115.526170
115.526170
115.526170
115.526170
115.526170
115.526170
115.526170
115.526170
115.526170
115.526170
115.526170
115.526170
115.526170
115.526170
115.526170
115.526170
115.526170
115.526170
115.526170
115.526170
115.526170
115.526170
115.526170
115.526170
115.526170
115.526170
115.526170
115.526170
115.526170
115.526170
115.526170
115.526170
115.526170
115.526170
115.526170
115.526170
115.526170
115.526170
115.526170
115.526170
115.526170
115.526170
115.526170
115.526170
115.526170
115.526170
115.526170
115.526170
115.526170
115.526170
115.526170
115.526170
115.526170
115.526170
115.526170
115.526170
115.526170
115.526170
115.526170
115.526170
115.526170
115.526170
115.526170
115.526170
115.526170
115.526170
115.526170
115.526170
115.526170
115.526170
115.526170
115.526170
115.526170
115.526170
115.526170
115.526170
115.526170
115.526170
115.526170
115.526170
115.526170
115.526170
115.526170
115.526170
115.526170
115.526170
115.526170
115.526170
115.526170
115.526170
115.526170
115.526170
115.526170
115.526170
115.526170
115.526170
115.526170
115.526170
115.526170
115.526170
115.526170
115.526170
115.526170
115.526170
115.526170
115.526170
115.526170
115.526170
115.526170
115.526170
115.526170
115.526170
115.526170
115.526170
115.526170
115.526170
115.526170
115.526170
115.526170
115.526170
115.526170
115.526170
115.526170
115.526170
115.526170
115.526170
115.526170
115.526170
115.526170
115.526170
115.526170
115.526170
115.526170
115.526170
115.526170
115.526170
115.526170
115.526170
115.526170
115.526170
115.526170
115.526170
115.526170
115.526170
115.526170
115.526170
115.526170
115.526170
115.526170
115.526170
115.526170
115.526170
115.526170
115.526170
115.526170
115.526170
115.526170
115.526170
115.526170
115.526170
115.526170
115.526170
115.526170
115.526170
115.526170
115.526170
115.526170
115.526170
115.526170
115.526170
115.526170
115.526170
115.526170
115.526170
115.526170
115.526170
115.526170
115.526170
115.526170
115.526170
115.526170
115.526170
115.526170
115.526170
115.526170
115.526170
115.526170
115.526170
115.526170
115.526170
115.526170
115.526170
115.526170
115.526170
115.526170
115.526170
115.526170
115.526170
115.526170
115.526170
115.526170
115.526170
115.526170
115.526170
115.526170
115.526170
115.526170
115.526170
115.526170
115.526170
115.526170
115.526170
115.526170
115.526170
115.526170
115.526170
115.526170
115.526170
115.526170
115.526170
115.526170
115.526170
115.526170
115.526170
115.526170
115.526170
115.526170
115.526170
115.526170
115.526170
115.526170
115.526170
115.526170
115.526170
115.526170
115.526170
115.526170
115.526170
115.526170
115.526170
115.526170
115.526170
115.526170
115.526170
115.526170
115.526170
115.526170
115.526170
115.526170
115.526170
115.526170
115.526170
115.526170
115.526170
115.526170
115.526170
115.526170
115.526170
115.526170
115.526170
115.526170
115.526170
115.526170
115.526170
115.526170
115.526170
115.526170
115.526170
115.526170
115.526170
115.526170
115.526170
115.526170
115.526170
115.526170
115.526170
115.526170
115.526170
115.526170
115.526170
115.526170
115.526170
115.526170
115.526170
115.526170
115.526170
115.526170
115.526170
115.526170
115.526170
115.526170
115.526170
115.526170
115.526170
115.526170
115.526170
115.526170
115.526170
115.526170
115.526170
115.526170
115.526170
115.526170
115.526170
115.526170
115.526170
115.526170
115.526170
115.526170
115.526170
115.526170
115.526170
115.526170
115.526170
115.526170
115.526170
115.526170
115.526170
115.526170
115.526170
115.526170
115.526170
115.526170
115.526170
115.526170
115.526170
115.526170
115.526170
115.526170
115.526170
115.526170
115.526170
115.526170
115.526170
115.526170
115.526170
115.526170
115.526170
115.526170
115.526170
115.526170
115.526170
115.526170
115.526170
115.526170
115.526170
115.526170
115.526170
115.526170
115.526170
115.526170
115.526170
115.526170
115.526170
115.526170
115.526170
115.526170
115.526170
115.526170
115.526170
115.526170
115.526170
115.526170
115.526170
115.526170
115.526170
115.526170
115.526170
115.526170
115.526170
115.526170
115.526170
115.526170
115.526170
115.526170
115.526170
115.526170
115.526170
115.526170
115.526170
115.526170
115.526170
115.526170
115.526170
115.526170
115.526170
115.526170
115.526170
115.526170
115.526170
115.526170
115.526170
115.526170
115.526170
115.526170
115.526170
115.526170
115.526170
115.526170
115.526170
115.526170
115.526170
115.526170
115.526170
115.526170
115.526170
115.526170
115.526170
115.526170
115.526170
115.526170
115.526170
115.526170
115.526170
115.526170
115.526170
115.526170
115.526170
115.526170
115.526170
115.526170
115.526170
115.526170
115.526170
115.526170
115.526170
115.526170
115.526170
115.526170
115.526170
115.526170
115.526170
115.526170
115.526170
115.526170
115.526170
115.526170
115.526170
115.526170
115.526170
115.526170
115.526170
115.526170
115.526170
115.526170
115.526170
115.526170
115.526170
115.526170
115.526170
115.526170
115.526170
115.526170
115.526170
115.526170
115.526170
115.526170
115.526170
115.526170
115.526170
115.526170
115.526170
115.526170
115.526170
115.526170
115.526170
115.526170
115.526170
115.526170
115.526170
115.526170
115.526170
115.526170
115.526170
115.526170
115.526170
115.526170
115.526170
115.526170
115.526170
115.526170
115.526170
115.526170
115.526170
115.526170
115.526170
115.526170
115.526170
115.526170
115.526170
115.526170
115.526170
115.526170
115.526170
115.526170
115.526170
115.526170
115.526170
115.526170
115.526170
115.526170
115.526170
115.526170
115.526170
115.526170
115.526170
115.526170
115.526170
115.526170
115.526170
115.526170
115.526170
115.526170
115.526170
115.526170
115.526170
115.526170
115.526170
115.526170
115.526170
115.526170
115.526170
115.526170
115.526170
115.526170
115.526170
115.526170
115.526170
115.526170
115.526170
115.526170
115.526170
115.526170
115.526170
115.526170
115.526170
115.526170
115.526170
115.526170
115.526170
115.526170
115.526170
115.526170
115.526170
115.526170
115.526170
115.526170
115.526170
115.526170
115.526170
115.526170
115.526170
115.526170
115.526170
115.526170
115.526170
115.526170
115.526170
115.526170
115.526170
115.526170
115.526170
115.526170
115.526170
115.526170
115.526170
115.526170
115.526170
115.526170
115.526170
115.526170
115.526170
115.526170
115.526170
115.526170
115.526170
115.526170
115.526170
115.526170
115.526170
115.526170
115.526170
115.526170
115.526170
115.526170
115.526170
115.526170
115.526170
115.526170
115.526170
115.526170
115.526170
115.526170
115.526170
115.526170
115.526170
115.526170
115.526170
115.526170
115.526170
115.526170
115.526170
115.526170
115.526170
115.526170
115.526170
115.526170
115.526170
115.526170
115.526170
115.526170
115.526170
115.526170
115.526170
115.526170
115.526170
115.526170
115.526170
115.526170
115.526170
115.526170
115.526170
115.526170
115.526170
115.526170
115.526170
115.526170
115.526170
115.526170
115.526170
115.526170
115.526170
115.526170
115.526170
115.526170
115.526170
115.526170
115.526170
115.526170
115.526170
115.526170
115.526170
115.526170
115.526170
115.526170
115.526170
115.526170
115.526170
115.526170
115.526170
115.526170
115.526170
115.526170
115.526170
115.526170
115.526170
115.526170
115.526170
115.526170
115.526170
115.526170
115.526170
115.526170
115.526170
115.526170
115.526170
115.526170
115.526170
115.526170
115.526170
115.526170
115.526170
115.526170
115.526170
115.526170
115.526170
115.526170
115.526170
115.526170
115.526170
115.526170
115.526170
115.526170
115.526170
115.526170
115.526170
115.526170
115.526170
115.526170
115.526170
115.526170
115.526170
115.526170
115.526170
115.526170
115.526170
115.526170
115.526170
115.526170
115.526170
115.526170
115.526170
115.526170
115.526170
115.526170
115.526170
115.526170
115.526170
115.526170
115.526170
115.526170
115.526170
115.526170
115.526170
115.526170
115.526170
115.526170
115.526170
115.526170
115.526170
115.526170
115.526170
115.526170
115.526170
115.526170
115.526170
115.526170
115.526170
115.526170
115.526170
115.526170
115.526170
115.526170
115.526170
115.526170
115.526170
115.526170
115.526170
115.526170
115.526170
115.526170
115.526170
115.526170
115.526170
115.526170
115.526170
115.526170
115.526170
115.526170
115.526170
115.526170
115.526170
115.526170
115.526170
115.526170
115.526170
115.526170
115.526170
115.526170
115.526170
115.526170
115.526170
115.526170
115.526170
115.526170
115.526170
115.526170
115.526170
115.526170
115.526170
115.526170
115.526170
115.526170
115.526170
115.526170
115.526170
115.526170
115.526170
115.526170
115.526170
115.526170
115.526170
115.526170
115.526170
115.526170
115.526170
115.526170
115.526170
115.526170
115.526170
115.526170
115.526170
115.526170
115.526170
115.526170
115.526170
115.526170
115.526170
115.526170
115.526170
115.526170
115.526170
115.526170
115.526170
115.526170
115.526170
115.526170
115.526170
115.526170
115.526170
115.526170
115.526170
115.526170
115.526170
115.526170
115.526170
115.526170
115.526170
115.526170
115.526170
115.526170
115.526170
115.526170
115.526170
115.526170
115.526170
115.526170
115.526170
115.526170
115.526170
115.526170
115.526170
115.526170
115.526170
115.526170
115.526170
115.526170
115.526170
115.526170
115.526170
115.526170
115.526170
115.526170
115.526170
115.526170
115.526170
115.526170
115.526170
115.526170
115.526170
115.526170
115.526170
115.526170
115.526170
115.526170
115.526170
115.526170
115.526170
115.526170
115.526170
115.526170
115.526170
115.526170
115.526170
115.526170
115.526170
115.526170
115.526170
115.526170
115.526170
115.526170
115.526170
115.526170
115.526170
115.526170
115.526170
115.526170
115.526170
115.526170
115.526170
115.526170
115.526170
115.526170
115.526170
115.526170
115.526170
115.526170
115.526170
115.526170
115.526170
115.526170
115.526170
115.526170
115.526170
115.526170
115.526170
115.526170
115.526170
115.526170
115.526170
115.526170
115.526170
115.526170
115.526170
115.526170
115.526170
115.526170
115.526170
115.526170
115.526170
115.526170
115.526170
115.526170
115.526170
115.526170
115.526170
115.526170
115.526170
115.526170
115.526170
115.526170
115.526170
115.526170
115.526170
115.526170
115.526170
115.526170
115.526170
115.526170
115.526170
115.526170
115.526170
115.526170
115.526170
115.526170
115.526170
115.526170
115.526170
115.526170
115.526170
115.526170
115.526170
115.526170
115.526170
115.526170
115.526170
115.526170
115.526170
115.526170
115.526170
115.526170
115.526170
115.526170
115.526170
115.526170
115.526170
115.526170
115.526170
115.526170
115.526170
115.526170
115.526170
115.526170
115.526170
115.526170
115.526170
115.526170
115.526170
115.526170
115.526170
115.526170
115.526170
115.526170
115.526170
115.526170
115.526170
115.526170
115.526170
115.526170
115.526170
115.526170
115.526170
115.526170
115.526170
115.526170
115.526170
115.526170
115.526170
115.526170
115.526170
115.526170
115.526170
115.526170
115.526170
115.526170
115.526170
115.526170
115.526170
115.526170
115.526170
115.526170
115.526170
115.526170
115.526170
115.526170
115.526170
115.526170
115.526170
115.526170
115.526170
115.526170
115.526170
115.526170
115.526170
115.526170
115.526170
115.526170
115.526170
115.526170
115.526170
115.526170
115.526170
115.526170
115.526170
115.526170
115.526170
115.526170
115.526170
115.526170
115.526170
115.526170
115.526170
115.526170
115.526170
115.526170
115.526170
115.526170
115.526170
115.526170
115.526170
115.526170
115.526170
115.526170
115.526170
115.526170
115.526170
115.526170
115.526170
115.526170
115.526170
115.526170
115.526170
115.526170
115.526170
115.526170
115.526170
115.526170
115.526170
115.526170
115.526170
115.526170
115.526170
115.526170
115.526170
115.526170
115.526170
115.526170
115.526170
115.526170
115.526170
115.526170
115.526170
115.526170
115.526170
115.526170
115.526170
115.526170
115.526170
115.526170
115.526170
115.526170
115.526170
115.526170
115.526170
115.526170
115.526170
115.526170
115.526170
115.526170
115.526170
115.526170
115.526170
115.526170
115.526170
115.526170
115.526170
115.526170
115.526170
115.526170
115.526170
115.526170
115.526170
115.526170
115.526170
115.526170
115.526170
115.526170
115.526170
115.526170
115.526170
115.526170
115.526170
115.526170
115.526170
115.526170
115.526170
115.526170
115.526170
115.526170
115.526170
115.526170
115.526170
115.526170
115.526170
115.526170
115.526170
115.526170
115.526170
115.526170
115.526170
115.526170
115.526170
115.526170
115.526170
115.526170
115.526170
115.526170
115.526170
115.526170
115.526170
115.526170
115.526170
115.526170
115.526170
115.526170
115.526170
115.526170
115.526170
115.526170
115.526170
115.526170
115.526170
115.526170
115.526170
115.526170
115.526170
115.526170
115.526170
115.526170
115.526170
115.526170
115.526170
115.526170
115.526170
115.526170
115.526170
115.526170
115.526170
115.526170
115.526170
115.526170
115.526170
115.526170
115.526170
115.526170
115.526170
115.526170
115.526170
115.526170
115.526170
115.526170
115.526170
115.526170
115.526170
115.526170
115.526170
115.526170
115.526170
115.526170
115.526170
115.526170
115.526170
115.526170
115.526170
115.526170
115.526170
115.526170
115.526170
115.526170
115.526170
115.526170
115.526170
115.526170
115.526170
115.526170
115.526170
115.526170
115.526170
115.526170
115.526170
115.526170
115.526170
115.526170
115.526170
115.526170
115.526170
115.526170
115.526170
115.526170
115.526170
115.526170
115.526170
115.526170
115.526170
115.526170
115.526170
115.526170
115.526170
115.526170
115.526170
115.526170
115.526170
115.526170
115.526170
115.526170
115.526170
115.526170
115.526170
115.526170
115.526170
115.526170
115.526170
115.526170
115.526170
115.526170
115.526170
115.526170
115.526170
115.526170
115.526170
115.526170
115.526170
115.526170
115.526170
115.526170
115.526170
115.526170
115.526170
115.526170
115.526170
115.526170
115.526170
115.526170
115.526170
115.526170
115.526170
115.526170
115.526170
115.526170
115.526170
115.526170
115.526170
115.526170
115.526170
115.526170
115.526170
115.526170
115.526170
115.526170
115.526170
115.526170
115.526170
115.526170
115.526170
115.526170
115.526170
115.526170
115.526170
115.526170
115.526170
115.526170
115.526170
115.526170
115.526170
115.526170
115.526170
115.526170
115.526170
115.526170
115.526170
115.526170
115.526170
115.526170
115.526170
115.526170
115.526170
115.526170
115.526170
115.526170
115.526170
115.526170
115.526170
115.526170
115.526170
115.526170
115.526170
115.526170
115.526170
115.526170
115.526170
115.526170
115.526170
115.526170
115.526170
115.526170
115.526170
115.526170
115.526170
115.526170
115.526170
115.526170
115.526170
115.526170
115.526170
115.526170
115.526170
115.526170
115.526170
115.526170
115.526170
115.526170
115.526170
115.526170
115.526170
115.526170
115.526170
115.526170
115.526170
115.526170
115.526170
115.526170
115.526170
115.526170
115.526170
115.526170
115.526170
115.526170
115.526170
115.526170
115.526170
115.526170
115.526170
115.526170
115.526170
115.526170
115.526170
115.526170
115.526170
115.526170
115.526170
115.526170
115.526170
115.526170
115.526170
115.526170
115.526170
115.526170
115.526170
115.526170
115.526170
115.526170
115.526170
115.526170
115.526170
115.526170
115.526170
115.526170
115.526170
115.526170
115.526170
115.526170
115.526170
115.526170
115.526170
115.526170
115.526170
115.526170
115.526170
115.526170
115.526170
115.526170
115.526170
115.526170
115.526170
115.526170
115.526170
115.526170
115.526170
115.526170
115.526170
115.526170
115.526170
115.526170
115.526170
115.526170
115.526170
115.526170
115.526170
115.526170
115.526170
115.526170
115.526170
115.526170
115.526170
115.526170
115.526170
115.526170
115.526170
115.526170
115.526170
115.526170
115.526170
115.526170
115.526170
115.526170
115.526170
115.526170
115.526170
115.526170
115.526170
115.526170
115.526170
115.526170
115.526170
115.526170
115.526170
115.526170
115.526170
115.526170
115.526170
115.526170
115.526170
115.526170
115.526170
115.526170
115.526170
115.526170
115.526170
115.526170
115.526170
115.526170
115.526170
115.526170
115.526170
115.526170
115.526170
115.526170
115.526170
115.526170
115.526170
115.526170
115.526170
115.526170
115.526170
115.526170
115.526170
115.526170
115.526170
115.526170
115.526170
115.526170
115.526170
115.526170
115.526170
115.526170
115.526170
115.526170
115.526170
115.526170
115.526170
115.526170
115.526170
115.526170
115.526170
115.526170
115.526170
115.526170
115.526170
115.526170
115.526170
115.526170
115.526170
115.526170
115.526170
115.526170
115.526170
115.526170
115.526170
115.526170
115.526170
115.526170
115.526170
115.526170
115.526170
115.526170
115.526170
115.526170
115.526170
115.526170
115.526170
115.526170
115.526170
115.526170
115.526170
115.526170
115.526170
115.526170
115.526170
115.526170
115.526170
115.526170
115.526170
115.526170
115.526170
115.526170
115.526170
115.526170
115.526170
115.526170
115.526170
115.526170
115.526170
115.526170
115.526170
115.526170
115.526170
115.526170
115.526170
115.526170
115.526170
115.526170
115.526170
115.526170
115.526170
115.526170
115.526170
115.526170
115.526170
115.526170
115.526170
115.526170
115.526170
115.526170
115.526170
115.526170
115.526170
115.526170
115.526170
115.526170
115.526170
115.526170
115.526170
115.526170
115.526170
115.526170
115.526170
115.526170
115.526170
115.526170
115.526170
115.526170
115.526170
115.526170
115.526170
115.526170
115.526170
115.526170
115.526170
115.526170
115.526170
115.526170
115.526170
115.526170
115.526170
115.526170
115.526170
115.526170
115.526170
115.526170
115.526170
115.526170
115.526170
115.526170
115.526170
115.526170
115.526170
115.526170
115.526170
115.526170
115.526170
115.526170
115.526170
115.526170
115.526170
115.526170
115.526170
115.526170
115.526170
115.526170
115.526170
115.526170
115.526170
115.526170
115.526170
115.526170
115.526170
115.526170
115.526170
115.526170
115.526170
115.526170
115.526170
115.526170
115.526170
115.526170
115.526170
115.526170
115.526170
115.526170
115.526170
115.526170
115.526170
115.526170
115.526170
115.526170
115.526170
115.526170
115.526170
115.526170
115.526170
115.526170
115.526170
115.526170
115.526170
115.526170
115.526170
115.526170
115.526170
115.526170
115.526170
115.526170
115.526170
115.526170
115.526170
115.526170
115.526170
115.526170
115.526170
115.526170
115.526170
115.526170
115.526170
115.526170
115.526170
115.526170
115.526170
115.526170
115.526170
115.526170
115.526170
115.526170
115.526170
115.526170
115.526170
115.526170
115.526170
115.526170
115.526170
115.526170
115.526170
115.526170
115.526170
115.526170
115.526170
115.526170
115.526170
115.526170
115.526170
115.526170
115.526170
115.526170
115.526170
115.526170
115.526170
115.526170
115.526170
115.526170
115.526170
115.526170
115.526170
115.526170
115.526170
115.526170
115.526170
115.526170
115.526170
115.526170
115.526170
115.526170
115.526170
115.526170
115.526170
115.526170
115.526170
115.526170
115.526170
115.526170
115.526170
115.526170
115.526170
115.526170
115.526170
115.526170
115.526170
115.526170
115.526170
115.526170
115.526170
115.526170
115.526170
115.526170
115.526170
115.526170
115.526170
115.526170
115.526170
115.526170
115.526170
115.526170
115.526170
115.526170
115.526170
115.526170
115.526170
115.526170
115.526170
115.526170
115.526170
115.526170
115.526170
115.526170
115.526170
115.526170
115.526170
115.526170
115.526170
115.526170
115.526170
115.526170
115.526170
115.526170
115.526170
115.526170
115.526170
115.526170
115.526170
115.526170
115.526170
115.526170
115.526170
115.526170
115.526170
115.526170
115.526170
115.526170
115.526170
115.526170
115.526170
115.526170
115.526170
115.526170
115.526170
115.526170
115.526170
115.526170
115.526170
115.526170
115.526170
115.526170
115.526170
115.526170
115.526170
115.526170
115.526170
115.526170
115.526170
115.526170
115.526170
115.526170
115.526170
115.526170
115.526170
115.526170
115.526170
115.526170
115.526170
115.526170
115.526170
115.526170
115.526170
115.526170
115.526170
115.526170
115.526170
115.526170
115.526170
115.526170
115.526170
115.526170
115.526170
115.526170
115.526170
115.526170
115.526170
115.526170
115.526170
115.526170
115.526170
115.526170
115.526170
115.526170
115.526170
115.526170
115.526170
115.526170
115.526170
115.526170
115.526170
115.526170
115.526170
115.526170
115.526170
115.526170
115.526170
115.526170
115.526170
115.526170
115.526170
115.526170
115.526170
115.526170
115.526170
115.526170
115.526170
115.526170
115.526170
115.526170
115.526170
115.526170
115.526170
115.526170
115.526170
115.526170
115.526170
115.526170
115.526170
115.526170
115.526170
115.526170
115.526170
115.526170
115.526170
115.526170
115.526170
115.526170
115.526170
115.526170
115.526170
115.526170
115.526170
115.526170
115.526170
115.526170
115.526170
115.526170
115.526170
115.526170
115.526170
115.526170
115.526170
115.526170
115.526170
115.526170
115.526170
115.526170
115.526170
115.526170
115.526170
115.526170
115.526170
115.526170
115.526170
115.526170
115.526170
115.526170
115.526170
115.526170
115.526170
115.526170
115.526170
115.526170
115.526170
115.526170
115.526170
115.526170
115.526170
115.526170
115.526170
115.526170
115.526170
115.526170
115.526170
115.526170
115.526170
115.526170
115.526170
115.526170
115.526170
115.526170
115.526170
115.526170
115.526170
115.526170
115.526170
115.526170
115.526170
115.526170
115.526170
115.526170
115.526170
115.526170
115.526170
115.526170
115.526170
115.526170
115.526170
115.526170
115.526170
115.526170
115.526170
115.526170
115.526170
115.526170
115.526170
115.526170
115.526170
115.526170
115.526170
115.526170
115.526170
115.526170
115.526170
115.526170
115.526170
115.526170
115.526170
115.526170
115.526170
115.526170
115.526170
115.526170
115.526170
115.526170
115.526170
115.526170
115.526170
115.526170
115.526170
115.526170
115.526170
115.526170
115.526170
115.526170
115.526170
115.526170
115.526170
115.526170
115.526170
115.526170
115.526170
115.526170
115.526170
115.526170
115.526170
115.526170
115.526170
115.526170
115.526170
115.526170
115.526170
115.526170
115.526170
115.526170
115.526170
115.526170
115.526170
115.526170
115.526170
115.526170
115.526170
115.526170
115.526170
115.526170
115.526170
115.526170
115.526170
115.526170
115.526170
115.526170
115.526170
115.526170
115.526170
115.526170
115.526170
115.526170
115.526170
115.526170
115.526170
115.526170
115.526170
115.526170
115.526170
115.526170
115.526170
115.526170
115.526170
115.526170
115.526170
115.526170
115.526170
115.526170
115.526170
115.526170
115.526170
115.526170
115.526170
115.526170
115.526170
115.526170
115.526170
115.526170
115.526170
115.526170
115.526170
115.526170
115.526170
115.526170
115.526170
115.526170
115.526170
115.526170
115.526170
115.526170
115.526170
115.526170
115.526170
115.526170
115.526170
115.526170
115.526170
115.526170
115.526170
115.526170
115.526170
115.526170
115.526170
115.526170
115.526170
115.526170
115.526170
115.526170
115.526170
115.526170
115.526170
115.526170
115.526170
115.526170
115.526170
115.526170
115.526170
115.526170
115.526170
115.526170
115.526170
115.526170
115.526170
115.526170
115.526170
115.526170
115.526170
115.526170
115.526170
115.526170
115.526170
115.526170
115.526170
115.526170
115.526170
115.526170
115.526170
115.526170
115.526170
115.526170
115.526170
115.526170
115.526170
115.526170
115.526170
115.526170
115.526170
115.526170
115.526170
115.526170
115.526170
115.526170
115.526170
115.526170
115.526170
115.526170
115.526170
115.526170
115.526170
115.526170
115.526170
115.526170
115.526170
115.526170
115.526170
115.526170
115.526170
115.526170
115.526170
115.526170
115.526170
115.526170
115.526170
115.526170
115.526170
115.526170
115.526170
115.526170
115.526170
115.526170
115.526170
115.526170
115.526170
115.526170
115.526170
115.526170
115.526170
115.526170
115.526170
115.526170
115.526170
115.526170
115.526170
115.526170
115.526170
115.526170
115.526170
115.526170
115.526170
115.526170
115.526170
115.526170
115.526170
115.526170
115.526170
115.526170
115.526170
115.526170
115.526170
115.526170
115.526170
115.526170
115.526170
115.526170
115.526170
115.526170
115.526170
115.526170
115.526170
115.526170
115.526170
115.526170
115.526170
115.526170
115.526170
115.526170
115.526170
115.526170
115.526170
115.526170
115.526170
115.526170
115.526170
115.526170
115.526170
115.526170
115.526170
115.526170
115.526170
115.526170
115.526170
115.526170
115.526170
115.526170
115.526170
115.526170
115.526170
115.526170
115.526170
115.526170
115.526170
115.526170
115.526170
115.526170
115.526170
115.526170
115.526170
115.526170
115.526170
115.526170
115.526170
115.526170
115.526170
115.526170
115.526170
115.526170
115.526170
115.526170
115.526170
115.526170
115.526170
115.526170
115.526170
115.526170
115.526170
115.526170
115.526170
115.526170
115.526170
115.526170
115.526170
115.526170
115.526170
115.526170
115.526170
115.526170
115.526170
115.526170
115.526170
115.526170
115.526170
115.526170
115.526170
115.526170
115.526170
115.526170
115.526170
115.526170
115.526170
115.526170
115.526170
115.526170
115.526170
115.526170
115.526170
115.526170
115.526170
115.526170
115.526170
115.526170
115.526170
115.526170
115.526170
115.526170
115.526170
115.526170
115.526170
115.526170
115.526170
115.526170
115.526170
115.526170
115.526170
115.526170
115.526170
115.526170
115.526170
115.526170
115.526170
115.526170
115.526170
115.526170
115.526170
115.526170
115.526170
115.526170
115.526170
115.526170
115.526170
115.526170
115.526170
115.526170
115.526170
115.526170
115.526170
115.526170
115.526170
115.526170
115.526170
115.526170
115.526170
115.526170
115.526170
115.526170
115.526170
115.526170
115.526170
115.526170
115.526170
115.526170
115.526170
115.526170
115.526170
115.526170
115.526170
115.526170
115.526170
115.526170
115.526170
115.526170
115.526170
115.526170
115.526170
115.526170
115.526170
115.526170
115.526170
115.526170
115.526170
115.526170
115.526170
115.526170
115.526170
115.526170
115.526170
115.526170
115.526170
115.526170
115.526170
115.526170
115.526170
115.526170
115.526170
115.526170
115.526170
115.526170
115.526170
115.526170
115.526170
115.526170
115.526170
115.526170
115.526170
115.526170
115.526170
115.526170
115.526170
115.526170
115.526170
115.526170
115.526170
115.526170
115.526170
115.526170
115.526170
115.526170
115.526170
115.526170
115.526170
115.526170
115.526170
115.526170
115.526170
115.526170
115.526170
115.526170
115.526170
115.526170
115.526170
115.526170
115.526170
115.526170
115.526170
115.526170
115.526170
115.526170
115.526170
115.526170
115.526170
115.526170
115.526170
115.526170
115.526170
115.526170
115.526170
115.526170
115.526170
115.526170
115.526170
115.526170
115.526170
115.526170
115.526170
115.526170
115.526170
115.526170
115.526170
115.526170
115.526170
115.526170
115.526170
115.526170
115.526170
115.526170
115.526170
115.526170
115.526170
115.526170
115.526170
115.526170
115.526170
115.526170
115.526170
115.526170
115.526170
115.526170
115.526170
115.526170
115.526170
115.526170
115.526170
115.526170
115.526170
115.526170
115.526170
115.526170
115.526170
115.526170
115.526170
115.526170
115.526170
115.526170
115.526170
115.526170
115.526170
115.526170
115.526170
115.526170
115.526170
115.526170
115.526170
115.526170
115.526170
115.526170
115.526170
115.526170
115.526170
115.526170
115.526170
115.526170
115.526170
115.526170
115.526170
115.526170
115.526170
115.526170
115.526170
115.526170
115.526170
115.526170
115.526170
115.526170
115.526170
115.526170
115.526170
115.526170
115.526170
115.526170
115.526170
115.526170
115.526170
115.526170
115.526170
115.526170
115.526170
115.526170
115.526170
115.526170
115.526170
115.526170
115.526170
115.526170
115.526170
115.526170
115.526170
115.526170
115.526170
115.526170
115.526170
115.526170
115.526170
115.526170
115.526170
115.526170
115.526170
115.526170
115.526170
115.526170
115.526170
115.526170
115.526170
115.526170
115.526170
115.526170
115.526170
115.526170
115.526170
115.526170
115.526170
115.526170
115.526170
115.526170
115.526170
115.526170
115.526170
115.526170
115.526170
115.526170
115.526170
115.526170
115.526170
115.526170
115.526170
115.526170
115.526170
115.526170
115.526170
115.526170
115.526170
115.526170
115.526170
115.526170
115.526170
115.526170
115.526170
115.526170
115.526170
115.526170
115.526170
115.526170
115.526170
115.526170
115.526170
115.526170
115.526170
115.526170
115.526170
115.526170
115.526170
115.526170
115.526170
115.526170
115.526170
115.526170
115.526170
115.526170
115.526170
115.526170
115.526170
115.526170
115.526170
115.526170
115.526170
115.526170
115.526170
115.526170
115.526170
115.526170
115.526170
115.526170
115.526170
115.526170
115.526170
115.526170
115.526170
115.526170
115.526170
115.526170
115.526170
115.526170
115.526170
115.526170
115.526170
115.526170
115.526170
115.526170
115.526170
115.526170
115.526170
115.526170
115.526170
115.526170
115.526170
115.526170
115.526170
115.526170
115.526170
115.526170
115.526170
115.526170
115.526170
115.526170
115.526170
115.526170
115.526170
115.526170
115.526170
115.526170
115.526170
115.526170
115.526170
115.526170
115.526170
115.526170
115.526170
115.526170
115.526170
115.526170
115.526170
115.526170
115.526170
115.526170
115.526170
115.526170
115.526170
115.526170
115.526170
115.526170
115.526170
115.526170
115.526170
115.526170
115.526170
115.526170
115.526170
115.526170
115.526170
115.526170
115.526170
115.526170
115.526170
115.526170
115.526170
115.526170
115.526170
115.526170
115.526170
115.526170
115.526170
115.526170
115.526170
115.526170
115.526170
115.526170
115.526170
115.526170
115.526170
115.526170
115.526170
115.526170
115.526170
115.526170
115.526170
115.526170
115.526170
115.526170
115.526170
115.526170
115.526170
115.526170
115.526170
115.526170
115.526170
115.526170
115.526170
115.526170
115.526170
115.526170
115.526170
115.526170
115.526170
115.526170
115.526170
115.526170
115.526170
115.526170
115.526170
115.526170
115.526170
115.526170
115.526170
115.526170
115.526170
115.526170
115.526170
115.526170
115.526170
115.526170
115.526170
115.526170
115.526170
115.526170
115.526170
115.526170
115.526170
115.526170
115.526170
115.526170
115.526170
115.526170
115.526170
115.526170
115.526170
115.526170
115.526170
115.526170
115.526170
115.526170
115.526170
115.526170
115.526170
115.526170
115.526170
115.526170
115.526170
115.526170
115.526170
115.526170
115.526170
115.526170
115.526170
115.526170
115.526170
115.526170
115.526170
115.526170
115.526170
115.526170
115.526170
115.526170
115.526170
115.526170
115.526170
115.526170
115.526170
115.526170
115.526170
115.526170
115.526170
115.526170
115.526170
115.526170
115.526170
115.526170
115.526170
115.526170
115.526170
115.526170
115.526170
115.526170
115.526170
115.526170
115.526170
115.526170
115.526170
115.526170
115.526170
115.526170
115.526170
115.526170
115.526170
115.526170
115.526170
115.526170
115.526170
115.526170
115.526170
115.526170
115.526170
115.526170
115.526170
115.526170
115.526170
115.526170
115.526170
115.526170
115.526170
115.526170
115.526170
115.526170
115.526170
115.526170
115.526170
115.526170
115.526170
115.526170
115.526170
115.526170
115.526170
115.526170
115.526170
115.526170
115.526170
115.526170
115.526170
115.526170
115.526170
115.526170
115.526170
115.526170
115.526170
115.526170
115.526170
115.526170
115.526170
115.526170
115.526170
115.526170
115.526170
115.526170
115.526170
115.526170
115.526170
115.526170
115.526170
115.526170
115.526170
115.526170
115.526170
115.526170
115.526170
115.526170
115.526170
115.526170
115.526170
115.526170
115.526170
115.526170
115.526170
115.526170
115.526170
115.526170
115.526170
115.526170
115.526170
115.526170
115.526170
115.526170
115.526170
115.526170
115.526170
115.526170
115.526170
115.526170
115.526170
115.526170
115.526170
115.526170
115.526170
115.526170
115.526170
115.526170
115.526170
115.526170
115.526170
115.526170
115.526170
115.526170
115.526170
115.526170
115.526170
115.526170
115.526170
115.526170
115.526170
115.526170
115.526170
115.526170
115.526170
115.526170
115.526170
115.526170
115.526170
115.526170
115.526170
115.526170
115.526170
115.526170
115.526170
115.526170
115.526170
115.526170
115.526170
115.526170
115.526170
115.526170
115.526170
115.526170
115.526170
115.526170
115.526170
115.526170
115.526170
115.526170
115.526170
115.526170
115.526170
115.526170
115.526170
115.526170
115.526170
115.526170
115.526170
115.526170
115.526170
115.526170
115.526170
115.526170
115.526170
115.526170
115.526170
115.526170
115.526170
115.526170
115.526170
115.526170
115.526170
115.526170
115.526170
115.526170
115.526170
115.526170
115.526170
115.526170
115.526170
115.526170
115.526170
115.526170
115.526170
115.526170
115.526170
115.526170
115.526170
115.526170
115.526170
115.526170
115.526170
115.526170
115.526170
115.526170
115.526170
115.526170
115.526170
115.526170
115.526170
115.526170
115.526170
115.526170
115.526170
115.526170
115.526170
115.526170
115.526170
115.526170
115.526170
115.526170
115.526170
115.526170
115.526170
115.526170
115.526170
115.526170
115.526170
115.526170
115.526170
115.526170
115.526170
115.526170
115.526170
115.526170
115.526170
115.526170
115.526170
115.526170
115.526170
115.526170
115.526170
115.526170
115.526170
115.526170
115.526170
115.526170
115.526170
115.526170
115.526170
115.526170
115.526170
115.526170
115.526170
115.526170
115.526170
115.526170
115.526170
115.526170
115.526170
115.526170
115.526170
115.526170
115.526170
115.526170
115.526170
115.526170
115.526170
115.526170
115.526170
115.526170
115.526170
115.526170
115.526170
115.526170
115.526170
115.526170
115.526170
115.526170
115.526170
115.526170
115.526170
115.526170
115.526170
115.526170
115.526170
115.526170
115.526170
115.526170
115.526170
115.526170
115.526170
115.526170
115.526170
115.526170
115.526170
115.526170
115.526170
115.526170
115.526170
115.526170
115.526170
115.526170
115.526170
115.526170
115.526170
115.526170
115.526170
115.526170
115.526170
115.526170
115.526170
115.526170
115.526170
115.526170
115.526170
115.526170
115.526170
115.526170
115.526170
115.526170
115.526170
115.526170
115.526170
115.526170
115.526170
115.526170
115.526170
115.526170
115.526170
115.526170
115.526170
115.526170
115.526170
115.526170
115.526170
115.526170
115.526170
115.526170
115.526170
115.526170
115.526170
115.526170
115.526170
115.526170
115.526170
115.526170
115.526170
115.526170
115.526170
115.526170
115.526170
115.526170
115.526170
115.526170
115.526170
115.526170
115.526170
115.526170
115.526170
115.526170
115.526170
115.526170
115.526170
115.526170
115.526170
115.526170
115.526170
115.526170
115.526170
115.526170
115.526170
115.526170
115.526170
115.526170
115.526170
115.526170
115.526170
115.526170
115.526170
115.526170
115.526170
115.526170
115.526170
115.526170
115.526170
115.526170
115.526170
115.526170
115.526170
115.526170
115.526170
115.526170
115.526170
115.526170
115.526170
115.526170
115.526170
115.526170
115.526170
115.526170
115.526170
115.526170
115.526170
115.526170
115.526170
115.526170
115.526170
115.526170
115.526170
115.526170
115.526170
115.526170
115.526170
115.526170
115.526170
115.526170
115.526170
115.526170
115.526170
115.526170
115.526170
115.526170
115.526170
115.526170
115.526170
115.526170
115.526170
115.526170
115.526170
115.526170
115.526170
115.526170
115.526170
115.526170
115.526170
115.526170
115.526170
115.526170
115.526170
115.526170
115.526170
115.526170
115.526170
115.526170
115.526170
115.526170
115.526170
115.526170
115.526170
115.526170
115.526170
115.526170
115.526170
115.526170
115.526170
115.526170
115.526170
115.526170
115.526170
115.526170
115.526170
115.526170
115.526170
115.526170
115.526170
115.526170
115.526170
115.526170
115.526170
115.526170
115.526170
115.526170
115.526170
115.526170
115.526170
115.526170
115.526170
115.526170
115.526170
115.526170
115.526170
115.526170
115.526170
115.526170
115.526170
115.526170
115.526170
115.526170
115.526170
115.526170
115.526170
115.526170
115.526170
115.526170
115.526170
115.526170
115.526170
115.526170
115.526170
115.526170
115.526170
115.526170
115.526170
115.526170
115.526170
115.526170
115.526170
115.526170
115.526170
115.526170
115.526170
115.526170
115.526170
115.526170
115.526170
115.526170
115.526170
115.526170
115.526170
115.526170
115.526170
115.526170
115.526170
115.526170
115.526170
115.526170
115.526170
115.526170
115.526170
115.526170
115.526170
115.526170
115.526170
115.526170
115.526170
115.526170
115.526170
115.526170
115.526170
115.526170
115.526170
115.526170
115.526170
115.526170
115.526170
115.526170
115.526170
115.526170
115.526170
115.526170
115.526170
115.526170
115.526170
115.526170
115.526170
115.526170
115.526170
115.526170
115.526170
115.526170
115.526170
115.526170
115.526170
115.526170
115.526170
115.526170
115.526170
115.526170
115.526170
115.526170
115.526170
115.526170
115.526170
115.526170
115.526170
115.526170
115.526170
115.526170
115.526170
115.526170
115.526170
115.526170
115.526170
115.526170
115.526170
115.526170
115.526170
115.526170
115.526170
115.526170
115.526170
115.526170
115.526170
115.526170
115.526170
115.526170
115.526170
115.526170
115.526170
115.526170
115.526170
115.526170
115.526170
115.526170
115.526170
115.526170
115.526170
115.526170
115.526170
115.526170
115.526170
115.526170
115.526170
115.526170
115.526170
115.526170
115.526170
115.526170
115.526170
115.526170
115.526170
115.526170
115.526170
115.526170
115.526170
115.526170
115.526170
115.526170
115.526170
115.526170
115.526170
115.526170
115.526170
115.526170
115.526170
115.526170
115.526170
115.526170
115.526170
115.526170
115.526170
115.526170
115.526170
115.526170
115.526170
115.526170
115.526170
115.526170
115.526170
115.526170
115.526170
115.526170
115.526170
115.526170
115.526170
115.526170
115.526170
115.526170
115.526170
115.526170
115.526170
115.526170
115.526170
115.526170
115.526170
115.526170
115.526170
115.526170
115.526170
115.526170
115.526170
115.526170
115.526170
115.526170
115.526170
115.526170
115.526170
115.526170
115.526170
115.526170
115.526170
115.526170
115.526170
115.526170
115.526170
115.526170
115.526170
115.526170
115.526170
115.526170
115.526170
115.526170
115.526170
115.526170
115.526170
115.526170
115.526170
115.526170
115.526170
115.526170
115.526170
115.526170
115.526170
115.526170
115.526170
115.526170
115.526170
115.526170
115.526170
115.526170
115.526170
115.526170
115.526170
115.526170
115.526170
115.526170
115.526170
115.526170
115.526170
115.526170
115.526170
115.526170
115.526170
115.526170
115.526170
115.526170
115.526170
115.526170
115.526170
115.526170
115.526170
115.526170
115.526170
115.526170
115.526170
115.526170
115.526170
115.526170
115.526170
115.526170
115.526170
115.526170
115.526170
115.526170
115.526170
115.526170
115.526170
115.526170
115.526170
115.526170
115.526170
115.526170
115.526170
115.526170
115.526170
115.526170
115.526170
115.526170
115.526170
115.526170
115.526170
115.526170
115.526170
115.526170
115.526170
115.526170
115.526170
115.526170
115.526170
115.526170
115.526170
115.526170
115.526170
115.526170
115.526170
115.526170
115.526170
115.526170
115.526170
115.526170
115.526170
115.526170
115.526170
115.526170
115.526170
115.526170
115.526170
115.526170
115.526170
115.526170
115.526170
115.526170
115.526170
115.526170
115.526170
115.526170
115.526170
115.526170
115.526170
115.526170
115.526170
115.526170
115.526170
115.526170
115.526170
115.526170
115.526170
115.526170
115.526170
115.526170
115.526170
115.526170
115.526170
115.526170
115.526170
115.526170
115.526170
115.526170
115.526170
115.526170
115.526170
115.526170
115.526170
115.526170
115.526170
115.526170
115.526170
115.526170
115.526170
115.526170
115.526170
115.526170
115.526170
115.526170
115.526170
115.526170
115.526170
115.526170
115.526170
115.526170
115.526170
115.526170
115.526170
115.526170
115.526170
115.526170
115.526170
115.526170
115.526170
115.526170
115.526170
115.526170
115.526170
115.526170
115.526170
115.526170
115.526170
115.526170
115.526170
115.526170
115.526170
115.526170
115.526170
115.526170
115.526170
115.526170
115.526170
115.526170
115.526170
115.526170
115.526170
115.526170
115.526170
115.526170
115.526170
115.526170
115.526170
115.526170
115.526170
115.526170
115.526170
115.526170
115.526170
115.526170
115.526170
115.526170
115.526170
115.526170
115.526170
115.526170
115.526170
115.526170
115.526170
115.526170
115.526170
115.526170
115.526170
115.526170
115.526170
115.526170
115.526170
115.526170
115.526170
115.526170
115.526170
115.526170
115.526170
115.526170
115.526170
115.526170
115.526170
115.526170
115.526170
115.526170
115.526170
115.526170
115.526170
115.526170
115.526170
115.526170
115.526170
115.526170
115.526170
115.526170
115.526170
115.526170
115.526170
115.526170
115.526170
115.526170
115.526170
115.526170
115.526170
115.526170
115.526170
115.526170
115.526170
115.526170
115.526170
115.526170
115.526170
115.526170
115.526170
115.526170
115.526170
115.526170
115.526170
115.526170
115.526170
115.526170
115.526170
115.526170
115.526170
115.526170
115.526170
115.526170
115.526170
115.526170
115.526170
115.526170
115.526170
115.526170
115.526170
115.526170
115.526170
115.526170
115.526170
115.526170
115.526170
115.526170
115.526170
115.526170
115.526170
115.526170
115.526170
115.526170
115.526170
115.526170
115.526170
115.526170
115.526170
115.526170
115.526170
115.526170
115.526170
115.526170
115.526170
115.526170
115.526170
115.526170
115.526170
115.526170
115.526170
115.526170
115.526170
115.526170
115.526170
115.526170
115.526170
115.526170
115.526170
115.526170
115.526170
115.526170
115.526170
115.526170
115.526170
115.526170
115.526170
115.526170
115.526170
115.526170
115.526170
115.526170
115.526170
115.526170
115.526170
115.526170
115.526170
115.526170
115.526170
115.526170
115.526170
115.526170
115.526170
115.526170
115.526170
115.526170
115.526170
115.526170
115.526170
115.526170
115.526170
115.526170
115.526170
115.526170
115.526170
115.526170
115.526170
115.526170
115.526170
115.526170
115.526170
115.526170
115.526170
115.526170
115.526170
115.526170
115.526170
115.526170
115.526170
115.526170
115.526170
115.526170
115.526170
115.526170
115.526170
115.526170
115.526170
115.526170
115.526170
115.526170
115.526170
115.526170
115.526170
115.526170
115.526170
115.526170
115.526170
115.526170
115.526170
115.526170
115.526170
115.526170
115.526170
115.526170
115.526170
115.526170
115.526170
115.526170
115.526170
115.526170
115.526170
115.526170
115.526170
115.526170
115.526170
115.526170
115.526170
115.526170
115.526170
115.526170
115.526170
115.526170
115.526170
115.526170
115.526170
115.526170
115.526170
115.526170
115.526170
115.526170
115.526170
115.526170
115.526170
115.526170
115.526170
115.526170
115.526170
115.526170
115.526170
115.526170
115.526170
115.526170
115.526170
115.526170
115.526170
115.526170
115.526170
115.526170
115.526170
115.526170
115.526170
115.526170
115.526170
115.526170
115.526170
115.526170
115.526170
115.526170
115.526170
115.526170
115.526170
115.526170
115.526170
115.526170
115.526170
115.526170
115.526170
115.526170
115.526170
115.526170
115.526170
115.526170
115.526170
115.526170
115.526170
115.526170
115.526170
115.526170
115.526170
115.526170
115.526170
115.526170
115.526170
115.526170
115.526170
115.526170
115.526170
115.526170
115.526170
115.526170
115.526170
115.526170
115.526170
115.526170
115.526170
115.526170
115.526170
115.526170
115.526170
115.526170
115.526170
115.526170
115.526170
115.526170
115.526170
115.526170
115.526170
115.526170
115.526170
115.526170
115.526170
115.526170
115.526170
115.526170
115.526170
115.526170
115.526170
115.526170
115.526170
115.526170
115.526170
115.526170
115.526170
115.526170
115.526170
115.526170
115.526170
115.526170
115.526170
115.526170
115.526170
115.526170
115.526170
115.526170
115.526170
115.526170
115.526170
115.526170
115.526170
115.526170
115.526170
115.526170
115.526170
115.526170
115.526170
115.526170
115.526170
115.526170
115.526170
115.526170
115.526170
115.526170
115.526170
115.526170
115.526170
115.526170
115.526170
115.526170
115.526170
115.526170
115.526170
115.526170
115.526170
115.526170
115.526170
115.526170
115.526170
115.526170
115.526170
115.526170
115.526170
115.526170
115.526170
115.526170
115.526170
115.526170
115.526170
115.526170
115.526170
115.526170
115.526170
115.526170
115.526170
115.526170
115.526170
115.526170
115.526170
115.526170
115.526170
115.526170
115.526170
115.526170
115.526170
115.526170
115.526170
115.526170
115.526170
115.526170
115.526170
115.526170
115.526170
115.526170
115.526170
115.526170
115.526170
115.526170
115.526170
115.526170
115.526170
115.526170
115.526170
115.526170
115.526170
115.526170
115.526170
115.526170
115.526170
115.526170
115.526170
115.526170
115.526170
115.526170
115.526170
115.526170
115.526170
115.526170
115.526170
115.526170
115.526170
115.526170
115.526170
115.526170
115.526170
115.526170
115.526170
115.526170
115.526170
115.526170
115.526170
115.526170
115.526170
115.526170
115.526170
115.526170
115.526170
115.526170
115.526170
115.526170
115.526170
115.526170
115.526170
115.526170
115.526170
115.526170
115.526170
115.526170
115.526170
115.526170
115.526170
115.526170
115.526170
115.526170
115.526170
115.526170
115.526170
115.526170
115.526170
115.526170
115.526170
115.526170
115.526170
115.526170
115.526170
115.526170
115.526170
115.526170
115.526170
115.526170
115.526170
115.526170
115.526170
115.526170
115.526170
115.526170
115.526170
115.526170
115.526170
115.526170
115.526170
115.526170
115.526170
115.526170
115.526170
115.526170
115.526170
115.526170
115.526170
115.526170
115.526170
115.526170
115.526170
115.526170
115.526170
115.526170
115.526170
115.526170
115.526170
115.526170
115.526170
115.526170
115.526170
115.526170
115.526170
115.526170
115.526170
115.526170
115.526170
115.526170
115.526170
115.526170
115.526170
115.526170
115.526170
115.526170
115.526170
115.526170
115.526170
115.526170
115.526170
115.526170
115.526170
115.526170
115.526170
115.526170
115.526170
115.526170
115.526170
115.526170
115.526170
115.526170
115.526170
115.526170
115.526170
115.526170
115.526170
115.526170
115.526170
115.526170
115.526170
115.526170
115.526170
115.526170
115.526170
115.526170
115.526170
115.526170
115.526170
115.526170
115.526170
115.526170
115.526170
115.526170
115.526170
115.526170
115.526170
115.526170
115.526170
115.526170
115.526170
115.526170
115.526170
115.526170
115.526170
115.526170
115.526170
115.526170
115.526170
115.526170
115.526170
115.526170
115.526170
115.526170
115.526170
115.526170
115.526170
115.526170
115.526170
115.526170
115.526170
115.526170
115.526170
115.526170
115.526170
115.526170
115.526170
115.526170
115.526170
115.526170
115.526170
115.526170
115.526170
115.526170
115.526170
115.526170
115.526170
115.526170
115.526170
115.526170
115.526170
115.526170
115.526170
115.526170
115.526170
115.526170
115.526170
115.526170
115.526170
115.526170
115.526170
115.526170
115.526170
115.526170
115.526170
115.526170
115.526170
115.526170
115.526170
115.526170
115.526170
115.526170
115.526170
115.526170
115.526170
115.526170
115.526170
115.526170
115.526170
115.526170
115.526170
115.526170
115.526170
115.526170
115.526170
115.526170
115.526170
115.526170
115.526170
115.526170
115.526170
115.526170
115.526170
115.526170
115.526170
115.526170
115.526170
115.526170
115.526170
115.526170
115.526170
115.526170
115.526170
115.526170
115.526170
115.526170
115.526170
115.526170
115.526170
115.526170
115.526170
115.526170
115.526170
115.526170
115.526170
115.526170
115.526170
115.526170
115.526170
115.526170
115.526170
115.526170
115.526170
115.526170
115.526170
115.526170
115.526170
115.526170
115.526170
115.526170
115.526170
115.526170
115.526170
115.526170
115.526170
115.526170
115.526170
115.526170
115.526170
115.526170
115.526170
115.526170
115.526170
115.526170
115.526170
115.526170
115.526170
115.526170
115.526170
115.526170
115.526170
115.526170
115.526170
115.526170
115.526170
115.526170
115.526170
115.526170
115.526170
115.526170
115.526170
115.526170
115.526170
115.526170
115.526170
115.526170
115.526170
115.526170
115.526170
115.526170
115.526170
115.526170
115.526170
115.526170
115.526170
115.526170
115.526170
115.526170
115.526170
115.526170
115.526170
115.526170
115.526170
115.526170
115.526170
115.526170
115.526170
115.526170
115.526170
115.526170
115.526170
115.526170
115.526170
115.526170
115.526170
115.526170
115.526170
115.526170
115.526170
115.526170
115.526170
115.526170
115.526170
115.526170
115.526170
115.526170
115.526170
115.526170
115.526170
115.526170
115.526170
115.526170
115.526170
115.526170
115.526170
115.526170
115.526170
115.526170
115.526170
115.526170
115.526170
115.526170
115.526170
115.526170
115.526170
115.526170
115.526170
115.526170
115.526170
115.526170
115.526170
115.526170
115.526170
115.526170
115.526170
115.526170
115.526170
115.526170
115.526170
115.526170
115.526170
115.526170
115.526170
115.526170
115.526170
115.526170
115.526170
115.526170
115.526170
115.526170
115.526170
115.526170
115.526170
115.526170
115.526170
115.526170
115.526170
115.526170
115.526170
115.526170
115.526170
115.526170
115.526170
115.526170
115.526170
115.526170
115.526170
115.526170
115.526170
115.526170
115.526170
115.526170
115.526170
115.526170
115.526170
115.526170
115.526170
115.526170
115.526170
115.526170
115.526170
115.526170
115.526170
115.526170
115.526170
115.526170
115.526170
115.526170
115.526170
115.526170
115.526170
115.526170
115.526170
115.526170
115.526170
115.526170
115.526170
115.526170
115.526170
115.526170
115.526170
115.526170
115.526170
115.526170
115.526170
115.526170
115.526170
115.526170
115.526170
115.526170
115.526170
115.526170
115.526170
115.526170
115.526170
115.526170
115.526170
115.526170
115.526170
115.526170
115.526170
115.526170
115.526170
115.526170
115.526170
115.526170
115.526170
115.526170
115.526170
115.526170
115.526170
115.526170
115.526170
115.526170
115.526170
115.526170
115.526170
115.526170
115.526170
115.526170
115.526170
115.526170
115.526170
115.526170
115.526170
115.526170
115.526170
115.526170
115.526170
115.526170
115.526170
115.526170
115.526170
115.526170
115.526170
115.526170
115.526170
115.526170
115.526170
115.526170
115.526170
115.526170
115.526170
115.526170
115.526170
115.526170
115.526170
115.526170
115.526170
115.526170
115.526170
115.526170
115.526170
115.526170
115.526170
115.526170
115.526170
115.526170
115.526170
115.526170
115.526170
115.526170
115.526170
115.526170
115.526170
115.526170
115.526170
115.526170
115.526170
115.526170
115.526170
115.526170
115.526170
115.526170
115.526170
115.526170
115.526170
115.526170
115.526170
115.526170
115.526170
115.526170
115.526170
115.526170
115.526170
115.526170
115.526170
115.526170
115.526170
115.526170
115.526170
115.526170
115.526170
115.526170
115.526170
115.526170
115.526170
115.526170
115.526170
115.526170
115.526170
115.526170
115.526170
115.526170
115.526170
115.526170
115.526170
115.526170
115.526170
115.526170
115.526170
115.526170
115.526170
115.526170
115.526170
115.526170
115.526170
115.526170
115.526170
115.526170
115.526170
115.526170
115.526170
115.526170
115.526170
115.526170
115.526170
115.526170
115.526170
115.526170
115.526170
115.526170
115.526170
115.526170
115.526170
115.526170
115.526170
115.526170
115.526170
115.526170
115.526170
115.526170
115.526170
115.526170
115.526170
115.526170
115.526170
115.526170
115.526170
115.526170
115.526170
115.526170
115.526170
115.526170
115.526170
115.526170
115.526170
115.526170
115.526170
115.526170
115.526170
115.526170
115.526170
115.526170
115.526170
115.526170
115.526170
115.526170
115.526170
115.526170
115.526170
115.526170
115.526170
115.526170
115.526170
115.526170
115.526170
115.526170
115.526170
115.526170
115.526170
115.526170
115.526170
115.526170
115.526170
115.526170
115.526170
115.526170
115.526170
115.526170
115.526170
115.526170
115.526170
115.526170
115.526170
115.526170
115.526170
115.526170
115.526170
115.526170
115.526170
115.526170
115.526170
115.526170
115.526170
115.526170
115.526170
115.526170
115.526170
115.526170
115.526170
115.526170
115.526170
115.526170
115.526170
115.526170
115.526170
115.526170
115.526170
115.526170
115.526170
115.526170
115.526170
115.526170
115.526170
115.526170
115.526170
115.526170
115.526170
115.526170
115.526170
115.526170
115.526170
115.526170
115.526170
115.526170
115.526170
115.526170
115.526170
115.526170
115.526170
115.526170
115.526170
115.526170
115.526170
115.526170
115.526170
115.526170
115.526170
115.526170
115.526170
115.526170
115.526170
115.526170
115.526170
115.526170
115.526170
115.526170
115.526170
115.526170
115.526170
115.526170
115.526170
115.526170
115.526170
115.526170
115.526170
115.526170
115.526170
115.526170
115.526170
115.526170
115.526170
115.526170
115.526170
115.526170
115.526170
115.526170
115.526170
115.526170
115.526170
115.526170
115.526170
115.526170
115.526170
115.526170
115.526170
115.526170
115.526170
115.526170
115.526170
115.526170
115.526170
115.526170
115.526170
115.526170
115.526170
115.526170
115.526170
115.526170
115.526170
115.526170
115.526170
115.526170
115.526170
115.526170
115.526170
115.526170
115.526170
115.526170
115.526170
115.526170
115.526170
115.526170
115.526170
115.526170
115.526170
115.526170
115.526170
115.526170
115.526170
115.526170
115.526170
115.526170
115.526170
115.526170
115.526170
115.526170
115.526170
115.526170
115.526170
115.526170
115.526170
115.526170
115.526170
115.526170
115.526170
115.526170
115.526170
115.526170
115.526170
115.526170
115.526170
115.526170
115.526170
115.526170
115.526170
115.526170
115.526170
115.526170
115.526170
115.526170
115.526170
115.526170
115.526170
115.526170
115.526170
115.526170
115.526170
115.526170
115.526170
115.526170
115.526170
115.526170
115.526170
115.526170
115.526170
115.526170
115.526170
115.526170
115.526170
115.526170
115.526170
115.526170
115.526170
115.526170
115.526170
115.526170
115.526170
115.526170
115.526170
115.526170
115.526170
115.526170
115.526170
115.526170
115.526170
115.526170
115.526170
115.526170
115.526170
115.526170
115.526170
115.526170
115.526170
115.526170
115.526170
115.526170
115.526170
115.526170
115.526170
115.526170
115.526170
115.526170
115.526170
115.526170
115.526170
115.526170
115.526170
115.526170
115.526170
115.526170
115.526170
115.526170
115.526170
115.526170
115.526170
115.526170
115.526170
115.526170
115.526170
115.526170
115.526170
115.526170
115.526170
115.526170
115.526170
115.526170
115.526170
115.526170
115.526170
115.526170
115.526170
115.526170
115.526170
115.526170
115.526170
115.526170
115.526170
115.526170
115.526170
115.526170
115.526170
115.526170
115.526170
115.526170
115.526170
115.526170
115.526170
115.526170
115.526170
115.526170
115.526170
115.526170
115.526170
115.526170
115.526170
115.526170
115.526170
115.526170
115.526170
115.526170
115.526170
115.526170
115.526170
115.526170
115.526170
115.526170
115.526170
115.526170
115.526170
115.526170
115.526170
115.526170
115.526170
115.526170
115.526170
115.526170
115.526170
115.526170
115.526170
115.526170
115.526170
115.526170
115.526170
115.526170
115.526170
115.526170
115.526170
115.526170
115.526170
115.526170
115.526170
115.526170
115.526170
115.526170
115.526170
115.526170
115.526170
115.526170
115.526170
115.526170
115.526170
115.526170
115.526170
115.526170
115.526170
115.526170
115.526170
115.526170
115.526170
115.526170
115.526170
115.526170
115.526170
115.526170
115.526170
115.526170
115.526170
115.526170
115.526170
115.526170
115.526170
115.526170
115.526170
115.526170
115.526170
115.526170
115.526170
115.526170
115.526170
115.526170
115.526170
115.526170
115.526170
115.526170
115.526170
115.526170
115.526170
115.526170
115.526170
115.526170
115.526170
115.526170
115.526170
115.526170
115.526170
115.526170
115.526170
115.526170
115.526170
115.526170
115.526170
115.526170
115.526170
115.526170
115.526170
115.526170
115.526170
115.526170
115.526170
115.526170
115.526170
115.526170
115.526170
115.526170
115.526170
115.526170
115.526170
115.526170
115.526170
115.526170
115.526170
115.526170
115.526170
115.526170
115.526170
115.526170
115.526170
115.526170
115.526170
115.526170
115.526170
115.526170
115.526170
115.526170
115.526170
115.526170
115.526170
115.526170
115.526170
115.526170
115.526170
115.526170
115.526170
115.526170
115.526170
115.526170
115.526170
115.526170
115.526170
115.526170
115.526170
115.526170
115.526170
115.526170
115.526170
115.526170
115.526170
115.526170
115.526170
115.526170
115.526170
115.526170
115.526170
115.526170
115.526170
115.526170
115.526170
115.526170
115.526170
115.526170
115.526170
115.526170
115.526170
115.526170
115.526170
115.526170
115.526170
115.526170
115.526170
115.526170
115.526170
115.526170
115.526170
115.526170
115.526170
115.526170
115.526170
115.526170
115.526170
115.526170
115.526170
115.526170
115.526170
115.526170
115.526170
115.526170
115.526170
115.526170
115.526170
115.526170
115.526170
115.526170
115.526170
115.526170
115.526170
115.526170
115.526170
115.526170
115.526170
115.526170
115.526170
115.526170
115.526170
115.526170
115.526170
115.526170
115.526170
115.526170
115.526170
115.526170
115.526170
115.526170
115.526170
115.526170
115.526170
115.526170
115.526170
115.526170
115.526170
115.526170
115.526170
115.526170
115.526170
115.526170
115.526170
115.526170
115.526170
115.526170
115.526170
115.526170
115.526170
115.526170
115.526170
115.526170
115.526170
115.526170
115.526170
115.526170
115.526170
115.526170
115.526170
115.526170
115.526170
115.526170
115.526170
115.526170
115.526170
115.526170
115.526170
115.526170
115.526170
115.526170
115.526170
115.526170
115.526170
115.526170
115.526170
115.526170
115.526170
115.526170
115.526170
115.526170
115.526170
115.526170
115.526170
115.526170
115.526170
115.526170
115.526170
115.526170
115.526170
115.526170
115.526170
115.526170
115.526170
115.526170
115.526170
115.526170
115.526170
115.526170
115.526170
115.526170
115.526170
115.526170
115.526170
115.526170
115.526170
115.526170
115.526170
115.526170
115.526170
115.526170
115.526170
115.526170
115.526170
115.526170
115.526170
115.526170
115.526170
115.526170
115.526170
115.526170
115.526170
115.526170
115.526170
115.526170
115.526170
115.526170
115.526170
115.526170
115.526170
115.526170
115.526170
115.526170
115.526170
115.526170
115.526170
115.526170
115.526170
115.526170
115.526170
115.526170
115.526170
115.526170
115.526170
115.526170
115.526170
115.526170
115.526170
115.526170
115.526170
115.526170
115.526170
115.526170
115.526170
115.526170
115.526170
115.526170
115.526170
115.526170
115.526170
115.526170
115.526170
115.526170
115.526170
115.526170
115.526170
115.526170
115.526170
115.526170
115.526170
115.526170
115.526170
115.526170
115.526170
115.526170
115.526170
115.526170
115.526170
115.526170
115.526170
115.526170
115.526170
115.526170
115.526170
115.526170
115.526170
115.526170
115.526170
115.526170
115.526170
115.526170
115.526170
115.526170
115.526170
115.526170
115.526170
115.526170
115.526170
115.526170
115.526170
115.526170
115.526170
115.526170
115.526170
115.526170
115.526170
115.526170
115.526170
115.526170
115.526170
115.526170
115.526170
115.526170
115.526170
115.526170
115.526170
115.526170
115.526170
115.526170
115.526170
115.526170
115.526170
115.526170
115.526170
115.526170
115.526170
115.526170
115.526170
115.526170
115.526170
115.526170
115.526170
115.526170
115.526170
115.526170
115.526170
115.526170
115.526170
115.526170
115.526170
115.526170
115.526170
115.526170
115.526170
115.526170
115.526170
115.526170
115.526170
115.526170
115.526170
115.526170
115.526170
115.526170
115.526170
115.526170
115.526170
115.526170
115.526170
115.526170
115.526170
115.526170
115.526170
115.526170
115.526170
115.526170
115.526170
115.526170
115.526170
115.526170
115.526170
115.526170
115.526170
115.526170
115.526170
115.526170
115.526170
115.526170
115.526170
115.526170
115.526170
115.526170
115.526170
115.526170
115.526170
115.526170
115.526170
115.526170
115.526170
115.526170
115.526170
115.526170
115.526170
115.526170
115.526170
115.526170
115.526170
115.526170
115.526170
115.526170
115.526170
115.526170
115.526170
115.526170
115.526170
115.526170
115.526170
115.526170
115.526170
115.526170
115.526170
115.526170
115.526170
115.526170
115.526170
115.526170
115.526170
115.526170
115.526170
115.526170
115.526170
115.526170
115.526170
115.526170
115.526170
115.526170
115.526170
115.526170
115.526170
115.526170
115.526170
115.526170
115.526170
115.526170
115.526170
115.526170
115.526170
115.526170
115.526170
115.526170
115.526170
115.526170
115.526170
115.526170
115.526170
115.526170
115.526170
115.526170
115.526170
115.526170
115.526170
115.526170
115.526170
115.526170
115.526170
115.526170
115.526170
115.526170
115.526170
115.526170
115.526170
115.526170
115.526170
115.526170
115.526170
115.526170
115.526170
115.526170
115.526170
115.526170
115.526170
115.526170
115.526170
115.526170
115.526170
115.526170
115.526170
115.526170
115.526170
115.526170
115.526170
115.526170
115.526170
115.526170
115.526170
115.526170
115.526170
115.526170
115.526170
115.526170
115.526170
115.526170
115.526170
115.526170
115.526170
115.526170
115.526170
115.526170
115.526170
115.526170
115.526170
115.526170
115.526170
115.526170
115.526170
115.526170
115.526170
115.526170
115.526170
115.526170
115.526170
115.526170
115.526170
115.526170
115.526170
115.526170
115.526170
115.526170
115.526170
115.526170
115.526170
115.526170
115.526170
115.526170
115.526170
115.526170
115.526170
115.526170
115.526170
115.526170
115.526170
115.526170
115.526170
115.526170
115.526170
115.526170
115.526170
115.526170
115.526170
115.526170
115.526170
115.526170
115.526170
115.526170
115.526170
115.526170
115.526170
115.526170
115.526170
115.526170
115.526170
115.526170
115.526170
115.526170
115.526170
115.526170
115.526170
115.526170
115.526170
115.526170
115.526170
115.526170
115.526170
115.526170
115.526170
115.526170
115.526170
115.526170
115.526170
115.526170
115.526170
115.526170
115.526170
115.526170
115.526170
115.526170
115.526170
115.526170
115.526170
115.526170
115.526170
115.526170
115.526170
115.526170
115.526170
115.526170
115.526170
115.526170
115.526170
115.526170
115.526170
115.526170
115.526170
115.526170
115.526170
115.526170
115.526170
115.526170
115.526170
115.526170
115.526170
115.526170
115.526170
115.526170
115.526170
115.526170
115.526170
115.526170
115.526170
115.526170
115.526170
115.526170
115.526170
115.526170
115.526170
115.526170
115.526170
115.526170
115.526170
115.526170
115.526170
115.526170
115.526170
115.526170
115.526170
115.526170
115.526170
115.526170
115.526170
115.526170
115.526170
115.526170
115.526170
115.526170
115.526170
115.526170
115.526170
115.526170
115.526170
115.526170
115.526170
115.526170
115.526170
115.526170
115.526170
115.526170
115.526170
115.526170
115.526170
115.526170
115.526170
115.526170
115.526170
115.526170
115.526170
115.526170
115.526170
115.526170
115.526170
115.526170
115.526170
115.526170
115.526170
115.526170
115.526170
115.526170
115.526170
115.526170
115.526170
115.526170
115.526170
115.526170
115.526170
115.526170
115.526170
115.526170
115.526170
115.526170
115.526170
115.526170
115.526170
115.526170
115.526170
115.526170
115.526170
115.526170
115.526170
115.526170
115.526170
115.526170
115.526170
115.526170
115.526170
115.526170
115.526170
115.526170
115.526170
115.526170
115.526170
115.526170
115.526170
115.526170
115.526170
115.526170
115.526170
115.526170
115.526170
115.526170
115.526170
115.526170
115.526170
115.526170
115.526170
115.526170
115.526170
115.526170
115.526170
115.526170
115.526170
115.526170
115.526170
115.526170
115.526170
115.526170
115.526170
115.526170
115.526170
115.526170
115.526170
115.526170
115.526170
115.526170
115.526170
115.526170
115.526170
115.526170
115.526170
115.526170
115.526170
115.526170
115.526170
115.526170
115.526170
115.526170
115.526170
115.526170
115.526170
115.526170
115.526170
115.526170
115.526170
115.526170
115.526170
115.526170
115.526170
115.526170
115.526170
115.526170
115.526170
115.526170
115.526170
115.526170
115.526170
115.526170
115.526170
115.526170
115.526170
115.526170
115.526170
115.526170
115.526170
115.526170
115.526170
115.526170
115.526170
115.526170
115.526170
115.526170
115.526170
115.526170
115.526170
115.526170
115.526170
115.526170
115.526170
115.526170
115.526170
115.526170
115.526170
115.526170
115.526170
115.526170
115.526170
115.526170
115.526170
115.526170
115.526170
115.526170
115.526170
115.526170
115.526170
115.526170
115.526170
115.526170
115.526170
115.526170
115.526170
115.526170
115.526170
115.526170
115.526170
115.526170
115.526170
115.526170
115.526170
115.526170
115.526170
115.526170
115.526170
115.526170
115.526170
115.526170
115.526170
115.526170
115.526170
115.526170
115.526170
115.526170
115.526170
115.526170
115.526170
115.526170
115.526170
115.526170
115.526170
115.526170
115.526170
115.526170
115.526170
115.526170
115.526170
115.526170
115.526170
115.526170
115.526170
115.526170
115.526170
115.526170
115.526170
115.526170
115.526170
115.526170
115.526170
115.526170
115.526170
115.526170
115.526170
115.526170
115.526170
115.526170
115.526170
115.526170
115.526170
115.526170
115.526170
115.526170
115.526170
115.526170
115.526170
115.526170
115.526170
115.526170
115.526170
115.526170
115.526170
115.526170
115.526170
115.526170
115.526170
115.526170
115.526170
115.526170
115.526170
115.526170
115.526170
115.526170
115.526170
115.526170
115.526170
115.526170
115.526170
115.526170
115.526170
115.526170
115.526170
115.526170
115.526170
115.526170
115.526170
115.526170
115.526170
115.526170
115.526170
115.526170
115.526170
115.526170
115.526170
115.526170
115.526170
115.526170
115.526170
115.526170
115.526170
115.526170
115.526170
115.526170
115.526170
115.526170
115.526170
115.526170
115.526170
115.526170
115.526170
115.526170
115.526170
115.526170
115.526170
115.526170
115.526170
115.526170
115.526170
115.526170
115.526170
115.526170
115.526170
115.526170
115.526170
115.526170
115.526170
115.526170
115.526170
115.526170
115.526170
115.526170
115.526170
115.526170
115.526170
115.526170
115.526170
115.526170
115.526170
115.526170
115.526170
115.526170
115.526170
115.526170
115.526170
115.526170
115.526170
115.526170
115.526170
115.526170
115.526170
115.526170
115.526170
115.526170
115.526170
115.526170
115.526170
115.526170
115.526170
115.526170
115.526170
115.526170
115.526170
115.526170
115.526170
115.526170
115.526170
115.526170
115.526170
115.526170
115.526170
115.526170
115.526170
115.526170
115.526170
115.526170
115.526170
115.526170
115.526170
115.526170
115.526170
115.526170
115.526170
115.526170
115.526170
115.526170
115.526170
115.526170
115.526170
115.526170
115.526170
115.526170
115.526170
115.526170
115.526170
115.526170
115.526170
115.526170
115.526170
115.526170
115.526170
115.526170
115.526170
115.526170
115.526170
115.526170
115.526170
115.526170
115.526170
115.526170
115.526170
115.526170
115.526170
115.526170
115.526170
115.526170
115.526170
115.526170
115.526170
115.526170
115.526170
115.526170
115.526170
115.526170
115.526170
115.526170
115.526170
115.526170
115.526170
115.526170
115.526170
115.526170
115.526170
115.526170
115.526170
115.526170
115.526170
115.526170
115.526170
115.526170
115.526170
115.526170
115.526170
115.526170
115.526170
115.526170
115.526170
115.526170
115.526170
115.526170
115.526170
115.526170
115.526170
115.526170
115.526170
115.526170
115.526170
115.526170
115.526170
115.526170
115.526170
115.526170
115.526170
115.526170
115.526170
115.526170
115.526170
115.526170
115.526170
115.526170
115.526170
115.526170
115.526170
115.526170
115.526170
115.526170
115.526170
115.526170
115.526170
115.526170
115.526170
115.526170
115.526170
115.526170
115.526170
115.526170
115.526170
115.526170
115.526170
115.526170
115.526170
115.526170
115.526170
115.526170
115.526170
115.526170
115.526170
115.526170
115.526170
115.526170
115.526170
115.526170
115.526170
115.526170
115.526170
115.526170
115.526170
115.526170
115.526170
115.526170
115.526170
115.526170
115.526170
115.526170
115.526170
115.526170
115.526170
115.526170
115.526170
115.526170
115.526170
115.526170
115.526170
115.526170
115.526170
115.526170
115.526170
115.526170
115.526170
115.526170
115.526170
115.526170
115.526170
115.526170
115.526170
115.526170
115.526170
115.526170
115.526170
115.526170
115.526170
115.526170
115.526170
115.526170
115.526170
115.526170
115.526170
115.526170
115.526170
115.526170
115.526170
115.526170
115.526170
115.526170
115.526170
115.526170
115.526170
115.526170
115.526170
115.526170
115.526170
115.526170
115.526170
115.526170
115.526170
115.526170
115.526170
115.526170
115.526170
115.526170
115.526170
115.526170
115.526170
115.526170
115.526170
115.526170
115.526170
115.526170
115.526170
115.526170
115.526170
115.526170
115.526170
115.526170
115.526170
115.526170
115.526170
115.526170
115.526170
115.526170
115.526170
115.526170
115.526170
115.526170
115.526170
115.526170
115.526170
115.526170
115.526170
115.526170
115.526170
115.526170
115.526170
115.526170
115.526170
115.526170
115.526170
115.526170
115.526170
115.526170
115.526170
115.526170
115.526170
115.526170
115.526170
115.526170
115.526170
115.526170
115.526170
115.526170
115.526170
115.526170
115.526170
115.526170
115.526170
115.526170
115.526170
115.526170
115.526170
115.526170
115.526170
115.526170
115.526170
115.526170
115.526170
115.526170
115.526170
115.526170
115.526170
115.526170
115.526170
115.526170
115.526170
115.526170
115.526170
115.526170
115.526170
115.526170
115.526170
115.526170
115.526170
115.526170
115.526170
115.526170
115.526170
115.526170
115.526170
115.526170
115.526170
115.526170
115.526170
115.526170
115.526170
115.526170
115.526170
115.526170
115.526170
115.526170
115.526170
115.526170
115.526170
115.526170
115.526170
115.526170
115.526170
115.526170
115.526170
115.526170
115.526170
115.526170
115.526170
115.526170
115.526170
115.526170
115.526170
115.526170
115.526170
115.526170
115.515164
115.515164
115.515164
115.515164
115.515164
115.515164
115.515164
115.515164
115.515164
115.515164
115.515164
115.515164
115.515164
115.515164
115.515164
115.515164
115.515164
115.515164
115.515164
115.515164
115.515164
115.515164
115.515164
115.515164
115.515164
115.515164
115.515164
115.515164
115.515164
115.515164
115.515164
115.515164
115.515164
115.515164
115.515164
115.515164
115.515164
115.515164
115.515164
115.515164
115.515164
115.515164
115.515164
115.515164
115.515164
115.515164
115.515164
115.515164
115.515164
115.515164
115.514192
115.514192
115.514192
115.514192
115.514192
115.514192
115.514192
115.514192
115.514192
115.514192
115.514192
115.514192
115.514192
115.514192
115.514192
115.514192
115.514192
115.514192
115.514192
115.514192
115.513642
115.513642
115.513642
115.513642
115.513642
115.513642
115.513642
115.513642
115.513642
115.513642
115.513642
115.513642
115.513642
115.513642
115.513642
115.513642
115.513642
115.513642
115.513642
115.513642
115.512251
115.512251
115.512251
115.512251
115.512251
115.512251
115.512251
115.512251
115.512251
115.512251
115.512208
115.512208
115.512208
115.512208
115.512208
115.512208
115.512208
115.512208
115.512208
115.512208
115.510289
115.510289
115.510289
115.510289
115.510289
115.510289
115.510289
115.510289
115.510289
115.510289
115.510289
115.510289
115.510289
115.510289
115.510289
115.510289
115.510289
115.510289
115.510289
115.510289
115.510289
115.510289
115.510289
115.510289
115.510289
115.510289
115.510289
115.510289
115.510289
115.510289
115.510289
115.510289
115.510289
115.510289
115.510289
115.510289
115.510289
115.510289
115.510289
115.510289
115.510289
115.510289
115.510289
115.510289
115.510289
115.510289
115.510289
115.510289
115.510289
115.510289
115.509922
115.509790
115.509790
115.509790
115.509790
115.509790
115.509790
115.509790
115.509790
115.509790
115.509790
115.505392
115.505392
115.505392
115.505392
115.505392
115.505392
115.505392
115.505392
115.505392
115.505392
115.502831
115.502831
115.502831
115.502831
115.502831
115.502831
115.502831
115.502831
115.502831
115.502831
115.502831
115.502831
115.502831
115.502831
115.502831
115.502831
115.502831
115.502831
115.502831
115.502831
115.502831
115.502831
115.502831
115.502831
115.502831
115.502831
115.502831
115.502831
115.502831
115.502831
115.502831
115.502831
115.502831
115.502831
115.502831
115.502831
115.502831
115.502831
115.502831
115.502831
115.502831
115.502831
115.502831
115.502831
115.502831
115.502831
115.502831
115.502831
115.502831
115.502831
115.502831
115.502831
115.502831
115.502831
115.502831
115.502831
115.502831
115.502831
115.502831
115.502831
115.502831
115.502831
115.502831
115.502831
115.502831
115.502831
115.502831
115.502831
115.502831
115.501775
115.501775
115.501775
115.501775
115.501775
115.501775
115.501775
115.501775
115.501775
115.501775
115.501775
115.501775
115.498965
115.498965
115.498965
115.498965
115.498965
115.498965
115.498965
115.496119
115.496119
115.496119
115.496119
115.496119
115.496119
115.496119
115.496119
115.496119
115.496119
115.496083
115.496083
115.496083
115.496083
115.496083
115.496083
115.496083
115.496083
115.496083
115.496083
115.496083
115.496083
115.496083
115.496083
115.496083
115.496083
115.496083
115.496083
115.496083
115.496083
115.495985
115.495985
115.495985
115.495985
115.495985
115.495985
115.495985
115.495985
115.495985
115.495985
115.495985
115.495985
115.495985
115.495985
115.495985
115.495985
115.495985
115.495985
115.495985
115.495985
115.495985
115.495985
115.495985
115.495380
115.495380
115.495380
115.495380
115.495380
115.495380
115.495380
115.494316
115.494316
115.494316
115.494316
115.494316
115.494316
115.494316
115.494316
115.494316
115.494316
115.494316
115.494316
115.494316
115.494316
115.494316
115.494316
115.494316
115.494316
115.494316
115.494316
115.494316
115.494316
115.494316
115.494316
115.494316
115.494316
115.494316
115.494316
115.494316
115.494316
115.494209
115.494209
115.494209
115.494209
115.494209
115.494209
115.494209
115.494209
115.494209
115.494209
115.493920
115.493920
115.493920
115.493774
115.493774
115.493774
115.493774
115.493774
115.493774
115.493774
115.492555
115.492555
115.492555
115.492555
115.492555
115.492555
115.492555
115.492555
115.492555
115.492555
115.492555
115.492555
115.492555
115.491472
115.491472
115.491472
115.491472
115.491472
115.491472
115.491472
115.491472
115.491472
115.491472
115.491472
115.491472
115.491472
115.491472
115.491304
115.491304
115.487939
115.487939
115.487939
115.487939
115.487939
115.487939
115.487939
115.487939
115.487939
115.487939
115.487939
115.487939
115.487939
115.487939
115.487939
115.487939
115.487939
115.487939
115.487939
115.487939
115.487939
115.487939
115.487939
115.487939
115.487939
115.487939
115.487939
115.487939
115.487939
115.487939
115.487939
115.487939
115.487939
115.487939
115.487939
115.487939
115.487939
115.487939
115.487939
115.487939
115.487487
115.487487
115.487487
115.487487
115.487487
115.487487
115.487487
115.487487
115.487487
115.487487
115.487487
115.487487
115.487487
115.487487
115.487487
115.487487
115.487487
115.487487
115.487487
115.487487
115.487470
115.487470
115.487470
115.487470
115.487470
115.487470
115.487470
115.487470
115.487470
115.487470
115.487470
115.487470
115.487470
115.487470
115.487470
115.487470
115.487470
115.487470
115.487470
115.487470
115.487470
115.487470
115.487470
115.487470
115.487470
115.487470
115.487470
115.487470
115.487470
115.487470
115.486558
115.486558
115.486558
115.486558
115.486558
115.486558
115.486558
115.486558
115.486558
115.486558
115.486558
115.486060
115.486060
115.486060
115.486060
115.486060
115.486060
115.486060
115.486060
115.486060
115.486060
115.486049
115.486049
115.486049
115.485532
115.485532
115.485532
115.485532
115.485532
115.485532
115.485532
115.485532
115.485532
115.485532
115.485532
115.485532
115.485532
115.485532
115.485532
115.485532
115.484458
115.484458
115.484458
115.484458
115.484458
115.484458
115.484458
115.484458
115.484458
115.484458
115.482549
115.482549
115.482549
115.482549
115.482549
115.482549
115.482549
115.482549
115.482549
115.482549
115.481780
115.481780
115.481780
115.481780
115.481780
115.481780
115.481780
115.481780
115.481780
115.481780
115.481780
115.481780
115.481780
115.481780
115.481780
115.481780
115.481780
115.481780
115.481780
115.481780
115.481780
115.481780
115.481340
115.481340
115.481340
115.481340
115.481340
115.481340
115.481339
115.481339
115.480144
115.480144
115.480144
115.480144
115.480144
115.480144
115.480144
115.480144
115.480144
115.480144
115.480144
115.479160
115.479160
115.479160
115.479160
115.479160
115.479160
115.479160
115.479160
115.479160
115.479160
115.479160
115.479160
115.479160
115.479160
115.479160
115.479160
115.479160
115.479160
115.479160
115.479160
115.479160
115.479160
115.479160
115.479160
115.479160
115.479160
115.479160
115.479160
115.479160
115.479160
115.477854
115.477854
115.477854
115.477854
115.477854
115.477854
115.477854
115.476125
115.476125
115.476125
115.476125
115.476125
115.476125
115.476125
115.476125
115.476125
115.476125
115.476125
115.476125
115.476125
115.476125
115.476125
115.476125
115.476125
115.476125
115.476125
115.476125
115.475636
115.475636
115.475636
115.475636
115.475636
115.475636
115.475636
115.475636
115.475636
115.475636
115.475610
115.475610
115.475610
115.475610
115.475610
115.475610
115.475610
115.475610
115.475610
115.475610
115.475610
115.475610
115.475610
115.475610
115.475610
115.475610
115.475610
115.475610
115.475610
115.475610
115.475610
115.475610
115.475610
115.475610
115.475610
115.475610
115.475610
115.475610
115.475610
115.475610
115.475610
115.475610
115.475610
115.475610
115.475610
115.475610
115.475610
115.475610
115.475610
115.475610
115.475361
115.475361
115.475361
115.475361
115.475361
115.475361
115.475361
115.475361
115.475361
115.475361
115.475361
115.475361
115.475361
115.475361
115.475361
115.475361
115.475331
115.475331
115.475331
115.475331
115.475049
115.475049
115.475049
115.473708
115.473708
115.473708
115.473708
115.473708
115.473708
115.473708
115.473708
115.473708
115.473708
115.473708
115.473708
115.473708
115.473708
115.473708
115.473708
115.473708
115.473708
115.473708
115.473708
115.473327
115.473327
115.473327
115.473327
115.473327
115.473327
115.473327
115.473327
115.473327
115.473327
115.473327
115.473327
115.473327
115.473327
115.473327
115.473327
115.473327
115.473327
115.473327
115.473327
115.473327
115.473327
115.473327
115.473327
115.473327
115.473327
115.473327
115.473327
115.473327
115.473327
115.473327
115.473327
115.473327
115.473233
115.473233
115.473233
115.473233
115.473233
115.473233
115.473233
115.473233
115.472777
115.472777
115.472777
115.472777
115.472777
115.472777
115.472777
115.472777
115.472777
115.472777
115.472777
115.472777
115.472777
115.472777
115.472777
115.472777
115.472777
115.472777
115.472777
115.472777
115.472777
115.472777
115.472635
115.472635
115.472635
115.472635
115.472635
115.472635
115.472635
115.472635
115.472635
115.472167
115.472167
115.472167
115.471987
115.471987
115.471987
115.471987
115.471987
115.471987
115.471987
115.471728
115.471728
115.471728
115.471728
115.471728
115.471728
115.471728
115.471728
115.471728
115.471728
115.471728
115.471728
115.471728
115.471728
115.471728
115.471728
115.471728
115.471728
115.471728
115.471728
115.471728
115.471728
115.471728
115.471728
115.471728
115.471539
115.471539
115.471539
115.471539
115.471539
115.471539
115.471539
115.471539
115.471539
115.471539
115.471539
115.471539
115.471539
115.471539
115.471539
115.471539
115.471539
115.471539
115.471539
115.471539
115.471539
115.471539
115.471539
115.468104
115.468104
115.468104
115.468104
115.468104
115.468104
115.468104
115.468104
115.468104
115.468104
115.468104
115.468104
115.468104
115.468104
115.468104
115.468104
115.468104
115.468104
115.468104
115.468104
115.468089
115.465558
115.465558
115.465558
115.465558
115.465558
115.465558
115.465558
115.465558
115.465558
115.465558
115.465558
115.465558
115.465558
115.465558
115.465558
115.465558
115.465558
115.465558
115.465558
115.465343
115.463433
115.463433
115.463433
115.463433
115.463433
115.463433
115.463433
115.463433
115.463433
115.463433
115.463433
115.463433
115.463433
115.463433
115.462605
115.462605
115.462605
115.462605
115.462605
115.462605
115.462488
115.462488
115.462488
115.462488
115.462488
115.462488
115.462488
115.462488
115.462488
115.462488
115.462105
115.462105
115.462105
115.462105
115.462105
115.462105
115.462105
115.462105
115.462105
115.462105
115.462105
115.462105
115.462105
115.462105
115.462105
115.462105
115.462105
115.462105
115.462105
115.462105
115.459800
115.459800
115.459800
115.459800
115.458624
115.458624
115.458624
115.458624
115.458624
115.458624
115.458624
115.458624
115.458624
115.458624
115.455431
115.455431
115.455431
115.455431
115.455431
115.455431
115.455431
115.455431
115.455431
115.455431
115.455431
115.455431
115.455431
115.455431
115.455431
115.455431
115.455431
115.455431
115.455431
115.455431
115.455431
115.455431
115.455431
115.455431
115.455431
115.455225
115.455225
115.455225
115.451733
115.451733
115.451733
115.451733
115.451733
115.451733
115.451733
115.451733
115.451733
115.451733
115.451733
115.451733
115.451733
115.451733
115.451733
115.451733
115.451733
115.451733
115.451733
115.451733
115.451733
115.451733
115.451733
115.451733
115.451733
115.451733
115.451733
115.451733
115.451733
115.451733
115.447508
115.447508
115.447508
115.447508
115.447508
115.447508
115.447508
115.447508
115.447508
115.447508
115.447508
115.447508
115.447481
115.447481
115.447481
115.447481
115.447481
115.447481
115.447481
115.447481
115.447481
115.447481
115.447481
115.447481
115.447481
115.447481
115.447481
115.447481
115.447481
115.447481
115.447069
115.447069
115.447069
115.447069
115.447069
115.447069
115.447069
115.447069
115.447069
115.447069
115.445648
115.445648
115.445648
115.445648
115.445648
115.445648
115.445648
115.445648
115.445648
115.445648
115.445648
115.445648
115.445648
115.445648
115.445648
115.445648
115.445648
115.445648
115.445648
115.445648
115.445648
115.445648
115.445648
115.445648
115.444264
115.444264
115.444264
115.444264
115.444264
115.444264
115.444264
115.444264
115.444264
115.444264
115.444264
115.444264
115.444264
115.444264
115.444264
115.444264
115.444264
115.444264
115.444264
115.444264
115.444206
115.444206
115.444206
115.444206
115.444206
115.444206
115.444206
115.444206
115.444206
115.444206
115.444206
115.444206
115.444206
115.444206
115.444206
115.444206
115.444206
115.444206
115.444206
115.444206
115.444206
115.444206
115.444206
115.444206
115.444206
115.444206
115.444206
115.444206
115.444206
115.444206
115.444206
115.444206
115.444206
115.444206
115.444206
115.444206
115.444206
115.444206
115.444206
115.444206
115.444206
115.444206
115.444206
115.444206
115.444206
115.444206
115.444206
115.444206
115.444206
115.444206
115.444206
115.444206
115.444206
115.444206
115.444206
115.444206
115.444206
115.444206
115.444206
115.444206
115.443711
115.443711
115.443711
115.440944
115.440944
115.440944
115.440944
115.440944
115.440944
115.440944
115.440944
115.440944
115.440944
115.440944
115.440944
115.440944
115.440944
115.440944
115.440552
115.440552
115.440552
115.440552
115.440552
115.440552
115.440552
115.440552
115.440552
115.440552
115.440552
115.440552
115.439141
115.439141
115.439141
115.439141
115.439141
115.439141
115.439141
115.439141
115.439141
115.439141
115.439141
115.439141
115.439141
115.439141
115.439141
115.439141
115.439141
115.439141
115.439141
115.439141
115.439141
115.439141
115.439141
115.439141
115.439141
115.439141
115.439141
115.439141
115.439141
115.439141
115.439141
115.439141
115.439141
115.439141
115.439141
115.439141
115.439141
115.439141
115.439141
115.439141
115.439141
115.439141
115.439095
115.439095
115.439095
115.439095
115.439095
115.439095
115.439095
115.439095
115.439095
115.439095
115.439095
115.439095
115.437592
115.437592
115.437592
115.437592
115.437592
115.437592
115.437592
115.437592
115.437592
115.437592
115.437584
115.437584
115.437584
115.437584
115.437584
115.437584
115.437584
115.437584
115.437584
115.437584
115.437417
115.437417
115.437417
115.437417
115.437417
115.437417
115.437417
115.437417
115.437417
115.437417
115.436673
115.436673
115.436673
115.436673
115.436673
115.436673
115.436673
115.436673
115.436673
115.436673
115.436662
115.436662
115.436662
115.436662
115.436662
115.436662
115.436662
115.436662
115.436662
115.436662
115.436662
115.436662
115.436662
115.436662
115.436662
115.436662
115.436662
115.436662
115.436662
115.436662
115.436662
115.436662
115.436662
115.436662
115.436662
115.436662
115.436662
115.436662
115.436662
115.436662
115.436662
115.436662
115.436662
115.436662
115.436662
115.436662
115.436662
115.436662
115.436662
115.436662
115.436662
115.436662
115.436662
115.436662
115.436662
115.436662
115.436662
115.436662
115.436662
115.436662
115.436662
115.436662
115.436662
115.436662
115.436662
115.436662
115.436662
115.436662
115.436662
115.436662
115.436466
115.436466
115.436466
115.436466
115.436466
115.436466
115.436466
115.436466
115.436466
115.436466
115.436466
115.436466
115.436466
115.436466
115.436466
115.436466
115.436441
115.436441
115.436441
115.436441
115.436441
115.436441
115.436441
115.436441
115.436441
115.436441
115.436408
115.436408
115.436408
115.436408
115.436393
115.436393
115.436393
115.436393
115.436393
115.436393
115.436353
115.436353
115.436353
115.436353
115.436353
115.436353
115.436353
115.436353
115.436261
115.436261
115.436261
115.436261
115.436261
115.436261
115.436261
115.436261
115.436261
115.436261
115.436261
115.436261
115.436261
115.436261
115.436261
115.436261
115.436261
115.436228
115.436228
115.436228
115.436228
115.436228
115.436228
115.436228
115.436228
115.436228
115.436228
115.436200
115.436097
115.436097
115.436088
115.436088
115.436088
115.436088
115.436088
115.436088
115.436088
115.436088
115.436088
115.436088
115.436088
115.436088
115.435912
115.435912
115.435912
115.435912
115.435912
115.435912
115.435815
115.435815
115.435815
115.435815
115.435815
115.435815
115.435815
115.435815
115.435815
115.435815
115.435753
115.435753
115.435753
115.435753
115.435753
115.435753
115.435753
115.435753
115.435753
115.435753
115.435753
115.435753
115.435753
115.435753
115.435753
115.435753
115.435590
115.435590
115.435590
115.435590
115.435590
115.435590
115.435590
115.435590
115.435590
115.435590
115.435590
115.435535
115.435535
115.435535
115.435405
115.435405
115.435405
115.435405
115.435405
115.435405
115.435405
115.435405
115.435405
115.435405
115.435336
115.435336
115.435336
115.435336
115.435336
115.435336
115.435336
115.435336
115.435336
115.435336
115.435180
115.435180
115.435180
115.435180
115.435180
115.435180
115.435180
115.435098
115.435098
115.435098
115.435098
115.435098
115.435098
115.435098
115.434968
115.434968
115.434968
115.434968
115.434968
115.434968
115.434968
115.434968
115.434968
115.434968
115.434968
115.434968
115.434968
115.434968
115.434968
115.434968
115.434968
115.434968
115.434968
115.434968
115.434968
115.434968
115.434968
115.434968
115.434968
115.434968
115.434710
115.434710
115.434710
115.434710
115.434710
115.434710
115.434710
115.434710
115.434710
115.434710
115.434651
115.434651
115.434651
115.434651
115.434651
115.434651
115.434651
115.434651
115.434651
115.434651
115.434651
115.434651
115.434651
115.434651
115.434651
115.434651
115.434651
115.434567
115.434567
115.434567
115.434567
115.434567
115.434567
115.434567
115.434567
115.434567
115.434567
115.434567
115.434256
115.434256
115.434256
115.434256
115.434256
115.434256
115.434256
115.434256
115.434256
115.434256
115.434256
115.434256
115.434256
115.434256
115.434256
115.434256
115.434256
115.434256
115.434256
115.434256
115.434205
115.434205
115.434205
115.434205
115.434205
115.434205
115.434205
115.434205
115.434205
115.434057
115.434057
115.434057
115.434057
115.434057
115.434057
115.434057
115.434057
115.434057
115.434057
115.434057
115.434057
115.434057
115.434057
115.434057
115.434057
115.434057
115.434057
115.434057
115.434057
115.434057
115.434057
115.434057
115.434057
115.434057
115.434057
115.434057
115.434057
115.434057
115.434057
115.434054
115.434054
115.433951
115.433951
115.433951
115.433951
115.433951
115.433951
115.433951
115.433951
115.433951
115.433653
115.433653
115.433653
115.433653
115.433653
115.433653
115.433653
115.433653
115.433653
115.433653
115.433630
115.433498
115.433498
115.433498
115.433498
115.433498
115.433498
115.433498
115.433498
115.433498
115.433498
115.433498
115.433498
115.433498
115.433498
115.433498
115.433498
115.433498
115.433498
115.433498
115.433498
115.433498
115.433498
115.433498
115.378900
115.378900
115.378900
115.378900
115.378900
115.378900
115.378900
115.378900
115.378900
115.378900
115.378900
115.378900
115.378900
115.378900
115.378900
115.378900
115.378900
115.378900
115.378900
115.378900
115.378900
115.378900
115.378900
115.378900
115.378900
115.378900
115.378900
115.378900
115.378900
115.378900
115.377409
115.377409
115.377409
115.377409
115.377409
115.377409
115.377409
115.377409
115.377409
115.377409
115.377409
115.377409
115.377409
115.377409
115.377409
115.377409
115.377409
115.377409
115.377409
115.377409
115.377409
115.377409
115.377409
115.377409
115.377409
115.377409
115.377409
115.377409
115.377409
115.377409
115.377409
115.377409
115.377409
115.377409
115.377409
115.377409
115.377409
115.374770
115.374770
115.374770
115.358080
115.358080
115.358080
115.358080
115.358080
115.356900
115.356900
115.356900
115.356900
115.356900
115.349450
115.349450
115.349450
115.349450
115.349450
115.343414
115.343414
115.343414
115.343414
115.343414
115.343414
115.343414
115.343414
115.343414
115.343414
115.342645
115.342645
115.342645
115.342645
115.342645
115.342645
115.342645
115.342645
115.342645
115.342645
115.340980
115.332472
115.327038
115.327038
115.327038
115.323641
115.323641
115.323641
115.323641
115.323641
115.315604
115.315604
115.315604
115.315604
115.315604
115.315604
115.315604
115.315604
115.315604
115.315604
115.315604
115.315604
115.315604
115.315604
115.315604
115.284720
115.284720
115.284720
115.284720
115.284720
115.284720
115.284720
115.284720
115.284720
115.284720
115.284445
115.284445
115.284445
115.284445
115.284445
115.284445
115.284445
115.284445
115.284445
115.284445
115.284445
115.284445
115.284445
115.284445
115.284445
115.284445
115.284445
115.284445
115.284445
115.284445
115.284445
115.284445
115.270118
115.270118
115.270118
115.270118
115.270118
115.270118
115.270118
115.270118
115.270118
115.270118
115.270118
115.270118
115.270118
115.269053
115.269053
115.269053
115.269053
115.269053
115.269053
115.269053
115.269053
115.269053
115.258992
115.258992
115.258992
115.258992
115.258992
115.258992
115.258992
115.258992
115.258992
115.258992
115.258992
115.255167
115.255167
115.255167
115.255167
115.255167
115.255167
115.255167
115.255167
115.255167
115.255167
115.255167
115.255167
115.255167
115.255167
115.255167
115.255167
115.255167
115.255167
115.255167
115.255167
115.255167
115.255167
115.255167
115.255167
115.255167
115.255167
115.255167
115.251792
115.251792
115.251792
115.251792
115.251792
115.251792
115.251792
115.251792
115.251792
115.251792
115.251792
115.251792
115.251792
115.251792
115.251792
115.251792
115.251792
115.251792
115.251792
115.251792
115.251792
115.251792
115.251792
115.251792
115.251792
115.251792
115.251792
115.251792
115.251792
115.251792
115.251792
115.251792
115.251792
115.251792
115.251792
115.251792
115.251398
115.251398
115.251398
115.251398
115.251099
115.251099
115.250034
115.250034
115.250034
115.250034
115.250034
115.250034
115.250034
115.250034
115.250034
115.250034
115.250034
115.250034
115.249516
115.249516
115.249516
115.249516
115.249516
115.249516
115.249516
115.249516
115.249516
115.249516
115.247923
115.247923
115.247923
115.247923
115.246617
115.246617
115.246617
115.246617
115.246617
115.246617
115.246617
115.246617
115.246617
115.246617
115.246617
115.246617
115.246617
115.246617
115.246617
115.246617
115.245159
115.245159
115.245159
115.245159
115.245159
115.245159
115.245159
115.245159
115.245159
115.245159
115.244748
115.244748
115.244748
115.244748
115.244748
115.244748
115.243757
115.243757
115.243757
115.243757
115.243757
115.243757
115.243757
115.243757
115.243757
115.243757
115.243757
115.243757
115.243757
115.243757
115.243757
115.243757
115.243757
115.243757
115.242057
115.242057
115.242057
115.242057
115.242057
115.242057
115.242057
115.242057
115.242057
115.242057
115.242057
115.242057
115.242057
115.242057
115.242057
115.242057
115.242057
115.242057
115.242057
115.242057
115.240694
115.240694
115.240694
115.240694
115.236594
115.236594
115.236594
115.236594
115.236594
115.236594
115.236594
115.236594
115.236594
115.236594
115.236594
115.236594
115.236594
115.236594
115.236594
115.236594
115.236594
115.236594
115.236594
115.236594
115.236594
115.232737
115.232737
115.232737
115.232737
115.232737
115.232737
115.232737
115.232737
115.232737
115.232737
115.229942
115.229942
115.229942
115.229942
115.229942
115.229942
115.229942
115.229942
115.229942
115.229942
115.229059
115.229059
115.229059
115.229059
115.229059
115.229059
115.229059
115.229059
115.229059
115.229059
115.229059
115.229059
115.229059
115.229059
115.229059
115.229059
115.229059
115.227283
115.227283
115.227283
115.227283
115.227283
115.227283
115.227283
115.227283
115.227283
115.227283
115.227283
115.227283
115.227283
115.227283
115.227283
115.227283
115.227283
115.227283
115.227283
115.227283
115.227283
115.227283
115.227283
115.227283
115.227283
115.227283
115.227283
115.227283
115.227283
115.227283
115.227283
115.227283
115.227283
115.227283
115.227283
115.227283
115.227122
115.227122
115.227122
115.227122
115.227115
115.227115
115.227115
115.227115
115.227115
115.227115
115.216373
115.216373
115.216373
115.216373
115.216373
115.216373
115.216373
115.216373
115.216373
115.216373
115.216373
115.216373
115.216373
115.216373
115.216373
115.216373
115.210204
115.210204
115.210204
115.210204
115.210204
115.210204
115.210204
115.210204
115.210204
115.210204
115.210204
115.210204
115.210204
115.210204
115.210204
115.210204
115.210204
115.210204
115.210204
115.210204
115.209815
115.209815
115.209815
115.209815
115.209815
115.209815
115.209815
115.209815
115.209815
115.209815
115.201920
115.201920
115.201920
115.201920
115.201920
115.201920
115.201920
115.201920
115.201920
115.201920
115.201920
115.201920
115.201920
115.201920
115.201920
115.201920
115.201920
115.201920
115.201920
115.201920
115.201920
115.201920
115.201920
115.201920
115.201920
115.201920
115.193074
115.193074
115.193074
115.193074
115.193074
115.193074
115.193074
115.193074
115.193074
115.193074
115.193074
115.193074
115.193074
115.193074
115.193074
115.193074
115.193074
115.193074
115.193074
115.193074
115.193074
115.193074
115.193074
115.193074
115.193074
115.193074
115.193074
115.193074
115.193074
115.193074
115.193074
115.193074
115.189581
115.189581
115.189581
115.189581
115.189581
115.189581
115.189581
115.189581
115.189581
115.189581
115.189581
115.189581
115.189581
115.189581
115.189581
115.189581
115.189581
115.189581
115.189581
115.189581
115.188378
115.188378
115.188378
115.188378
115.188378
115.188378
115.188378
115.188378
115.185813
115.185813
115.185813
115.185813
115.185813
115.185813
115.185813
115.185813
115.185813
115.185813
115.185152
115.185152
115.185152
115.185152
115.175404
115.175404
115.175404
115.175404
115.175404
115.175404
115.175404
115.175404
115.175404
115.175404
115.175404
115.175404
115.175404
115.175404
115.175404
115.175404
115.175404
115.175404
115.175404
115.175404
115.161021
115.161021
115.161021
115.161021
115.161021
115.161021
115.161021
115.161021
115.161021
115.161021
115.153530
115.153530
115.146779
115.146779
115.146779
115.146779
115.146779
115.146779
115.146779
115.146779
115.146779
115.146779
115.146779
115.146779
115.146779
115.146779
115.146779
115.146779
115.146779
115.146779
115.146779
115.146779
115.146779
115.146779
115.146779
115.146779
115.146779
115.146779
115.146779
115.146779
115.146779
115.146779
115.146779
115.146779
115.146779
115.146779
115.146779
115.146779
115.146779
115.146779
115.146779
115.146779
115.146779
115.146779
115.146779
115.146779
115.146779
115.146779
115.140697
115.140697
115.140697
115.140697
115.140697
115.140697
115.140697
115.140697
115.140697
115.140697
115.140697
115.140697
115.136890
115.136890
115.136890
115.136890
115.136890
115.136890
115.136890
115.136890
115.136890
115.136890
115.134559
115.134559
115.130329
115.130329
115.130329
115.130329
115.130329
115.130329
115.130329
115.130329
115.130329
115.130329
115.130329
115.130329
115.130329
115.130329
115.130329
115.130329
115.130329
115.130329
115.130285
115.130285
115.130285
115.130285
115.112152
115.112152
115.112152
115.112152
115.112152
115.112152
115.112152
115.112152
115.112152
115.112152
115.112152
115.112152
115.112152
115.112152
115.112152
115.112152
115.112060
115.112060
115.112060
115.112060
115.111764
115.111764
115.111764
115.111764
115.111764
115.111764
115.111764
115.111764
115.111764
115.111764
115.111764
115.111764
115.111764
115.111764
115.111764
115.111764
115.104151
115.104151
115.104151
115.102805
115.102805
115.102805
115.102805
115.102805
115.102805
115.102805
115.102805
115.102805
115.090996
115.090996
115.090996
115.090996
115.090996
115.090996
115.090996
115.090996
115.090996
115.090996
115.090858
115.090858
115.090858
115.090858
115.090858
115.090858
115.090858
115.090858
115.090858
115.090858
115.090858
115.090858
115.090858
115.090858
115.090858
115.090858
115.090858
115.090858
115.090858
115.090858
115.089022
115.089022
115.089022
115.089022
115.089022
115.089022
115.089022
115.089022
115.089022
115.089022
115.089022
115.084547
115.084547
115.084547
115.084547
115.084547
115.084547
115.084547
115.084547
115.084547
115.084547
115.084547
115.084547
115.084547
115.084547
115.084547
115.084547
115.084547
115.084547
115.084547
115.084547
115.084547
115.084547
115.084547
115.082123
115.082123
115.082123
115.082123
115.082123
115.082123
115.082123
115.082123
115.082123
115.082123
115.082123
115.082123
115.082123
115.082123
115.082123
115.082123
115.082123
115.082123
115.074474
115.074474
115.074474
115.074474
115.074474
115.074474
115.074474
115.074474
115.074474
115.074474
115.074474
115.074474
115.074474
115.074474
115.074474
115.074474
115.074474
115.074474
115.074474
115.074474
115.074474
115.074474
115.074474
115.074474
115.074474
115.074474
115.074474
115.074474
115.074474
115.074474
115.070782
115.070782
115.070782
115.070782
115.070782
115.070782
115.070782
115.070782
115.070782
115.070782
115.069035
115.069035
115.069035
115.069035
115.069035
115.069035
115.066675
115.066675
115.066675
115.066675
115.066675
115.066675
115.066675
115.066675
115.066675
115.066675
115.066478
115.066478
115.066478
115.066478
115.066478
115.066478
115.065040
115.065040
115.065040
115.065040
115.065040
115.065040
115.065040
115.065040
115.065040
115.065040
115.065012
115.065012
115.065012
115.065012
115.065012
115.065012
115.065012
115.065012
115.065012
115.065012
115.065012
115.065012
115.065012
115.065012
115.065012
115.065012
115.065012
115.065012
115.065012
115.065012
115.064945
115.064945
115.064945
115.064945
115.061972
115.061972
115.061972
115.061972
115.061972
115.061972
115.061972
115.061972
115.061972
115.061972
115.061972
115.061972
115.061972
115.061972
115.061972
115.061972
115.061972
115.061972
115.061972
115.061972
115.061972
115.061972
115.061972
115.061972
115.061972
115.061972
115.061972
115.061972
115.061972
115.061972
115.061972
115.056111
115.056111
115.056111
115.056111
115.056111
115.056111
115.056111
115.056111
115.056111
115.056111
115.056111
115.056111
115.056111
115.056111
115.056111
115.056111
115.056111
115.056111
115.056111
115.055642
115.055642
115.055642
115.055642
115.055642
115.055642
115.055642
115.055642
115.055642
115.055642
115.055642
115.049488
115.049488
115.049488
115.049488
115.049488
115.049488
115.049488
115.049488
115.049488
115.049488
115.049488
115.049488
115.049488
115.049488
115.049488
115.049488
115.049488
115.049488
115.049488
115.049488
115.049488
115.049488
115.049488
115.049488
115.049488
115.049488
115.049488
115.049488
115.049488
115.044133
115.044133
115.044133
115.044133
115.044133
115.044133
115.044133
115.044133
115.044133
115.044133
115.043883
115.043883
115.043883
115.043883
115.043883
115.043883
115.043883
115.043883
115.043883
115.043883
115.037636
115.037636
115.037636
115.037636
115.037636
115.037636
115.037636
115.037636
115.037636
115.037636
115.037636
115.037636
115.037636
115.037636
115.037636
115.037636
115.037636
115.037636
115.037636
115.037636
115.037632
115.037632
115.033168
115.033168
115.033168
115.033168
115.033168
115.033168
115.033168
115.033168
115.033168
115.033168
115.033168
115.033168
115.033168
115.033168
115.033168
115.033168
115.033168
115.033168
115.033168
115.033168
115.033058
115.033058
115.033058
115.033058
115.033058
115.033058
115.033058
115.033058
115.033058
115.033058
115.033058
115.033058
115.033058
115.033058
115.022493
115.022493
115.022493
115.022493
115.022493
115.022493
115.022493
115.022493
115.022493
115.022493
115.022301
115.022301
115.022301
115.022301
115.022301
115.022301
115.022301
115.022301
115.022301
115.022301
115.022301
115.022301
115.022301
115.022301
115.022301
115.022301
115.016958
115.016958
115.016958
115.016958
115.016958
115.016958
115.016958
115.016958
115.012134
115.012134
115.012134
115.012134
115.012134
115.012134
115.012134
115.012134
115.012134
115.012134
115.009980
115.009980
115.009980
115.009980
115.009980
115.009980
115.009980
115.009980
115.009980
115.009980
115.009980
115.009980
115.009980
115.009980
115.009980
115.009980
115.009980
115.009980
115.009980
115.009980
115.009980
115.009980
115.009980
115.009980
115.009980
115.009980
115.009980
115.009980
115.009980
115.009980
115.009980
115.009980
115.009980
115.009980
115.009980
115.009980
115.009980
115.009980
115.009980
115.009980
115.009980
115.009980
115.009980
115.009980
115.009980
115.009980
115.003053
115.003053
115.003053
115.003053
115.003053
115.003053
115.003053
115.003053
115.003053
115.003053
115.002656
115.002656
115.002656
115.002656
114.998970
114.998970
114.998970
114.998970
114.998970
114.998970
114.998970
114.998970
114.998970
114.998970
114.998970
114.998970
114.998970
114.998970
114.998970
114.998970
114.998970
114.998970
114.998970
114.998970
114.998886
114.998886
114.998886
114.998886
114.998886
114.998886
114.998886
114.998886
114.998886
114.998886
114.998886
114.998886
114.994909
114.994909
114.994909
114.994909
114.994909
114.994909
114.994909
114.994909
114.994909
114.994909
114.994909
114.994909
114.994909
114.994909
114.994909
114.994909
114.994909
114.994909
114.994909
114.994909
114.994909
114.994909
114.993964
114.993964
114.993964
114.993964
114.993964
114.993964
114.993964
114.993092
114.993092
114.993092
114.993092
114.993092
114.993092
114.993092
114.993092
114.993092
114.993092
114.991174
114.991174
114.991174
114.991174
114.991174
114.991174
114.991174
114.991174
114.991174
114.991174
114.991174
114.991174
114.991174
114.991174
114.991174
114.991174
114.991174
114.991174
114.991174
114.991174
114.986956
114.986956
114.986956
114.986956
114.986956
114.986956
114.986956
114.985074
114.985074
114.985074
114.985074
114.985074
114.985074
114.983991
114.983991
114.983991
114.983991
114.983991
114.983991
114.982116
114.982116
114.982116
114.982116
114.982116
114.982116
114.969863
114.969863
114.969863
114.969863
114.969863
114.969863
114.969863
114.969863
114.969863
114.969863
114.969863
114.969863
114.969863
114.969863
114.969863
114.969863
114.969863
114.969863
114.969863
114.969863
114.969863
114.969863
114.969863
114.969863
114.969863
114.962843
114.962843
114.962843
114.962843
114.962843
114.962843
114.962843
114.962843
114.962843
114.962843
114.962843
114.962843
114.962843
114.962843
114.962843
114.962843
114.962843
114.962843
114.962843
114.962843
114.962843
114.957018
114.957018
114.957018
114.957018
114.957018
114.957018
114.957018
114.957018
114.957018
114.957018
114.957018
114.957018
114.957018
114.957018
114.957018
114.957018
114.957018
114.957018
114.957018
114.957018
114.957018
114.957018
114.957018
114.957018
114.957018
114.957018
114.957018
114.957018
114.957018
114.957018
114.956990
114.956990
114.956990
114.956990
114.956990
114.956990
114.954958
114.954958
114.954958
114.954958
114.954958
114.954958
114.954958
114.954958
114.954958
114.954958
114.954958
114.954958
114.950022
114.950022
114.950022
114.950022
114.950022
114.950022
114.950022
114.950022
114.950022
114.950022
114.950022
114.950022
114.950022
114.950022
114.950022
114.950022
114.950022
114.950022
114.944409
114.944409
114.944409
114.944409
114.944409
114.944409
114.944409
114.944409
114.944409
114.944409
114.944279
114.944279
114.944279
114.944279
114.944279
114.944279
114.944279
114.944279
114.944279
114.944279
114.944279
114.944279
114.944279
114.944279
114.941573
114.941573
114.941573
114.941573
114.941573
114.941573
114.941573
114.941573
114.941573
114.941573
114.937359
114.937359
114.937359
114.937359
114.937359
114.937359
114.937359
114.937359
114.937359
114.937359
114.937359
114.937359
114.937359
114.937359
114.936992
114.936992
114.936992
114.936992
114.936992
114.935367
114.935367
114.932375
114.932375
114.932375
114.932375
114.932375
114.932375
114.932375
114.932375
114.932375
114.932375
114.928542
114.928542
114.928542
114.928542
114.928542
114.928542
114.928542
114.928542
114.928542
114.928542
114.928542
114.928542
114.928542
114.928542
114.928542
114.928542
114.928542
114.928542
114.928542
114.928542
114.928542
114.928542
114.928542
114.924446
114.924446
114.924446
114.924446
114.924446
114.924446
114.924446
114.924446
114.924446
114.924446
114.924398
114.924398
114.914804
114.914804
114.914804
114.914804
114.914804
114.914804
114.914804
114.914804
114.914804
114.914804
114.914804
114.914804
114.914804
114.914804
114.914804
114.914804
114.914804
114.914804
114.914804
114.914804
114.914804
114.914804
114.914804
114.913569
114.913569
114.913569
114.913569
114.913569
114.913569
114.913569
114.910255
114.910255
114.910255
114.910255
114.910255
114.910255
114.910255
114.910255
114.910255
114.910255
114.910181
114.910181
114.910181
114.907955
114.907955
114.907955
114.907955
114.907955
114.907955
114.907955
114.907955
114.907955
114.907955
114.907942
114.907942
114.907942
114.907942
114.907942
114.907942
114.907942
114.907942
114.907942
114.907942
114.907942
114.907942
114.907942
114.907942
114.907942
114.907942
114.907942
114.907942
114.907942
114.907942
114.907942
114.907942
114.907942
114.907942
114.907942
114.907942
114.907942
114.907942
114.907942
114.907942
114.907942
114.907942
114.907942
114.907942
114.907942
114.907942
114.907942
114.907942
114.907942
114.907942
114.907942
114.907942
114.907942
114.907942
114.907942
114.907942
114.907942
114.907917
114.907917
114.907917
114.907917
114.907917
114.907917
114.907917
114.907917
114.907917
114.907917
114.907917
114.907917
114.907917
114.907917
114.907917
114.907917
114.907917
114.907917
114.907917
114.907917
114.907893
114.907893
114.907893
114.907893
114.907893
114.907893
114.907893
114.907893
114.907893
114.907893
114.907833
114.907833
114.907833
114.907833
114.907833
114.907833
114.907833
114.907833
114.907833
114.907833
114.907833
114.907833
114.907833
114.907833
114.907833
114.907833
114.907833
114.907833
114.907833
114.907833
114.907833
114.907833
114.907833
114.907833
114.907833
114.907833
114.907833
114.907833
114.907833
114.907833
114.907833
114.907833
114.907735
114.907735
114.907735
114.907735
114.907735
114.907735
114.907735
114.907735
114.907735
114.907735
114.907735
114.907735
114.907735
114.907735
114.907735
114.907735
114.907698
114.907698
114.907698
114.907698
114.907698
114.907698
114.907698
114.907698
114.907698
114.907698
114.907678
114.907678
114.907678
114.907678
114.907678
114.907678
114.907678
114.907678
114.907678
114.907678
114.907678
114.907678
114.907678
114.907678
114.907678
114.907678
114.906055
114.906055
114.906055
114.906055
114.906055
114.906055
114.906055
114.906055
114.906055
114.905903
114.905903
114.905903
114.905903
114.905903
114.905903
114.905903
114.905903
114.905903
114.905903
114.905836
114.905836
114.905836
114.905836
114.905836
114.905836
114.905836
114.905836
114.905836
114.905836
114.905836
114.905836
114.905836
114.905836
114.905836
114.905836
114.905836
114.905836
114.905836
114.905836
114.905836
114.905836
114.905836
114.905836
114.905836
114.905836
114.905836
114.905836
114.905836
114.905836
114.905836
114.905836
114.905836
114.905836
114.905836
114.905836
114.905836
114.905836
114.905836
114.905836
114.905836
114.905836
114.905836
114.905836
114.905836
114.905836
114.905836
114.905836
114.905836
114.905836
114.905836
114.905836
114.905836
114.905836
114.905836
114.905836
114.905836
114.904789
114.904789
114.904789
114.904789
114.904789
114.904789
114.904789
114.904789
114.904789
114.904789
114.904789
114.904789
114.904789
114.904789
114.904789
114.904789
114.904789
114.904789
114.904789
114.904789
114.904789
114.904789
114.904789
114.904789
114.904789
114.904789
114.904789
114.904789
114.904789
114.904789
114.904789
114.904789
114.904789
114.904789
114.904789
114.904789
114.904789
114.904789
114.904789
114.904789
114.904789
114.904789
114.904789
114.904789
114.904789
114.904789
114.904789
114.904789
114.904789
114.904789
114.904789
114.904789
114.904789
114.904789
114.904789
114.904789
114.904789
114.904789
114.904789
114.904789
114.904789
114.904789
114.904789
114.904789
114.904789
114.904789
114.904789
114.904789
114.904789
114.904789
114.904789
114.904789
114.904789
114.904789
114.904789
114.904789
114.904673
114.904673
114.904673
114.904673
114.904673
114.904673
114.904673
114.904673
114.904673
114.904338
114.904338
114.904338
114.904338
114.904338
114.904338
114.904338
114.904338
114.904338
114.904338
114.904338
114.904338
114.904338
114.904270
114.904270
114.904270
114.904270
114.904270
114.904270
114.904270
114.904270
114.904270
114.904270
114.904270
114.904270
114.904270
114.904270
114.904270
114.904270
114.904270
114.904270
114.904270
114.904270
114.904270
114.904270
114.904270
114.904270
114.904270
114.904270
114.904270
114.903935
114.903935
114.903935
114.903935
114.903935
114.903935
114.903935
114.903935
114.903935
114.903935
114.903935
114.903935
114.903935
114.903935
114.903935
114.903935
114.903935
114.903935
114.903935
114.903935
114.903935
114.903935
114.903935
114.903935
114.903935
114.903935
114.903935
114.903935
114.903935
114.903935
114.903920
114.903920
114.903920
114.903920
114.903920
114.903920
114.903920
114.903920
114.903910
114.903910
114.903853
114.903853
114.903853
114.903853
114.903853
114.903853
114.903853
114.903853
114.903853
114.903853
114.903853
114.903853
114.903853
114.903853
114.903853
114.903853
114.903853
114.903853
114.903853
114.903853
114.903853
114.903853
114.903853
114.903853
114.903853
114.903853
114.903853
114.903853
114.903853
114.903853
114.903801
114.903801
114.903801
114.903801
114.903801
114.903726
114.903726
114.903726
114.903726
114.903726
114.903593
114.903593
114.903593
114.903593
114.903593
114.903593
114.903593
114.903593
114.903245
114.903245
114.903245
114.903245
114.903245
114.903245
114.903245
114.903245
114.903245
114.903245
114.903231
114.903231
114.903231
114.903231
114.903231
114.903231
114.903231
114.903231
114.903231
114.903231
114.903231
114.903231
114.903231
114.903231
114.903231
114.903231
114.903231
114.903231
114.903231
114.903231
114.903231
114.903231
114.903231
114.903231
114.903231
114.903231
114.903231
114.903231
114.903231
114.903231
114.903231
114.903231
114.903231
114.903231
114.903231
114.903231
114.903231
114.903231
114.903231
114.903231
114.903231
114.903231
114.903231
114.903231
114.903231
114.903231
114.903231
114.903231
114.903231
114.903231
114.903231
114.903231
114.903231
114.903211
114.903211
114.903211
114.903211
114.903211
114.903211
114.903211
114.903208
114.903208
114.903208
114.903208
114.903208
114.903205
114.903205
114.903205
114.903205
114.903205
114.903205
114.903205
114.903051
114.903051
114.903051
114.903051
114.903051
114.902815
114.902815
114.902815
114.902815
114.902815
114.902815
114.902815
114.902815
114.902815
114.902815
114.902815
114.902815
114.902815
114.902815
114.902815
114.902815
114.902815
114.902815
114.902815
114.902815
114.902815
114.902815
114.902815
114.902815
114.902815
114.902729
114.902729
114.902729
114.902729
114.902729
114.902699
114.902699
114.902621
114.902621
114.902621
114.902621
114.902621
114.902621
114.902621
114.902621
114.902621
114.902621
114.902559
114.902559
114.902559
114.902559
114.902559
114.902559
114.902559
114.902559
114.902559
114.902559
114.902559
114.902559
114.902559
114.902559
114.902559
114.902559
114.902559
114.902559
114.902559
114.902559
114.902559
114.902559
114.902559
114.902559
114.902559
114.902559
114.902559
114.902559
114.902559
114.902559
114.902559
114.902559
114.902559
114.902559
114.902559
114.902559
114.902559
114.902559
114.902559
114.902559
114.902559
114.902559
114.902559
114.902478
114.902478
114.902478
114.902478
114.902478
114.902478
114.902478
114.902478
114.902478
114.902478
114.902478
114.902395
114.902395
114.902324
114.902324
114.902324
114.902324
114.902324
114.902324
114.902324
114.902324
114.902324
114.902324
114.902324
114.902324
114.902324
114.902324
114.902324
114.902324
114.902324
114.902289
114.902289
114.902289
114.902289
114.902289
114.902289
114.902289
114.902289
114.902289
114.902289
114.902289
114.902289
114.902289
114.902289
114.902289
114.902289
114.902289
114.902289
114.902289
114.902289
114.901752
114.901752
114.901752
114.901650
114.901650
114.901650
114.901650
114.901650
114.901650
114.901650
114.901650
114.901644
114.901644
114.901644
114.901644
114.901644
114.901644
114.901578
114.901578
114.901578
114.901578
114.901578
114.901578
114.901578
114.901578
114.901578
114.901578
114.901578
114.901578
114.901578
114.901302
114.901302
114.901302
114.901302
114.901302
114.901302
114.901302
114.901302
114.901302
114.901302
114.901239
114.901225
114.901225
114.901225
114.901225
114.901225
114.901225
114.901225
114.901225
114.901225
114.900805
114.900805
114.900805
114.900805
114.900805
114.900700
114.900700
114.900700
114.900700
114.900700
114.900700
114.900700
114.900700
114.900700
114.900700
114.900700
114.900700
114.900700
114.900700
114.900700
114.900700
114.900700
114.900700
114.900700
114.900700
114.900700
114.900700
114.900700
114.900700
114.900700
114.900700
114.900700
114.900700
114.900700
114.900700
114.900700
114.900700
114.900700
114.900700
114.900700
114.900700
114.900700
114.900700
114.900700
114.900700
114.900700
114.900700
114.900700
114.900700
114.900700
114.900700
114.900700
114.900700
114.900700
114.900700
114.900700
114.900700
114.900700
114.900700
114.900700
114.900700
114.900700
114.900700
114.900700
114.900700
114.900671
114.900671
114.900671
114.900671
114.900671
114.900671
114.900671
114.900671
114.900671
114.900671
114.900671
114.900671
114.900671
114.900671
114.900671
114.900441
114.900441
114.900441
114.900441
114.900441
114.900441
114.900441
114.900441
114.900430
114.900430
114.900430
114.900430
114.900430
114.900430
114.900430
114.900058
114.900058
114.900058
114.900058
114.900058
114.900058
114.900058
114.900058
114.900058
114.900058
114.900058
114.900058
114.900058
114.900058
114.900058
114.899996
114.899996
114.899996
114.899996
114.899996
114.899996
114.899996
114.899996
114.899996
114.899996
114.899996
114.899732
114.899732
114.899732
114.899732
114.899732
114.899732
114.899732
114.899732
114.899732
114.899732
114.899732
114.899732
114.899732
114.899732
114.899732
114.899732
114.899732
114.899732
114.899732
114.899732
114.899732
114.899732
114.899732
114.899732
114.899732
114.899732
114.899732
114.899732
114.899732
114.899732
114.899732
114.899732
114.899660
114.899660
114.899660
114.899660
114.899660
114.899660
114.899660
114.899660
114.899660
114.899660
114.899660
114.899660
114.899660
114.899660
114.899660
114.899660
114.899660
114.899660
114.899660
114.899660
114.899660
114.899660
114.899530
114.899530
114.899530
114.899530
114.899530
114.899530
114.899530
114.899530
114.899423
114.899423
114.899423
114.899423
114.899423
114.899423
114.899423
114.899423
114.899423
114.899423
114.899415
114.899415
114.899415
114.899415
114.899415
114.899415
114.899344
114.899344
114.899318
114.899318
114.899205
114.899205
114.899205
114.899205
114.899205
114.899205
114.899205
114.899205
114.899205
114.899205
114.899205
114.899205
114.899205
114.899205
114.899205
114.899205
114.899205
114.899205
114.899095
114.899095
114.899095
114.899095
114.899095
114.899095
114.899095
114.899095
114.899095
114.899095
114.899095
114.899095
114.899095
114.899095
114.899095
114.899095
114.899095
114.899095
114.899095
114.899095
114.899095
114.899095
114.898887
114.898887
114.898887
114.898887
114.898884
114.898884
114.898884
114.898884
114.898884
114.898884
114.898884
114.898884
114.898884
114.898884
114.898883
114.898883
114.898883
114.898883
114.898797
114.898797
114.898797
114.898797
114.898797
114.898797
114.898797
114.898797
114.898797
114.898776
114.898776
114.898776
114.898776
114.898776
114.898776
114.898776
114.898725
114.898725
114.898725
114.898725
114.898725
114.898725
114.898725
114.898725
114.898725
114.898725
114.898725
114.898725
114.898725
114.898725
114.898725
114.898725
114.898725
114.898725
114.898725
114.898725
114.898725
114.898725
114.898725
114.898725
114.898681
114.898681
114.898681
114.898681
114.898681
114.898681
114.898681
114.898681
114.898681
114.898681
114.898681
114.898681
114.898681
114.898681
114.898681
114.898681
114.898681
114.898681
114.898681
114.898681
114.898681
114.898681
114.898681
114.898681
114.898681
114.898681
114.898681
114.898681
114.898681
114.898681
114.898665
114.898665
114.898665
114.898665
114.898665
114.898665
114.898665
114.898665
114.898665
114.898665
114.898665
114.898665
114.898665
114.898665
114.898665
114.898665
114.898665
114.898665
114.898665
114.898665
114.898665
114.898665
114.898665
114.898665
114.898665
114.898665
114.898665
114.898665
114.898665
114.898665
114.898665
114.898665
114.898665
114.898665
114.898665
114.898665
114.898665
114.898665
114.898665
114.898665
114.898665
114.898665
114.898665
114.898665
114.898665
114.898665
114.898665
114.898665
114.898665
114.898665
114.898665
114.898665
114.898665
114.898665
114.898665
114.898665
114.898665
114.898665
114.898665
114.898665
114.898665
114.898665
114.898665
114.898665
114.898665
114.898665
114.898665
114.898665
114.898665
114.898665
114.898665
114.898665
114.898657
114.898657
114.898657
114.898657
114.898657
114.898657
114.898657
114.898657
114.898657
114.898657
114.898657
114.898657
114.898657
114.898657
114.898652
114.898652
114.898652
114.898652
114.898652
114.898652
114.898652
114.898652
114.898648
114.898648
114.898648
114.898648
114.898648
114.898648
114.898648
114.898648
114.898648
114.898648
114.898648
114.898648
114.898648
114.898648
114.898648
114.898648
114.898648
114.898648
114.898647
114.898647
114.898644
114.898644
114.898644
114.898644
114.898644
114.898644
114.898644
114.898644
114.898644
114.898644
114.898644
114.898644
114.898644
114.898644
114.898644
114.898644
114.898644
114.898644
114.898644
114.898644
114.898644
114.898644
114.898644
114.898644
114.898644
114.898644
114.898644
114.898644
114.898639
114.898639
114.898639
114.898639
114.898639
114.898639
114.898638
114.898638
114.898638
114.898638
114.898638
114.898638
114.898638
114.898638
114.898638
114.898638
114.898634
114.898634
114.898634
114.898634
114.898634
114.898634
114.898634
114.898634
114.898634
114.898634
114.898634
114.898634
114.898634
114.898634
114.898634
114.898634
114.898634
114.898634
114.898634
114.898634
114.898634
114.898634
114.898634
114.898634
114.898634
114.898634
114.898629
114.898629
114.898629
114.898629
114.898629
114.898629
114.898629
114.898629
114.898629
114.898629
114.898629
114.898629
114.898629
114.898629
114.898629
114.898629
114.898629
114.898629
114.898629
114.898629
114.898629
114.898629
114.898629
114.898629
114.898629
114.898629
114.898629
114.898629
114.898629
114.898629
114.898629
114.898629
114.898629
114.898629
114.898629
114.898629
114.898629
114.898629
114.898625
114.898625
114.898625
114.898625
114.898625
114.898625
114.898625
114.898625
114.898625
114.898625
114.898625
114.898625
114.898625
114.898625
114.898625
114.898625
114.898625
114.898625
114.898625
114.898625
114.898625
114.898625
114.898625
114.898625
114.898625
114.898625
114.898625
114.898625
114.898625
114.898625
114.898625
114.898625
114.898619
114.898619
114.898619
114.898619
114.898619
114.898619
114.898619
114.898619
114.898619
114.898619
114.898619
114.898619
114.898619
114.898619
114.898619
114.898619
114.898619
114.898619
114.898619
114.898619
114.898619
114.898619
114.898606
114.898606
114.898606
114.898606
114.898606
114.898606
114.898606
114.898606
114.898606
114.898606
114.898606
114.898606
114.898606
114.898606
114.898606
114.898606
114.898606
114.898606
114.898606
114.898606
114.898606
114.898606
114.898606
114.898606
114.898606
114.898606
114.898606
114.898606
114.898606
114.898606
114.898606
114.898606
114.898606
114.898606
114.898606
114.898606
114.898606
114.898606
114.898606
114.898606
114.898597
114.898597
114.898597
114.898597
114.898597
114.898597
114.898597
114.898597
114.898597
114.898597
114.898597
114.898597
114.898597
114.898597
114.898597
114.898597
114.898597
114.898597
114.898597
114.898597
114.898597
114.898597
114.898597
114.898597
114.898596
114.898596
114.898596
114.898596
114.898582
114.898582
114.898582
114.898582
114.898582
114.898582
114.898582
114.898582
114.898582
114.898582
114.898582
114.898582
114.898582
114.898582
114.898582
114.898582
114.898582
114.898582
114.898582
114.898582
114.898582
114.898582
114.898582
114.898582
114.898582
114.898582
114.898582
114.898582
114.898582
114.898582
114.898581
114.898581
114.898581
114.898581
114.898581
114.898581
114.898581
114.898581
114.898581
114.898581
114.898568
114.898568
114.898568
114.898568
114.898568
114.898568
114.898568
114.898568
114.898568
114.898568
114.898563
114.898563
114.898563
114.898563
114.898563
114.898563
114.898563
114.898563
114.898563
114.898563
114.898563
114.898563
114.898563
114.898563
114.898563
114.898563
114.898563
114.898563
114.898563
114.898563
114.898562
114.898562
114.898562
114.898562
114.898562
114.898562
114.898562
114.898562
114.898562
114.898562
114.898562
114.898562
114.898553
114.898553
114.898553
114.898553
114.898553
114.898553
114.898553
114.898553
114.898553
114.898553
114.898553
114.898553
114.898553
114.898553
114.898553
114.898553
114.898553
114.898553
114.898553
114.898553
114.898553
114.898553
114.898553
114.898553
114.898553
114.898553
114.898553
114.898553
114.898553
114.898553
114.898553
114.898553
114.898553
114.898553
114.898542
114.898542
114.898542
114.898542
114.898542
114.898542
114.898542
114.898542
114.898542
114.898542
114.898542
114.898542
114.898542
114.898542
114.898542
114.898542
114.898542
114.898542
114.898542
114.898542
114.898542
114.898542
114.898542
114.898542
114.898542
114.898542
114.898538
114.898538
114.898538
114.898538
114.898537
114.898537
114.898537
114.898537
114.898537
114.898537
114.898537
114.898537
114.898537
114.898537
114.898537
114.898537
114.898537
114.898537
114.898537
114.898537
114.898537
114.898537
114.898537
114.898537
114.898525
114.898525
114.898525
114.898525
114.898525
114.898525
114.898525
114.898525
114.898525
114.898525
114.898521
114.898521
114.898521
114.898521
114.898521
114.898521
114.898521
114.898521
114.898521
114.898521
114.898521
114.898521
114.898521
114.898521
114.898521
114.898521
114.898521
114.898521
114.898521
114.898521
114.898499
114.898499
114.898499
114.898499
114.898499
114.898499
114.898496
114.898496
114.898496
114.898496
114.898491
114.898491
114.898491
114.898491
114.898491
114.898491
114.898483
114.898480
114.898480
114.898480
114.898480
114.898480
114.898480
114.898480
114.898480
114.898480
114.898480
114.898480
114.898480
114.898480
114.898480
114.898480
114.898480
114.898480
114.898480
114.898480
114.898480
114.898471
114.898471
114.898471
114.898471
114.898471
114.898471
114.898471
114.898471
114.898471
114.898471
114.898471
114.898471
114.898471
114.898471
114.898471
114.898471
114.898471
114.898471
114.898471
114.898471
114.898471
114.898471
114.898471
114.898466
114.898466
114.898466
114.898466
114.898466
114.898466
114.898466
114.898466
114.898466
114.898466
114.898466
114.898466
114.898466
114.898466
114.898466
114.898466
114.898466
114.898466
114.898466
114.898466
114.898466
114.898466
114.898466
114.898466
114.898454
114.898454
114.898454
114.898454
114.898454
114.898454
114.898454
114.898454
114.898454
114.898454
114.898449
114.898449
114.898449
114.898449
114.898449
114.898449
114.898449
114.898449
114.898449
114.898449
114.898449
114.898449
114.898449
114.898449
114.898449
114.898449
114.898449
114.898449
114.898449
114.898449
114.898449
114.898449
114.898449
114.898449
114.898449
114.898426
114.898426
114.898426
114.898426
114.898426
114.898426
114.898426
114.898426
114.898426
114.898426
114.898426
114.898426
114.898426
114.898426
114.898426
114.898426
114.898426
114.898421
114.898421
114.898421
114.898421
114.898421
114.898421
114.898421
114.898421
114.898421
114.898421
114.898414
114.898414
114.898414
114.898414
114.898414
114.898414
114.898414
114.898414
114.898414
114.898414
114.898414
114.898414
114.898414
114.898414
114.898414
114.898414
114.898414
114.898414
114.898414
114.898414
114.898406
114.898406
114.898406
114.898376
114.898376
114.898376
114.898376
114.898376
114.898376
114.898376
114.898376
114.898376
114.898376
114.898373
114.898373
114.898373
114.898373
114.898373
114.898373
114.898373
114.898373
114.898373
114.898373
114.898373
114.898373
114.898373
114.898373
114.898373
114.898373
114.898373
114.898373
114.898373
114.898373
114.898373
114.898373
114.898373
114.898373
114.898373
114.898369
114.898369
114.898369
114.898369
114.898369
114.898369
114.898369
114.898369
114.898369
114.898369
114.898369
114.898369
114.898369
114.898355
114.898355
114.898355
114.898355
114.898355
114.898355
114.898355
114.898355
114.898355
114.898355
114.898355
114.898355
114.898355
114.898355
114.898355
114.898355
114.898355
114.898337
114.898337
114.898337
114.898337
114.898337
114.898337
114.898337
114.898337
114.898337
114.898337
114.898337
114.898337
114.898337
114.898337
114.898337
114.898337
114.898337
114.898337
114.898337
114.898337
114.898336
114.898336
114.898336
114.898336
114.898336
114.898336
114.898336
114.898336
114.898336
114.898336
114.898336
114.898336
114.898336
114.898336
114.898336
114.898336
114.898336
114.898336
114.898336
114.898336
114.898336
114.898336
114.898336
114.898336
114.898336
114.898336
114.898336
114.898336
114.898336
114.898336
114.898330
114.898330
114.898330
114.898330
114.898330
114.898330
114.898330
114.898330
114.898330
114.898330
114.898327
114.898327
114.898327
114.898327
114.898327
114.898327
114.898327
114.898327
114.898327
114.898327
114.898327
114.898327
114.898327
114.898326
114.898326
114.898326
114.898326
114.898326
114.898321
114.898321
114.898321
114.898321
114.898312
114.898312
114.898312
114.898305
114.898305
114.898305
114.898305
114.898305
114.898305
114.898305
114.898305
114.898305
114.898305
114.898305
114.898305
114.898305
114.898305
114.898305
114.898305
114.898305
114.898304
114.898304
114.898304
114.898304
114.898297
114.898297
114.898297
114.898297
114.898297
114.898297
114.898297
114.898297
114.898297
114.898297
114.898292
114.898292
114.898292
114.898292
114.898292
114.898292
114.898292
114.898292
114.898292
114.898292
114.898288
114.898288
114.898288
114.898288
114.898288
114.898288
114.898288
114.898280
114.898280
114.898280
114.898280
114.898280
114.898280
114.898280
114.898280
114.898280
114.898280
114.898280
114.898280
114.898280
114.898280
114.898280
114.898280
114.898280
114.898280
114.898280
114.898274
114.898274
114.898274
114.898274
114.898274
114.898274
114.898274
114.898274
114.898274
114.898274
114.898274
114.898274
114.898274
114.898274
114.898274
114.898274
114.898274
114.898274
114.898274
114.898274
114.898273
114.898273
114.898273
114.898273
114.898273
114.898273
114.898269
114.898269
114.898269
114.898269
114.898269
114.898269
114.898269
114.898269
114.898269
114.898269
114.898269
114.898269
114.898269
114.898269
114.898269
114.898269
114.898269
114.898269
114.898269
114.898269
114.898269
114.898269
114.898269
114.898269
114.898269
114.898269
114.898269
114.898269
114.898269
114.898269
114.898269
114.898269
114.898269
114.898269
114.898269
114.898269
114.898269
114.898269
114.898269
114.898269
114.898269
114.898269
114.898269
114.898269
114.898269
114.898269
114.898269
114.898269
114.898269
114.898269
114.898269
114.898269
114.898269
114.898269
114.898269
114.898269
114.898269
114.898269
114.898269
114.898269
114.898265
114.898265
114.898265
114.898265
114.898265
114.898265
114.898265
114.898265
114.898265
114.898265
114.898265
114.898265
114.898265
114.898265
114.898254
114.898254
114.898254
114.898254
114.898254
114.898254
114.898254
114.898254
114.898254
114.898254
114.898254
114.898254
114.898254
114.898254
114.898253
114.898253
114.898253
114.898253
114.898253
114.898253
114.898248
114.898248
114.898248
114.898248
114.898248
114.898248
114.898248
114.898248
114.898241
114.898241
114.898241
114.898241
114.898241
114.898241
114.898241
114.898241
114.898236
114.898236
114.898219
114.898219
114.898219
114.898219
114.898219
114.898219
114.898219
114.898219
114.898219
114.898219
114.898219
114.898219
114.898207
114.898207
114.898207
114.898207
114.898207
114.898207
114.898207
114.898207
114.898207
114.898207
114.898207
114.898207
114.898207
114.898207
114.898207
114.898207
114.898207
114.898207
114.898207
114.898207
114.898207
114.898207
114.898207
114.898207
114.898207
114.898207
114.898207
114.898207
114.898207
114.898207
114.898181
114.898181
114.898181
114.898181
114.898181
114.898181
114.898181
114.898181
114.898181
114.898181
114.898181
114.898181
114.898181
114.898181
114.898181
114.898181
114.898181
114.898181
114.898181
114.898181
114.898181
114.898181
114.898181
114.898181
114.898168
114.898168
114.898168
114.898168
114.898168
114.898168
114.898168
114.898168
114.898168
114.898168
114.898168
114.898168
114.898166
114.898166
114.898166
114.898166
114.898166
114.898166
114.898166
114.898166
114.898166
114.898166
114.898164
114.898164
114.898164
114.898164
114.898164
114.898164
114.898164
114.898164
114.898164
114.898164
114.898126
114.898126
114.898126
114.898126
114.898126
114.898126
114.898126
114.898126
114.898126
114.898126
114.898126
114.898126
114.898126
114.898126
114.898126
114.898126
114.898126
114.898126
114.898126
114.898126
114.898086
114.898086
114.898086
114.898086
114.898086
114.898086
114.898086
114.898086
114.898086
114.898086
114.898085
114.898085
114.898085
114.898085
114.898085
114.898085
114.898085
114.898085
114.898085
114.898085
114.898085
114.898085
114.898085
114.898085
114.898085
114.898085
114.898085
114.898085
114.898055
114.898055
114.898055
114.898055
114.898055
114.898055
114.898049
114.898049
114.898049
114.898049
114.898049
114.898049
114.898049
114.898049
114.898040
114.898040
114.898040
114.898040
114.898040
114.898040
114.898040
114.898040
114.898040
114.898040
114.898040
114.898040
114.898040
114.898040
114.898040
114.898040
114.898040
114.898040
114.898000
114.898000
114.898000
114.898000
114.898000
114.898000
114.898000
114.898000
114.898000
114.898000
114.898000
114.898000
114.898000
114.898000
114.898000
114.898000
114.898000
114.898000
114.898000
114.898000
114.897999
114.897999
114.897999
114.897999
114.897999
114.897999
114.897979
114.897979
114.897979
114.897979
114.897979
114.897979
114.897969
114.897969
114.897969
114.897969
114.897969
114.897949
114.897949
114.897949
114.897949
114.897949
114.897949
114.897949
114.897949
114.897949
114.897949
114.897924
114.897924
114.897924
114.897924
114.897924
114.897924
114.897924
114.897924
114.897924
114.897924
114.897874
114.897874
114.897874
114.897874
114.897874
114.897874
114.897874
114.897874
114.897874
114.897874
114.897874
114.897874
114.897874
114.897874
114.897874
114.897874
114.897874
114.897874
114.897874
114.897874
114.897874
114.897874
114.897874
114.897829
114.897829
114.897829
114.897829
114.897829
114.897829
114.897829
114.897829
114.897829
114.897829
114.897815
114.897815
114.897815
114.897815
114.897815
114.897815
114.897815
114.897732
114.897732
114.897732
114.897732
114.897732
114.897732
114.897732
114.897732
114.897732
114.897732
114.897732
114.897732
114.897732
114.897732
114.897732
114.897732
114.897732
114.897732
114.897732
114.897732
114.897732
114.897721
114.897721
114.897721
114.897721
114.897592
114.897592
114.897592
114.897592
114.897592
114.897592
114.897592
114.897592
114.897592
114.897592
114.897592
114.897592
114.897592
114.897592
114.897592
114.897592
114.897592
114.897592
114.897592
114.897592
114.897592
114.897592
114.897592
114.897592
114.897555
114.897555
114.897555
114.897555
114.897555
114.897555
114.897555
114.897555
114.897555
114.897555
114.897555
114.897555
114.897555
114.897555
114.897555
114.897555
114.897555
114.897555
114.897555
114.897555
114.897555
114.897555
114.897555
114.897555
114.897555
114.897555
114.897555
114.897555
114.897524
114.897524
114.897486
114.897486
114.897486
114.897486
114.897413
114.897413
114.897413
114.897413
114.897413
114.897413
114.897413
114.897413
114.897413
114.897413
114.897413
114.897413
114.897413
114.897413
114.897396
114.897396
114.897396
114.897396
114.897396
114.897396
114.897396
114.897396
114.897396
114.897396
114.897338
114.897338
114.897276
114.897276
114.897276
114.897276
114.897276
114.897276
114.897276
114.897276
114.897276
114.897231
114.897231
114.897231
114.897231
114.897231
114.897231
114.897231
114.897231
114.897231
114.897231
114.897231
114.897231
114.897231
114.897231
114.897231
114.897231
114.897231
114.897231
114.897231
114.897231
114.897231
114.897139
114.897139
114.897139
114.897139
114.897139
114.897139
114.897139
114.897139
114.897139
114.897139
114.897099
114.897099
114.897099
114.897099
114.897099
114.897099
114.897099
114.897099
114.897099
114.897082
114.897082
114.897082
114.897082
114.897082
114.897082
114.897082
114.897068
114.897068
114.897068
114.897068
114.897068
114.897068
114.897068
114.897068
114.897068
114.897068
114.897068
114.897068
114.897060
114.897060
114.897060
114.897060
114.897060
114.897060
114.897060
114.897060
114.897060
114.897060
114.897010
114.897010
114.897010
114.897010
114.897010
114.897010
114.897010
114.897010
114.897010
114.897010
114.897010
114.897010
114.897010
114.897010
114.897010
114.897010
114.897010
114.897010
114.897010
114.897010
114.897010
114.897010
114.897010
114.897010
114.897010
114.897010
114.897010
114.897010
114.897010
114.897010
114.897010
114.897010
114.897010
114.897010
114.897010
114.897010
114.896919
114.896919
114.896919
114.896919
114.896919
114.896919
114.896919
114.896919
114.896919
114.896919
114.896919
114.896919
114.896919
114.896919
114.896919
114.896919
114.896919
114.896919
114.896919
114.896919
114.896919
114.896919
114.896919
114.896919
114.896919
114.896919
114.896919
114.896919
114.896919
114.896919
114.896919
114.896919
114.896919
114.896919
114.896910
114.896910
114.896910
114.896910
114.896910
114.896910
114.896910
114.896910
114.896910
114.896910
114.896910
114.896910
114.896910
114.896910
114.896910
114.896910
114.896875
114.896875
114.896875
114.896875
114.896875
114.896875
114.896875
114.896875
114.896875
114.896875
114.896875
114.896875
114.896834
114.896834
114.896834
114.896834
114.896834
114.896834
114.896832
114.896832
114.896832
114.896832
114.896832
114.896832
114.896832
114.896832
114.896832
114.896832
114.896829
114.896829
114.896829
114.896829
114.896826
114.896826
114.896826
114.896826
114.896826
114.896826
114.896826
114.896826
114.896826
114.896826
114.896822
114.896822
114.896822
114.896822
114.896817
114.896817
114.896817
114.896817
114.896817
114.896817
114.896817
114.896817
114.896817
114.896817
114.896817
114.896816
114.896816
114.896816
114.896816
114.896816
114.896816
114.896816
114.896816
114.896816
114.896816
114.896816
114.896816
114.896816
114.896816
114.896816
114.896816
114.896816
114.896816
114.896816
114.896816
114.896816
114.896816
114.896816
114.896816
114.896816
114.896816
114.896816
114.896816
114.896816
114.896816
114.896816
114.896816
114.896816
114.896816
114.896816
114.896816
114.896816
114.896816
114.896816
114.896816
114.896816
114.896816
114.896816
114.896816
114.896816
114.896816
114.896816
114.896816
114.896816
114.896816
114.896816
114.896816
114.896816
114.896816
114.896816
114.896816
114.896816
114.896816
114.896816
114.896816
114.896816
114.896816
114.896816
114.896816
114.896816
114.896816
114.896816
114.896816
114.896816
114.896816
114.896816
114.896816
114.896816
114.896816
114.896816
114.896816
114.896816
114.896816
114.896816
114.896816
114.896816
114.896816
114.896816
114.896816
114.896816
114.896816
114.896816
114.896816
114.896816
114.896816
114.896816
114.896816
114.896816
114.896816
114.896816
114.896816
114.896816
114.896816
114.896816
114.896816
114.896816
114.896816
114.896816
114.896816
114.896816
114.896816
114.896816
114.896816
114.896816
114.896816
114.896816
114.896816
114.896816
114.896816
114.896816
114.896816
114.896816
114.896816
114.896816
114.896816
114.896816
114.896816
114.896816
114.896816
114.896816
114.896816
114.896816
114.896816
114.896816
114.896816
114.896816
114.896816
114.896816
114.896816
114.896816
114.896816
114.896816
114.896816
114.896816
114.896816
114.896816
114.896816
114.896816
114.896816
114.896816
114.896816
114.896816
114.896816
114.896816
114.896816
114.896816
114.896816
114.896816
114.896816
114.896816
114.896816
114.896816
114.896816
114.896816
114.896816
114.896816
114.896816
114.896816
114.896816
114.896816
114.896816
114.896816
114.896816
114.896816
114.896816
114.896816
114.896816
114.896816
114.896816
114.896816
114.896816
114.896816
114.896816
114.896816
114.896816
114.896816
114.896816
114.896816
114.896816
114.896816
114.896816
114.896816
114.896816
114.896816
114.896815
114.896815
114.896815
114.896815
114.896815
114.896815
114.896815
114.896815
114.896815
114.896815
114.896815
114.896815
114.896815
114.896815
114.896815
114.896815
114.896815
114.896815
114.896815
114.896815
114.896815
114.896815
114.896815
114.896815
114.896815
114.896815
114.896815
114.896815
114.896815
114.896815
114.896815
114.896815
114.896815
114.896815
114.896815
114.896815
114.896815
114.896815
114.896815
114.896815
114.896815
114.896815
114.896815
114.896815
114.896815
114.896815
114.896815
114.896815
114.896815
114.896815
114.896815
114.896815
114.896815
114.896815
114.896815
114.896815
114.896815
114.896815
114.896815
114.896815
114.896815
114.896815
114.896815
114.896815
114.896814
114.896814
114.896814
114.896814
114.896814
114.896814
114.896814
114.896814
114.896814
114.896814
114.896814
114.896814
114.896814
114.896814
114.896814
114.896814
114.896814
114.896814
114.896814
114.896814
114.896814
114.896814
114.896814
114.896814
114.896814
114.896814
114.896814
114.896814
114.896814
114.896814
114.896814
114.896814
114.896814
114.896814
114.896814
114.896814
114.896814
114.896814
114.896814
114.896814
114.896814
114.896814
114.896814
114.896814
114.896814
114.896814
114.896814
114.896814
114.896814
114.896814
114.896814
114.896814
114.896814
114.896814
114.896814
114.896814
114.896814
114.896814
114.896814
114.896814
114.896814
114.896814
114.896814
114.896814
114.896814
114.896814
114.896814
114.896814
114.896814
114.896814
114.896814
114.896814
114.896814
114.896814
114.896814
114.896814
114.896814
114.896814
114.896814
114.896814
114.896814
114.896814
114.896814
114.896814
114.896814
114.896814
114.896814
114.896814
114.896814
114.896814
114.896813
114.896813
114.896813
114.896813
114.896813
114.896813
114.896813
114.896813
114.896813
114.896813
114.896813
114.896813
114.896813
114.896813
114.896813
114.896813
114.896813
114.896813
114.896813
114.896813
114.896813
114.896813
114.896812
114.896812
114.896812
114.896812
114.896812
114.896812
114.896812
114.896812
114.896812
114.896812
114.896812
114.896812
114.896812
114.896812
114.896812
114.896812
114.896812
114.896812
114.896812
114.896812
114.896812
114.896812
114.896812
114.896812
114.896812
114.896812
114.896812
114.896812
114.896812
114.896812
114.896812
114.896812
114.896811
114.896811
114.896811
114.896811
114.896811
114.896811
114.896811
114.896811
114.896811
114.896811
114.896811
114.896811
114.896811
114.896811
114.896811
114.896811
114.896811
114.896811
114.896809
114.896809
114.896809
114.896809
114.896809
114.896809
114.896809
114.896809
114.896809
114.896809
114.896809
114.896809
114.896809
114.896809
114.896809
114.896809
114.896809
114.896809
114.896809
114.896809
114.896807
114.896807
114.896807
114.896807
114.896807
114.896807
114.896807
114.896807
114.896807
114.896807
114.896807
114.896807
114.896807
114.896807
114.896807
114.896807
114.896807
114.896807
114.896807
114.896807
114.896807
114.896807
114.896807
114.896807
114.896807
114.896807
114.896807
114.896807
114.896807
114.896807
114.896804
114.896804
114.896804
114.896804
114.896804
114.896804
114.896804
114.896804
114.896804
114.896804
114.896804
114.896804
114.896804
114.896804
114.896804
114.896804
114.896804
114.896804
114.896804
114.896804
114.896804
114.896804
114.896804
114.896804
114.896804
114.896804
114.896804
114.896804
114.896804
114.896804
114.896803
114.896803
114.896803
114.896803
114.896803
114.896803
114.896803
114.896803
114.896803
114.896803
114.896803
114.896803
114.896803
114.896803
114.896803
114.896803
114.896803
114.896803
114.896803
114.896803
114.896802
114.896802
114.896802
114.896802
114.896802
114.896802
114.896802
114.896802
114.896802
114.896802
114.896802
114.896802
114.896802
114.896802
114.896802
114.896802
114.896802
114.896802
114.896801
114.896801
114.896801
114.896801
114.896801
114.896801
114.896801
114.896801
114.896800
114.896800
114.896800
114.896800
114.896800
114.896800
114.896800
114.896800
114.896798
114.896798
114.896798
114.896798
114.896798
114.896798
114.896798
114.896798
114.896798
114.896798
114.896798
114.896798
114.896798
114.896798
114.896797
114.896797
114.896797
114.896797
114.896797
114.896797
114.896797
114.896797
114.896797
114.896797
114.896794
114.896794
114.896794
114.896794
114.896794
114.896794
114.896794
114.896794
114.896794
114.896794
114.896794
114.896794
114.896794
114.896794
114.896794
114.896794
114.896794
114.896794
114.896792
114.896792
114.896789
114.896789
114.896789
114.896789
114.896789
114.896789
114.896789
114.896789
114.896788
114.896788
114.896788
114.896788
114.896788
114.896788
114.896788
114.896788
114.896788
114.896788
114.896788
114.896788
114.896788
114.896788
114.896788
114.896788
114.896788
114.896788
114.896786
114.896786
114.896786
114.896786
114.896786
114.896786
114.896786
114.896786
114.896786
114.896786
114.896784
114.896784
114.896784
114.896784
114.896780
114.896780
114.896780
114.896780
114.896780
114.896780
114.896780
114.896780
114.896780
114.896780
114.896780
114.896780
114.896780
114.896780
114.896780
114.896780
114.896780
114.896780
114.896780
114.896780
114.896780
114.896780
114.896780
114.896780
114.896780
114.896780
114.896780
114.896778
114.896778
114.896778
114.896778
114.896778
114.896778
114.896778
114.896778
114.896767
114.896767
114.896767
114.896767
114.896767
114.896767
114.896767
114.896767
114.896767
114.896767
114.896767
114.896767
114.896767
114.896767
114.896767
114.896767
114.896767
114.896767
114.896767
114.896767
114.896767
114.896767
114.896767
114.896767
114.896767
114.896767
114.896767
114.896767
114.896767
114.896767
114.896767
114.896767
114.896767
114.896767
114.896767
114.896767
114.896767
114.896767
114.896767
114.896767
114.896767
114.896767
114.896767
114.896765
114.896765
114.896765
114.896765
114.896765
114.896765
114.896765
114.896765
114.896765
114.896765
114.896762
114.896762
114.896762
114.896762
114.896759
114.896759
114.896759
114.896759
114.896759
114.896759
114.896759
114.896759
114.896759
114.896759
114.896756
114.896756
114.896756
114.896755
114.896755
114.896755
114.896755
114.896755
114.896755
114.896755
114.896755
114.896755
114.896755
114.896751
114.896751
114.896751
114.896751
114.896751
114.896751
114.896751
114.896751
114.896751
114.896751
114.896751
114.896751
114.896751
114.896751
114.896751
114.896751
114.896751
114.896751
114.896751
114.896751
114.896751
114.896751
114.896751
114.896751
114.896751
114.896751
114.896751
114.896751
114.896751
114.896751
114.896748
114.896748
114.896748
114.896748
114.896748
114.896748
114.896748
114.896748
114.896748
114.896748
114.896748
114.896748
114.896748
114.896748
114.896748
114.896748
114.896748
114.896748
114.896748
114.896748
114.896748
114.896748
114.896748
114.896748
114.896748
114.896748
114.896748
114.896748
114.896748
114.896748
114.896748
114.896748
114.896748
114.896748
114.896748
114.896748
114.896748
114.896748
114.896748
114.896748
114.896748
114.896748
114.896747
114.896747
114.896747
114.896747
114.896747
114.896747
114.896747
114.896747
114.896747
114.896747
114.896747
114.896747
114.896747
114.896747
114.896747
114.896747
114.896747
114.896747
114.896742
114.896742
114.896742
114.896742
114.896742
114.896740
114.896740
114.896740
114.896740
114.896740
114.896740
114.896740
114.896740
114.896740
114.896740
114.896739
114.896739
114.896739
114.896739
114.896739
114.896739
114.896739
114.896739
114.896739
114.896739
114.896739
114.896739
114.896739
114.896739
114.896739
114.896739
114.896737
114.896737
114.896737
114.896737
114.896734
114.896734
114.896734
114.896734
114.896734
114.896734
114.896734
114.896734
114.896734
114.896734
114.896734
114.896734
114.896734
114.896734
114.896734
114.896734
114.896734
114.896734
114.896734
114.896734
114.896734
114.896734
114.896734
114.896734
114.896734
114.896734
114.896734
114.896734
114.896734
114.896734
114.896734
114.896734
114.896734
114.896734
114.896734
114.896734
114.896734
114.896734
114.896734
114.896734
114.896734
114.896734
114.896734
114.896734
114.896734
114.896734
114.896734
114.896733
114.896733
114.896733
114.896733
114.896733
114.896733
114.896733
114.896733
114.896727
114.896727
114.896727
114.896727
114.896727
114.896727
114.896727
114.896727
114.896727
114.896727
114.896727
114.896727
114.896727
114.896727
114.896727
114.896727
114.896727
114.896727
114.896727
114.896727
114.896727
114.896727
114.896727
114.896725
114.896725
114.896723
114.896723
114.896723
114.896723
114.896723
114.896723
114.896723
114.896723
114.896723
114.896723
114.896721
114.896721
114.896721
114.896721
114.896721
114.896721
114.896721
114.896721
114.896721
114.896721
114.896721
114.896721
114.896721
114.896721
114.896715
114.896715
114.896715
114.896715
114.896715
114.896715
114.896714
114.896714
114.896714
114.896714
114.896714
114.896714
114.896714
114.896714
114.896714
114.896714
114.896714
114.896714
114.896714
114.896714
114.896714
114.896714
114.896714
114.896714
114.896701
114.896701
114.896701
114.896701
114.896700
114.896700
114.896700
114.896700
114.896700
114.896700
114.896700
114.896700
114.896697
114.896697
114.896697
114.896697
114.896697
114.896697
114.896697
114.896697
114.896697
114.896697
114.896697
114.896697
114.896697
114.896697
114.896697
114.896687
114.896687
114.896687
114.896687
114.896687
114.896687
114.896687
114.896687
114.896687
114.896687
114.896687
114.896687
114.896687
114.896687
114.896687
114.896687
114.896687
114.896687
114.896687
114.896687
114.896687
114.896687
114.896687
114.896687
114.896687
114.896687
114.896687
114.896687
114.896687
114.896687
114.896687
114.896687
114.896687
114.896687
114.896687
114.896687
114.896687
114.896687
114.896687
114.896687
114.896679
114.896679
114.896679
114.896679
114.896679
114.896679
114.896679
114.896679
114.896679
114.896679
114.896679
114.896679
114.896679
114.896679
114.896679
114.896679
114.896679
114.896679
114.896679
114.896679
114.896679
114.896679
114.896679
114.896679
114.896679
114.896679
114.896679
114.896672
114.896672
114.896672
114.896672
114.896672
114.896672
114.896672
114.896672
114.896672
114.896672
114.896672
114.896672
114.896672
114.896672
114.896671
114.896671
114.896671
114.896671
114.896671
114.896671
114.896671
114.896671
114.896671
114.896671
114.896671
114.896671
114.896671
114.896671
114.896651
114.896651
114.896651
114.896651
114.896651
114.896651
114.896651
114.896651
114.896651
114.896651
114.896651
114.896651
114.896651
114.896651
114.896651
114.896651
114.896651
114.896651
114.896651
114.896651
114.896651
114.896651
114.896645
114.896645
114.896645
114.896645
114.896645
114.896645
114.896645
114.896645
114.896645
114.896645
114.896645
114.896645
114.896645
114.896645
114.896641
114.896632
114.896632
114.896632
114.896632
114.896632
114.896623
114.896623
114.896623
114.896623
114.896623
114.896623
114.896623
114.896623
114.896623
114.896623
114.896622
114.896622
114.896622
114.896622
114.896622
114.896622
114.896622
114.896622
114.896622
114.896622
114.896622
114.896622
114.896622
114.896622
114.896622
114.896622
114.896622
114.896622
114.896622
114.896622
114.896610
114.896610
114.896610
114.896591
114.896591
114.896591
114.896591
114.896591
114.896591
114.896591
114.896591
114.896591
114.896586
114.896586
114.896586
114.896586
114.896586
114.896586
114.896586
114.896586
114.896586
114.896586
114.896569
114.896569
114.896569
114.896569
114.896569
114.896569
114.896569
114.896569
114.896569
114.896569
114.896569
114.896569
114.896567
114.896567
114.896567
114.896567
114.896547
114.896547
114.896547
114.896547
114.896547
114.896547
114.896547
114.896547
114.896547
114.896547
114.896547
114.896547
114.896547
114.896547
114.896547
114.896547
114.896547
114.896547
114.896547
114.896547
114.896547
114.896547
114.896547
114.896547
114.896547
114.896547
114.896547
114.896547
114.896547
114.896547
114.896503
114.896503
114.896503
114.896503
114.896503
114.896503
114.896503
114.896503
114.896503
114.896503
114.896498
114.896498
114.896498
114.896498
114.896498
114.896490
114.896490
114.896490
114.896490
114.896490
114.896490
114.896490
114.896490
114.896490
114.896490
114.896450
114.896450
114.896450
114.896450
114.896450
114.896450
114.896450
114.896450
114.896450
114.896450
114.896450
114.896450
114.896450
114.896450
114.896450
114.896450
114.896450
114.896450
114.896450
114.896450
114.896450
114.896450
114.896450
114.896450
114.896450
114.896450
114.896450
114.896450
114.896450
114.896435
114.896435
114.896435
114.896427
114.896427
114.896427
114.896427
114.896427
114.896427
114.896427
114.896427
114.896427
114.896427
114.896427
114.896427
114.896427
114.896427
114.896427
114.896427
114.896427
114.896345
114.896345
114.896345
114.896345
114.896345
114.896345
114.896345
114.896345
114.896345
114.896345
114.896345
114.896345
114.896345
114.896345
114.896345
114.896345
114.896345
114.896345
114.896345
114.896345
114.896345
114.896345
114.896345
114.896345
114.896345
114.896345
114.896345
114.896345
114.896345
114.896345
114.896345
114.896345
114.896345
114.896345
114.896345
114.896345
114.896345
114.896345
114.896345
114.896345
114.896345
114.896345
114.896345
114.896345
114.896345
114.896345
114.896345
114.896345
114.896345
114.896345
114.896345
114.896345
114.896345
114.896345
114.896345
114.896345
114.896345
114.896345
114.896345
114.896345
114.896339
114.896339
114.896339
114.896339
114.896339
114.896339
114.896333
114.896333
114.896333
114.896333
114.896333
114.896333
114.896333
114.896333
114.896333
114.896333
114.896333
114.896333
114.896333
114.896333
114.896333
114.896333
114.896333
114.896333
114.896333
114.896333
114.896333
114.896333
114.896333
114.896333
114.896305
114.896305
114.896305
114.896305
114.896305
114.896305
114.896305
114.896305
114.896305
114.896305
114.896263
114.896263
114.896263
114.896263
114.896263
114.896263
114.896263
114.896263
114.896263
114.896263
114.896263
114.896263
114.896263
114.896263
114.896263
114.896263
114.896263
114.896263
114.896263
114.896263
114.896263
114.896263
114.896263
114.896263
114.896263
114.896263
114.896167
114.896167
114.896167
114.896167
114.896167
114.896167
114.896167
114.896167
114.896167
114.896167
114.896167
114.896167
114.896167
114.896167
114.896141
114.896141
114.896141
114.896141
114.896141
114.896141
114.896141
114.896141
114.896141
114.896141
114.896141
114.896141
114.896141
114.896141
114.896141
114.896141
114.896141
114.896141
114.896141
114.896141
114.896141
114.896141
114.896093
114.896093
114.896093
114.896093
114.896093
114.896093
114.896093
114.896093
114.896093
114.896093
114.896093
114.896093
114.896093
114.896093
114.896093
114.896093
114.896093
114.896093
114.896093
114.896093
114.896093
114.896093
114.896093
114.896093
114.896093
114.896093
114.896093
114.896093
114.896093
114.896093
114.896093
114.896055
114.896055
114.896055
114.896055
114.896055
114.896055
114.896055
114.896055
114.896055
114.896055
114.896055
114.896055
114.896055
114.895937
114.895937
114.895937
114.895937
114.895937
114.895937
114.895937
114.895937
114.895937
114.895937
114.895937
114.895937
114.895937
114.895937
114.895937
114.895937
114.895937
114.895937
114.895937
114.895937
114.895937
114.895937
114.895937
114.895937
114.895937
114.895937
114.895937
114.895937
114.895889
114.895889
114.895889
114.895889
114.895889
114.895889
114.895889
114.895889
114.895889
114.895889
114.895797
114.895797
114.895797
114.895797
114.895797
114.895797
114.895797
114.895797
114.895797
114.895797
114.895797
114.895797
114.895797
114.895797
114.895797
114.895797
114.895797
114.895797
114.895797
114.895776
114.895776
114.895776
114.895681
114.895681
114.895681
114.895681
114.895681
114.895681
114.895681
114.895681
114.895681
114.895681
114.895681
114.895681
114.895681
114.895681
114.895681
114.895681
114.895681
114.895681
114.895626
114.895626
114.895626
114.895626
114.895626
114.895626
114.895626
114.895626
114.895626
114.895626
114.895626
114.895626
114.895626
114.895626
114.895626
114.895626
114.895626
114.895626
114.895626
114.895565
114.895565
114.895565
114.895565
114.895565
114.895565
114.895565
114.895565
114.895519
114.895519
114.895519
114.895519
114.895519
114.895519
114.895519
114.895519
114.895519
114.895519
114.895519
114.895519
114.895519
114.895519
114.895519
114.895386
114.895386
114.895386
114.895386
114.895386
114.895386
114.895386
114.895386
114.895386
114.895386
114.895375
114.895375
114.895375
114.895375
114.895375
114.895375
114.895330
114.895293
114.895293
114.895293
114.895293
114.895293
114.895293
114.895293
114.895293
114.895293
114.895231
114.895231
114.895231
114.895231
114.895231
114.895231
114.895231
114.895231
114.895231
114.895231
114.895231
114.895231
114.895231
114.895231
114.895231
114.895231
114.895231
114.895231
114.895231
114.895231
114.895231
114.895193
114.895053
114.895053
114.895053
114.895053
114.894960
114.894960
114.894960
114.894960
114.894960
114.894960
114.894960
114.894960
114.894960
114.894960
114.894960
114.894960
114.894960
114.894960
114.894960
114.894960
114.894960
114.894960
114.894813
114.894813
114.894813
114.894813
114.894813
114.894813
114.894813
114.894813
114.894813
114.894813
114.894813
114.894813
114.894813
114.894813
114.894813
114.894813
114.894813
114.894813
114.894813
114.894813
114.894813
114.894813
114.894813
114.894813
114.894813
114.894716
114.894716
114.894716
114.894651
114.894651
114.894651
114.894651
114.894651
114.894651
114.894651
114.894651
114.894651
114.894651
114.894651
114.894651
114.894651
114.894651
114.894651
114.894651
114.894651
114.894651
114.894651
114.894651
114.894562
114.894562
114.894562
114.894562
114.894498
114.894498
114.894498
114.894498
114.894498
114.894498
114.894498
114.894498
114.894498
114.894498
114.894498
114.894498
114.894498
114.894477
114.894477
114.894477
114.894477
114.894477
114.894477
114.894477
114.894477
114.894477
114.894477
114.894477
114.894477
114.894477
114.894477
114.894477
114.894298
114.894298
114.894298
114.894298
114.894298
114.894241
114.894241
114.894241
114.894241
114.894241
114.894241
114.894241
114.894012
114.894012
114.894012
114.894012
114.893739
114.893739
114.893739
114.893739
114.893739
114.893739
114.893739
114.893739
114.893739
114.893739
114.893739
114.893739
114.893739
114.893739
114.893363
114.893363
114.893051
114.893051
114.893051
114.893051
114.893051
114.893051
114.893051
114.893051
114.893051
114.893051
114.893051
114.893051
114.893051
114.893051
114.893051
114.893051
114.893051
114.893051
114.893051
114.893051
114.893051
114.893051
114.893051
114.893051
114.893051
114.893051
114.893051
114.893051
114.893051
114.893051
114.893051
114.893051
114.893051
114.893051
114.893051
114.893051
114.893051
114.893051
114.893051
114.893051
114.893051
114.893051
114.893051
114.893051
114.893051
114.892422
114.892422
114.892422
114.892057
114.892057
114.892057
114.892057
114.892057
114.892057
114.892057
114.892057
114.892057
114.892057
114.892057
114.892057
114.892057
114.892057
114.892057
114.892057
114.892057
114.892057
114.892057
114.892057
114.892057
114.892057
114.892057
114.892057
114.892057
114.892057
114.892057
114.892057
114.892057
114.892057
114.892057
114.892057
114.891977
114.891977
114.891977
114.891977
114.891977
114.891385
114.891385
114.891385
114.891385
114.891385
114.891385
114.891385
114.891385
114.891385
114.891385
114.891385
114.891385
114.891385
114.891385
114.891385
114.891385
114.891385
114.891385
114.891385
114.891385
114.891385
114.891195
114.891195
114.891195
114.891195
114.891195
114.891195
114.891195
114.890647
114.890647
114.890647
114.889718
114.889718
114.889718
114.889718
114.889718
114.889718
114.889718
114.889718
114.889718
114.889718
114.889718
114.889718
114.889718
114.889718
114.889718
114.889718
114.889718
114.889718
114.889718
114.889718
114.889718
114.889718
114.889718
114.889718
114.889718
114.889718
114.889718
114.889718
114.889718
114.889718
114.889718
114.889718
114.889718
114.889718
114.889718
114.889718
114.889718
114.889718
114.889718
114.889718
114.889718
114.889718
114.889718
114.889718
114.889718
114.889718
114.889718
114.889718
114.889718
114.889718
114.889718
114.889718
114.889718
114.889718
114.889718
114.889718
114.889718
114.889718
114.889718
114.889718
114.889718
114.889718
114.889718
114.889718
114.889718
114.889718
114.889718
114.889718
114.889718
114.889718
114.889718
114.889718
114.889718
114.889718
114.889718
114.889718
114.889718
114.889718
114.889718
114.889718
114.889718
114.889718
114.889718
114.889718
114.889718
114.889718
114.889718
114.889626
114.889626
114.889626
114.889626
114.889626
114.889626
114.889626
114.889626
114.889626
114.889626
114.889626
114.889626
114.889626
114.889626
114.889626
114.889626
114.889626
114.889626
114.889626
114.889626
114.889626
114.889626
114.889626
114.889626
114.889626
114.889626
114.889626
114.889626
114.889626
114.889626
114.889626
114.889626
114.889350
114.889350
114.889350
114.889350
114.889350
114.889350
114.889350
114.889293
114.889293
114.889293
114.889293
114.889293
114.889293
114.889293
114.889293
114.889293
114.889293
114.889293
114.889293
114.889293
114.889293
114.889293
114.889293
114.889293
114.889293
114.889293
114.889293
114.889046
114.889046
114.889046
114.889046
114.889046
114.889046
114.889046
114.889046
114.889046
114.889046
114.889046
114.889046
114.888515
114.888515
114.888515
114.888515
114.888515
114.888515
114.888515
114.888515
114.888515
114.888515
114.888515
114.888515
114.888515
114.888515
114.888515
114.888515
114.888515
114.888515
114.888515
114.888469
114.888469
114.888469
114.888469
114.888469
114.888225
114.888225
114.888225
114.888225
114.888225
114.888225
114.888225
114.888225
114.888225
114.888225
114.887063
114.887063
114.887063
114.887063
114.887063
114.887063
114.887063
114.887063
114.887063
114.887063
114.887063
114.887063
114.887063
114.887063
114.887063
114.887063
114.887063
114.887063
114.887063
114.887063
114.886745
114.886745
114.886745
114.886745
114.886745
114.886745
114.886745
114.886745
114.886745
114.886745
114.886745
114.886745
114.886745
114.886745
114.886745
114.886745
114.886745
114.886745
114.886745
114.886745
114.886745
114.886745
114.886745
114.886745
114.886745
114.886745
114.886745
114.886745
114.886745
114.886745
114.886745
114.886745
114.886745
114.886745
114.886745
114.886745
114.885634
114.885634
114.885634
114.885634
114.885634
114.885634
114.885634
114.885634
114.885634
114.885634
114.885634
114.885634
114.885634
114.885634
114.885634
114.885634
114.885634
114.885634
114.885634
114.885634
114.885634
114.885634
114.885634
114.885634
114.885634
114.885634
114.885634
114.885634
114.885634
114.885634
114.885634
114.885634
114.885634
114.885634
114.885634
114.885634
114.885634
114.885634
114.885634
114.885634
114.885634
114.885634
114.885634
114.885634
114.885634
114.885634
114.885634
114.885634
114.885634
114.885634
114.885634
114.885634
114.885634
114.885634
114.885634
114.885634
114.885634
114.885634
114.885634
114.885634
114.885634
114.885634
114.885634
114.885634
114.885103
114.885103
114.885103
114.885103
114.885103
114.885103
114.885103
114.885103
114.885103
114.885103
114.885103
114.885103
114.885103
114.885103
114.885103
114.885103
114.885103
114.885103
114.885103
114.885103
114.885103
114.885103
114.885103
114.885103
114.885103
114.885103
114.885103
114.885103
114.885103
114.885103
114.885103
114.885103
114.885103
114.885103
114.885103
114.885103
114.885103
114.885103
114.885103
114.885103
114.884578
114.884578
114.884578
114.884578
114.884578
114.884578
114.884578
114.884578
114.884578
114.884578
114.884578
114.884578
114.884198
114.884198
114.884198
114.884198
114.884198
114.884198
114.884198
114.884198
114.883313
114.883313
114.883313
114.883313
114.883313
114.883313
114.883313
114.883313
114.883313
114.883313
114.883313
114.883313
114.882401
114.882401
114.882401
114.882401
114.882401
114.882401
114.882401
114.882401
114.881673
114.881673
114.881673
114.881673
114.881673
114.881673
114.881673
114.881673
114.881673
114.881673
114.881673
114.881673
114.881673
114.881673
114.881673
114.881673
114.881673
114.881673
114.881673
114.881673
114.881673
114.881673
114.879581
114.879581
114.879581
114.879581
114.879581
114.879205
114.879205
114.879205
114.879205
114.879205
114.879205
114.879205
114.879205
114.879205
114.879205
114.879205
114.879205
114.879205
114.879205
114.879205
114.879034
114.879034
114.879034
114.879034
114.879034
114.879034
114.879034
114.879034
114.879034
114.879034
114.879034
114.879034
114.879034
114.879034
114.879034
114.877896
114.877896
114.877896
114.877896
114.877896
114.877896
114.877896
114.877896
114.877896
114.877896
114.877896
114.877896
114.877896
114.877896
114.877896
114.877896
114.877896
114.877896
114.877896
114.877896
114.877896
114.877896
114.877896
114.877896
114.877896
114.877896
114.877896
114.877467
114.877467
114.877467
114.877467
114.877467
114.877467
114.877467
114.877467
114.877467
114.877467
114.877467
114.877467
114.877467
114.877467
114.877467
114.877467
114.877467
114.877467
114.877467
114.877467
114.877394
114.877394
114.877394
114.877394
114.877394
114.877394
114.877394
114.877394
114.877394
114.877394
114.877394
114.877394
114.877394
114.877394
114.877394
114.877394
114.877394
114.877394
114.877124
114.877124
114.877124
114.875846
114.875846
114.875846
114.875846
114.875846
114.875846
114.875846
114.875846
114.875846
114.875846
114.875846
114.875846
114.875846
114.875846
114.875846
114.875846
114.875846
114.875846
114.875846
114.875846
114.874521
114.874521
114.874521
114.874521
114.874521
114.874521
114.874521
114.874521
114.874521
114.874521
114.874521
114.874521
114.874521
114.874521
114.874521
114.874521
114.874521
114.874521
114.874521
114.874521
114.874521
114.874521
114.874521
114.873977
114.873977
114.873977
114.873977
114.873977
114.873977
114.873977
114.873977
114.873977
114.873977
114.873977
114.873977
114.873977
114.873977
114.873977
114.873977
114.873977
114.873977
114.873977
114.873977
114.873977
114.873977
114.873977
114.873977
114.873977
114.873977
114.873977
114.873977
114.873977
114.873977
114.872478
114.872478
114.872478
114.872478
114.872478
114.872478
114.872478
114.872478
114.872478
114.872478
114.872478
114.872478
114.872478
114.872478
114.872478
114.872478
114.872478
114.872478
114.872478
114.872478
114.872478
114.872478
114.872478
114.872478
114.872137
114.872137
114.872137
114.872137
114.872137
114.872137
114.872137
114.872137
114.872137
114.872137
114.872137
114.872137
114.872137
114.872137
114.872137
114.871925
114.871925
114.871925
114.871925
114.871925
114.871925
114.871925
114.871925
114.871925
114.871925
114.869027
114.869027
114.869027
114.869027
114.869027
114.869027
114.869027
114.869027
114.869027
114.869027
114.869027
114.869027
114.869027
114.866308
114.866308
114.866308
114.866308
114.866308
114.866308
114.866308
114.866308
114.866308
114.866308
114.864956
114.864956
114.864956
114.864956
114.864956
114.864956
114.864956
114.864956
114.864956
114.864956
114.864956
114.864956
114.864956
114.864956
114.864956
114.864956
114.864956
114.864286
114.864286
114.864286
114.858824
114.858824
114.858824
114.858824
114.858824
114.858824
114.858824
114.858824
114.858824
114.858824
114.858824
114.858824
114.858824
114.858824
114.858824
114.858824
114.858824
114.858824
114.858824
114.858824
114.858824
114.858824
114.858824
114.858824
114.858824
114.858824
114.858824
114.858824
114.858824
114.858824
114.858824
114.858824
114.858824
114.858824
114.858824
114.858824
114.858824
114.858824
114.858824
114.858824
114.856695
114.856695
114.856695
114.856695
114.856695
114.856695
114.856695
114.856695
114.856695
114.856695
114.856695
114.856695
114.856695
114.856695
114.856695
114.856695
114.856695
114.856695
114.856695
114.856695
114.856695
114.856695
114.856695
114.856695
114.856695
114.856695
114.856695
114.856695
114.856695
114.856695
114.856695
114.856695
114.856695
114.856695
114.856695
114.856695
114.856695
114.856695
114.856695
114.856695
114.856695
114.856695
114.856695
114.856695
114.856695
114.856695
114.856695
114.856695
114.856695
114.856695
114.856695
114.856695
114.856695
114.856695
114.856695
114.855843
114.855843
114.855843
114.855843
114.855843
114.855843
114.855843
114.855843
114.855843
114.855843
114.855843
114.855843
114.855843
114.855843
114.855843
114.855843
114.855843
114.855843
114.855843
114.855843
114.855843
114.855843
114.855843
114.855843
114.855843
114.855843
114.855843
114.855843
114.855843
114.855843
114.854223
114.854223
114.854223
114.854223
114.854223
114.854223
114.854223
114.854223
114.854223
114.854223
114.854223
114.854223
114.854223
114.854223
114.854223
114.852270
114.852270
114.852270
114.852270
114.852270
114.852270
114.852270
114.852270
114.850650
114.850650
114.847937
114.847937
114.847937
114.847937
114.847937
114.847937
114.847937
114.847937
114.847937
114.847937
114.847937
114.847937
114.847937
114.847937
114.847937
114.847937
114.847937
114.847937
114.847937
114.847937
114.847937
114.847937
114.847937
114.847937
114.847937
114.847937
114.847937
114.847937
114.847937
114.847937
114.847937
114.847937
114.847937
114.847937
114.847937
114.847937
114.847937
114.847937
114.847937
114.847937
114.847937
114.847937
114.847937
114.847937
114.847937
114.847937
114.847937
114.847937
114.847937
114.847937
114.847937
114.847937
114.847937
114.847937
114.847937
114.847937
114.845533
114.845533
114.845533
114.845533
114.845533
114.845533
114.845533
114.845533
114.845533
114.845533
114.845533
114.845533
114.845533
114.845533
114.845533
114.845533
114.845533
114.845533
114.845533
114.845533
114.845533
114.845533
114.843604
114.843604
114.843013
114.843013
114.843013
114.843013
114.843013
114.843013
114.843013
114.843013
114.843013
114.843013
114.843013
114.843013
114.843013
114.843013
114.843013
114.843013
114.842523
114.842523
114.842523
114.842523
114.837843
114.837843
114.837843
114.837843
114.837843
114.837843
114.837843
114.837843
114.836433
114.836433
114.836433
114.836433
114.836433
114.836433
114.836433
114.836433
114.829204
114.829204
114.829204
114.829204
114.829204
114.829204
114.829204
114.829204
114.829203
114.829203
114.829203
114.829203
114.829203
114.829203
114.829203
114.829203
114.829203
114.829203
114.829203
114.827625
114.827625
114.827625
114.827625
114.827625
114.827625
114.827625
114.827625
114.827625
114.827625
114.827625
114.827625
114.827625
114.827625
114.827625
114.827625
114.827625
114.827625
114.827625
114.827625
114.821035
114.821035
114.821035
114.821035
114.821035
114.820864
114.820864
114.810191
114.810191
114.810191
114.810191
114.810191
114.810191
114.810191
114.810191
114.810191
114.810191
114.810191
114.810191
114.810191
114.810191
114.810191
114.808004
114.808004
114.808004
114.808004
114.808004
114.801896
114.801896
114.801896
114.801896
114.801896
114.801896
114.801896
114.801896
114.801896
114.801896
114.801896
114.801896
114.800640
114.800640
114.800640
114.800640
114.800640
114.800640
114.800640
114.800640
114.800640
114.800640
114.800640
114.800640
114.800640
114.799316
114.799316
114.799316
114.799316
114.799316
114.799316
114.799316
114.799316
114.797849
114.797849
114.797849
114.797849
114.797849
114.797849
114.797849
114.797849
114.797849
114.797849
114.797849
114.797849
114.797849
114.797849
114.797849
114.797849
114.797849
114.797849
114.797849
114.797849
114.791900
114.791900
114.791900
114.786982
114.786982
114.786982
114.786982
114.786982
114.786982
114.786982
114.786982
114.786982
114.776522
114.776522
114.776522
114.776522
114.776522
114.776522
114.776522
114.776522
114.776522
114.776522
114.776522
114.776522
114.776522
114.776025
114.776025
114.776025
114.776025
114.776025
114.776025
114.776025
114.776025
114.776025
114.776025
114.774824
114.774824
114.774824
114.774824
114.774824
114.774824
114.774824
114.774734
114.774734
114.774734
114.774734
114.774734
114.774734
114.774734
114.774734
114.774734
114.774734
114.774734
114.774734
114.774734
114.774734
114.774734
114.774734
114.774734
114.774734
114.774734
114.774734
114.774734
114.774734
114.774734
114.774734
114.774734
114.774734
114.774734
114.774734
114.774734
114.774734
114.774734
114.774734
114.774734
114.774734
114.774734
114.774734
114.774734
114.774734
114.774734
114.774734
114.774734
114.774734
114.774734
114.774734
114.774734
114.774734
114.774734
114.774734
114.774734
114.774734
114.774734
114.774734
114.774734
114.774734
114.774734
114.774734
114.774734
114.774734
114.774734
114.774734
114.774734
114.774734
114.774734
114.774734
114.774734
114.774734
114.774734
114.774734
114.774734
114.774734
114.774734
114.774734
114.774734
114.774734
114.774734
114.774734
114.774734
114.774734
114.774734
114.774734
114.774734
114.774734
114.774734
114.774734
114.774734
114.774734
114.774734
114.774734
114.774734
114.774734
114.774734
114.774734
114.774734
114.774734
114.774734
114.774734
114.774734
114.774734
114.774734
114.774734
114.774734
114.774734
114.774734
114.774734
114.774734
114.774734
114.774734
114.774734
114.774734
114.774734
114.774734
114.774734
114.774734
114.774734
114.774734
114.774734
114.774734
114.774734
114.774734
114.774734
114.774734
114.774734
114.774734
114.774734
114.774734
114.774734
114.774734
114.774734
114.774734
114.774734
114.774734
114.774734
114.774734
114.774734
114.774734
114.774734
114.774734
114.774734
114.774731
114.774731
114.774731
114.774731
114.774731
114.774731
114.774731
114.774731
114.774731
114.774731
114.774731
114.774724
114.774724
114.774724
114.774724
114.774724
114.774724
114.774724
114.774724
114.774724
114.774724
114.774724
114.774724
114.774724
114.774724
114.774724
114.774724
114.774724
114.774724
114.774724
114.774724
114.774724
114.774724
114.774724
114.774724
114.774724
114.774724
114.774724
114.774724
114.774724
114.774724
114.774724
114.774724
114.774724
114.774724
114.774724
114.774724
114.774724
114.774724
114.774724
114.774724
114.774724
114.774724
114.774724
114.774724
114.774724
114.774724
114.774724
114.774724
114.774724
114.774724
114.774724
114.774724
114.774724
114.774724
114.774724
114.774724
114.774724
114.774724
114.774724
114.774724
114.774724
114.774724
114.774724
114.774724
114.774724
114.774724
114.774715
114.774715
114.774715
114.774715
114.774715
114.774715
114.774715
114.774715
114.774715
114.774715
114.774715
114.774715
114.774715
114.774715
114.774715
114.774715
114.774715
114.774715
114.774715
114.774715
114.774715
114.774715
114.774715
114.774715
114.774715
114.774715
114.774715
114.774715
114.774715
114.774715
114.774715
114.774715
114.774715
114.774715
114.774715
114.774715
114.774715
114.774715
114.774715
114.774715
114.774715
114.774715
114.774715
114.774715
114.774715
114.774715
114.774715
114.774715
114.774715
114.774715
114.774715
114.774715
114.774715
114.774715
114.774715
114.774715
114.774715
114.774715
114.774715
114.774715
114.774715
114.774715
114.774715
114.774715
114.774715
114.774715
114.774715
114.774715
114.774715
114.774715
114.774715
114.774715
114.774715
114.774715
114.774715
114.774715
114.774715
114.774715
114.774715
114.774715
114.774715
114.774715
114.774715
114.774715
114.774715
114.774715
114.774715
114.774715
114.774715
114.774715
114.774715
114.774715
114.774715
114.774715
114.774715
114.774715
114.774715
114.774715
114.774715
114.774715
114.774715
114.774715
114.774715
114.774715
114.774715
114.774715
114.774715
114.774715
114.774715
114.774715
114.774715
114.774715
114.774715
114.774715
114.774715
114.774715
114.774715
114.774715
114.774715
114.774715
114.774715
114.774715
114.774715
114.774715
114.774715
114.774715
114.774715
114.774715
114.774715
114.774715
114.774715
114.774715
114.774715
114.774715
114.774715
114.774715
114.774715
114.774715
114.774715
114.774715
114.774715
114.774715
114.774715
114.774715
114.774715
114.774715
114.774715
114.774715
114.774715
114.774715
114.774715
114.774715
114.774715
114.774715
114.774715
114.774715
114.774715
114.774715
114.774715
114.774715
114.774715
114.774715
114.774715
114.774715
114.774715
114.774715
114.774715
114.774715
114.774715
114.774715
114.774715
114.774715
114.774715
114.774715
114.774715
114.774715
114.774715
114.774715
114.774715
114.774715
114.774715
114.774715
114.774715
114.774715
114.774715
114.774715
114.774715
114.774715
114.774715
114.774715
114.774715
114.774715
114.774715
114.774715
114.774715
114.774715
114.774715
114.774715
114.774715
114.774715
114.774715
114.774715
114.774715
114.774715
114.774715
114.774715
114.774715
114.774715
114.774715
114.774715
114.774715
114.774715
114.774715
114.774715
114.774715
114.774715
114.774715
114.774715
114.774715
114.774715
114.774715
114.774715
114.774715
114.774715
114.774715
114.774715
114.774715
114.774715
114.774715
114.774715
114.774715
114.774715
114.774715
114.774715
114.774715
114.774715
114.774715
114.774715
114.774715
114.774715
114.774715
114.774715
114.774715
114.774715
114.774715
114.774715
114.774715
114.774715
114.774715
114.774715
114.774715
114.774715
114.774715
114.774715
114.774715
114.774715
114.774715
114.774715
114.774715
114.774715
114.774715
114.774715
114.774715
114.774715
114.774715
114.774715
114.774715
114.774715
114.774715
114.774715
114.774715
114.774715
114.774715
114.774715
114.774715
114.774715
114.774715
114.774715
114.774715
114.774715
114.774715
114.774715
114.774715
114.774715
114.774715
114.774715
114.774715
114.774715
114.774715
114.774715
114.774715
114.774715
114.774715
114.774715
114.774715
114.774715
114.774715
114.774715
114.774715
114.774715
114.774715
114.774715
114.774715
114.774715
114.774715
114.774715
114.774715
114.774715
114.774715
114.774715
114.774715
114.774715
114.774715
114.774715
114.774715
114.774715
114.774715
114.774715
114.774715
114.774715
114.774715
114.774715
114.774715
114.774715
114.774715
114.774715
114.774715
114.774715
114.774715
114.774715
114.774715
114.774715
114.774715
114.774715
114.774715
114.774715
114.774715
114.774715
114.774715
114.774715
114.774715
114.774715
114.774715
114.774715
114.774715
114.774715
114.774715
114.774715
114.774715
114.774715
114.774715
114.774715
114.774715
114.774715
114.774715
114.774715
114.774715
114.774715
114.774715
114.774715
114.774715
114.774715
114.774715
114.774715
114.774715
114.774715
114.774715
114.774715
114.774715
114.774715
114.774715
114.774715
114.774715
114.774715
114.774715
114.774715
114.774715
114.774715
114.774715
114.774715
114.774715
114.774715
114.774715
114.774715
114.774715
114.774715
114.774715
114.774715
114.774715
114.774715
114.774715
114.774715
114.774715
114.774715
114.774715
114.774715
114.774715
114.774715
114.774715
114.774715
114.774715
114.774715
114.774715
114.774715
114.774715
114.774715
114.774715
114.774715
114.774715
114.774715
114.774715
114.774715
114.774715
114.774715
114.774715
114.774715
114.774715
114.774715
114.774715
114.774715
114.774715
114.774715
114.774715
114.774715
114.774715
114.774715
114.774715
114.774715
114.774715
114.774715
114.774715
114.774715
114.774715
114.774715
114.774715
114.774715
114.774715
114.774715
114.774715
114.774715
114.774715
114.774715
114.774715
114.774715
114.774715
114.774715
114.774715
114.774715
114.774715
114.774715
114.774715
114.774715
114.774715
114.774715
114.774715
114.774715
114.774715
114.774715
114.774715
114.774715
114.774715
114.774715
114.774715
114.774715
114.774715
114.774715
114.774715
114.774715
114.774715
114.774715
114.774715
114.774715
114.774715
114.774715
114.774715
114.774715
114.774715
114.774715
114.774715
114.774715
114.774715
114.774715
114.774715
114.774715
114.774715
114.774715
114.774715
114.774715
114.774715
114.774715
114.774715
114.774715
114.774715
114.774715
114.774715
114.774715
114.774715
114.774715
114.774715
114.774715
114.774715
114.774715
114.774715
114.774715
114.774715
114.774715
114.774715
114.774715
114.774715
114.774715
114.774715
114.774715
114.774715
114.774715
114.774715
114.774715
114.774715
114.774715
114.774715
114.774715
114.774715
114.774715
114.774715
114.774715
114.774715
114.774715
114.774715
114.774715
114.774715
114.774715
114.774715
114.774715
114.774715
114.774715
114.774715
114.774715
114.774715
114.774715
114.774715
114.774715
114.774715
114.774715
114.774715
114.774715
114.774715
114.774715
114.774715
114.774715
114.774715
114.774715
114.774715
114.774715
114.774715
114.774715
114.774715
114.774715
114.774715
114.774715
114.774715
114.774715
114.774715
114.774715
114.774715
114.774715
114.774715
114.774715
114.774715
114.774715
114.774715
114.774715
114.774715
114.774715
114.774715
114.774715
114.774715
114.774715
114.774715
114.774715
114.774715
114.774715
114.774715
114.774715
114.774715
114.774715
114.774715
114.774715
114.774715
114.774715
114.774715
114.774715
114.774715
114.774715
114.774715
114.774715
114.774715
114.774715
114.774715
114.774715
114.774715
114.774715
114.774715
114.774715
114.774715
114.774715
114.774715
114.774715
114.774715
114.774715
114.774715
114.774715
114.774715
114.774715
114.774715
114.774715
114.774715
114.774715
114.774715
114.774715
114.774715
114.774715
114.774715
114.774715
114.774715
114.774715
114.774715
114.774715
114.774715
114.774715
114.774715
114.774715
114.774715
114.774715
114.774715
114.774715
114.774715
114.774715
114.774715
114.774715
114.774715
114.774715
114.774715
114.774715
114.774715
114.774715
114.774715
114.774715
114.774715
114.774715
114.774715
114.774715
114.774715
114.774715
114.774715
114.774715
114.774715
114.774715
114.774715
114.774715
114.774715
114.774715
114.774715
114.774715
114.774715
114.774715
114.774715
114.774715
114.774715
114.774715
114.774715
114.774715
114.774715
114.774715
114.774715
114.774715
114.774715
114.774715
114.774715
114.774715
114.774715
114.774715
114.774715
114.774715
114.774715
114.774715
114.774715
114.774715
114.774715
114.774715
114.774715
114.774715
114.774715
114.774715
114.774715
114.774715
114.774715
114.774715
114.774715
114.774715
114.774715
114.774715
114.774715
114.774715
114.774715
114.774715
114.774715
114.774715
114.774715
114.774715
114.774715
114.774715
114.774715
114.774715
114.774715
114.774715
114.774715
114.774715
114.774715
114.774715
114.774715
114.774715
114.774715
114.774715
114.774715
114.774715
114.774715
114.774715
114.774715
114.774715
114.774715
114.774715
114.774715
114.774715
114.774715
114.774715
114.774715
114.774715
114.774715
114.774715
114.774715
114.774715
114.774715
114.774715
114.774715
114.774715
114.774715
114.774715
114.774715
114.774715
114.774715
114.774715
114.774715
114.774715
114.774715
114.774715
114.774715
114.774715
114.774715
114.774715
114.774715
114.774715
114.774715
114.774715
114.774715
114.774715
114.774715
114.774715
114.774715
114.774715
114.774715
114.774715
114.774715
114.774715
114.774715
114.774715
114.774715
114.774715
114.774715
114.774715
114.774715
114.774715
114.774715
114.774715
114.774715
114.774715
114.774715
114.774715
114.774715
114.774715
114.774715
114.774715
114.774715
114.774715
114.774715
114.774715
114.774715
114.774715
114.774715
114.774715
114.774715
114.774715
114.774715
114.774715
114.774715
114.774715
114.774715
114.774715
114.774715
114.774715
114.774715
114.774715
114.774715
114.774715
114.774715
114.774715
114.774715
114.774715
114.774715
114.774715
114.774715
114.774715
114.774715
114.774715
114.774715
114.774715
114.774715
114.774715
114.774715
114.774715
114.774715
114.774715
114.774715
114.774715
114.774715
114.774715
114.774715
114.774715
114.774715
114.774715
114.774715
114.774715
114.774715
114.774715
114.774715
114.774715
114.774715
114.774715
114.774715
114.774715
114.774715
114.774715
114.774715
114.774715
114.774715
114.774715
114.774715
114.774715
114.774715
114.774715
114.774715
114.774715
114.774715
114.774715
114.774715
114.774715
114.774715
114.774715
114.774715
114.774715
114.774715
114.774715
114.774715
114.774715
114.774715
114.774715
114.774715
114.774715
114.774715
114.774715
114.774715
114.774715
114.774715
114.774715
114.774715
114.774715
114.774715
114.774715
114.774715
114.774715
114.774715
114.774715
114.774715
114.774715
114.774715
114.774715
114.774715
114.774715
114.774715
114.774715
114.774715
114.774715
114.774715
114.774715
114.774715
114.774715
114.774715
114.774715
114.774715
114.774715
114.774715
114.774715
114.774715
114.774715
114.774715
114.774715
114.774715
114.774715
114.774715
114.774715
114.774715
114.774715
114.774715
114.774715
114.774715
114.774715
114.774715
114.774715
114.774715
114.774715
114.774715
114.774715
114.774715
114.774715
114.774715
114.774715
114.774715
114.774715
114.774715
114.774715
114.774715
114.774715
114.774715
114.774715
114.774715
114.774715
114.774715
114.774715
114.774715
114.774715
114.774715
114.774715
114.774715
114.774715
114.774715
114.774715
114.774715
114.774715
114.774715
114.774715
114.774715
114.774715
114.774715
114.774715
114.774715
114.774715
114.774715
114.774715
114.774715
114.774715
114.774715
114.774715
114.774715
114.774715
114.774715
114.774715
114.774715
114.774715
114.774715
114.774715
114.774715
114.774715
114.774715
114.774715
114.774715
114.774715
114.774715
114.774715
114.774715
114.774715
114.774715
114.774715
114.774715
114.774715
114.774715
114.774715
114.774715
114.774715
114.774715
114.774715
114.774715
114.774715
114.774715
114.774715
114.774715
114.774715
114.774715
114.774715
114.774715
114.774715
114.774715
114.774715
114.774715
114.774715
114.774715
114.774715
114.774715
114.774715
114.774715
114.774715
114.774715
114.774715
114.774715
114.774715
114.774715
114.774715
114.774715
114.774715
114.774715
114.774715
114.774715
114.774715
114.774715
114.774715
114.774715
114.774715
114.774715
114.774715
114.774715
114.774715
114.774715
114.774715
114.774715
114.774715
114.774715
114.774715
114.774715
114.774715
114.774715
114.774715
114.774715
114.774715
114.774715
114.774715
114.774715
114.774715
114.774715
114.774715
114.774715
114.774715
114.774715
114.774715
114.774715
114.774715
114.774715
114.774715
114.774715
114.774715
114.774715
114.774715
114.774715
114.774715
114.774715
114.774715
114.774715
114.774715
114.774715
114.774715
114.774715
114.774715
114.774715
114.774715
114.774715
114.774715
114.774715
114.774715
114.774715
114.774715
114.774715
114.774715
114.774715
114.774715
114.774715
114.774715
114.774715
114.774715
114.774715
114.774715
114.774715
114.774715
114.774715
114.774715
114.774715
114.774715
114.774715
114.774715
114.774715
114.774715
114.774715
114.774715
114.774715
114.774715
114.774715
114.774715
114.774715
114.774715
114.774715
114.774715
114.774715
114.774715
114.774715
114.774715
114.774715
114.774715
114.774715
114.774715
114.774715
114.774715
114.774715
114.774715
114.774715
114.774715
114.774715
114.774715
114.774715
114.774715
114.774715
114.774715
114.774715
114.774715
114.774715
114.774715
114.774715
114.774715
114.774715
114.774715
114.774715
114.774715
114.774715
114.774715
114.774715
114.774715
114.774715
114.774715
114.774715
114.774715
114.774715
114.774715
114.774715
114.774715
114.774715
114.774715
114.774715
114.774715
114.774715
114.774715
114.774715
114.774715
114.774715
114.774715
114.774715
114.774715
114.774715
114.774715
114.774715
114.774715
114.774715
114.774715
114.774715
114.774715
114.774715
114.774715
114.774715
114.774715
114.774715
114.774715
114.774715
114.774715
114.774715
114.774715
114.774715
114.774715
114.774715
114.774715
114.774715
114.774715
114.774715
114.774715
114.774715
114.774715
114.774715
114.774715
114.774715
114.774715
114.774715
114.774715
114.774715
114.774715
114.774715
114.774715
114.774715
114.774715
114.774715
114.774715
114.774715
114.774715
114.774715
114.774715
114.774715
114.774715
114.774715
114.774715
114.774715
114.774715
114.774715
114.774715
114.774715
114.774715
114.774715
114.774715
114.774715
114.774715
114.774715
114.774715
114.774715
114.774715
114.774715
114.774715
114.774715
114.774715
114.774715
114.774715
114.774715
114.774715
114.774715
114.774715
114.774715
114.774715
114.774715
114.774715
114.774715
114.774715
114.774715
114.774715
114.774715
114.774715
114.774715
114.774715
114.774715
114.774715
114.774715
114.774715
114.774715
114.774715
114.774715
114.774715
114.774715
114.774715
114.774715
114.774715
114.774715
114.774715
114.774715
114.774715
114.774715
114.774715
114.774715
114.774715
114.774715
114.774715
114.774715
114.774715
114.774715
114.774715
114.774715
114.774715
114.774715
114.774715
114.774715
114.774715
114.774715
114.774715
114.774715
114.774715
114.774715
114.774715
114.774715
114.774715
114.774715
114.774715
114.774715
114.774715
114.774715
114.774715
114.774715
114.774715
114.774715
114.774715
114.774715
114.774715
114.774715
114.774715
114.774715
114.774715
114.774715
114.774715
114.774715
114.774715
114.774715
114.774715
114.774715
114.774715
114.774715
114.774715
114.774715
114.774715
114.774715
114.774715
114.774715
114.774715
114.774715
114.774715
114.774715
114.774715
114.774715
114.774715
114.774715
114.774715
114.774715
114.774715
114.774715
114.774715
114.774715
114.774715
114.774715
114.774715
114.774715
114.774715
114.774715
114.774715
114.774715
114.774715
114.774715
114.774715
114.774715
114.774715
114.774715
114.774715
114.774715
114.774715
114.774715
114.774715
114.774715
114.774715
114.774715
114.774715
114.774715
114.774715
114.774715
114.774715
114.774715
114.774715
114.774715
114.774715
114.774715
114.774715
114.774715
114.774715
114.774715
114.774715
114.774715
114.774715
114.774715
114.774715
114.774715
114.774715
114.774715
114.774715
114.774715
114.774715
114.774715
114.774715
114.774715
114.774715
114.774715
114.774715
114.774715
114.774715
114.774715
114.774715
114.774715
114.774715
114.774715
114.774715
114.774715
114.774715
114.774715
114.774715
114.774715
114.774715
114.774715
114.774715
114.774715
114.774715
114.774715
114.774715
114.774715
114.774715
114.774715
114.774715
114.774715
114.774715
114.774715
114.774715
114.774715
114.774715
114.774715
114.774715
114.774715
114.774715
114.774715
114.774715
114.774715
114.774715
114.774715
114.774715
114.774715
114.774715
114.774715
114.774715
114.774715
114.774715
114.774715
114.774715
114.774715
114.774715
114.774715
114.774715
114.774715
114.774715
114.774715
114.774715
114.774715
114.774715
114.774715
114.774715
114.774715
114.774715
114.774715
114.774715
114.774715
114.774715
114.774715
114.774715
114.774715
114.774715
114.774715
114.774715
114.774715
114.774715
114.774715
114.774715
114.774715
114.774715
114.774715
114.774715
114.774715
114.774715
114.774715
114.774715
114.774715
114.774715
114.774715
114.774715
114.774715
114.774715
114.774715
114.774715
114.774715
114.774715
114.774715
114.774715
114.774715
114.774715
114.774715
114.774715
114.774715
114.774715
114.774715
114.774715
114.774715
114.774715
114.774715
114.774715
114.774715
114.774715
114.774715
114.774715
114.774715
114.774715
114.774715
114.774715
114.774715
114.774715
114.774715
114.774715
114.774715
114.774715
114.774715
114.774715
114.774715
114.774715
114.774715
114.774715
114.774715
114.774715
114.774715
114.774715
114.774715
114.774715
114.774715
114.774715
114.774715
114.774715
114.774715
114.774715
114.774715
114.774715
114.774715
114.774715
114.774715
114.774715
114.774715
114.774715
114.774715
114.774715
114.774715
114.774715
114.774715
114.774715
114.774715
114.774715
114.774715
114.774715
114.774715
114.774715
114.774715
114.774715
114.774715
114.774715
114.774715
114.774715
114.774715
114.774715
114.774715
114.774715
114.774715
114.774715
114.774715
114.774715
114.774715
114.774715
114.774715
114.774715
114.774715
114.774715
114.774715
114.774715
114.774715
114.774715
114.774715
114.774715
114.774715
114.774715
114.774715
114.774715
114.774715
114.774715
114.774715
114.774715
114.774715
114.774715
114.774715
114.774715
114.774715
114.774715
114.774715
114.774715
114.774715
114.774715
114.774715
114.774715
114.774715
114.774715
114.774715
114.774715
114.774715
114.774715
114.774715
114.774715
114.774715
114.774715
114.774715
114.774715
114.774715
114.774715
114.774715
114.774715
114.774715
114.774715
114.774715
114.774715
114.774715
114.774715
114.774715
114.774715
114.774715
114.774715
114.774715
114.774715
114.774715
114.774715
114.774715
114.774715
114.774715
114.774715
114.774715
114.774715
114.774715
114.774715
114.774715
114.774715
114.774715
114.774715
114.774715
114.774715
114.774715
114.774715
114.774715
114.774715
114.774715
114.774715
114.774715
114.774715
114.774715
114.774715
114.774715
114.774715
114.774715
114.774715
114.774715
114.774715
114.774715
114.774715
114.774715
114.774715
114.774715
114.774715
114.774715
114.774715
114.774715
114.774715
114.774715
114.774715
114.774715
114.774715
114.774715
114.774715
114.774715
114.774715
114.774715
114.774715
114.774715
114.774715
114.774715
114.774715
114.774715
114.774715
114.774715
114.774715
114.774715
114.774715
114.774715
114.774715
114.774715
114.774715
114.774715
114.774715
114.774715
114.774715
114.774715
114.774715
114.774715
114.774715
114.774715
114.774715
114.774715
114.774715
114.774715
114.774715
114.774715
114.774715
114.774715
114.774715
114.774715
114.774715
114.774715
114.774715
114.774715
114.774715
114.774715
114.774715
114.774715
114.774715
114.774715
114.774715
114.774715
114.774715
114.774715
114.774715
114.774715
114.774715
114.774715
114.774715
114.774715
114.774715
114.774715
114.774715
114.774715
114.774715
114.774715
114.774715
114.774715
114.774715
114.774715
114.774715
114.774715
114.774715
114.774715
114.774715
114.774715
114.774715
114.774715
114.774715
114.774715
114.774715
114.774715
114.774715
114.774715
114.774715
114.774715
114.774715
114.774715
114.774715
114.774715
114.774715
114.774715
114.774715
114.774715
114.774715
114.774715
114.774715
114.774715
114.774715
114.774715
114.774715
114.774715
114.774715
114.774715
114.774715
114.774715
114.774715
114.774715
114.774715
114.774715
114.774715
114.774715
114.774715
114.774715
114.774715
114.774715
114.774715
114.774715
114.774715
114.774715
114.774715
114.774715
114.774715
114.774715
114.774715
114.774715
114.774715
114.774715
114.774715
114.774715
114.774715
114.774715
114.774715
114.774715
114.774715
114.774715
114.774715
114.774715
114.774715
114.774715
114.774715
114.774715
114.774715
114.774715
114.774715
114.774715
114.774715
114.774715
114.774715
114.774715
114.774715
114.774715
114.774715
114.774715
114.774715
114.774715
114.774715
114.774715
114.774715
114.774715
114.774715
114.774715
114.774715
114.774715
114.774715
114.774715
114.774715
114.774715
114.774715
114.774715
114.774715
114.774715
114.774715
114.774715
114.774715
114.774715
114.774715
114.774715
114.774715
114.774715
114.774715
114.774715
114.774715
114.774715
114.774715
114.774715
114.774715
114.774715
114.774715
114.774715
114.774715
114.774715
114.774715
114.774715
114.774715
114.774715
114.774715
114.774715
114.774715
114.774715
114.774715
114.774715
114.774715
114.774715
114.774715
114.774715
114.774715
114.774715
114.774715
114.774715
114.774715
114.774715
114.774715
114.774715
114.774715
114.774715
114.774715
114.774715
114.774715
114.774715
114.774715
114.774715
114.774715
114.774715
114.774715
114.774715
114.774715
114.774715
114.774715
114.774715
114.774715
114.774715
114.774715
114.774715
114.774715
114.774715
114.774715
114.774715
114.774715
114.774715
114.774714
114.774714
114.774714
114.774714
114.774714
114.774714
114.774714
114.774714
114.774714
114.774714
114.774714
114.774714
114.774714
114.774714
114.774714
114.774714
114.774714
114.774714
114.774714
114.774714
114.774714
114.774714
114.774714
114.774714
114.774714
114.774714
114.774714
114.774714
114.774714
114.774714
114.774714
114.774714
114.774714
114.774714
114.774714
114.774714
114.774714
114.774714
114.774714
114.774714
114.774714
114.774714
114.774714
114.774714
114.774714
114.774714
114.774714
114.774714
114.774714
114.774714
114.774714
114.774714
114.774714
114.774714
114.774714
114.774714
114.774714
114.774714
114.774714
114.774714
114.774714
114.774714
114.774714
114.774714
114.774714
114.774714
114.774714
114.774714
114.774714
114.774714
114.774714
114.774714
114.774714
114.774714
114.774714
114.774714
114.774714
114.774714
114.774714
114.774714
114.774714
114.774714
114.774714
114.774714
114.774714
114.774714
114.774714
114.774714
114.774714
114.774714
114.774714
114.774714
114.774714
114.774714
114.774714
114.774714
114.774714
114.774714
114.774714
114.774714
114.774714
114.774714
114.774714
114.774714
114.774714
114.774714
114.774714
114.774714
114.774714
114.774714
114.774714
114.774714
114.774714
114.774714
114.774714
114.774714
114.774714
114.774714
114.774714
114.774714
114.774714
114.774714
114.774714
114.774714
114.774714
114.774714
114.774714
114.774714
114.774714
114.774714
114.774714
114.774714
114.774714
114.774714
114.774714
114.774714
114.774714
114.774714
114.774714
114.774714
114.774714
114.774714
114.774714
114.774714
114.774714
114.774714
114.774714
114.774714
114.774714
114.774714
114.774714
114.774714
114.774714
114.774714
114.774714
114.774714
114.774714
114.774714
114.774714
114.774714
114.774714
114.774714
114.774714
114.774714
114.774714
114.774714
114.774714
114.774714
114.774714
114.774714
114.774714
114.774714
114.774714
114.774714
114.774714
114.774714
114.774714
114.774714
114.774714
114.774714
114.774714
114.774714
114.774714
114.774714
114.774714
114.774714
114.774714
114.774714
114.774714
114.774714
114.774714
114.774714
114.774714
114.774714
114.774714
114.774714
114.774714
114.774714
114.774714
114.774714
114.774714
114.774714
114.774714
114.774714
114.774714
114.774714
114.774714
114.774714
114.774714
114.774714
114.774714
114.774714
114.774714
114.774714
114.774714
114.774714
114.774714
114.774714
114.774714
114.774714
114.774714
114.774714
114.774714
114.774714
114.774714
114.774714
114.774714
114.774714
114.774714
114.774714
114.774714
114.774714
114.774714
114.774714
114.774714
114.774714
114.774714
114.774714
114.774714
114.774714
114.774714
114.774714
114.774714
114.774714
114.774714
114.774714
114.774714
114.774714
114.774714
114.774714
114.774714
114.774714
114.774714
114.774714
114.774714
114.774714
114.774714
114.774714
114.774714
114.774714
114.774714
114.774714
114.774714
114.774714
114.774714
114.774714
114.774714
114.774714
114.774714
114.774714
114.774714
114.774714
114.774714
114.774714
114.774714
114.774714
114.774714
114.774714
114.774714
114.774714
114.774714
114.774714
114.774714
114.774714
114.774714
114.774714
114.774714
114.774714
114.774714
114.774714
114.774714
114.774714
114.774714
114.774714
114.774714
114.774714
114.774714
114.774714
114.774714
114.774714
114.774714
114.774714
114.774714
114.774714
114.774714
114.774714
114.774714
114.774714
114.774714
114.774714
114.774714
114.774714
114.774714
114.774714
114.774714
114.774714
114.774714
114.774714
114.774714
114.774714
114.774714
114.774714
114.774714
114.774714
114.774714
114.774714
114.774714
114.774714
114.774714
114.774714
114.774714
114.774714
114.774714
114.774714
114.774714
114.774714
114.774714
114.774714
114.774714
114.774714
114.774714
114.774714
114.774714
114.774714
114.774714
114.774714
114.774714
114.774714
114.774714
114.774714
114.774714
114.774714
114.774714
114.774714
114.774714
114.774714
114.774714
114.774714
114.774714
114.774714
114.774714
114.774714
114.774714
114.774714
114.774714
114.774714
114.774714
114.774714
114.774714
114.774714
114.774714
114.774714
114.774714
114.774714
114.774714
114.774714
114.774714
114.774714
114.774714
114.774714
114.774714
114.774714
114.774714
114.774714
114.774714
114.774714
114.774714
114.774714
114.774714
114.774714
114.774714
114.774714
114.774714
114.774714
114.774714
114.774714
114.774714
114.774714
114.774714
114.774714
114.774714
114.774714
114.774714
114.774714
114.774714
114.774714
114.774714
114.774714
114.774714
114.774714
114.774714
114.774714
114.774714
114.774714
114.774714
114.774714
114.774714
114.774714
114.774714
114.774714
114.774714
114.774714
114.774714
114.774714
114.774714
114.774714
114.774714
114.774714
114.774714
114.774714
114.774714
114.774714
114.774714
114.774714
114.774714
114.774714
114.774714
114.774714
114.774714
114.774714
114.774714
114.774714
114.774714
114.774714
114.774714
114.774714
114.774714
114.774714
114.774714
114.774714
114.774714
114.774714
114.774714
114.774714
114.774714
114.774714
114.774714
114.774714
114.774714
114.774714
114.774714
114.774714
114.774714
114.774714
114.774714
114.774714
114.774714
114.774714
114.774714
114.774714
114.774714
114.774714
114.774714
114.774714
114.774714
114.774714
114.774714
114.774714
114.774714
114.774714
114.774714
114.774714
114.774714
114.774714
114.774714
114.774714
114.774714
114.774714
114.774714
114.774714
114.774714
114.774714
114.774714
114.774714
114.774714
114.774714
114.774714
114.774714
114.774714
114.774714
114.774714
114.774714
114.774714
114.774714
114.774714
114.774714
114.774714
114.774714
114.774714
114.774714
114.774714
114.774714
114.774714
114.774714
114.774714
114.774714
114.774714
114.774714
114.774714
114.774714
114.774714
114.774714
114.774714
114.774714
114.774714
114.774714
114.774714
114.774714
114.774714
114.774714
114.774714
114.774714
114.774714
114.774714
114.774714
114.774714
114.774714
114.774714
114.774714
114.774714
114.774714
114.774714
114.774714
114.774714
114.774714
114.774714
114.774714
114.774714
114.774714
114.774714
114.774714
114.774714
114.774714
114.774714
114.774714
114.774714
114.774714
114.774714
114.774714
114.774714
114.774714
114.774714
114.774714
114.774714
114.774714
114.774714
114.774714
114.774714
114.774714
114.774714
114.774714
114.774714
114.774714
114.774714
114.774714
114.774714
114.774714
114.774714
114.774714
114.774714
114.774714
114.774714
114.774714
114.774714
114.774714
114.774714
114.774714
114.774714
114.774714
114.774714
114.774714
114.774714
114.774714
114.774714
114.774714
114.774714
114.774714
114.774714
114.774714
114.774714
114.774714
114.774714
114.774714
114.774714
114.774714
114.774714
114.774714
114.774714
114.774714
114.774714
114.774714
114.774714
114.774714
114.774714
114.774714
114.774714
114.774714
114.774714
114.774714
114.774714
114.774714
114.774714
114.774714
114.774714
114.774714
114.774714
114.774714
114.774714
114.774714
114.774714
114.774714
114.774714
114.774714
114.774714
114.774714
114.774714
114.774714
114.774714
114.774714
114.774714
114.774714
114.774714
114.774714
114.774714
114.774714
114.774714
114.774714
114.774714
114.774714
114.774714
114.774714
114.774714
114.774714
114.774714
114.774714
114.774714
114.774714
114.774714
114.774714
114.774714
114.774714
114.774714
114.774714
114.774714
114.774714
114.774714
114.774714
114.774714
114.774714
114.774714
114.774714
114.774714
114.774714
114.774714
114.774714
114.774714
114.774714
114.774714
114.774714
114.774714
114.774714
114.774714
114.774714
114.774714
114.774714
114.774714
114.774714
114.774714
114.774714
114.774714
114.774714
114.774714
114.774714
114.774714
114.774714
114.774714
114.774714
114.774714
114.774714
114.774714
114.774714
114.774714
114.774714
114.774714
114.774714
114.774714
114.774714
114.774714
114.774714
114.774714
114.774714
114.774714
114.774714
114.774714
114.774714
114.774714
114.774714
114.774714
114.774714
114.774714
114.774714
114.774714
114.774714
114.774714
114.774714
114.774714
114.774714
114.774714
114.774714
114.774714
114.774714
114.774714
114.774714
114.774714
114.774714
114.774714
114.774714
114.774714
114.774714
114.774714
114.774714
114.774714
114.774714
114.774714
114.774714
114.774714
114.774714
114.774714
114.774714
114.774714
114.774714
114.774714
114.774714
114.774714
114.774714
114.774714
114.774714
114.774714
114.774714
114.774714
114.774714
114.774714
114.774714
114.774714
114.774714
114.774714
114.774714
114.774714
114.774714
114.774714
114.774714
114.774714
114.774714
114.774714
114.774714
114.774714
114.774714
114.774714
114.774714
114.774714
114.774714
114.774714
114.774714
114.774714
114.774714
114.774714
114.774714
114.774714
114.774714
114.774714
114.774714
114.774714
114.774714
114.774714
114.774714
114.774714
114.774714
114.774714
114.774714
114.774714
114.774714
114.774714
114.774714
114.774714
114.774714
114.774714
114.774714
114.774714
114.774714
114.774714
114.774714
114.774714
114.774714
114.774714
114.774714
114.774714
114.774714
114.774714
114.774714
114.774714
114.774714
114.774714
114.774714
114.774714
114.774714
114.774714
114.774714
114.774714
114.774714
114.774714
114.774714
114.774714
114.774714
114.774714
114.774714
114.774714
114.774714
114.774714
114.774714
114.774714
114.774714
114.774714
114.774714
114.774714
114.774714
114.774714
114.774714
114.774714
114.774714
114.774714
114.774714
114.774714
114.774714
114.774714
114.774714
114.774714
114.774714
114.774714
114.774714
114.774714
114.774714
114.774714
114.774714
114.774714
114.774714
114.774714
114.774714
114.774714
114.774714
114.774714
114.774714
114.774714
114.774714
114.774714
114.774714
114.774714
114.774714
114.774714
114.774714
114.774714
114.774714
114.774714
114.774714
114.774714
114.774714
114.774714
114.774714
114.774714
114.774714
114.774714
114.774714
114.774714
114.774714
114.774714
114.774714
114.774714
114.774714
114.774714
114.774714
114.774714
114.774714
114.774714
114.774714
114.774714
114.774714
114.774714
114.774714
114.774714
114.774714
114.774714
114.774714
114.774714
114.774714
114.774714
114.774714
114.774714
114.774714
114.774714
114.774714
114.774714
114.774714
114.774714
114.774714
114.774714
114.774714
114.774714
114.774714
114.774714
114.774714
114.774714
114.774714
114.774714
114.774714
114.774714
114.774714
114.774714
114.774714
114.774714
114.774714
114.774714
114.774714
114.774714
114.774714
114.774714
114.774714
114.774714
114.774714
114.774714
114.774714
114.774714
114.774714
114.774714
114.774714
114.774714
114.774714
114.774714
114.774714
114.774714
114.774714
114.774714
114.774714
114.774714
114.774714
114.774714
114.774714
114.774714
114.774714
114.774714
114.774714
114.774714
114.774714
114.774714
114.774714
114.774714
114.774714
114.774714
114.774714
114.774714
114.774714
114.774714
114.774714
114.774714
114.774714
114.774714
114.774714
114.774714
114.774714
114.774714
114.774714
114.774714
114.774714
114.774714
114.774714
114.774714
114.774714
114.774714
114.774714
114.774714
114.774714
114.774714
114.774714
114.774714
114.774714
114.774714
114.774714
114.774714
114.774714
114.774714
114.774714
114.774714
114.774714
114.774714
114.774714
114.774714
114.774714
114.774714
114.774714
114.774714
114.774714
114.774714
114.774714
114.774714
114.774714
114.774714
114.774714
114.774714
114.774714
114.774714
114.774714
114.774714
114.774714
114.774714
114.774714
114.774714
114.774714
114.774714
114.774714
114.774714
114.774714
114.774714
114.774714
114.774714
114.774714
114.774714
114.774714
114.774714
114.774714
114.774714
114.774714
114.774714
114.774714
114.774714
114.774714
114.774714
114.774714
114.774714
114.774714
114.774714
114.774714
114.774714
114.774714
114.774714
114.774714
114.774714
114.774714
114.774714
114.774714
114.774714
114.774714
114.774714
114.774714
114.774714
114.774714
114.774714
114.774714
114.774714
114.774714
114.774714
114.774714
114.774714
114.774714
114.774714
114.774714
114.774714
114.774714
114.774714
114.774714
114.774714
114.774714
114.774714
114.774714
114.774714
114.774714
114.774714
114.774714
114.774714
114.774714
114.774714
114.774714
114.774714
114.774714
114.774714
114.774714
114.774714
114.774714
114.774714
114.774714
114.774714
114.774714
114.774714
114.774714
114.774714
114.774714
114.774714
114.774714
114.774714
114.774714
114.774714
114.774714
114.774714
114.774714
114.774714
114.774714
114.774714
114.774714
114.774714
114.774714
114.774714
114.774714
114.774714
114.774714
114.774714
114.774714
114.774714
114.774714
114.774714
114.774714
114.774714
114.774714
114.774714
114.774714
114.774714
114.774714
114.774714
114.774714
114.774714
114.774714
114.774714
114.774714
114.774714
114.774714
114.774714
114.774714
114.774714
114.774714
114.774714
114.774714
114.774714
114.774714
114.774714
114.774714
114.774714
114.774714
114.774714
114.774714
114.774714
114.774714
114.774714
114.774714
114.774714
114.774714
114.774714
114.774714
114.774714
114.774714
114.774714
114.774714
114.774714
114.774714
114.774714
114.774714
114.774714
114.774714
114.774714
114.774714
114.774714
114.774714
114.774714
114.774714
114.774714
114.774714
114.774714
114.774714
114.774714
114.774714
114.774714
114.774714
114.774714
114.774714
114.774714
114.774714
114.774714
114.774714
114.774714
114.774714
114.774714
114.774714
114.774714
114.774714
114.774714
114.774714
114.774714
114.774714
114.774714
114.774714
114.774714
114.774714
114.774714
114.774714
114.774714
114.774714
114.774714
114.774714
114.774714
114.774714
114.774714
114.774714
114.774714
114.774714
114.774714
114.774714
114.774714
114.774714
114.774714
114.774714
114.774714
114.774714
114.774714
114.774714
114.774714
114.774714
114.774714
114.774714
114.774714
114.774714
114.774714
114.774714
114.774714
114.774714
114.774714
114.774714
114.774714
114.774714
114.774714
114.774714
114.774714
114.774714
114.774714
114.774714
114.774714
114.774714
114.774714
114.774714
114.774714
114.774714
114.774714
114.774714
114.774714
114.774714
114.774714
114.774714
114.774714
114.774714
114.774714
114.774714
114.774714
114.774714
114.774714
114.774714
114.774714
114.774714
114.774714
114.774714
114.774714
114.774714
114.774714
114.774714
114.774714
114.774714
114.774714
114.774714
114.774714
114.774714
114.774714
114.774714
114.774714
114.774714
114.774714
114.774714
114.774714
114.774714
114.774714
114.774714
114.774714
114.774714
114.774714
114.774714
114.774714
114.774714
114.774714
114.774714
114.774714
114.774714
114.774714
114.774714
114.774714
114.774714
114.774714
114.774714
114.774714
114.774714
114.774714
114.774714
114.774714
114.774714
114.774714
114.774714
114.774714
114.774714
114.774714
114.774714
114.774714
114.774714
114.774714
114.774714
114.774714
114.774714
114.774714
114.774714
114.774714
114.774714
114.774714
114.774714
114.774714
114.774714
114.774714
114.774714
114.774714
114.774714
114.774714
114.774714
114.774714
114.774714
114.774714
114.774714
114.774714
114.774714
114.774714
114.774714
114.774714
114.774714
114.774714
114.774714
114.774714
114.774714
114.774714
114.774714
114.774714
114.774714
114.774714
114.774714
114.774714
114.774714
114.774714
114.774714
114.774714
114.774714
114.774714
114.774714
114.774714
114.774714
114.774714
114.774714
114.774714
114.774714
114.774714
114.774714
114.774714
114.774714
114.774714
114.774714
114.774714
114.774714
114.774714
114.774714
114.774714
114.774714
114.774714
114.774714
114.774714
114.774714
114.774714
114.774714
114.774714
114.774714
114.774714
114.774714
114.774714
114.774714
114.774714
114.774714
114.774714
114.774714
114.774714
114.774714
114.774714
114.774714
114.774714
114.774714
114.774714
114.774714
114.774714
114.774714
114.774714
114.774714
114.774714
114.774714
114.774714
114.774714
114.774714
114.774714
114.774714
114.774714
114.774714
114.774714
114.774714
114.774714
114.774714
114.774714
114.774714
114.774714
114.774714
114.774714
114.774714
114.774714
114.774714
114.774714
114.774714
114.774714
114.774714
114.774714
114.774714
114.774714
114.774714
114.774714
114.774714
114.774714
114.774714
114.774714
114.774714
114.774714
114.774714
114.774714
114.774714
114.774714
114.774714
114.774714
114.774714
114.774714
114.774714
114.774714
114.774714
114.774714
114.774714
114.774714
114.774714
114.774714
114.774714
114.774714
114.774714
114.774714
114.774714
114.774714
114.774714
114.774714
114.774714
114.774714
114.774714
114.774714
114.774714
114.774714
114.774714
114.774714
114.774714
114.774714
114.774714
114.774714
114.774714
114.774714
114.774714
114.774714
114.774714
114.774714
114.774714
114.774714
114.774714
114.774714
114.774714
114.774714
114.774714
114.774714
114.774714
114.774714
114.774714
114.774714
114.774714
114.774714
114.774714
114.774714
114.774714
114.774714
114.774714
114.774714
114.774714
114.774714
114.774714
114.774714
114.774714
114.774714
114.774714
114.774714
114.774714
114.774714
114.774714
114.774714
114.774714
114.774714
114.774714
114.774714
114.774714
114.774714
114.774714
114.774714
114.774714
114.774714
114.774714
114.774714
114.774714
114.774714
114.774714
114.774714
114.774714
114.774714
114.774714
114.774714
114.774714
114.774714
114.774714
114.774714
114.774714
114.774714
114.774714
114.774714
114.774714
114.774714
114.774714
114.774714
114.774714
114.774714
114.774714
114.774714
114.774714
114.774714
114.774714
114.774714
114.774714
114.774714
114.774714
114.774714
114.774714
114.774714
114.774714
114.774714
114.774714
114.774714
114.774714
114.774714
114.774714
114.774714
114.774714
114.774714
114.774714
114.774714
114.774714
114.774714
114.774714
114.774714
114.774714
114.774714
114.774714
114.774714
114.774714
114.774714
114.774714
114.774714
114.774714
114.774714
114.774714
114.774714
114.774714
114.774714
114.774714
114.774714
114.774714
114.774714
114.774714
114.774714
114.774714
114.774714
114.774714
114.774714
114.774714
114.774714
114.774714
114.774714
114.774714
114.774714
114.774714
114.774714
114.774714
114.774714
114.774714
114.774714
114.774714
114.774714
114.774714
114.774714
114.774714
114.774714
114.774714
114.774714
114.774714
114.774714
114.774714
114.774714
114.774714
114.774714
114.774714
114.774714
114.774714
114.774714
114.774714
114.774714
114.774714
114.774714
114.774714
114.774714
114.774714
114.774714
114.774714
114.774714
114.774714
114.774714
114.774714
114.774714
114.774714
114.774714
114.774714
114.774714
114.774714
114.774714
114.774714
114.774714
114.774714
114.774714
114.774714
114.774714
114.774714
114.774714
114.774714
114.774714
114.774714
114.774714
114.774714
114.774714
114.774714
114.774714
114.774714
114.774714
114.774714
114.774714
114.774714
114.774714
114.774714
114.774714
114.774714
114.774714
114.774714
114.774714
114.774714
114.774714
114.774714
114.774714
114.774714
114.774714
114.774714
114.774714
114.774714
114.774714
114.774714
114.774714
114.774714
114.774714
114.774714
114.774714
114.774714
114.774714
114.774714
114.774714
114.774714
114.774714
114.774714
114.774714
114.774714
114.774714
114.774714
114.774714
114.774714
114.774714
114.774714
114.774714
114.774714
114.774714
114.774714
114.774714
114.774714
114.774714
114.774714
114.774714
114.774714
114.774714
114.774714
114.774714
114.774714
114.774714
114.774714
114.774714
114.774714
114.774714
114.774714
114.774714
114.774714
114.774714
114.774714
114.774714
114.774714
114.774714
114.774714
114.774714
114.774714
114.774714
114.774714
114.774714
114.774714
114.774714
114.774714
114.774714
114.774714
114.774714
114.774714
114.774714
114.774714
114.774714
114.774714
114.774714
114.774714
114.774714
114.774714
114.774714
114.774714
114.774714
114.774714
114.774714
114.774714
114.774714
114.774714
114.774714
114.774714
114.774714
114.774714
114.774714
114.774714
114.774714
114.774714
114.774714
114.774714
114.774714
114.774714
114.774714
114.774714
114.774714
114.774714
114.774714
114.774714
114.774714
114.774714
114.774714
114.774714
114.774714
114.774714
114.774714
114.774714
114.774714
114.774714
114.774714
114.774714
114.774714
114.774714
114.774714
114.774714
114.774714
114.774714
114.774714
114.774714
114.774714
114.774714
114.774714
114.774714
114.774714
114.774714
114.774714
114.774714
114.774714
114.774714
114.774714
114.774714
114.774714
114.774714
114.774714
114.774714
114.774714
114.774714
114.774714
114.774714
114.774714
114.774714
114.774714
114.774714
114.774714
114.774714
114.774714
114.774714
114.774714
114.774714
114.774714
114.774714
114.774714
114.774714
114.774714
114.774714
114.774714
114.774714
114.774714
114.774714
114.774714
114.774714
114.774714
114.774714
114.774714
114.774714
114.774714
114.774714
114.774714
114.774714
114.774714
114.774714
114.774714
114.774714
114.774714
114.774714
114.774714
114.774714
114.774714
114.774714
114.774714
114.774714
114.774714
114.774714
114.774714
114.774714
114.774714
114.774714
114.774714
114.774714
114.774714
114.774714
114.774714
114.774714
114.774714
114.774714
114.774714
114.774714
114.774714
114.774714
114.774714
114.774714
114.774714
114.774714
114.774714
114.774714
114.774714
114.774714
114.774714
114.774714
114.774714
114.774714
114.774714
114.774714
114.774714
114.774714
114.774714
114.774714
114.774714
114.774714
114.774714
114.774714
114.774714
114.774714
114.774714
114.774714
114.774714
114.774714
114.774714
114.774714
114.774714
114.774714
114.774714
114.774714
114.774714
114.774714
114.774714
114.774714
114.774714
114.774714
114.774714
114.774714
114.774714
114.774714
114.774714
114.774714
114.774714
114.774714
114.774714
114.774714
114.774714
114.774714
114.774714
114.774714
114.774714
114.774714
114.774714
114.774714
114.774714
114.774714
114.774714
114.774714
114.774714
114.774714
114.774714
114.774714
114.774714
114.774714
114.774714
114.774714
114.774714
114.774714
114.774714
114.774714
114.774714
114.774714
114.774714
114.774714
114.774714
114.774714
114.774714
114.774714
114.774714
114.774714
114.774714
114.774714
114.774714
114.774714
114.774714
114.774714
114.774714
114.774714
114.774714
114.774714
114.774714
114.774714
114.774714
114.774714
114.774714
114.774714
114.774714
114.774714
114.774714
114.774714
114.774714
114.774714
114.774714
114.774714
114.774714
114.774714
114.774714
114.774714
114.774714
114.774714
114.774714
114.774714
114.774714
114.774714
114.774714
114.774714
114.774714
114.774714
114.774714
114.774714
114.774714
114.774714
114.774714
114.774714
114.774714
114.774714
114.774714
114.774714
114.774714
114.774714
114.774714
114.774714
114.774714
114.774714
114.774714
114.774714
114.774714
114.774714
114.774714
114.774714
114.774714
114.774714
114.774714
114.774714
114.774714
114.774714
114.774714
114.774714
114.774714
114.774714
114.774714
114.774714
114.774714
114.774714
114.774714
114.774714
114.774714
114.774714
114.774714
114.774714
114.774714
114.774714
114.774714
114.774714
114.774714
114.774714
114.774714
114.774714
114.774714
114.774714
114.774714
114.774714
114.774714
114.774714
114.774714
114.774714
114.774714
114.774714
114.774714
114.774714
114.774714
114.774714
114.774714
114.774714
114.774714
114.774714
114.774714
114.774714
114.774714
114.774714
114.774714
114.774714
114.774714
114.774714
114.774714
114.774714
114.774714
114.774714
114.774714
114.774714
114.774714
114.774714
114.774714
114.774714
114.774714
114.774714
114.774714
114.774714
114.774714
114.774714
114.774714
114.774714
114.774714
114.774714
114.774714
114.774714
114.774714
114.774714
114.774714
114.774714
114.774714
114.774714
114.774714
114.774714
114.774714
114.774714
114.774714
114.774714
114.774714
114.774714
114.774714
114.774714
114.774714
114.774714
114.774714
114.774714
114.774714
114.774714
114.774714
114.774714
114.774714
114.774714
114.774714
114.774714
114.774714
114.774714
114.774714
114.774714
114.774714
114.774714
114.774714
114.774714
114.774714
114.774714
114.774714
114.774714
114.774714
114.774714
114.774714
114.774714
114.774714
114.774714
114.774714
114.774714
114.774714
114.774714
114.774714
114.774714
114.774714
114.774714
114.774714
114.774714
114.774714
114.774714
114.774714
114.774714
114.774714
114.774714
114.774714
114.774714
114.774714
114.774714
114.774714
114.774714
114.774714
114.774714
114.774714
114.774714
114.774714
114.774714
114.774714
114.774714
114.774714
114.774714
114.774714
114.774714
114.774714
114.774714
114.774714
114.774714
114.774714
114.774714
114.774714
114.774714
114.774714
114.774714
114.774714
114.774714
114.774714
114.774714
114.774714
114.774714
114.774714
114.774714
114.774714
114.774714
114.774714
114.774714
114.774714
114.774714
114.774714
114.774714
114.774714
114.774714
114.774714
114.774714
114.774714
114.774714
114.774714
114.774714
114.774714
114.774714
114.774714
114.774714
114.774714
114.774714
114.774714
114.774714
114.774714
114.774714
114.774714
114.774714
114.774714
114.774714
114.774714
114.774714
114.774714
114.774714
114.774714
114.774714
114.774714
114.774714
114.774714
114.774714
114.774714
114.774714
114.774714
114.774714
114.774714
114.774714
114.774714
114.774714
114.774714
114.774714
114.774714
114.774714
114.774714
114.774714
114.774714
114.774714
114.774714
114.774714
114.774714
114.774714
114.774714
114.774714
114.774714
114.774714
114.774714
114.774714
114.774714
114.774714
114.774714
114.774714
114.774714
114.774714
114.774714
114.774714
114.774714
114.774714
114.774714
114.774714
114.774714
114.774714
114.774714
114.774714
114.774714
114.774714
114.774714
114.774714
114.774714
114.774714
114.774714
114.774714
114.774714
114.774714
114.774714
114.774714
114.774714
114.774714
114.774714
114.774714
114.774714
114.774714
114.774714
114.774714
114.774714
114.774714
114.774714
114.774714
114.774714
114.774714
114.774714
114.774714
114.774714
114.774714
114.774714
114.774714
114.774714
114.774714
114.774714
114.774714
114.774714
114.774714
114.774714
114.774714
114.774714
114.774714
114.774714
114.774714
114.774714
114.774714
114.774714
114.774714
114.774714
114.774714
114.774714
114.774714
114.774714
114.774714
114.774714
114.774714
114.774714
114.774714
114.774714
114.774714
114.774714
114.774714
114.774714
114.774714
114.774714
114.774714
114.774714
114.774714
114.774714
114.774714
114.774714
114.774714
114.774714
114.774714
114.774714
114.774714
114.774714
114.774714
114.774714
114.774714
114.774714
114.774714
114.774714
114.774714
114.774714
114.774714
114.774714
114.774714
114.774714
114.774714
114.774714
114.774714
114.774714
114.774714
114.774714
114.774714
114.774714
114.774714
114.774714
114.774714
114.774714
114.774714
114.774714
114.774714
114.774714
114.774714
114.774714
114.774714
114.774714
114.774714
114.774714
114.774714
114.774714
114.774714
114.774714
114.774714
114.774714
114.774714
114.774714
114.774714
114.774714
114.774714
114.774714
114.774714
114.774714
114.774714
114.774714
114.774714
114.774714
114.774714
114.774714
114.774714
114.774714
114.774714
114.774714
114.774714
114.774714
114.774714
114.774714
114.774714
114.774714
114.774714
114.774714
114.774714
114.774714
114.774714
114.774714
114.774714
114.774714
114.774714
114.774714
114.774714
114.774714
114.774714
114.774714
114.774714
114.774714
114.774714
114.774714
114.774714
114.774714
114.774714
114.774714
114.774714
114.774714
114.774714
114.774713
114.774713
114.774713
114.774713
114.774713
114.774713
114.774713
114.774713
114.774713
114.774713
114.774713
114.774713
114.774713
114.774713
114.774713
114.774713
114.774713
114.774713
114.774713
114.774713
114.774713
114.774713
114.774713
114.774713
114.774713
114.774713
114.774713
114.774713
114.774713
114.774713
114.774713
114.774713
114.774713
114.774713
114.774713
114.774713
114.774713
114.774713
114.774713
114.774713
114.774713
114.774713
114.774713
114.774713
114.774713
114.774713
114.774713
114.774713
114.774713
114.774713
114.774713
114.774713
114.774713
114.774713
114.774713
114.774713
114.774713
114.774713
114.774713
114.774713
114.774713
114.774713
114.774713
114.774713
114.774713
114.774713
114.774713
114.774713
114.774713
114.774713
114.774713
114.774713
114.774713
114.774713
114.774713
114.774713
114.774713
114.774713
114.774713
114.774713
114.774713
114.774713
114.774713
114.774713
114.774713
114.774713
114.774713
114.774713
114.774713
114.774713
114.774713
114.774713
114.774713
114.774713
114.774713
114.774713
114.774713
114.774713
114.774713
114.774713
114.774713
114.774713
114.774713
114.774713
114.774713
114.774713
114.774713
114.774713
114.774713
114.774713
114.774713
114.774713
114.774713
114.774713
114.774713
114.774713
114.774713
114.774713
114.774713
114.774713
114.774713
114.774713
114.774713
114.774713
114.774713
114.774713
114.774713
114.774713
114.774713
114.774713
114.774713
114.774713
114.774713
114.774713
114.774713
114.774713
114.774713
114.774713
114.774713
114.774713
114.774713
114.774713
114.774713
114.774713
114.774713
114.774713
114.774713
114.774713
114.774713
114.774713
114.774713
114.774713
114.774713
114.774713
114.774713
114.774713
114.774713
114.774713
114.774713
114.774713
114.774713
114.774713
114.774713
114.774713
114.774713
114.774713
114.774713
114.774713
114.774713
114.774713
114.774713
114.774713
114.774713
114.774713
114.774713
114.774713
114.774713
114.774713
114.774713
114.774713
114.774713
114.774713
114.774713
114.774713
114.774713
114.774713
114.774713
114.774713
114.774713
114.774713
114.774713
114.774713
114.774713
114.774713
114.774713
114.774713
114.774713
114.774713
114.774713
114.774713
114.774713
114.774713
114.774713
114.774713
114.774713
114.774713
114.774713
114.774713
114.774713
114.774712
114.774712
114.774712
114.774712
114.774712
114.774712
114.774712
114.774712
114.774712
114.774712
114.774712
114.774712
114.774712
114.774712
114.774712
114.774712
114.774712
114.774712
114.774712
114.774712
114.774712
114.774712
114.774712
114.774712
114.774712
114.774712
114.774712
114.774712
114.774712
114.774712
114.774712
114.774712
114.774712
114.774712
114.774712
114.774712
114.774712
114.774712
114.774712
114.774712
114.774712
114.774712
114.774712
114.774712
114.774712
114.774712
114.774712
114.774712
114.774712
114.774712
114.774712
114.774712
114.774712
114.774712
114.774712
114.774712
114.774712
114.774712
114.774712
114.774712
114.774711
114.774711
114.774711
114.774711
114.774711
114.774711
114.774711
114.774711
114.774711
114.774711
114.774711
114.774711
114.774711
114.774711
114.774711
114.774711
114.774711
114.774711
114.774711
114.774711
114.774711
114.774711
114.774711
114.774711
114.774711
114.774711
114.774711
114.774711
114.774711
114.774711
114.774711
114.774711
114.774711
114.774711
114.774711
114.774711
114.774711
114.774711
114.774711
114.774711
114.774711
114.774711
114.774711
114.774711
114.774711
114.774711
114.774711
114.774711
114.774711
114.774711
114.774711
114.774710
114.774710
114.774710
114.774710
114.774710
114.774710
114.774710
114.774710
114.774710
114.774710
114.774710
114.774710
114.774710
114.774710
114.774710
114.774710
114.774710
114.774710
114.774710
114.774710
114.774710
114.774710
114.774710
114.774710
114.774710
114.774710
114.774710
114.774710
114.774710
114.774710
114.774710
114.774710
114.774710
114.774710
114.774710
114.774710
114.774710
114.774710
114.774710
114.774710
114.774710
114.774710
114.774710
114.774710
114.774710
114.774710
114.774710
114.774710
114.774710
114.774710
114.774710
114.774710
114.774710
114.774710
114.774710
114.774710
114.774710
114.774710
114.774710
114.774710
114.774710
114.774710
114.774710
114.774710
114.774710
114.774710
114.774710
114.774710
114.774710
114.774710
114.774710
114.774709
114.774709
114.774709
114.774709
114.774709
114.774709
114.774709
114.774709
114.774709
114.774709
114.774709
114.774709
114.774709
114.774709
114.774709
114.774709
114.774709
114.774709
114.774709
114.774709
114.774709
114.774709
114.774709
114.774709
114.774709
114.774709
114.774709
114.774709
114.774709
114.774709
114.774709
114.774709
114.774709
114.774709
114.774708
114.774708
114.774708
114.774708
114.774708
114.774708
114.774708
114.774708
114.774708
114.774708
114.774708
114.774708
114.774708
114.774708
114.774708
114.774708
114.774708
114.774708
114.774708
114.774708
114.774708
114.774708
114.774708
114.774708
114.774708
114.774708
114.774708
114.774708
114.774708
114.774708
114.774708
114.774708
114.774707
114.774707
114.774707
114.774707
114.774707
114.774707
114.774707
114.774707
114.774707
114.774707
114.774705
114.774705
114.774705
114.774705
114.774705
114.774705
114.774705
114.774705
114.774705
114.774705
114.774705
114.774705
114.774705
114.774705
114.774705
114.774705
114.774705
114.774705
114.774705
114.774705
114.774705
114.774705
114.774705
114.774705
114.774705
114.774705
114.774705
114.774705
114.774705
114.774705
114.774705
114.774705
114.774705
114.774705
114.774705
114.774705
114.774705
114.774705
114.774705
114.774705
114.774705
114.774705
114.774705
114.774705
114.774705
114.774705
114.774705
114.774705
114.774705
114.774705
114.774705
114.774705
114.774705
114.774705
114.774705
114.774705
114.774705
114.774705
114.774705
114.774705
114.774705
114.774705
114.774705
114.774705
114.774705
114.774705
114.774705
114.774705
114.774705
114.774705
114.774705
114.774705
114.774705
114.774705
114.774705
114.774705
114.774705
114.774705
114.774705
114.774705
114.774705
114.774705
114.774705
114.774705
114.774705
114.774705
114.774704
114.774704
114.774704
114.774704
114.774704
114.774704
114.774704
114.774704
114.774704
114.774704
114.774704
114.774704
114.774703
114.774703
114.774703
114.774703
114.774703
114.774703
114.774703
114.774703
114.774703
114.774703
114.774703
114.774703
114.774702
114.774702
114.774702
114.774702
114.774702
114.774702
114.774702
114.774702
114.774702
114.774702
114.774702
114.774702
114.774702
114.774702
114.774702
114.774702
114.774702
114.774702
114.774702
114.774702
114.774702
114.774702
114.774701
114.774701
114.774701
114.774701
114.774701
114.774701
114.774701
114.774701
114.774701
114.774701
114.774700
114.774700
114.774700
114.774700
114.774700
114.774700
114.774700
114.774700
114.774700
114.774700
114.774700
114.774700
114.774700
114.774700
114.774700
114.774700
114.774700
114.774700
114.774700
114.774700
114.774700
114.774700
114.774700
114.774700
114.774700
114.774700
114.774697
114.774697
114.774697
114.774697
114.774697
114.774697
114.774697
114.774697
114.774697
114.774697
114.774697
114.774697
114.774697
114.774697
114.774697
114.774697
114.774697
114.774697
114.774697
114.774697
114.774697
114.774697
114.774697
114.774697
114.774697
114.774697
114.774697
114.774697
114.774697
114.774697
114.774697
114.774697
114.774697
114.774697
114.774694
114.774694
114.774694
114.774694
114.774694
114.774694
114.774694
114.774694
114.774694
114.774694
114.774694
114.774694
114.774694
114.774694
114.774694
114.774694
114.774694
114.774694
114.774694
114.774694
114.774694
114.774694
114.774694
114.774693
114.774693
114.774693
114.774693
114.774693
114.774693
114.774693
114.774693
114.774691
114.774691
114.774691
114.774691
114.774691
114.774690
114.774690
114.774690
114.774690
114.774690
114.774690
114.774690
114.774690
114.774690
114.774690
114.774690
114.774690
114.774690
114.774690
114.774690
114.774690
114.774690
114.774690
114.774690
114.774690
114.774690
114.774690
114.774690
114.774690
114.774690
114.774690
114.774690
114.774690
114.774690
114.774690
114.774690
114.774690
114.774690
114.774690
114.774690
114.774690
114.774690
114.774688
114.774688
114.774688
114.774688
114.774688
114.774688
114.774688
114.774688
114.774688
114.774688
114.774688
114.774688
114.774688
114.774688
114.774688
114.774687
114.774687
114.774687
114.774687
114.774687
114.774687
114.774687
114.774687
114.774687
114.774687
114.774687
114.774687
114.774687
114.774687
114.774687
114.774687
114.774687
114.774687
114.774687
114.774687
114.774687
114.774687
114.774687
114.774687
114.774687
114.774687
114.774687
114.774687
114.774687
114.774687
114.774687
114.774687
114.774687
114.774687
114.774687
114.774687
114.774687
114.774687
114.774687
114.774687
114.774687
114.774687
114.774687
114.774687
114.774687
114.774687
114.774687
114.774687
114.774687
114.774687
114.774687
114.774687
114.774687
114.774686
114.774686
114.774686
114.774686
114.774686
114.774686
114.774686
114.774686
114.774686
114.774686
114.774686
114.774686
114.774686
114.774686
114.774686
114.774686
114.774686
114.774686
114.774686
114.774686
114.774679
114.774679
114.774679
114.774679
114.774679
114.774679
114.774679
114.774679
114.774679
114.774679
114.774679
114.774679
114.774679
114.774679
114.774679
114.774679
114.774679
114.774679
114.774679
114.774679
114.774679
114.774679
114.774679
114.774679
114.774679
114.774679
114.774679
114.774679
114.774679
114.774678
114.774678
114.774678
114.774678
114.774678
114.774678
114.774678
114.774678
114.774678
114.774678
114.774678
114.774678
114.774678
114.774678
114.774678
114.774678
114.774678
114.774678
114.774678
114.774678
114.774672
114.774672
114.774672
114.774672
114.774670
114.774670
114.774670
114.774670
114.774670
114.774670
114.774670
114.774670
114.774665
114.774665
114.774665
114.774665
114.774665
114.774665
114.774665
114.774665
114.774661
114.774661
114.774661
114.774661
114.774661
114.774661
114.774661
114.774661
114.774661
114.774661
114.774661
114.774661
114.774661
114.774661
114.774661
114.774661
114.774661
114.774661
114.774661
114.774661
114.774661
114.774661
114.774661
114.774661
114.774661
114.774661
114.774661
114.774661
114.774661
114.774661
114.774655
114.774655
114.774648
114.774648
114.774648
114.774648
114.774648
114.774648
114.774648
114.774648
114.774648
114.774648
114.774648
114.774648
114.774648
114.774648
114.774648
114.774648
114.774648
114.774648
114.774648
114.774648
114.774640
114.774640
114.774640
114.774640
114.774640
114.774640
114.774640
114.774640
114.774640
114.774640
114.774640
114.774640
114.774640
114.774640
114.774638
114.774638
114.774638
114.774638
114.774631
114.774631
114.774631
114.774631
114.774631
114.774631
114.774631
114.774631
114.774631
114.774631
114.774631
114.774631
114.774631
114.774631
114.774631
114.774631
114.774631
114.774631
114.774631
114.774631
114.774631
114.774631
114.774631
114.774631
114.774631
114.774631
114.774631
114.774631
114.774631
114.774631
114.774631
114.774631
114.774631
114.774631
114.774631
114.774631
114.774631
114.774631
114.774631
114.774631
114.774631
114.774631
114.774631
114.774631
114.774631
114.774631
114.774631
114.774631
114.774620
114.774620
114.774620
114.774620
114.774620
114.774620
114.774620
114.774620
114.774620
114.774620
114.774620
114.774620
114.774620
114.774620
114.774620
114.774620
114.774620
114.774620
114.774620
114.774620
114.774617
114.774617
114.774617
114.774617
114.774617
114.774617
114.774617
114.774617
114.774617
114.774617
114.774617
114.774617
114.774617
114.774617
114.774617
114.774617
114.774617
114.774617
114.774617
114.774617
114.774617
114.774617
114.774607
114.774607
114.774607
114.774607
114.774607
114.774607
114.774607
114.774607
114.774607
114.774607
114.774594
114.774594
114.774594
114.774594
114.774594
114.774594
114.774594
114.774594
114.774574
114.774574
114.774574
114.774574
114.774574
114.774574
114.774574
114.774574
114.774574
114.774574
114.774574
114.774574
114.774574
114.774574
114.774574
114.774574
114.774574
114.774574
114.774574
114.774574
114.774574
114.774574
114.774574
114.774574
114.774574
114.774574
114.774574
114.774574
114.774574
114.774574
114.774574
114.774574
114.774574
114.774570
114.774570
114.774570
114.774570
114.774570
114.774570
114.774570
114.774570
114.774570
114.774570
114.774569
114.774569
114.774569
114.774569
114.774569
114.774569
114.774569
114.774569
114.774569
114.774569
114.774569
114.774569
114.774569
114.774569
114.774569
114.774569
114.774569
114.774551
114.774551
114.774551
114.774551
114.774551
114.774551
114.774544
114.774544
114.774544
114.774544
114.774544
114.774544
114.774544
114.774544
114.774544
114.774544
114.774544
114.774544
114.774544
114.774544
114.774544
114.774544
114.774544
114.774544
114.774544
114.774544
114.774544
114.774544
114.774544
114.774544
114.774544
114.774544
114.774544
114.774544
114.774544
114.774544
114.774544
114.774544
114.774544
114.774544
114.774544
114.774544
114.774544
114.774544
114.774544
114.774544
114.774544
114.774544
114.774544
114.774544
114.774544
114.774544
114.774544
114.774544
114.774544
114.774544
114.774544
114.774544
114.774544
114.774544
114.774544
114.774544
114.774544
114.774544
114.774544
114.774544
114.774544
114.774544
114.774544
114.774544
114.774544
114.774544
114.774544
114.774544
114.774544
114.774518
114.774518
114.774518
114.774518
114.774518
114.774518
114.774518
114.774518
114.774518
114.774518
114.774518
114.774518
114.774518
114.774518
114.774518
114.774518
114.774518
114.774518
114.774518
114.774518
114.774518
114.774518
114.774518
114.774518
114.774518
114.774518
114.774518
114.774518
114.774518
114.774518
114.774518
114.774518
114.774518
114.774518
114.774518
114.774505
114.774505
114.774505
114.774505
114.774505
114.774505
114.774505
114.774505
114.774505
114.774505
114.774505
114.774505
114.774498
114.774498
114.774498
114.774498
114.774498
114.774498
114.774498
114.774498
114.774498
114.774498
114.774498
114.774498
114.774498
114.774498
114.774498
114.774498
114.774498
114.774498
114.774498
114.774498
114.774498
114.774462
114.774462
114.774462
114.774462
114.774462
114.774462
114.774462
114.774462
114.774462
114.774462
114.774462
114.774462
114.774462
114.774462
114.774462
114.774462
114.774462
114.774451
114.774451
114.774451
114.774451
114.774451
114.774451
114.774451
114.774451
114.774451
114.774451
114.774451
114.774451
114.774451
114.774451
114.774451
114.774451
114.774451
114.774451
114.774451
114.774451
114.774418
114.774418
114.774418
114.774418
114.774418
114.774418
114.774418
114.774418
114.774418
114.774418
114.774418
114.774418
114.774418
114.774418
114.774418
114.774418
114.774418
114.774418
114.774418
114.774418
114.774418
114.774418
114.774418
114.774418
114.774418
114.774418
114.774418
114.774418
114.774418
114.774418
114.774418
114.774418
114.774418
114.774418
114.774418
114.774418
114.774418
114.774418
114.774418
114.774418
114.774418
114.774418
114.774418
114.774418
114.774418
114.774418
114.774418
114.774418
114.774418
114.774418
114.774418
114.774418
114.774418
114.774418
114.774418
114.774418
114.774418
114.774418
114.774418
114.774418
114.774418
114.774418
114.774418
114.774418
114.774418
114.774418
114.774418
114.774418
114.774418
114.774418
114.774418
114.774418
114.774418
114.774418
114.774418
114.774418
114.774418
114.774418
114.774418
114.774418
114.774418
114.774418
114.774418
114.774418
114.774418
114.774418
114.774418
114.774418
114.774405
114.774405
114.774405
114.774405
114.774405
114.774405
114.774405
114.774405
114.774405
114.774405
114.774398
114.774398
114.774398
114.774398
114.774398
114.774398
114.774398
114.774398
114.774398
114.774398
114.774398
114.774398
114.774398
114.774398
114.774398
114.774398
114.774398
114.774398
114.774398
114.774398
114.774398
114.774398
114.774398
114.774398
114.774398
114.774397
114.774397
114.774397
114.774397
114.774397
114.774397
114.774397
114.774397
114.774397
114.774397
114.774397
114.774397
114.774397
114.774397
114.774397
114.774397
114.774397
114.774397
114.774397
114.774397
114.774397
114.774397
114.774397
114.774397
114.774397
114.774397
114.774397
114.774395
114.774395
114.774395
114.774395
114.774395
114.774395
114.774395
114.774395
114.774395
114.774395
114.774395
114.774395
114.774395
114.774395
114.774395
114.774395
114.774395
114.774395
114.774395
114.774395
114.774395
114.774395
114.774395
114.774395
114.774395
114.774394
114.774394
114.774394
114.774394
114.774394
114.774394
114.774394
114.774394
114.774394
114.774394
114.774394
114.774394
114.774394
114.774394
114.774394
114.774394
114.774394
114.774394
114.774394
114.774394
114.774394
114.774394
114.774394
114.774394
114.774394
114.774394
114.774394
114.774394
114.774394
114.774394
114.774394
114.774394
114.774394
114.774394
114.774394
114.774394
114.774394
114.774394
114.774394
114.774394
114.774394
114.774394
114.774394
114.774394
114.774394
114.774394
114.774394
114.774394
114.774394
114.774394
114.774394
114.774394
114.774394
114.774394
114.774394
114.774394
114.774394
114.774394
114.774394
114.774394
114.774394
114.774394
114.774394
114.774394
114.774394
114.774394
114.774394
114.774394
114.774394
114.774394
114.774394
114.774394
114.774394
114.774394
114.774394
114.774394
114.774394
114.774394
114.774394
114.774394
114.774394
114.774394
114.774394
114.774394
114.774394
114.774394
114.774394
114.774394
114.774394
114.774394
114.774394
114.774394
114.774394
114.774394
114.774394
114.774394
114.774394
114.774394
114.774394
114.774394
114.774394
114.774394
114.774394
114.774394
114.774394
114.774394
114.774394
114.774394
114.774394
114.774394
114.774394
114.774394
114.774394
114.774394
114.774394
114.774394
114.774394
114.774394
114.774394
114.774394
114.774394
114.774394
114.774394
114.774394
114.774394
114.774394
114.774394
114.774394
114.774394
114.774394
114.774394
114.774394
114.774394
114.774394
114.774394
114.774394
114.774394
114.774394
114.774394
114.774394
114.774394
114.774394
114.774394
114.774394
114.774394
114.774394
114.774394
114.774394
114.774394
114.774394
114.774394
114.774394
114.774394
114.774394
114.774394
114.774394
114.774394
114.774394
114.774394
114.774394
114.774394
114.774394
114.774394
114.774394
114.774394
114.774394
114.774394
114.774394
114.774394
114.774394
114.774394
114.774394
114.774394
114.774394
114.774394
114.774394
114.774394
114.774394
114.774394
114.774394
114.774394
114.774394
114.774394
114.774394
114.774394
114.774394
114.774394
114.774394
114.774394
114.774394
114.774394
114.774394
114.774394
114.774394
114.774394
114.774394
114.774394
114.774394
114.774394
114.774394
114.774394
114.774394
114.774394
114.774394
114.774394
114.774394
114.774394
114.774394
114.774394
114.774394
114.774394
114.774394
114.774394
114.774394
114.774394
114.774394
114.774394
114.774394
114.774394
114.774394
114.774394
114.774394
114.774394
114.774394
114.774394
114.774394
114.774394
114.774394
114.774394
114.774394
114.774394
114.774394
114.774394
114.774394
114.774394
114.774394
114.774394
114.774394
114.774394
114.774394
114.774394
114.774394
114.774394
114.774394
114.774394
114.774394
114.774394
114.774394
114.774394
114.774394
114.774394
114.774394
114.774394
114.774394
114.774394
114.774394
114.774394
114.774394
114.774394
114.774394
114.774394
114.774394
114.774394
114.774394
114.774394
114.774394
114.774394
114.774394
114.774394
114.774394
114.774394
114.774394
114.774394
114.774394
114.774394
114.774394
114.774394
114.774394
114.774394
114.774394
114.774394
114.774394
114.774394
114.774394
114.774394
114.774394
114.774394
114.774394
114.774394
114.774394
114.774394
114.774394
114.774394
114.774394
114.774394
114.774394
114.774394
114.774394
114.774394
114.774394
114.774394
114.774394
114.774394
114.774394
114.774394
114.774394
114.774394
114.774394
114.774394
114.774394
114.774394
114.774394
114.774394
114.774394
114.774394
114.774394
114.774394
114.774394
114.774394
114.774394
114.774394
114.774394
114.774394
114.774394
114.774394
114.774394
114.774394
114.774394
114.774394
114.774394
114.774394
114.774394
114.774394
114.774394
114.774394
114.774394
114.774394
114.774394
114.774394
114.774394
114.774394
114.774394
114.774394
114.774394
114.774394
114.774394
114.774394
114.774394
114.774394
114.774394
114.774394
114.774394
114.774394
114.774394
114.774394
114.774394
114.774394
114.774394
114.774394
114.774394
114.774394
114.774394
114.774394
114.774394
114.774394
114.774394
114.774394
114.774394
114.774394
114.774394
114.774394
114.774394
114.774394
114.774394
114.774394
114.774394
114.774394
114.774394
114.774394
114.774394
114.774394
114.774394
114.774394
114.774394
114.774394
114.774394
114.774394
114.774394
114.774394
114.774394
114.774394
114.774394
114.774394
114.774394
114.774394
114.774394
114.774394
114.774394
114.774394
114.774394
114.774394
114.774394
114.774394
114.774394
114.774394
114.774394
114.774394
114.774394
114.774394
114.774394
114.774394
114.774394
114.774394
114.774394
114.774394
114.774394
114.774394
114.774394
114.774394
114.774394
114.774394
114.774394
114.774394
114.774394
114.774394
114.774394
114.774394
114.774394
114.774394
114.774394
114.774394
114.774394
114.774394
114.774394
114.774394
114.774394
114.774394
114.774394
114.774394
114.774394
114.774394
114.774394
114.774394
114.774394
114.774394
114.774394
114.774394
114.774394
114.774394
114.774394
114.774394
114.774394
114.774394
114.774394
114.774394
114.774394
114.774394
114.774394
114.774394
114.774394
114.774394
114.774394
114.774394
114.774394
114.774394
114.774394
114.774394
114.774394
114.774394
114.774394
114.774394
114.774394
114.774394
114.774394
114.774394
114.774394
114.774394
114.774394
114.774394
114.774394
114.774394
114.774394
114.774394
114.774394
114.774394
114.774394
114.774394
114.774394
114.774394
114.774394
114.774394
114.774394
114.774394
114.774394
114.774394
114.774394
114.774394
114.774394
114.774394
114.774394
114.774394
114.774394
114.774394
114.774394
114.774394
114.774394
114.774394
114.774394
114.774394
114.774394
114.774394
114.774394
114.774394
114.774394
114.774394
114.774394
114.774394
114.774394
114.774394
114.774394
114.774394
114.774394
114.774394
114.774394
114.774394
114.774394
114.774394
114.774394
114.774394
114.774394
114.774394
114.774394
114.774394
114.774394
114.774394
114.774394
114.774394
114.774394
114.774394
114.774394
114.774394
114.774394
114.774394
114.774394
114.774394
114.774394
114.774394
114.774394
114.774394
114.774394
114.774394
114.774394
114.774394
114.774394
114.774394
114.774394
114.774394
114.774394
114.774394
114.774394
114.774394
114.774394
114.774394
114.774394
114.774394
114.774394
114.774394
114.774394
114.774394
114.774394
114.774394
114.774394
114.774394
114.774394
114.774394
114.774394
114.774394
114.774394
114.774394
114.774394
114.774394
114.774394
114.774394
114.774394
114.774394
114.774394
114.774394
114.774394
114.774394
114.774394
114.774394
114.774394
114.774394
114.774394
114.774394
114.774394
114.774394
114.774394
114.774394
114.774394
114.774394
114.774394
114.774394
114.774394
114.774394
114.774394
114.774394
114.774394
114.774394
114.774394
114.774394
114.774394
114.774394
114.774394
114.774394
114.774394
114.774394
114.774394
114.774394
114.774394
114.774394
114.774394
114.774394
114.774394
114.774394
114.774394
114.774394
114.774394
114.774394
114.774394
114.774394
114.774394
114.774394
114.774394
114.774394
114.774394
114.774394
114.774394
114.774394
114.774394
114.774394
114.774394
114.774394
114.774394
114.774394
114.774394
114.774394
114.774394
114.774394
114.774394
114.774394
114.774394
114.774394
114.774394
114.774394
114.774394
114.774394
114.774394
114.774394
114.774394
114.774394
114.774394
114.774394
114.774394
114.774394
114.774394
114.774394
114.774394
114.774394
114.774394
114.774394
114.774394
114.774394
114.774394
114.774394
114.774394
114.774394
114.774394
114.774394
114.774394
114.774394
114.774394
114.774394
114.774394
114.774394
114.774394
114.774394
114.774394
114.774394
114.774394
114.774394
114.774394
114.774394
114.774394
114.774394
114.774394
114.774394
114.774394
114.774394
114.774394
114.774394
114.774394
114.774394
114.774394
114.774394
114.774394
114.774394
114.774394
114.774394
114.774394
114.774394
114.774394
114.774394
114.774394
114.774394
114.774394
114.774394
114.774394
114.774394
114.774394
114.774394
114.774394
114.774394
114.774394
114.774394
114.774394
114.774394
114.774394
114.774394
114.774394
114.774394
114.774394
114.774394
114.774394
114.774394
114.774394
114.774394
114.774394
114.774394
114.774394
114.774394
114.774394
114.774394
114.774394
114.774394
114.774394
114.774394
114.774394
114.774394
114.774394
114.774394
114.774394
114.774394
114.774394
114.774394
114.774394
114.774394
114.774394
114.774394
114.774394
114.774394
114.774394
114.774394
114.774394
114.774394
114.774394
114.774394
114.774394
114.774394
114.774394
114.774394
114.774394
114.774394
114.774394
114.774394
114.774394
114.774394
114.774394
114.774394
114.774394
114.774394
114.774394
114.774394
114.774394
114.774394
114.774394
114.774394
114.774394
114.774394
114.774394
114.774394
114.774394
114.774394
114.774394
114.774394
114.774394
114.774394
114.774394
114.774394
114.774394
114.774394
114.774394
114.774394
114.774394
114.774394
114.774394
114.774394
114.774394
114.774394
114.774394
114.774394
114.774394
114.774394
114.774394
114.774394
114.774394
114.774394
114.774394
114.774394
114.774394
114.774394
114.774394
114.774394
114.774394
114.774394
114.774394
114.774394
114.774394
114.774394
114.774394
114.774394
114.774394
114.774394
114.774394
114.774394
114.774394
114.774394
114.774394
114.774394
114.774394
114.774394
114.774394
114.774394
114.774394
114.774394
114.774394
114.774394
114.774394
114.774394
114.774394
114.774394
114.774394
114.774394
114.774394
114.774394
114.774394
114.774394
114.774394
114.774394
114.774394
114.774394
114.774394
114.774394
114.774394
114.774394
114.774394
114.774394
114.774394
114.774394
114.774394
114.774394
114.774394
114.774394
114.774394
114.774394
114.774394
114.774394
114.774394
114.774394
114.774394
114.774394
114.774394
114.774394
114.774394
114.774394
114.774394
114.774394
114.774394
114.774394
114.774394
114.774394
114.774394
114.774394
114.774394
114.774394
114.774394
114.774394
114.774394
114.774394
114.774394
114.774394
114.774394
114.774394
114.774394
114.774394
114.774394
114.774394
114.774394
114.774394
114.774394
114.774394
114.774394
114.774394
114.774394
114.774394
114.774394
114.774394
114.774394
114.774394
114.774394
114.774394
114.774394
114.774394
114.774394
114.774394
114.774394
114.774394
114.774394
114.774394
114.774394
114.774394
114.774394
114.774394
114.774394
114.774394
114.774394
114.774394
114.774394
114.774394
114.774394
114.774394
114.774394
114.774394
114.774394
114.774394
114.774394
114.774394
114.774394
114.774394
114.774394
114.774394
114.774394
114.774394
114.774394
114.774394
114.774394
114.774394
114.774394
114.774394
114.774394
114.774394
114.774394
114.774394
114.774394
114.774394
114.774394
114.774394
114.774394
114.774394
114.774394
114.774394
114.774394
114.774394
114.774394
114.774394
114.774394
114.774394
114.774394
114.774394
114.774394
114.774394
114.774394
114.774394
114.774394
114.774394
114.774394
114.774394
114.774394
114.774394
114.774394
114.774394
114.774394
114.774394
114.774394
114.774394
114.774394
114.774394
114.774394
114.774394
114.774394
114.774394
114.774394
114.774394
114.774394
114.774394
114.774394
114.774394
114.774394
114.774394
114.774394
114.774394
114.774394
114.774394
114.774394
114.774394
114.774394
114.774394
114.774394
114.774394
114.774394
114.774394
114.774394
114.774394
114.774394
114.774394
114.774394
114.774394
114.774394
114.774394
114.774394
114.774394
114.774394
114.774394
114.774394
114.774394
114.774394
114.774394
114.774394
114.774394
114.774394
114.774394
114.774394
114.774394
114.774394
114.774394
114.774394
114.774394
114.774394
114.774394
114.774394
114.774394
114.774394
114.774394
114.774394
114.774394
114.774394
114.774394
114.774394
114.774394
114.774394
114.774394
114.774394
114.774394
114.774394
114.774394
114.774394
114.774394
114.774394
114.774394
114.774394
114.774394
114.774394
114.774394
114.774394
114.774394
114.774394
114.774394
114.774394
114.774394
114.774394
114.774394
114.774394
114.774394
114.774394
114.774394
114.774394
114.774394
114.774394
114.774394
114.774394
114.774394
114.774394
114.774394
114.774394
114.774394
114.774394
114.774394
114.774394
114.774394
114.774394
114.774394
114.774394
114.774394
114.774394
114.774394
114.774394
114.774394
114.774394
114.774394
114.774394
114.774394
114.774394
114.774394
114.774394
114.774394
114.774394
114.774394
114.774394
114.774394
114.774394
114.774394
114.774394
114.774394
114.774394
114.774394
114.774394
114.774394
114.774394
114.774394
114.774394
114.774394
114.774394
114.774394
114.774394
114.774394
114.774394
114.774394
114.774394
114.774394
114.774394
114.774394
114.774394
114.774394
114.774394
114.774394
114.774394
114.774394
114.774394
114.774394
114.774394
114.774394
114.774394
114.774394
114.774394
114.774394
114.774394
114.774394
114.774394
114.774394
114.774394
114.774394
114.774394
114.774394
114.774394
114.774394
114.774394
114.774394
114.774394
114.774394
114.774394
114.774394
114.774394
114.774394
114.774394
114.774394
114.774394
114.774394
114.774394
114.774394
114.774394
114.774394
114.774394
114.774394
114.774394
114.774394
114.774394
114.774394
114.774394
114.774394
114.774394
114.774394
114.774394
114.774394
114.774394
114.774394
114.774394
114.774394
114.774394
114.774394
114.774394
114.774394
114.774394
114.774394
114.774394
114.774394
114.774394
114.774394
114.774394
114.774394
114.774394
114.774394
114.774394
114.774394
114.774394
114.774394
114.774394
114.774394
114.774394
114.774394
114.774394
114.774394
114.774394
114.774394
114.774394
114.774394
114.774394
114.774394
114.774394
114.774394
114.774394
114.774394
114.774394
114.774394
114.774394
114.774394
114.774394
114.774394
114.774394
114.774394
114.774394
114.774394
114.774394
114.774394
114.774394
114.774394
114.774394
114.774394
114.774394
114.774394
114.774394
114.774394
114.774394
114.774394
114.774394
114.774394
114.774394
114.774394
114.774394
114.774394
114.774394
114.774394
114.774394
114.774394
114.774394
114.774394
114.774394
114.774394
114.774394
114.774394
114.774394
114.774394
114.774394
114.774394
114.774394
114.774394
114.774394
114.774394
114.774394
114.774394
114.774394
114.774394
114.774394
114.774394
114.774394
114.774394
114.774394
114.774394
114.774394
114.774394
114.774394
114.774394
114.774394
114.774394
114.774394
114.774394
114.774394
114.774394
114.774394
114.774394
114.774394
114.774394
114.774394
114.774394
114.774394
114.774394
114.774394
114.774394
114.774394
114.774394
114.774394
114.774394
114.774394
114.774394
114.774394
114.774394
114.774394
114.774394
114.774394
114.774394
114.774394
114.774394
114.774394
114.774394
114.774394
114.774394
114.774394
114.774394
114.774394
114.774394
114.774394
114.774394
114.774394
114.774394
114.774394
114.774394
114.774394
114.774394
114.774394
114.774394
114.774394
114.774394
114.774394
114.774394
114.774394
114.774394
114.774394
114.774394
114.774394
114.774394
114.774394
114.774394
114.774394
114.774394
114.774394
114.774394
114.774394
114.774394
114.774394
114.774394
114.774394
114.774394
114.774394
114.774394
114.774394
114.774394
114.774394
114.774394
114.774394
114.774394
114.774394
114.774394
114.774394
114.774394
114.774394
114.774394
114.774394
114.774394
114.774394
114.774394
114.774394
114.774394
114.774394
114.774394
114.774394
114.774394
114.774394
114.774394
114.774394
114.774394
114.774394
114.774394
114.774394
114.774394
114.774394
114.774394
114.774394
114.774394
114.774394
114.774394
114.774394
114.774394
114.774394
114.774394
114.774394
114.774394
114.774394
114.774394
114.774394
114.774394
114.774394
114.774394
114.774394
114.774394
114.774394
114.774394
114.774394
114.774394
114.774394
114.774394
114.774394
114.774394
114.774394
114.774394
114.774394
114.774394
114.774394
114.774394
114.774394
114.774394
114.774394
114.774394
114.774394
114.774394
114.774394
114.774394
114.774394
114.774394
114.774394
114.774394
114.774394
114.774394
114.774394
114.774394
114.774394
114.774394
114.774394
114.774394
114.774394
114.774394
114.774394
114.774394
114.774394
114.774394
114.774394
114.774394
114.774394
114.774394
114.774394
114.774394
114.774394
114.774394
114.774394
114.774394
114.774394
114.774394
114.774394
114.774394
114.774394
114.774394
114.774394
114.774394
114.774394
114.774394
114.774394
114.774394
114.774394
114.774394
114.774394
114.774394
114.774394
114.774394
114.774394
114.774394
114.774394
114.774394
114.774394
114.774394
114.774394
114.774394
114.774394
114.774394
114.774394
114.774394
114.774394
114.774394
114.774394
114.774394
114.774394
114.774394
114.774394
114.774394
114.774394
114.774394
114.774394
114.774394
114.774394
114.774394
114.774394
114.774394
114.774394
114.774394
114.774394
114.774394
114.774394
114.774394
114.774394
114.774394
114.774394
114.774394
114.774394
114.774394
114.774394
114.774394
114.774394
114.774394
114.774394
114.774394
114.774394
114.774394
114.774394
114.774394
114.774394
114.774394
114.774394
114.774394
114.774394
114.774394
114.774394
114.774394
114.774394
114.774394
114.774394
114.774394
114.774394
114.774394
114.774394
114.774394
114.774394
114.774394
114.774394
114.774394
114.774394
114.774394
114.774394
114.774394
114.774394
114.774394
114.774394
114.774394
114.774394
114.774394
114.774394
114.774394
114.774394
114.774394
114.774394
114.774394
114.774394
114.774394
114.774394
114.774394
114.774394
114.774394
114.774394
114.774394
114.774394
114.774394
114.774394
114.774394
114.774394
114.774394
114.774394
114.774394
114.774394
114.774394
114.774394
114.774394
114.774394
114.774394
114.774394
114.774394
114.774394
114.774394
114.774394
114.774394
114.774394
114.774394
114.774394
114.774394
114.774394
114.774394
114.774394
114.774394
114.774394
114.774394
114.774394
114.774394
114.774394
114.774394
114.774394
114.774394
114.774394
114.774394
114.774394
114.774394
114.774394
114.774394
114.774394
114.774394
114.774394
114.774394
114.774394
114.774394
114.774394
114.774394
114.774394
114.774394
114.774394
114.774394
114.774394
114.774394
114.774394
114.774394
114.774394
114.774394
114.774394
114.774394
114.774394
114.774394
114.774394
114.774394
114.774394
114.774394
114.774394
114.774394
114.774394
114.774394
114.774394
114.774394
114.774394
114.774394
114.774394
114.774394
114.774394
114.774394
114.774394
114.774394
114.774394
114.774394
114.774394
114.774394
114.774394
114.774394
114.774394
114.774394
114.774394
114.774394
114.774394
114.774394
114.774394
114.774394
114.774394
114.774394
114.774394
114.774394
114.774394
114.774394
114.774394
114.774394
114.774394
114.774394
114.774394
114.774394
114.774394
114.774394
114.774394
114.774394
114.774394
114.774394
114.774394
114.774394
114.774394
114.774394
114.774394
114.774394
114.774394
114.774394
114.774394
114.774394
114.774394
114.774394
114.774394
114.774394
114.774394
114.774394
114.774394
114.774394
114.774394
114.774394
114.774394
114.774394
114.774394
114.774394
114.774394
114.774394
114.774394
114.774394
114.774394
114.774394
114.774394
114.774394
114.774394
114.774394
114.774394
114.774394
114.774394
114.774394
114.774394
114.774394
114.774394
114.774394
114.774394
114.774394
114.774394
114.774394
114.774394
114.774394
114.774394
114.774394
114.774394
114.774394
114.774394
114.774394
114.774394
114.774394
114.774394
114.774394
114.774394
114.774394
114.774394
114.774394
114.774394
114.774394
114.774394
114.774394
114.774394
114.774394
114.774394
114.774394
114.774394
114.774394
114.774394
114.774394
114.774394
114.774394
114.774394
114.774394
114.774394
114.774394
114.774394
114.774394
114.774394
114.774394
114.774394
114.774394
114.774394
114.774394
114.774394
114.774394
114.774394
114.774394
114.774394
114.774394
114.774394
114.774394
114.774394
114.774394
114.774394
114.774394
114.774394
114.774394
114.774394
114.774394
114.774394
114.774394
114.774394
114.774394
114.774394
114.774394
114.774394
114.774394
114.774394
114.774394
114.774394
114.774394
114.774394
114.774394
114.774394
114.774394
114.774394
114.774394
114.774394
114.774394
114.774394
114.774394
114.774394
114.774394
114.774394
114.774394
114.774394
114.774394
114.774394
114.774394
114.774394
114.774394
114.774394
114.774394
114.774394
114.774394
114.774394
114.774394
114.774394
114.774394
114.774394
114.774394
114.774394
114.774394
114.774394
114.774394
114.774394
114.774394
114.774394
114.774394
114.774394
114.774394
114.774394
114.774394
114.774394
114.774394
114.774394
114.774394
114.774394
114.774394
114.774394
114.774394
114.774394
114.774394
114.774394
114.774394
114.774394
114.774394
114.774394
114.774394
114.774394
114.774394
114.774394
114.774394
114.774394
114.774394
114.774394
114.774394
114.774394
114.774394
114.774394
114.774394
114.774394
114.774394
114.774394
114.774394
114.774394
114.774394
114.774394
114.774394
114.774394
114.774394
114.774394
114.774394
114.774394
114.774394
114.774394
114.774394
114.774394
114.774394
114.774394
114.774394
114.774394
114.774394
114.774394
114.774394
114.774394
114.774394
114.774394
114.774394
114.774394
114.774394
114.774394
114.774394
114.774394
114.774394
114.774394
114.774394
114.774394
114.774394
114.774394
114.774394
114.774394
114.774394
114.774394
114.774394
114.774394
114.774394
114.774394
114.774394
114.774394
114.774394
114.774394
114.774394
114.774394
114.774394
114.774394
114.774394
114.774394
114.774394
114.774394
114.774394
114.774394
114.774394
114.774394
114.774394
114.774394
114.774394
114.774394
114.774394
114.774394
114.774394
114.774394
114.774394
114.774394
114.774394
114.774394
114.774394
114.774394
114.774394
114.774394
114.774394
114.774394
114.774394
114.774394
114.774394
114.774394
114.774394
114.774394
114.774394
114.774394
114.774394
114.774394
114.774394
114.774394
114.774394
114.774394
114.774394
114.774394
114.774394
114.774394
114.774394
114.774394
114.774394
114.774394
114.774394
114.774394
114.774394
114.774394
114.774394
114.774394
114.774394
114.774394
114.774394
114.774394
114.774394
114.774394
114.774394
114.774394
114.774394
114.774394
114.774394
114.774394
114.774394
114.774394
114.774394
114.774394
114.774394
114.774394
114.774394
114.774394
114.774394
114.774394
114.774394
114.774394
114.774394
114.774394
114.774394
114.774394
114.774394
114.774394
114.774394
114.774394
114.774394
114.774394
114.774394
114.774394
114.774394
114.774394
114.774394
114.774394
114.774394
114.774394
114.774394
114.774394
114.774394
114.774394
114.774394
114.774394
114.774394
114.774394
114.774394
114.774394
114.774394
114.774394
114.774394
114.774394
114.774394
114.774394
114.774394
114.774394
114.774394
114.774394
114.774394
114.774394
114.774394
114.774394
114.774394
114.774394
114.774394
114.774394
114.774394
114.774394
114.774394
114.774394
114.774394
114.774394
114.774394
114.774394
114.774394
114.774394
114.774394
114.774394
114.774394
114.774394
114.774394
114.774394
114.774394
114.774394
114.774394
114.774394
114.774394
114.774394
114.774394
114.774394
114.774394
114.774394
114.774394
114.774394
114.774394
114.774394
114.774394
114.774394
114.774394
114.774394
114.774394
114.774394
114.774394
114.774394
114.774394
114.774394
114.774394
114.774394
114.774394
114.774394
114.774394
114.774394
114.774394
114.774394
114.774394
114.774394
114.774394
114.774394
114.774394
114.774394
114.774394
114.774394
114.774394
114.774394
114.774394
114.774394
114.774394
114.774394
114.774394
114.774394
114.774394
114.774394
114.774394
114.774394
114.774394
114.774394
114.774394
114.774394
114.774394
114.774394
114.774394
114.774394
114.774394
114.774394
114.774394
114.774394
114.774394
114.774394
114.774394
114.774394
114.774394
114.774394
114.774394
114.774394
114.774394
114.774394
114.774394
114.774394
114.774394
114.774394
114.774394
114.774394
114.774394
114.774394
114.774394
114.774394
114.774394
114.774394
114.774394
114.774394
114.774394
114.774394
114.774394
114.774394
114.774394
114.774394
114.774394
114.774394
114.774394
114.774394
114.774394
114.774394
114.774394
114.774394
114.774394
114.774394
114.774394
114.774394
114.774394
114.774394
114.774394
114.774394
114.774394
114.774394
114.774394
114.774394
114.774394
114.774394
114.774394
114.774394
114.774394
114.774394
114.774394
114.774394
114.774394
114.774394
114.774394
114.774394
114.774394
114.774394
114.774394
114.774394
114.774394
114.774394
114.774394
114.774394
114.774394
114.774394
114.774394
114.774394
114.774394
114.774394
114.774394
114.774394
114.774394
114.774394
114.774394
114.774394
114.774394
114.774394
114.774394
114.774394
114.774394
114.774394
114.774394
114.774394
114.774394
114.774394
114.774394
114.774394
114.774394
114.774394
114.774394
114.774394
114.774394
114.774394
114.774394
114.774394
114.774394
114.774394
114.774394
114.774394
114.774394
114.774394
114.774394
114.774394
114.774394
114.774394
114.774394
114.774394
114.774394
114.774394
114.774394
114.774394
114.774394
114.774394
114.774394
114.774394
114.774394
114.774394
114.774394
114.774394
114.774394
114.774394
114.774394
114.774394
114.774394
114.774394
114.774394
114.774394
114.774394
114.774394
114.774394
114.774394
114.774394
114.774394
114.774394
114.774394
114.774394
114.774394
114.774394
114.774394
114.774394
114.774394
114.774394
114.774394
114.774394
114.774394
114.774394
114.774394
114.774394
114.774394
114.774394
114.774394
114.774394
114.774394
114.774394
114.774394
114.774394
114.774394
114.774394
114.774394
114.774394
114.774394
114.774394
114.774394
114.774394
114.774394
114.774394
114.774394
114.774394
114.774394
114.774394
114.774394
114.774394
114.774394
114.774394
114.774394
114.774394
114.774394
114.774394
114.774394
114.774394
114.774394
114.774394
114.774394
114.774394
114.774394
114.774394
114.774394
114.774394
114.774394
114.774394
114.774394
114.774394
114.774394
114.774394
114.774394
114.774394
114.774394
114.774394
114.774394
114.774394
114.774394
114.774394
114.774394
114.774394
114.774394
114.774394
114.774394
114.774394
114.774394
114.774394
114.774394
114.774394
114.774394
114.774394
114.774394
114.774394
114.774394
114.774394
114.774394
114.774394
114.774394
114.774394
114.774394
114.774394
114.774394
114.774394
114.774394
114.774394
114.774394
114.774394
114.774394
114.774394
114.774394
114.774394
114.774394
114.774394
114.774394
114.774394
114.774394
114.774394
114.774394
114.774394
114.774394
114.774394
114.774394
114.774394
114.774394
114.774394
114.774394
114.774394
114.774394
114.774394
114.774394
114.774394
114.774394
114.774394
114.774394
114.774394
114.774394
114.774394
114.774394
114.774394
114.774394
114.774394
114.774394
114.774394
114.774394
114.774394
114.774394
114.774394
114.774394
114.774394
114.774394
114.774394
114.774394
114.774394
114.774394
114.774394
114.774394
114.774394
114.774394
114.774394
114.774394
114.774394
114.774394
114.774394
114.774394
114.774394
114.774394
114.774394
114.774394
114.774394
114.774394
114.774394
114.774394
114.774394
114.774394
114.774394
114.774394
114.774394
114.774394
114.774394
114.774394
114.774394
114.774394
114.774394
114.774394
114.774394
114.774394
114.774394
114.774394
114.774394
114.774394
114.774394
114.774394
114.774394
114.774394
114.774394
114.774394
114.774394
114.774394
114.774394
114.774394
114.774394
114.774394
114.774394
114.774394
114.774394
114.774394
114.774394
114.774394
114.774394
114.774394
114.774394
114.774394
114.774394
114.774394
114.774394
114.774394
114.774394
114.774394
114.774394
114.774394
114.774394
114.774394
114.774394
114.774394
114.774394
114.774394
114.774394
114.774394
114.774394
114.774394
114.774394
114.774394
114.774394
114.774394
114.774394
114.774394
114.774394
114.774394
114.774394
114.774394
114.774394
114.774394
114.774394
114.774394
114.774394
114.774394
114.774394
114.774394
114.774394
114.774394
114.774394
114.774394
114.774394
114.774394
114.774394
114.774394
114.774394
114.774394
114.774394
114.774394
114.774394
114.774394
114.774394
114.774394
114.774394
114.774394
114.774394
114.774394
114.774394
114.774394
114.774394
114.774394
114.774394
114.774394
114.774394
114.774394
114.774394
114.774394
114.774394
114.774394
114.774394
114.774394
114.774394
114.774394
114.774394
114.774394
114.774394
114.774394
114.774394
114.774394
114.774394
114.774394
114.774394
114.774394
114.774394
114.774394
114.774394
114.774394
114.774394
114.774394
114.774394
114.774394
114.774394
114.774394
114.774394
114.774394
114.774394
114.774394
114.774394
114.774394
114.774394
114.774394
114.774394
114.774394
114.774394
114.774394
114.774394
114.774394
114.774394
114.774394
114.774394
114.774394
114.774394
114.774394
114.774394
114.774394
114.774394
114.774394
114.774394
114.774394
114.774394
114.774394
114.774394
114.774394
114.774394
114.774394
114.774394
114.774394
114.774394
114.774394
114.774394
114.774394
114.774394
114.774394
114.774394
114.774394
114.774394
114.774394
114.774394
114.774394
114.774394
114.774394
114.774394
114.774394
114.774394
114.774394
114.774394
114.774394
114.774394
114.774394
114.774394
114.774394
114.774394
114.774394
114.774394
114.774394
114.774394
114.774394
114.774394
114.774394
114.774394
114.774394
114.774394
114.774394
114.774394
114.774394
114.774394
114.774394
114.774394
114.774394
114.774394
114.774394
114.774394
114.774394
114.774394
114.774394
114.774394
114.774394
114.774394
114.774394
114.774394
114.774394
114.774394
114.774394
114.774394
114.774394
114.774394
114.774394
114.774394
114.774394
114.774394
114.774394
114.774394
114.774394
114.774394
114.774394
114.774394
114.774394
114.774394
114.774394
114.774394
114.774394
114.774394
114.774394
114.774394
114.774394
114.774394
114.774394
114.774394
114.774394
114.774394
114.774394
114.774394
114.774394
114.774394
114.774394
114.774394
114.774394
114.774394
114.774394
114.774394
114.774394
114.774394
114.774394
114.774394
114.774394
114.774394
114.774394
114.774394
114.774394
114.774394
114.774394
114.774394
114.774394
114.774394
114.774394
114.774394
114.774394
114.774394
114.774394
114.774394
114.774394
114.774394
114.774394
114.774394
114.774394
114.774394
114.774394
114.774394
114.774394
114.774394
114.774394
114.774394
114.774394
114.774394
114.774394
114.774394
114.774394
114.774394
114.774394
114.774394
114.774394
114.774394
114.774394
114.774394
114.774394
114.774394
114.774394
114.774394
114.774394
114.774394
114.774394
114.774394
114.774394
114.774394
114.774394
114.774394
114.774394
114.774394
114.774394
114.774394
114.774394
114.774394
114.774394
114.774394
114.774394
114.774394
114.774394
114.774394
114.774394
114.774394
114.774394
114.774394
114.774394
114.774394
114.774394
114.774394
114.774394
114.774394
114.774394
114.774394
114.774394
114.774394
114.774394
114.774394
114.774394
114.774394
114.774394
114.774394
114.774394
114.774394
114.774394
114.774394
114.774394
114.774394
114.774394
114.774394
114.774394
114.774394
114.774394
114.774394
114.774394
114.774394
114.774394
114.774394
114.774394
114.774394
114.774394
114.774394
114.774394
114.774394
114.774394
114.774394
114.774394
114.774394
114.774394
114.774394
114.774394
114.774394
114.774394
114.774394
114.774394
114.774394
114.774394
114.774394
114.774394
114.774394
114.774394
114.774394
114.774394
114.774394
114.774394
114.774394
114.774394
114.774394
114.774394
114.774394
114.774394
114.774394
114.774394
114.774394
114.774394
114.774394
114.774394
114.774394
114.774394
114.774394
114.774394
114.774394
114.774394
114.774394
114.774394
114.774394
114.774394
114.774394
114.774394
114.774394
114.774394
114.774394
114.774394
114.774394
114.774394
114.774394
114.774394
114.774394
114.774394
114.774394
114.774394
114.774394
114.774394
114.774394
114.774394
114.774394
114.774394
114.774394
114.774394
114.774394
114.774394
114.774394
114.774394
114.774394
114.774394
114.774394
114.774394
114.774394
114.774394
114.774394
114.774394
114.774394
114.774394
114.774394
114.774394
114.774394
114.774394
114.774394
114.774394
114.774394
114.774394
114.774394
114.774394
114.774394
114.774394
114.774394
114.774394
114.774394
114.774394
114.774394
114.774394
114.774394
114.774394
114.774394
114.774394
114.774394
114.774394
114.774394
114.774394
114.774394
114.774394
114.774394
114.774394
114.774394
114.774394
114.774394
114.774394
114.774394
114.774394
114.774394
114.774394
114.774394
114.774394
114.774394
114.774394
114.774394
114.774394
114.774394
114.774394
114.774394
114.774394
114.774394
114.774394
114.774394
114.774394
114.774394
114.774394
114.774394
114.774394
114.774394
114.774394
114.774394
114.774394
114.774394
114.774394
114.774394
114.774394
114.774394
114.774394
114.774394
114.774394
114.774394
114.774394
114.774394
114.774394
114.774394
114.774394
114.774394
114.774394
114.774394
114.774394
114.774394
114.774394
114.774394
114.774394
114.774394
114.774394
114.774394
114.774394
114.774394
114.774394
114.774394
114.774394
114.774394
114.774394
114.774394
114.774394
114.774394
114.774394
114.774394
114.774394
114.774394
114.774394
114.774394
114.774394
114.774394
114.774394
114.774394
114.774394
114.774394
114.774394
114.774394
114.774394
114.774394
114.774394
114.774394
114.774394
114.774394
114.774394
114.774394
114.774394
114.774394
114.774394
114.774394
114.774394
114.774394
114.774394
114.774394
114.774394
114.774394
114.774394
114.774394
114.774394
114.774394
114.774394
114.774394
114.774394
114.774394
114.774394
114.774394
114.774394
114.774394
114.774394
114.774394
114.774394
114.774394
114.774394
114.774394
114.774394
114.774394
114.774394
114.774394
114.774394
114.774394
114.774394
114.774394
114.774394
114.774394
114.774394
114.774394
114.774394
114.774394
114.774394
114.774394
114.774394
114.774394
114.774394
114.774394
114.774394
114.774394
114.774394
114.774394
114.774394
114.774394
114.774394
114.774394
114.774394
114.774394
114.774394
114.774394
114.774394
114.774394
114.774394
114.774394
114.774394
114.774394
114.774394
114.774394
114.774394
114.774394
114.774394
114.774394
114.774394
114.774394
114.774394
114.774394
114.774394
114.774394
114.774394
114.774394
114.774394
114.774394
114.774394
114.774394
114.774394
114.774394
114.774394
114.774394
114.774394
114.774394
114.774394
114.774394
114.774394
114.774394
114.774394
114.774394
114.774394
114.774394
114.774394
114.774394
114.774394
114.774394
114.774394
114.774394
114.774394
114.774394
114.774394
114.774394
114.774394
114.774394
114.774394
114.774394
114.774394
114.774394
114.774394
114.774394
114.774394
114.774394
114.774394
114.774394
114.774394
114.774394
114.774394
114.774394
114.774394
114.774394
114.774394
114.774394
114.774394
114.774394
114.774394
114.774394
114.774394
114.774394
114.774394
114.774394
114.774394
114.774394
114.774394
114.774394
114.774394
114.774394
114.774394
114.774394
114.774394
114.774394
114.774394
114.774394
114.774394
114.774394
114.774394
114.774394
114.774394
114.774394
114.774394
114.774394
114.774394
114.774394
114.774394
114.774394
114.774394
114.774394
114.774394
114.774394
114.774394
114.774394
114.774394
114.774394
114.774394
114.774394
114.774394
114.774394
114.774394
114.774394
114.774394
114.774394
114.774394
114.774394
114.774394
114.774394
114.774394
114.774394
114.774394
114.774394
114.774394
114.774394
114.774394
114.774394
114.774394
114.774394
114.774394
114.774394
114.774394
114.774394
114.774394
114.774394
114.774394
114.774394
114.774394
114.774394
114.774394
114.774394
114.774394
114.774394
114.774394
114.774394
114.774394
114.774394
114.774394
114.774394
114.774394
114.774394
114.774394
114.774394
114.774394
114.774394
114.774394
114.774394
114.774394
114.774394
114.774394
114.774394
114.774394
114.774394
114.774394
114.774394
114.774394
114.774394
114.774394
114.774394
114.774394
114.774394
114.774394
114.774394
114.774394
114.774394
114.774394
114.774394
114.774394
114.774394
114.774394
114.774394
114.774394
114.774394
114.774394
114.774394
114.774394
114.774394
114.774394
114.774394
114.774394
114.774394
114.774394
114.774394
114.774394
114.774394
114.774394
114.774394
114.774394
114.774394
114.774394
114.774394
114.774394
114.774394
114.774394
114.774394
114.774394
114.774394
114.774394
114.774394
114.774394
114.774394
114.774394
114.774394
114.774394
114.774394
114.774394
114.774394
114.774394
114.774394
114.774394
114.774394
114.774394
114.774394
114.774394
114.774394
114.774394
114.774394
114.774394
114.774394
114.774394
114.774394
114.774394
114.774394
114.774394
114.774394
114.774394
114.774394
114.774394
114.774394
114.774394
114.774394
114.774394
114.774394
114.774394
114.774394
114.774394
114.774394
114.774394
114.774394
114.774394
114.774394
114.774394
114.774394
114.774394
114.774394
114.774394
114.774394
114.774394
114.774394
114.774394
114.774394
114.774394
114.774394
114.774394
114.774394
114.774394
114.774394
114.774394
114.774394
114.774394
114.774394
114.774394
114.774394
114.774394
114.774394
114.774394
114.774394
114.774394
114.774394
114.774394
114.774394
114.774394
114.774394
114.774394
114.774394
114.774394
114.774394
114.774394
114.774394
114.774394
114.774394
114.774394
114.774394
114.774394
114.774394
114.774394
114.774394
114.774394
114.774394
114.774394
114.774394
114.774394
114.774394
114.774394
114.774394
114.774394
114.774394
114.774394
114.774394
114.774394
114.774394
114.774394
114.774394
114.774394
114.774394
114.774394
114.774394
114.774394
114.774394
114.774394
114.774394
114.774394
114.774394
114.774394
114.774394
114.774394
114.774394
114.774394
114.774394
114.774394
114.774394
114.774394
114.774394
114.774394
114.774394
114.774394
114.774394
114.774394
114.774394
114.774394
114.774394
114.774394
114.774394
114.774394
114.774394
114.774394
114.774394
114.774394
114.774394
114.774394
114.774394
114.774394
114.774394
114.774394
114.774394
114.774394
114.774394
114.774394
114.774394
114.774394
114.774394
114.774394
114.774394
114.774394
114.774394
114.774394
114.774394
114.774394
114.774394
114.774394
114.774394
114.774394
114.774394
114.774394
114.774394
114.774394
114.774394
114.774394
114.774394
114.774394
114.774394
114.774394
114.774394
114.774394
114.774394
114.774394
114.774394
114.774394
114.774394
114.774394
114.774394
114.774394
114.774394
114.774394
114.774394
114.774394
114.774394
114.774394
114.774394
114.774394
114.774394
114.774394
114.774394
114.774394
114.774394
114.774394
114.774394
114.774394
114.774394
114.774394
114.774394
114.774394
114.774394
114.774394
114.774394
114.774394
114.774394
114.774394
114.774394
114.774394
114.774394
114.774394
114.774394
114.774394
114.774394
114.774394
114.774394
114.774394
114.774394
114.774394
114.774394
114.774394
114.774394
114.774394
114.774394
114.774394
114.774394
114.774394
114.774394
114.774394
114.774394
114.774394
114.774394
114.774394
114.774394
114.774394
114.774394
114.774394
114.774394
114.774394
114.774394
114.774394
114.774394
114.774394
114.774394
114.774394
114.774394
114.774394
114.774394
114.774394
114.774394
114.774394
114.774394
114.774394
114.774394
114.774394
114.774394
114.774394
114.774394
114.774394
114.774394
114.774394
114.774394
114.774394
114.774394
114.774394
114.774394
114.774394
114.774394
114.774394
114.774394
114.774394
114.774394
114.774394
114.774394
114.774394
114.774394
114.774394
114.774394
114.774394
114.774394
114.774394
114.774394
114.774394
114.774394
114.774394
114.774394
114.774394
114.774394
114.774394
114.774394
114.774394
114.774394
114.774394
114.774394
114.774394
114.774394
114.774394
114.774394
114.774394
114.774394
114.774394
114.774394
114.774394
114.774394
114.774394
114.774394
114.774394
114.774394
114.774394
114.774394
114.774394
114.774394
114.774394
114.774394
114.774394
114.774394
114.774394
114.774394
114.774394
114.774394
114.774394
114.774394
114.774394
114.774394
114.774394
114.774394
114.774394
114.774394
114.774394
114.774394
114.774394
114.774394
114.774394
114.774394
114.774394
114.774394
114.774394
114.774394
114.774394
114.774394
114.774394
114.774394
114.774394
114.774394
114.774393
114.774393
114.774393
114.774393
114.774393
114.774393
114.774393
114.774393
114.774393
114.774393
114.774393
114.774393
114.774393
114.774393
114.774393
114.774393
114.774393
114.774393
114.774393
114.774393
114.774393
114.774393
114.774393
114.774393
114.774393
114.774393
114.774393
114.774393
114.774393
114.774393
114.774393
114.774393
114.774393
114.774393
114.774393
114.774393
114.774393
114.774393
114.774393
114.774393
114.774393
114.774393
114.774393
114.774393
114.774393
114.774393
114.774393
114.774393
114.774393
114.774393
114.774393
114.774393
114.774393
114.774393
114.774393
114.774393
114.774393
114.774393
114.774393
114.774393
114.774393
114.774393
114.774393
114.774393
114.774393
114.774393
114.774393
114.774393
114.774393
114.774393
114.774393
114.774393
114.774393
114.774393
114.774393
114.774393
114.774393
114.774393
114.774393
114.774393
114.774393
114.774393
114.774393
114.774393
114.774393
114.774393
114.774393
114.774393
114.774393
114.774393
114.774393
114.774393
114.774393
114.774393
114.774393
114.774393
114.774393
114.774393
114.774393
114.774393
114.774393
114.774393
114.774393
114.774393
114.774393
114.774393
114.774393
114.774393
114.774393
114.774393
114.774393
114.774393
114.774393
114.774393
114.774393
114.774393
114.774393
114.774393
114.774393
114.774393
114.774393
114.774393
114.774393
114.774393
114.774393
114.774393
114.774393
114.774393
114.774393
114.774393
114.774393
114.774393
114.774393
114.774393
114.774393
114.774393
114.774393
114.774393
114.774393
114.774393
114.774393
114.774393
114.774393
114.774393
114.774393
114.774393
114.774393
114.774393
114.774393
114.774393
114.774393
114.774393
114.774393
114.774393
114.774393
114.774393
114.774393
114.774393
114.774393
114.774393
114.774393
114.774393
114.774393
114.774393
114.774393
114.774393
114.774393
114.774393
114.774393
114.774393
114.774393
114.774393
114.774393
114.774393
114.774393
114.774393
114.774393
114.774393
114.774393
114.774393
114.774393
114.774393
114.774393
114.774393
114.774393
114.774393
114.774393
114.774393
114.774393
114.774393
114.774393
114.774393
114.774393
114.774393
114.774393
114.774393
114.774393
114.774393
114.774393
114.774393
114.774393
114.774393
114.774393
114.774393
114.774393
114.774393
114.774393
114.774393
114.774393
114.774393
114.774393
114.774393
114.774393
114.774393
114.774393
114.774393
114.774393
114.774393
114.774393
114.774393
114.774393
114.774393
114.774393
114.774393
114.774393
114.774393
114.774393
114.774393
114.774393
114.774393
114.774393
114.774393
114.774393
114.774393
114.774393
114.774393
114.774393
114.774393
114.774393
114.774393
114.774393
114.774393
114.774393
114.774393
114.774393
114.774393
114.774393
114.774393
114.774393
114.774393
114.774393
114.774393
114.774393
114.774393
114.774393
114.774393
114.774393
114.774393
114.774393
114.774393
114.774393
114.774393
114.774393
114.774393
114.774393
114.774393
114.774393
114.774393
114.774393
114.774393
114.774393
114.774393
114.774393
114.774393
114.774393
114.774393
114.774393
114.774393
114.774393
114.774393
114.774393
114.774393
114.774393
114.774393
114.774393
114.774393
114.774393
114.774393
114.774393
114.774393
114.774393
114.774393
114.774393
114.774393
114.774393
114.774393
114.774393
114.774393
114.774393
114.774393
114.774393
114.774393
114.774393
114.774393
114.774393
114.774393
114.774393
114.774393
114.774393
114.774393
114.774393
114.774393
114.774393
114.774393
114.774393
114.774393
114.774393
114.774393
114.774393
114.774393
114.774393
114.774393
114.774393
114.774393
114.774393
114.774393
114.774393
114.774393
114.774393
114.774393
114.774393
114.774393
114.774393
114.774393
114.774393
114.774393
114.774393
114.774393
114.774393
114.774393
114.774393
114.774393
114.774393
114.774393
114.774393
114.774393
114.774393
114.774393
114.774393
114.774393
114.774393
114.774393
114.774393
114.774393
114.774393
114.774393
114.774393
114.774393
114.774393
114.774393
114.774393
114.774393
114.774393
114.774393
114.774393
114.774393
114.774393
114.774393
114.774393
114.774393
114.774393
114.774393
114.774393
114.774393
114.774393
114.774393
114.774393
114.774393
114.774393
114.774393
114.774393
114.774393
114.774393
114.774393
114.774393
114.774393
114.774393
114.774393
114.774393
114.774393
114.774393
114.774393
114.774393
114.774393
114.774393
114.774393
114.774393
114.774393
114.774393
114.774393
114.774393
114.774393
114.774393
114.774393
114.774393
114.774393
114.774393
114.774393
114.774393
114.774393
114.774393
114.774393
114.774393
114.774393
114.774393
114.774393
114.774393
114.774393
114.774393
114.774393
114.774393
114.774393
114.774393
114.774393
114.774393
114.774393
114.774393
114.774393
114.774393
114.774393
114.774393
114.774393
114.774393
114.774393
114.774393
114.774393
114.774393
114.774393
114.774393
114.774393
114.774393
114.774393
114.774393
114.774393
114.774393
114.774393
114.774393
114.774393
114.774393
114.774393
114.774393
114.774393
114.774393
114.774393
114.774393
114.774393
114.774393
114.774393
114.774393
114.774393
114.774393
114.774393
114.774393
114.774393
114.774393
114.774393
114.774393
114.774393
114.774393
114.774393
114.774393
114.774393
114.774393
114.774393
114.774393
114.774393
114.774393
114.774393
114.774393
114.774393
114.774393
114.774393
114.774393
114.774393
114.774393
114.774393
114.774393
114.774393
114.774393
114.774393
114.774393
114.774393
114.774393
114.774393
114.774393
114.774393
114.774393
114.774393
114.774393
114.774393
114.774393
114.774393
114.774393
114.774393
114.774393
114.774393
114.774393
114.774393
114.774393
114.774393
114.774393
114.774393
114.774393
114.774393
114.774393
114.774393
114.774393
114.774393
114.774393
114.774393
114.774393
114.774393
114.774393
114.774393
114.774393
114.774393
114.774393
114.774393
114.774393
114.774393
114.774393
114.774393
114.774393
114.774393
114.774393
114.774393
114.774393
114.774393
114.774393
114.774393
114.774393
114.774393
114.774393
114.774393
114.774393
114.774393
114.774393
114.774393
114.774393
114.774393
114.774393
114.774393
114.774393
114.774393
114.774393
114.774393
114.774393
114.774393
114.774393
114.774393
114.774393
114.774393
114.774393
114.774393
114.774393
114.774393
114.774393
114.774393
114.774393
114.774393
114.774393
114.774393
114.774393
114.774393
114.774393
114.774393
114.774393
114.774393
114.774393
114.774393
114.774393
114.774393
114.774393
114.774393
114.774393
114.774393
114.774393
114.774393
114.774393
114.774393
114.774393
114.774393
114.774393
114.774393
114.774393
114.774393
114.774393
114.774393
114.774393
114.774393
114.774393
114.774393
114.774393
114.774393
114.774393
114.774393
114.774393
114.774393
114.774393
114.774393
114.774393
114.774393
114.774393
114.774393
114.774393
114.774393
114.774393
114.774393
114.774393
114.774393
114.774393
114.774393
114.774393
114.774393
114.774393
114.774393
114.774393
114.774393
114.774393
114.774393
114.774393
114.774393
114.774393
114.774393
114.774393
114.774393
114.774393
114.774393
114.774393
114.774393
114.774393
114.774393
114.774393
114.774393
114.774393
114.774393
114.774393
114.774393
114.774393
114.774393
114.774393
114.774393
114.774393
114.774393
114.774393
114.774393
114.774393
114.774393
114.774393
114.774393
114.774393
114.774393
114.774393
114.774393
114.774393
114.774393
114.774393
114.774393
114.774393
114.774393
114.774393
114.774393
114.774393
114.774393
114.774393
114.774393
114.774393
114.774393
114.774393
114.774393
114.774393
114.774393
114.774393
114.774393
114.774393
114.774393
114.774393
114.774393
114.774393
114.774393
114.774393
114.774393
114.774393
114.774393
114.774393
114.774393
114.774393
114.774393
114.774393
114.774393
114.774393
114.774393
114.774393
114.774393
114.774393
114.774393
114.774393
114.774393
114.774393
114.774393
114.774393
114.774393
114.774393
114.774393
114.774393
114.774393
114.774393
114.774393
114.774393
114.774393
114.774393
114.774393
114.774393
114.774393
114.774393
114.774393
114.774393
114.774393
114.774393
114.774393
114.774393
114.774393
114.774393
114.774393
114.774393
114.774393
114.774393
114.774393
114.774393
114.774393
114.774393
114.774393
114.774393
114.774393
114.774393
114.774393
114.774393
114.774393
114.774393
114.774393
114.774393
114.774393
114.774393
114.774393
114.774393
114.774393
114.774393
114.774393
114.774393
114.774393
114.774393
114.774393
114.774393
114.774393
114.774393
114.774393
114.774393
114.774393
114.774393
114.774393
114.774393
114.774393
114.774393
114.774393
114.774393
114.774393
114.774393
114.774393
114.774393
114.774393
114.774393
114.774393
114.774393
114.774393
114.774393
114.774393
114.774393
114.774393
114.774393
114.774393
114.774393
114.774393
114.774393
114.774393
114.774393
114.774393
114.774393
114.774393
114.774393
114.774393
114.774393
114.774393
114.774393
114.774393
114.774393
114.774393
114.774393
114.774393
114.774393
114.774393
114.774393
114.774393
114.774393
114.774393
114.774393
114.774393
114.774393
114.774393
114.774393
114.774393
114.774393
114.774393
114.774393
114.774393
114.774393
114.774393
114.774393
114.774393
114.774393
114.774393
114.774393
114.774393
114.774393
114.774393
114.774393
114.774393
114.774393
114.774393
114.774393
114.774393
114.774393
114.774393
114.774393
114.774393
114.774393
114.774393
114.774393
114.774393
114.774393
114.774393
114.774393
114.774393
114.774393
114.774393
114.774393
114.774393
114.774393
114.774393
114.774393
114.774393
114.774393
114.774393
114.774393
114.774393
114.774393
114.774393
114.774393
114.774393
114.774393
114.774393
114.774393
114.774393
114.774393
114.774393
114.774393
114.774393
114.774393
114.774393
114.774393
114.774393
114.774393
114.774393
114.774393
114.774393
114.774393
114.774393
114.774393
114.774393
114.774393
114.774393
114.774393
114.774393
114.774393
114.774393
114.774393
114.774393
114.774393
114.774393
114.774393
114.774393
114.774393
114.774393
114.774393
114.774393
114.774393
114.774393
114.774393
114.774393
114.774393
114.774393
114.774393
114.774393
114.774393
114.774393
114.774393
114.774393
114.774393
114.774393
114.774393
114.774393
114.774393
114.774393
114.774393
114.774393
114.774393
114.774393
114.774393
114.774393
114.774393
114.774393
114.774393
114.774393
114.774393
114.774393
114.774393
114.774393
114.774393
114.774393
114.774393
114.774393
114.774393
114.774393
114.774393
114.774393
114.774393
114.774393
114.774393
114.774393
114.774393
114.774393
114.774393
114.774393
114.774393
114.774393
114.774393
114.774393
114.774393
114.774393
114.774393
114.774393
114.774393
114.774393
114.774393
114.774393
114.774393
114.774393
114.774393
114.774393
114.774393
114.774393
114.774393
114.774393
114.774393
114.774393
114.774393
114.774393
114.774393
114.774393
114.774393
114.774393
114.774393
114.774393
114.774393
114.774393
114.774393
114.774393
114.774393
114.774393
114.774393
114.774393
114.774393
114.774393
114.774393
114.774393
114.774393
114.774393
114.774393
114.774393
114.774393
114.774393
114.774393
114.774393
114.774393
114.774393
114.774393
114.774393
114.774393
114.774393
114.774393
114.774393
114.774393
114.774393
114.774393
114.774393
114.774393
114.774393
114.774393
114.774393
114.774393
114.774393
114.774393
114.774393
114.774393
114.774393
114.774393
114.774393
114.774393
114.774393
114.774393
114.774393
114.774393
114.774393
114.774393
114.774393
114.774393
114.774393
114.774393
114.774393
114.774393
114.774393
114.774393
114.774393
114.774393
114.774393
114.774393
114.774393
114.774393
114.774393
114.774393
114.774393
114.774393
114.774393
114.774393
114.774393
114.774393
114.774393
114.774393
114.774393
114.774393
114.774393
114.774393
114.774393
114.774393
114.774393
114.774393
114.774393
114.774393
114.774393
114.774393
114.774393
114.774393
114.774393
114.774393
114.774393
114.774393
114.774393
114.774393
114.774393
114.774393
114.774393
114.774393
114.774393
114.774393
114.774393
114.774393
114.774393
114.774393
114.774393
114.774393
114.774393
114.774393
114.774393
114.774393
114.774393
114.774393
114.774393
114.774393
114.774393
114.774393
114.774393
114.774393
114.774393
114.774393
114.774393
114.774393
114.774393
114.774393
114.774393
114.774393
114.774393
114.774393
114.774393
114.774393
114.774393
114.774393
114.774393
114.774393
114.774393
114.774393
114.774393
114.774393
114.774393
114.774393
114.774393
114.774393
114.774393
114.774393
114.774393
114.774393
114.774393
114.774393
114.774393
114.774393
114.774393
114.774393
114.774393
114.774393
114.774393
114.774393
114.774393
114.774393
114.774393
114.774393
114.774393
114.774393
114.774393
114.774393
114.774393
114.774393
114.774393
114.774393
114.774393
114.774393
114.774393
114.774393
114.774393
114.774393
114.774393
114.774393
114.774393
114.774393
114.774393
114.774393
114.774393
114.774393
114.774393
114.774393
114.774393
114.774393
114.774393
114.774393
114.774393
114.774393
114.774393
114.774393
114.774393
114.774393
114.774393
114.774393
114.774393
114.774393
114.774393
114.774393
114.774393
114.774393
114.774393
114.774393
114.774393
114.774393
114.774393
114.774393
114.774393
114.774393
114.774393
114.774393
114.774393
114.774393
114.774393
114.774393
114.774393
114.774393
114.774393
114.774393
114.774393
114.774393
114.774393
114.774393
114.774393
114.774393
114.774393
114.774393
114.774393
114.774393
114.774393
114.774393
114.774393
114.774393
114.774393
114.774393
114.774393
114.774393
114.774393
114.774393
114.774393
114.774393
114.774393
114.774393
114.774393
114.774393
114.774393
114.774393
114.774393
114.774393
114.774393
114.774393
114.774393
114.774393
114.774393
114.774393
114.774393
114.774393
114.774393
114.774393
114.774393
114.774393
114.774393
114.774393
114.774393
114.774393
114.774393
114.774393
114.774393
114.774393
114.774393
114.774393
114.774393
114.774393
114.774393
114.774393
114.774393
114.774393
114.774393
114.774393
114.774393
114.774393
114.774393
114.774393
114.774393
114.774393
114.774393
114.774393
114.774393
114.774393
114.774393
114.774393
114.774393
114.774393
114.774393
114.774393
114.774393
114.774393
114.774393
114.774393
114.774393
114.774393
114.774393
114.774393
114.774393
114.774393
114.774393
114.774393
114.774393
114.774393
114.774393
114.774393
114.774393
114.774393
114.774393
114.774393
114.774393
114.774393
114.774393
114.774393
114.774393
114.774393
114.774393
114.774393
114.774393
114.774393
114.774393
114.774393
114.774393
114.774393
114.774393
114.774393
114.774393
114.774393
114.774393
114.774393
114.774393
114.774393
114.774393
114.774393
114.774393
114.774393
114.774393
114.774393
114.774393
114.774393
114.774393
114.774393
114.774393
114.774393
114.774393
114.774393
114.774393
114.774393
114.774393
114.774393
114.774393
114.774393
114.774393
114.774393
114.774393
114.774393
114.774393
114.774393
114.774393
114.774393
114.774393
114.774393
114.774393
114.774393
114.774393
114.774393
114.774393
114.774393
114.774393
114.774393
114.774393
114.774393
114.774393
114.774393
114.774393
114.774393
114.774393
114.774393
114.774393
114.774393
114.774393
114.774393
114.774393
114.774393
114.774393
114.774393
114.774393
114.774393
114.774393
114.774393
114.774393
114.774393
114.774393
114.774393
114.774393
114.774393
114.774393
114.774393
114.774393
114.774393
114.774393
114.774393
114.774393
114.774393
114.774393
114.774393
114.774393
114.774393
114.774393
114.774393
114.774393
114.774393
114.774393
114.774393
114.774393
114.774393
114.774393
114.774393
114.774393
114.774393
114.774393
114.774393
114.774393
114.774393
114.774393
114.774393
114.774393
114.774393
114.774393
114.774393
114.774393
114.774393
114.774393
114.774393
114.774393
114.774393
114.774393
114.774393
114.774393
114.774393
114.774393
114.774393
114.774393
114.774393
114.774393
114.774393
114.774393
114.774393
114.774393
114.774393
114.774393
114.774393
114.774393
114.774393
114.774393
114.774393
114.774393
114.774393
114.774393
114.774393
114.774393
114.774393
114.774393
114.774393
114.774393
114.774393
114.774393
114.774393
114.774393
114.774393
114.774393
114.774393
114.774393
114.774393
114.774393
114.774393
114.774393
114.774393
114.774393
114.774393
114.774393
114.774393
114.774393
114.774393
114.774393
114.774393
114.774393
114.774393
114.774393
114.774393
114.774393
114.774393
114.774393
114.774393
114.774393
114.774393
114.774393
114.774393
114.774393
114.774393
114.774393
114.774393
114.774393
114.774393
114.774393
114.774393
114.774393
114.774393
114.774393
114.774393
114.774393
114.774393
114.774393
114.774393
114.774393
114.774393
114.774393
114.774393
114.774393
114.774393
114.774393
114.774393
114.774393
114.774393
114.774393
114.774393
114.774393
114.774393
114.774393
114.774393
114.774393
114.774393
114.774393
114.774393
114.774393
114.774393
114.774393
114.774393
114.774393
114.774393
114.774393
114.774393
114.774393
114.774393
114.774393
114.774393
114.774393
114.774393
114.774393
114.774393
114.774393
114.774393
114.774393
114.774393
114.774393
114.774393
114.774393
114.774393
114.774393
114.774393
114.774393
114.774393
114.774393
114.774393
114.774393
114.774393
114.774393
114.774393
114.774393
114.774393
114.774393
114.774393
114.774393
114.774393
114.774393
114.774393
114.774393
114.774393
114.774393
114.774393
114.774393
114.774393
114.774393
114.774393
114.774393
114.774393
114.774393
114.774393
114.774393
114.774393
114.774393
114.774393
114.774393
114.774393
114.774393
114.774393
114.774393
114.774393
114.774393
114.774393
114.774393
114.774393
114.774393
114.774393
114.774393
114.774393
114.774393
114.774393
114.774393
114.774393
114.774393
114.774393
114.774393
114.774393
114.774393
114.774393
114.774393
114.774393
114.774393
114.774393
114.774393
114.774393
114.774393
114.774393
114.774393
114.774393
114.774393
114.774393
114.774393
114.774393
114.774393
114.774393
114.774393
114.774393
114.774393
114.774393
114.774393
114.774393
114.774393
114.774393
114.774393
114.774393
114.774393
114.774393
114.774393
114.774393
114.774393
114.774393
114.774393
114.774393
114.774393
114.774393
114.774393
114.774393
114.774393
114.774393
114.774393
114.774393
114.774393
114.774393
114.774393
114.774393
114.774393
114.774393
114.774393
114.774393
114.774393
114.774393
114.774393
114.774393
114.774393
114.774393
114.774393
114.774393
114.774393
114.774393
114.774393
114.774393
114.774393
114.774393
114.774393
114.774393
114.774393
114.774393
114.774393
114.774393
114.774393
114.774393
114.774393
114.774393
114.774393
114.774393
114.774393
114.774393
114.774393
114.774393
114.774393
114.774393
114.774393
114.774393
114.774393
114.774393
114.774393
114.774393
114.774393
114.774393
114.774393
114.774393
114.774393
114.774393
114.774393
114.774393
114.774393
114.774393
114.774393
114.774393
114.774393
114.774393
114.774393
114.774393
114.774393
114.774393
114.774393
114.774393
114.774393
114.774393
114.774393
114.774393
114.774393
114.774393
114.774393
114.774393
114.774393
114.774393
114.774393
114.774393
114.774393
114.774393
114.774393
114.774393
114.774393
114.774393
114.774393
114.774393
114.774393
114.774393
114.774393
114.774393
114.774393
114.774393
114.774393
114.774393
114.774393
114.774393
114.774393
114.774393
114.774393
114.774393
114.774393
114.774393
114.774393
114.774393
114.774393
114.774393
114.774393
114.774393
114.774393
114.774393
114.774393
114.774393
114.774393
114.774393
114.774393
114.774393
114.774393
114.774393
114.774393
114.774393
114.774393
114.774393
114.774393
114.774393
114.774393
114.774393
114.774393
114.774393
114.774393
114.774393
114.774393
114.774393
114.774393
114.774393
114.774393
114.774393
114.774393
114.774393
114.774393
114.774393
114.774393
114.774393
114.774393
114.774393
114.774393
114.774393
114.774393
114.774393
114.774393
114.774393
114.774393
114.774393
114.774393
114.774393
114.774393
114.774393
114.774393
114.774393
114.774393
114.774393
114.774393
114.774393
114.774393
114.774393
114.774393
114.774393
114.774393
114.774393
114.774393
114.774393
114.774393
114.774393
114.774393
114.774393
114.774393
114.774393
114.774393
114.774393
114.774393
114.774393
114.774393
114.774393
114.774393
114.774393
114.774393
114.774393
114.774393
114.774393
114.774393
114.774393
114.774393
114.774393
114.774393
114.774393
114.774393
114.774393
114.774393
114.774393
114.774393
114.774393
114.774393
114.774393
114.774393
114.774393
114.774393
114.774393
114.774393
114.774393
114.774393
114.774393
114.774393
114.774393
114.774393
114.774393
114.774393
114.774393
114.774393
114.774393
114.774393
114.774393
114.774393
114.774393
114.774393
114.774393
114.774393
114.774393
114.774393
114.774393
114.774393
114.774393
114.774393
114.774393
114.774393
114.774393
114.774393
114.774393
114.774393
114.774393
114.774393
114.774393
114.774393
114.774393
114.774393
114.774393
114.774393
114.774393
114.774393
114.774393
114.774393
114.774393
114.774393
114.774393
114.774393
114.774393
114.774393
114.774393
114.774393
114.774393
114.774393
114.774393
114.774393
114.774393
114.774393
114.774393
114.774393
114.774393
114.774393
114.774393
114.774393
114.774393
114.774393
114.774393
114.774393
114.774393
114.774393
114.774393
114.774393
114.774393
114.774393
114.774393
114.774393
114.774393
114.774393
114.774393
114.774393
114.774393
114.774393
114.774393
114.774393
114.774393
114.774393
114.774393
114.774393
114.774393
114.774393
114.774393
114.774393
114.774393
114.774393
114.774393
114.774393
114.774393
114.774393
114.774393
114.774393
114.774393
114.774393
114.774393
114.774393
114.774393
114.774393
114.774393
114.774393
114.774393
114.774393
114.774393
114.774393
114.774393
114.774393
114.774393
114.774393
114.774393
114.774393
114.774393
114.774393
114.774393
114.774393
114.774393
114.774393
114.774393
114.774393
114.774393
114.774393
114.774393
114.774393
114.774393
114.774393
114.774393
114.774393
114.774393
114.774393
114.774393
114.774393
114.774393
114.774393
114.774393
114.774393
114.774393
114.774393
114.774393
114.774393
114.774393
114.774393
114.774393
114.774393
114.774393
114.774393
114.774393
114.774393
114.774393
114.774393
114.774393
114.774393
114.774393
114.774393
114.774393
114.774393
114.774393
114.774393
114.774393
114.774393
114.774393
114.774393
114.774393
114.774393
114.774393
114.774393
114.774393
114.774393
114.774393
114.774393
114.774393
114.774393
114.774393
114.774393
114.774393
114.774393
114.774393
114.774393
114.774393
114.774393
114.774393
114.774393
114.774393
114.774393
114.774393
114.774393
114.774393
114.774393
114.774393
114.774393
114.774393
114.774393
114.774393
114.774393
114.774393
114.774393
114.774393
114.774393
114.774393
114.774393
114.774393
114.774393
114.774393
114.774393
114.774393
114.774393
114.774393
114.774393
114.774393
114.774393
114.774393
114.774393
114.774393
114.774393
114.774393
114.774393
114.774393
114.774393
114.774393
114.774393
114.774393
114.774393
114.774393
114.774393
114.774393
114.774393
114.774393
114.774393
114.774393
114.774393
114.774393
114.774393
114.774393
114.774393
114.774393
114.774393
114.774393
114.774393
114.774393
114.774393
114.774393
114.774393
114.774393
114.774393
114.774393
114.774393
114.774393
114.774393
114.774393
114.774393
114.774393
114.774393
114.774393
114.774393
114.774393
114.774393
114.774393
114.774393
114.774393
114.774393
114.774393
114.774393
114.774393
114.774393
114.774393
114.774393
114.774393
114.774393
114.774393
114.774393
114.774393
114.774393
114.774393
114.774393
114.774393
114.774393
114.774393
114.774393
114.774393
114.774393
114.774393
114.774393
114.774393
114.774393
114.774393
114.774393
114.774393
114.774393
114.774393
114.774393
114.774393
114.774393
114.774393
114.774393
114.774393
114.774393
114.774393
114.774393
114.774393
114.774393
114.774393
114.774393
114.774393
114.774393
114.774393
114.774393
114.774393
114.774393
114.774393
114.774393
114.774393
114.774393
114.774393
114.774393
114.774393
114.774393
114.774393
114.774393
114.774393
114.774393
114.774393
114.774393
114.774393
114.774393
114.774393
114.774393
114.774393
114.774393
114.774393
114.774393
114.774393
114.774393
114.774393
114.774393
114.774393
114.774393
114.774393
114.774393
114.774393
114.774393
114.774393
114.774393
114.774393
114.774393
114.774393
114.774393
114.774393
114.774393
114.774393
114.774393
114.774393
114.774393
114.774393
114.774393
114.774393
114.774393
114.774393
114.774393
114.774393
114.774393
114.774393
114.774393
114.774393
114.774393
114.774393
114.774393
114.774393
114.774393
114.774393
114.774393
114.774393
114.774393
114.774393
114.774393
114.774393
114.774393
114.774393
114.774393
114.774393
114.774393
114.774393
114.774393
114.774393
114.774393
114.774393
114.774393
114.774393
114.774393
114.774393
114.774393
114.774393
114.774393
114.774393
114.774393
114.774393
114.774393
114.774393
114.774393
114.774393
114.774393
114.774393
114.774393
114.774393
114.774393
114.774393
114.774393
114.774393
114.774393
114.774393
114.774393
114.774393
114.774393
114.774393
114.774393
114.774393
114.774393
114.774393
114.774393
114.774393
114.774393
114.774393
114.774393
114.774393
114.774393
114.774393
114.774393
114.774393
114.774393
114.774393
114.774393
114.774393
114.774393
114.774393
114.774393
114.774393
114.774393
114.774393
114.774393
114.774393
114.774393
114.774393
114.774393
114.774393
114.774393
114.774393
114.774393
114.774393
114.774393
114.774393
114.774393
114.774393
114.774393
114.774393
114.774393
114.774393
114.774393
114.774393
114.774393
114.774393
114.774393
114.774393
114.774393
114.774393
114.774393
114.774393
114.774393
114.774393
114.774393
114.774393
114.774393
114.774393
114.774393
114.774393
114.774393
114.774393
114.774393
114.774393
114.774393
114.774393
114.774393
114.774393
114.774393
114.774393
114.774393
114.774393
114.774393
114.774393
114.774393
114.774393
114.774393
114.774393
114.774393
114.774393
114.774393
114.774393
114.774393
114.774393
114.774393
114.774393
114.774393
114.774393
114.774393
114.774393
114.774393
114.774393
114.774393
114.774393
114.774393
114.774393
114.774393
114.774393
114.774393
114.774393
114.774393
114.774393
114.774393
114.774393
114.774393
114.774393
114.774393
114.774393
114.774393
114.774393
114.774393
114.774393
114.774393
114.774393
114.774393
114.774393
114.774393
114.774393
114.774393
114.774393
114.774393
114.774393
114.774393
114.774393
114.774393
114.774393
114.774393
114.774393
114.774393
114.774393
114.774393
114.774393
114.774393
114.774393
114.774393
114.774393
114.774393
114.774393
114.774393
114.774393
114.774393
114.774393
114.774393
114.774393
114.774393
114.774393
114.774393
114.774393
114.774393
114.774393
114.774393
114.774393
114.774393
114.774393
114.774393
114.774393
114.774393
114.774393
114.774393
114.774393
114.774393
114.774393
114.774393
114.774393
114.774393
114.774393
114.774393
114.774393
114.774393
114.774393
114.774393
114.774393
114.774393
114.774393
114.774393
114.774393
114.774393
114.774393
114.774393
114.774393
114.774393
114.774393
114.774393
114.774393
114.774393
114.774393
114.774393
114.774393
114.774393
114.774393
114.774393
114.774393
114.774393
114.774393
114.774393
114.774393
114.774393
114.774393
114.774393
114.774393
114.774393
114.774393
114.774393
114.774393
114.774393
114.774393
114.774393
114.774393
114.774393
114.774393
114.774393
114.774393
114.774393
114.774393
114.774393
114.774393
114.774393
114.774393
114.774393
114.774393
114.774393
114.774393
114.774393
114.774393
114.774393
114.774393
114.774393
114.774393
114.774393
114.774393
114.774393
114.774393
114.774393
114.774393
114.774393
114.774393
114.774393
114.774393
114.774393
114.774393
114.774393
114.774393
114.774393
114.774393
114.774393
114.774393
114.774393
114.774393
114.774393
114.774393
114.774393
114.774393
114.774393
114.774393
114.774393
114.774393
114.774393
114.774393
114.774393
114.774393
114.774393
114.774393
114.774393
114.774393
114.774393
114.774393
114.774393
114.774393
114.774393
114.774393
114.774393
114.774393
114.774393
114.774393
114.774393
114.774393
114.774393
114.774393
114.774393
114.774393
114.774393
114.774393
114.774393
114.774393
114.774393
114.774393
114.774393
114.774393
114.774393
114.774393
114.774393
114.774393
114.774393
114.774393
114.774393
114.774393
114.774393
114.774393
114.774393
114.774393
114.774393
114.774393
114.774393
114.774393
114.774393
114.774393
114.774393
114.774393
114.774393
114.774393
114.774393
114.774393
114.774393
114.774393
114.774393
114.774393
114.774393
114.774393
114.774393
114.774393
114.774393
114.774393
114.774393
114.774393
114.774393
114.774393
114.774393
114.774393
114.774393
114.774393
114.774393
114.774393
114.774393
114.774393
114.774393
114.774393
114.774393
114.774393
114.774393
114.774393
114.774393
114.774393
114.774393
114.774393
114.774393
114.774393
114.774393
114.774393
114.774393
114.774393
114.774393
114.774393
114.774393
114.774393
114.774393
114.774393
114.774393
114.774393
114.774393
114.774393
114.774393
114.774393
114.774393
114.774393
114.774393
114.774393
114.774393
114.774393
114.774393
114.774393
114.774393
114.774393
114.774393
114.774393
114.774393
114.774393
114.774393
114.774393
114.774393
114.774393
114.774393
114.774393
114.774393
114.774393
114.774393
114.774393
114.774393
114.774393
114.774393
114.774393
114.774393
114.774393
114.774393
114.774393
114.774393
114.774393
114.774393
114.774393
114.774393
114.774393
114.774393
114.774393
114.774393
114.774393
114.774393
114.774393
114.774393
114.774393
114.774393
114.774393
114.774393
114.774393
114.774393
114.774393
114.774393
114.774393
114.774393
114.774393
114.774393
114.774393
114.774393
114.774393
114.774393
114.774393
114.774393
114.774393
114.774393
114.774393
114.774393
114.774393
114.774393
114.774393
114.774393
114.774393
114.774393
114.774393
114.774393
114.774393
114.774393
114.774393
114.774393
114.774393
114.774393
114.774393
114.774393
114.774393
114.774393
114.774393
114.774393
114.774393
114.774393
114.774393
114.774393
114.774393
114.774393
114.774393
114.774393
114.774393
114.774393
114.774393
114.774393
114.774393
114.774393
114.774393
114.774393
114.774393
114.774393
114.774393
114.774393
114.774393
114.774393
114.774393
114.774393
114.774393
114.774393
114.774393
114.774393
114.774393
114.774393
114.774393
114.774393
114.774393
114.774393
114.774393
114.774393
114.774393
114.774393
114.774393
114.774393
114.774393
114.774393
114.774393
114.774393
114.774393
114.774393
114.774393
114.774393
114.774393
114.774393
114.774393
114.774393
114.774393
114.774393
114.774393
114.774393
114.774393
114.774393
114.774393
114.774393
114.774393
114.774393
114.774393
114.774393
114.774393
114.774393
114.774393
114.774393
114.774393
114.774393
114.774393
114.774393
114.774393
114.774393
114.774393
114.774393
114.774393
114.774393
114.774393
114.774393
114.774393
114.774393
114.774393
114.774393
114.774393
114.774393
114.774393
114.774393
114.774393
114.774393
114.774393
114.774393
114.774393
114.774393
114.774393
114.774393
114.774393
114.774393
114.774393
114.774393
114.774393
114.774393
114.774393
114.774393
114.774393
114.774393
114.774393
114.774393
114.774393
114.774393
114.774393
114.774393
114.774393
114.774393
114.774393
114.774393
114.774393
114.774393
114.774393
114.774393
114.774393
114.774393
114.774393
114.774393
114.774393
114.774393
114.774393
114.774393
114.774393
114.774393
114.774393
114.774393
114.774393
114.774393
114.774393
114.774393
114.774393
114.774393
114.774393
114.774393
114.774393
114.774393
114.774393
114.774393
114.774393
114.774393
114.774393
114.774393
114.774393
114.774393
114.774393
114.774393
114.774393
114.774393
114.774393
114.774393
114.774393
114.774393
114.774393
114.774393
114.774393
114.774393
114.774393
114.774393
114.774393
114.774393
114.774393
114.774393
114.774393
114.774393
114.774393
114.774393
114.774393
114.774393
114.774393
114.774393
114.774393
114.774393
114.774393
114.774393
114.774393
114.774393
114.774393
114.774393
114.774393
114.774393
114.774393
114.774393
114.774393
114.774393
114.774393
114.774393
114.774393
114.774393
114.774393
114.774393
114.774393
114.774393
114.774393
114.774393
114.774393
114.774393
114.774393
114.774393
114.774393
114.774393
114.774393
114.774393
114.774393
114.774393
114.774393
114.774393
114.774393
114.774393
114.774393
114.774393
114.774393
114.774393
114.774393
114.774393
114.774393
114.774393
114.774393
114.774393
114.774393
114.774393
114.774393
114.774393
114.774393
114.774393
114.774393
114.774393
114.774393
114.774393
114.774393
114.774393
114.774393
114.774393
114.774393
114.774393
114.774393
114.774393
114.774393
114.774393
114.774393
114.774393
114.774393
114.774393
114.774393
114.774393
114.774393
114.774393
114.774393
114.774393
114.774393
114.774393
114.774393
114.774393
114.774393
114.774393
114.774393
114.774393
114.774393
114.774393
114.774393
114.774393
114.774393
114.774393
114.774393
114.774393
114.774393
114.774393
114.774393
114.774393
114.774393
114.774393
114.774393
114.774393
114.774393
114.774393
114.774393
114.774393
114.774393
114.774393
114.774393
114.774393
114.774393
114.774393
114.774393
114.774393
114.774393
114.774393
114.774393
114.774393
114.774393
114.774393
114.774393
114.774393
114.774393
114.774393
114.774393
114.774393
114.774393
114.774393
114.774393
114.774393
114.774393
114.774393
114.774393
114.774393
114.774393
114.774393
114.774393
114.774393
114.774393
114.774393
114.774393
114.774393
114.774393
114.774393
114.774393
114.774393
114.774393
114.774393
114.774393
114.774393
114.774393
114.774393
114.774393
114.774393
114.774393
114.774393
114.774393
114.774393
114.774393
114.774393
114.774393
114.774393
114.774393
114.774393
114.774393
114.774393
114.774393
114.774393
114.774393
114.774393
114.774393
114.774393
114.774393
114.774393
114.774393
114.774393
114.774393
114.774393
114.774393
114.774393
114.774393
114.774393
114.774393
114.774393
114.774393
114.774393
114.774393
114.774393
114.774393
114.774393
114.774393
114.774393
114.774393
114.774393
114.774393
114.774393
114.774393
114.774393
114.774393
114.774393
114.774393
114.774393
114.774393
114.774393
114.774393
114.774393
114.774393
114.774393
114.774393
114.774393
114.774393
114.774393
114.774393
114.774393
114.774393
114.774393
114.774393
114.774393
114.774393
114.774393
114.774393
114.774393
114.774393
114.774393
114.774393
114.774393
114.774393
114.774393
114.774393
114.774393
114.774393
114.774393
114.774393
114.774393
114.774393
114.774393
114.774393
114.774393
114.774393
114.774393
114.774393
114.774393
114.774393
114.774393
114.774393
114.774393
114.774393
114.774393
114.774393
114.774393
114.774393
114.774393
114.774393
114.774393
114.774393
114.774393
114.774393
114.774393
114.774393
114.774393
114.774393
114.774393
114.774393
114.774393
114.774393
114.774393
114.774393
114.774393
114.774393
114.774393
114.774393
114.774393
114.774393
114.774393
114.774393
114.774393
114.774393
114.774393
114.774393
114.774393
114.774393
114.774393
114.774393
114.774393
114.774393
114.774393
114.774393
114.774393
114.774393
114.774393
114.774393
114.774393
114.774393
114.774393
114.774393
114.774393
114.774393
114.774393
114.774393
114.774393
114.774393
114.774393
114.774393
114.774393
114.774393
114.774393
114.774393
114.774393
114.774393
114.774393
114.774393
114.774393
114.774393
114.774393
114.774393
114.774393
114.774393
114.774393
114.774393
114.774393
114.774393
114.774393
114.774393
114.774393
114.774393
114.774393
114.774393
114.774393
114.774393
114.774393
114.774393
114.774393
114.774393
114.774393
114.774393
114.774393
114.774393
114.774393
114.774393
114.774393
114.774393
114.774393
114.774393
114.774393
114.774393
114.774393
114.774393
114.774393
114.774393
114.774393
114.774393
114.774393
114.774393
114.774393
114.774393
114.774393
114.774393
114.774393
114.774393
114.774393
114.774393
114.774393
114.774393
114.774393
114.774393
114.774393
114.774393
114.774393
114.774393
114.774393
114.774393
114.774393
114.774393
114.774393
114.774393
114.774393
114.774393
114.774393
114.774393
114.774393
114.774393
114.774393
114.774393
114.774393
114.774393
114.774393
114.774393
114.774393
114.774393
114.774393
114.774393
114.774393
114.774393
114.774393
114.774393
114.774393
114.774393
114.774393
114.774393
114.774393
114.774393
114.774393
114.774393
114.774393
114.774393
114.774393
114.774393
114.774393
114.774393
114.774393
114.774393
114.774393
114.774393
114.774393
114.774393
114.774393
114.774393
114.774393
114.774393
114.774393
114.774393
114.774393
114.774393
114.774393
114.774393
114.774393
114.774393
114.774393
114.774393
114.774393
114.774393
114.774393
114.774393
114.774393
114.774393
114.774393
114.774393
114.774393
114.774393
114.774393
114.774393
114.774393
114.774393
114.774393
114.774393
114.774393
114.774393
114.774393
114.774393
114.774393
114.774393
114.774393
114.774393
114.774393
114.774393
114.774393
114.774393
114.774393
114.774393
114.774393
114.774393
114.774393
114.774393
114.774393
114.774393
114.774393
114.774393
114.774393
114.774393
114.774393
114.774393
114.774393
114.774393
114.774393
114.774393
114.774393
114.774393
114.774393
114.774393
114.774393
114.774393
114.774393
114.774393
114.774393
114.774393
114.774393
114.774393
114.774393
114.774393
114.774393
114.774393
114.774393
114.774393
114.774393
114.774393
114.774393
114.774393
114.774393
114.774393
114.774393
114.774393
114.774393
114.774393
114.774393
114.774393
114.774393
114.774393
114.774393
114.774393
114.774393
114.774393
114.774393
114.774393
114.774393
114.774393
114.774393
114.774393
114.774393
114.774393
114.774393
114.774393
114.774393
114.774393
114.774393
114.774393
114.774393
114.774393
114.774393
114.774393
114.774393
114.774393
114.774393
114.774393
114.774393
114.774393
114.774393
114.774393
114.774393
114.774393
114.774393
114.774393
114.774393
114.774393
114.774393
114.774393
114.774393
114.774393
114.774393
114.774393
114.774393
114.774393
114.774393
114.774393
114.774393
114.774393
114.774393
114.774393
114.774393
114.774393
114.774393
114.774393
114.774393
114.774393
114.774393
114.774393
114.774393
114.774393
114.774393
114.774393
114.774393
114.774393
114.774393
114.774393
114.774393
114.774393
114.774393
114.774393
114.774393
114.774393
114.774393
114.774393
114.774393
114.774393
114.774393
114.774393
114.774393
114.774393
114.774393
114.774393
114.774393
114.774393
114.774393
114.774393
114.774393
114.774393
114.774393
114.774393
114.774393
114.774393
114.774393
114.774393
114.774393
114.774393
114.774393
114.774393
114.774393
114.774393
114.774393
114.774393
114.774393
114.774393
114.774393
114.774393
114.774393
114.774393
114.774393
114.774393
114.774393
114.774393
114.774393
114.774393
114.774393
114.774393
114.774393
114.774393
114.774393
114.774393
114.774393
114.774393
114.774393
114.774393
114.774393
114.774393
114.774393
114.774393
114.774393
114.774393
114.774393
114.774393
114.774393
114.774393
114.774393
114.774393
114.774393
114.774393
114.774393
114.774393
114.774393
114.774393
114.774393
114.774393
114.774393
114.774393
114.774393
114.774393
114.774393
114.774393
114.774393
114.774393
114.774393
114.774393
114.774393
114.774393
114.774393
114.774393
114.774393
114.774393
114.774393
114.774393
114.774393
114.774393
114.774393
114.774393
114.774393
114.774393
114.774393
114.774393
114.774393
114.774393
114.774393
114.774393
114.774393
114.774393
114.774393
114.774393
114.774393
114.774393
114.774393
114.774393
114.774393
114.774393
114.774393
114.774393
114.774393
114.774393
114.774393
114.774393
114.774393
114.774393
114.774393
114.774393
114.774393
114.774393
114.774393
114.774393
114.774393
114.774393
114.774393
114.774393
114.774393
114.774393
114.774393
114.774393
114.774393
114.774393
114.774393
114.774393
114.774393
114.774393
114.774393
114.774393
114.774393
114.774393
114.774393
114.774393
114.774393
114.774393
114.774393
114.774393
114.774393
114.774393
114.774393
114.774393
114.774393
114.774393
114.774393
114.774393
114.774393
114.774393
114.774393
114.774393
114.774393
114.774393
114.774393
114.774393
114.774393
114.774393
114.774393
114.774393
114.774393
114.774393
114.774393
114.774393
114.774393
114.774393
114.774393
114.774393
114.774393
114.774393
114.774393
114.774393
114.774393
114.774393
114.774393
114.774393
114.774393
114.774393
114.774393
114.774393
114.774393
114.774393
114.774393
114.774393
114.774393
114.774393
114.774393
114.774393
114.774393
114.774393
114.774393
114.774393
114.774393
114.774393
114.774393
114.774393
114.774393
114.774393
114.774393
114.774393
114.774393
114.774393
114.774393
114.774393
114.774393
114.774393
114.774393
114.774393
114.774393
114.774393
114.774393
114.774393
114.774393
114.774393
114.774393
114.774393
114.774393
114.774393
114.774393
114.774393
114.774393
114.774393
114.774393
114.774393
114.774393
114.774393
114.774393
114.774393
114.774393
114.774393
114.774393
114.774393
114.774393
114.774393
114.774393
114.774393
114.774393
114.774393
114.774393
114.774393
114.774393
114.774393
114.774393
114.774393
114.774393
114.774393
114.774393
114.774393
114.774393
114.774393
114.774393
114.774393
114.774393
114.774393
114.774393
114.774393
114.774393
114.774393
114.774393
114.774393
114.774393
114.774393
114.774393
114.774393
114.774393
114.774393
114.774393
114.774393
114.774393
114.774393
114.774393
114.774393
114.774393
114.774393
114.774393
114.774393
114.774393
114.774393
114.774393
114.774393
114.774393
114.774393
114.774393
114.774393
114.774393
114.774393
114.774393
114.774393
114.774393
114.774393
114.774393
114.774393
114.774393
114.774393
114.774393
114.774393
114.774393
114.774393
114.774393
114.774393
114.774393
114.774393
114.774393
114.774393
114.774393
114.774393
114.774393
114.774393
114.774393
114.774393
114.774393
114.774393
114.774393
114.774393
114.774393
114.774393
114.774393
114.774393
114.774393
114.774393
114.774393
114.774393
114.774393
114.774393
114.774393
114.774393
114.774393
114.774393
114.774393
114.774393
114.774393
114.774393
114.774393
114.774393
114.774393
114.774393
114.774393
114.774393
114.774393
114.774393
114.774393
114.774393
114.774393
114.774393
114.774393
114.774393
114.774393
114.774393
114.774393
114.774393
114.774393
114.774393
114.774393
114.774393
114.774393
114.774393
114.774393
114.774393
114.774393
114.774393
114.774393
114.774393
114.774393
114.774393
114.774393
114.774393
114.774393
114.774393
114.774393
114.774393
114.774393
114.774393
114.774393
114.774393
114.774393
114.774393
114.774393
114.774393
114.774393
114.774393
114.774393
114.774393
114.774393
114.774393
114.774393
114.774393
114.774393
114.774393
114.774393
114.774393
114.774393
114.774393
114.774393
114.774393
114.774393
114.774393
114.774393
114.774393
114.774393
114.774393
114.774393
114.774393
114.774393
114.774393
114.774393
114.774393
114.774393
114.774393
114.774393
114.774393
114.774393
114.774393
114.774393
114.774393
114.774393
114.774393
114.774393
114.774393
114.774393
114.774393
114.774393
114.774393
114.774393
114.774393
114.774393
114.774393
114.774393
114.774393
114.774393
114.774393
114.774393
114.774393
114.774393
114.774393
114.774393
114.774393
114.774393
114.774393
114.774393
114.774393
114.774393
114.774393
114.774393
114.774393
114.774393
114.774393
114.774393
114.774393
114.774393
114.774393
114.774393
114.774393
114.774393
114.774393
114.774393
114.774393
114.774393
114.774393
114.774393
114.774393
114.774393
114.774393
114.774393
114.774393
114.774393
114.774393
114.774393
114.774393
114.774393
114.774393
114.774393
114.774393
114.774393
114.774393
114.774393
114.774393
114.774393
114.774393
114.774393
114.774393
114.774393
114.774393
114.774393
114.774393
114.774393
114.774393
114.774393
114.774393
114.774393
114.774393
114.774393
114.774393
114.774393
114.774393
114.774393
114.774393
114.774393
114.774393
114.774393
114.774393
114.774393
114.774393
114.774393
114.774393
114.774393
114.774393
114.774393
114.774393
114.774393
114.774393
114.774393
114.774393
114.774393
114.774393
114.774393
114.774393
114.774393
114.774393
114.774393
114.774393
114.774393
114.774393
114.774393
114.774393
114.774393
114.774393
114.774393
114.774393
114.774393
114.774393
114.774393
114.774393
114.774393
114.774393
114.774393
114.774393
114.774393
114.774393
114.774393
114.774393
114.774393
114.774393
114.774393
114.774393
114.774393
114.774393
114.774393
114.774393
114.774393
114.774393
114.774393
114.774393
114.774393
114.774393
114.774393
114.774393
114.774393
114.774393
114.774393
114.774393
114.774393
114.774393
114.774393
114.774393
114.774393
114.774393
114.774393
114.774393
114.774393
114.774393
114.774393
114.774393
114.774393
114.774393
114.774393
114.774393
114.774393
114.774393
114.774393
114.774393
114.774393
114.774393
114.774393
114.774393
114.774393
114.774393
114.774393
114.774393
114.774393
114.774393
114.774393
114.774393
114.774393
114.774393
114.774393
114.774393
114.774393
114.774393
114.774393
114.774393
114.774393
114.774393
114.774393
114.774393
114.774393
114.774393
114.774393
114.774393
114.774393
114.774393
114.774393
114.774393
114.774393
114.774393
114.774393
114.774393
114.774393
114.774393
114.774393
114.774393
114.774393
114.774393
114.774393
114.774393
114.774393
114.774393
114.774393
114.774393
114.774393
114.774393
114.774393
114.774393
114.774393
114.774393
114.774393
114.774393
114.774393
114.774393
114.774393
114.774393
114.774393
114.774393
114.774393
114.774393
114.774393
114.774393
114.774393
114.774393
114.774393
114.774393
114.774393
114.774393
114.774393
114.774393
114.774393
114.774393
114.774393
114.774393
114.774393
114.774393
114.774393
114.774393
114.774393
114.774393
114.774393
114.774393
114.774393
114.774393
114.774393
114.774393
114.774393
114.774393
114.774393
114.774393
114.774393
114.774393
114.774393
114.774393
114.774393
114.774393
114.774393
114.774393
114.774393
114.774393
114.774393
114.774393
114.774393
114.774393
114.774393
114.774393
114.774393
114.774393
114.774393
114.774393
114.774393
114.774393
114.774393
114.774393
114.774393
114.774393
114.774393
114.774393
114.774393
114.774393
114.774393
114.774393
114.774393
114.774393
114.774393
114.774393
114.774393
114.774393
114.774393
114.774393
114.774393
114.774393
114.774393
114.774393
114.774393
114.774393
114.774393
114.774393
114.774393
114.774393
114.774393
114.774393
114.774393
114.774393
114.774393
114.774393
114.774393
114.774393
114.774393
114.774393
114.774393
114.774393
114.774393
114.774393
114.774393
114.774393
114.774393
114.774393
114.774393
114.774393
114.774393
114.774393
114.774393
114.774393
114.774393
114.774393
114.774393
114.774393
114.774393
114.774393
114.774393
114.774393
114.774393
114.774393
114.774393
114.774393
114.774393
114.774393
114.774393
114.774393
114.774393
114.774393
114.774393
114.774393
114.774393
114.774393
114.774393
114.774393
114.774393
114.774393
114.774393
114.774393
114.774393
114.774393
114.774393
114.774393
114.774393
114.774393
114.774393
114.774393
114.774393
114.774393
114.774393
114.774393
114.774393
114.774393
114.774393
114.774393
114.774393
114.774393
114.774393
114.774393
114.774393
114.774393
114.774393
114.774393
114.774393
114.774393
114.774393
114.774393
114.774393
114.774393
114.774393
114.774393
114.774393
114.774393
114.774393
114.774393
114.774393
114.774393
114.774393
114.774393
114.774393
114.774393
114.774393
114.774393
114.774393
114.774393
114.774393
114.774393
114.774393
114.774393
114.774393
114.774393
114.774393
114.774393
114.774393
114.774393
114.774393
114.774393
114.774393
114.774393
114.774393
114.774393
114.774393
114.774393
114.774393
114.774393
114.774393
114.774393
114.774393
114.774393
114.774393
114.774393
114.774393
114.774393
114.774393
114.774393
114.774393
114.774393
114.774393
114.774393
114.774393
114.774393
114.774393
114.774393
114.774393
114.774393
114.774393
114.774393
114.774393
114.774393
114.774393
114.774393
114.774393
114.774393
114.774393
114.774393
114.774393
114.774393
114.774393
114.774393
114.774393
114.774393
114.774393
114.774393
114.774393
114.774393
114.774393
114.774393
114.774393
114.774393
114.774393
114.774393
114.774393
114.774393
114.774393
114.774393
114.774393
114.774393
114.774393
114.774393
114.774393
114.774393
114.774393
114.774393
114.774393
114.774393
114.774393
114.774393
114.774393
114.774393
114.774393
114.774393
114.774393
114.774393
114.774393
114.774393
114.774393
114.774393
114.774393
114.774393
114.774393
114.774393
114.774393
114.774393
114.774393
114.774393
114.774393
114.774393
114.774393
114.774393
114.774393
114.774393
114.774393
114.774393
114.774393
114.774393
114.774393
114.774393
114.774393
114.774393
114.774393
114.774393
114.774393
114.774393
114.774393
114.774393
114.774393
114.774393
114.774393
114.774393
114.774393
114.774393
114.774393
114.774393
114.774393
114.774393
114.774393
114.774393
114.774393
114.774393
114.774393
114.774393
114.774393
114.774393
114.774393
114.774393
114.774393
114.774393
114.774393
114.774393
114.774393
114.774393
114.774393
114.774393
114.774393
114.774393
114.774393
114.774393
114.774393
114.774393
114.774393
114.774393
114.774393
114.774393
114.774393
114.774393
114.774393
114.774393
114.774393
114.774393
114.774393
114.774393
114.774393
114.774393
114.774393
114.774393
114.774393
114.774393
114.774393
114.774393
114.774393
114.774393
114.774393
114.774393
114.774393
114.774393
114.774393
114.774393
114.774393
114.774393
114.774393
114.774393
114.774393
114.774393
114.774393
114.774393
114.774393
114.774393
114.774393
114.774393
114.774393
114.774393
114.774393
114.774393
114.774393
114.774393
114.774393
114.774393
114.774393
114.774393
114.774393
114.774393
114.774393
114.774393
114.774393
114.774393
114.774393
114.774393
114.774393
114.774393
114.774393
114.774393
114.774393
114.774393
114.774393
114.774393
114.774393
114.774393
114.774393
114.774393
114.774393
114.774393
114.774393
114.774393
114.774393
114.774393
114.774393
114.774393
114.774393
114.774393
114.774393
114.774393
114.774393
114.774393
114.774393
114.774393
114.774393
114.774393
114.774393
114.774393
114.774393
114.774393
114.774393
114.774393
114.774393
114.774393
114.774393
114.774393
114.774393
114.774393
114.774393
114.774393
114.774393
114.774393
114.774393
114.774393
114.774393
114.774393
114.774393
114.774393
114.774393
114.774393
114.774393
114.774393
114.774393
114.774393
114.774393
114.774393
114.774393
114.774393
114.774393
114.774393
114.774393
114.774393
114.774393
114.774393
114.774393
114.774393
114.774393
114.774393
114.774393
114.774393
114.774393
114.774393
114.774393
114.774393
114.774393
114.774393
114.774393
114.774393
114.774393
114.774393
114.774393
114.774393
114.774393
114.774393
114.774393
114.774393
114.774393
114.774393
114.774393
114.774393
114.774393
114.774393
114.774393
114.774393
114.774393
114.774393
114.774393
114.774393
114.774393
114.774393
114.774393
114.774393
114.774393
114.774393
114.774393
114.774393
114.774393
114.774393
114.774393
114.774393
114.774393
114.774393
114.774393
114.774393
114.774393
114.774393
114.774393
114.774393
114.774393
114.774393
114.774393
114.774393
114.774393
114.774393
114.774393
114.774393
114.774393
114.774393
114.774393
114.774393
114.774393
114.774393
114.774393
114.774393
114.774393
114.774393
114.774393
114.774393
114.774393
114.774393
114.774393
114.774393
114.774393
114.774393
114.774393
114.774393
114.774393
114.774393
114.774393
114.774393
114.774393
114.774393
114.774393
114.774393
114.774393
114.774393
114.774393
114.774393
114.774393
114.774393
114.774393
114.774393
114.774393
114.774393
114.774393
114.774393
114.774393
114.774393
114.774393
114.774393
114.774393
114.774393
114.774393
114.774393
114.774393
114.774393
114.774393
114.774393
114.774393
114.774393
114.774393
114.774393
114.774393
114.774393
114.774393
114.774393
114.774393
114.774393
114.774393
114.774393
114.774393
114.774393
114.774393
114.774393
114.774393
114.774393
114.774393
114.774393
114.774393
114.774393
114.774393
114.774393
114.774393
114.774393
114.774393
114.774393
114.774393
114.774393
114.774393
114.774393
114.774393
114.774393
114.774393
114.774393
114.774393
114.774393
114.774393
114.774393
114.774393
114.774393
114.774393
114.774393
114.774393
114.774393
114.774393
114.774393
114.774393
114.774393
114.774393
114.774393
114.774393
114.774393
114.774393
114.774393
114.774393
114.774393
114.774393
114.774393
114.774393
114.774393
114.774393
114.774393
114.774393
114.774393
114.774393
114.774393
114.774393
114.774393
114.774393
114.774393
114.774393
114.774393
114.774393
114.774393
114.774393
114.774393
114.774393
114.774393
114.774393
114.774393
114.774393
114.774393
114.774393
114.774393
114.774393
114.774393
114.774393
114.774393
114.774393
114.774393
114.774393
114.774393
114.774393
114.774393
114.774393
114.774393
114.774393
114.774393
114.774393
114.774393
114.774393
114.774393
114.774393
114.774393
114.774393
114.774393
114.774393
114.774393
114.774393
114.774393
114.774393
114.774393
114.774393
114.774393
114.774393
114.774393
114.774393
114.774393
114.774393
114.774393
114.774393
114.774393
114.774393
114.774393
114.774393
114.774393
114.774393
114.774393
114.774393
114.774393
114.774393
114.774393
114.774393
114.774393
114.774393
114.774393
114.774393
114.774393
114.774393
114.774393
114.774393
114.774393
114.774393
114.774393
114.774393
114.774393
114.774393
114.774393
114.774393
114.774393
114.774393
114.774393
114.774393
114.774393
114.774393
114.774393
114.774393
114.774393
114.774393
114.774393
114.774393
114.774393
114.774393
114.774393
114.774393
114.774393
114.774393
114.774393
114.774393
114.774393
114.774393
114.774393
114.774393
114.774393
114.774393
114.774393
114.774393
114.774393
114.774393
114.774393
114.774393
114.774393
114.774393
114.774393
114.774393
114.774393
114.774393
114.774393
114.774393
114.774393
114.774393
114.774393
114.774393
114.774393
114.774393
114.774393
114.774393
114.774393
114.774393
114.774393
114.774393
114.774393
114.774393
114.774393
114.774393
114.774393
114.774393
114.774393
114.774393
114.774393
114.774393
114.774393
114.774393
114.774393
114.774393
114.774393
114.774393
114.774393
114.774393
114.774393
114.774393
114.774393
114.774393
114.774393
114.774393
114.774393
114.774393
114.774393
114.774393
114.774393
114.774393
114.774393
114.774393
114.774393
114.774393
114.774393
114.774393
114.774393
114.774393
114.774393
114.774393
114.774393
114.774393
114.774393
114.774393
114.774393
114.774393
114.774393
114.774393
114.774393
114.774393
114.774393
114.774393
114.774393
114.774393
114.774393
114.774393
114.774393
114.774393
114.774393
114.774393
114.774393
114.774393
114.774393
114.774393
114.774393
114.774393
114.774393
114.774393
114.774393
114.774393
114.774393
114.774393
114.774393
114.774393
114.774393
114.774393
114.774393
114.774393
114.774393
114.774393
114.774393
114.774393
114.774393
114.774393
114.774393
114.774393
114.774393
114.774393
114.774393
114.774393
114.774393
114.774393
114.774393
114.774393
114.774393
114.774393
114.774393
114.774393
114.774393
114.774393
114.774393
114.774393
114.774393
114.774393
114.774393
114.774393
114.774393
114.774393
114.774393
114.774393
114.774393
114.774393
114.774393
114.774393
114.774393
114.774393
114.774393
114.774393
114.774393
114.774393
114.774393
114.774393
114.774393
114.774393
114.774393
114.774393
114.774393
114.774393
114.774393
114.774393
114.774393
114.774393
114.774393
114.774393
114.774393
114.774393
114.774393
114.774393
114.774393
114.774393
114.774393
114.774393
114.774393
114.774393
114.774393
114.774393
114.774393
114.774393
114.774393
114.774393
114.774393
114.774393
114.774393
114.774393
114.774393
114.774393
114.774393
114.774393
114.774393
114.774393
114.774393
114.774393
114.774393
114.774393
114.774393
114.774393
114.774393
114.774393
114.774393
114.774393
114.774393
114.774393
114.774393
114.774393
114.774393
114.774393
114.774393
114.774393
114.774393
114.774393
114.774393
114.774393
114.774393
114.774393
114.774393
114.774393
114.774393
114.774393
114.774393
114.774393
114.774393
114.774393
114.774393
114.774393
114.774393
114.774393
114.774393
114.774393
114.774393
114.774393
114.774393
114.774393
114.774393
114.774393
114.774393
114.774393
114.774393
114.774393
114.774393
114.774393
114.774393
114.774393
114.774393
114.774393
114.774393
114.774393
114.774393
114.774393
114.774393
114.774393
114.774393
114.774393
114.774393
114.774393
114.774393
114.774393
114.774393
114.774393
114.774393
114.774393
114.774393
114.774393
114.774393
114.774393
114.774393
114.774393
114.774393
114.774393
114.774393
114.774393
114.774393
114.774393
114.774393
114.774393
114.774393
114.774393
114.774393
114.774393
114.774393
114.774393
114.774393
114.774393
114.774393
114.774393
114.774393
114.774393
114.774393
114.774393
114.774393
114.774393
114.774393
114.774393
114.774393
114.774393
114.774393
114.774393
114.774393
114.774393
114.774393
114.774393
114.774393
114.774393
114.774393
114.774393
114.774393
114.774393
114.774393
114.774393
114.774393
114.774393
114.774393
114.774393
114.774393
114.774393
114.774393
114.774393
114.774393
114.774393
114.774393
114.774393
114.774393
114.774393
114.774393
114.774393
114.774393
114.774393
114.774393
114.774393
114.774393
114.774393
114.774393
114.774393
114.774393
114.774393
114.774393
114.774393
114.774393
114.774393
114.774393
114.774393
114.774393
114.774393
114.774393
114.774393
114.774393
114.774393
114.774393
114.774393
114.774393
114.774393
114.774393
114.774393
114.774393
114.774393
114.774393
114.774393
114.774393
114.774393
114.774393
114.774393
114.774393
114.774393
114.774393
114.774393
114.774393
114.774393
114.774393
114.774393
114.774393
114.774393
114.774393
114.774393
114.774393
114.774393
114.774393
114.774393
114.774393
114.774393
114.774393
114.774393
114.774393
114.774393
114.774393
114.774393
114.774393
114.774393
114.774393
114.774393
114.774393
114.774393
114.774393
114.774393
114.774393
114.774393
114.774393
114.774393
114.774393
114.774393
114.774393
114.774393
114.774393
114.774393
114.774393
114.774393
114.774393
114.774393
114.774393
114.774393
114.774393
114.774393
114.774393
114.774393
114.774393
114.774393
114.774393
114.774393
114.774393
114.774393
114.774393
114.774393
114.774393
114.774393
114.774393
114.774393
114.774393
114.774393
114.774393
114.774393
114.774393
114.774393
114.774393
114.774393
114.774393
114.774393
114.774393
114.774393
114.774393
114.774393
114.774393
114.774393
114.774393
114.774393
114.774393
114.774393
114.774393
114.774393
114.774393
114.774393
114.774393
114.774393
114.774393
114.774393
114.774393
114.774393
114.774393
114.774393
114.774393
114.774393
114.774393
114.774393
114.774393
114.774393
114.774393
114.774393
114.774393
114.774393
114.774393
114.774393
114.774393
114.774393
114.774393
114.774393
114.774393
114.774393
114.774393
114.774393
114.774393
114.774393
114.774393
114.774393
114.774393
114.774393
114.774393
114.774393
114.774393
114.774393
114.774393
114.774393
114.774393
114.774393
114.774393
114.774393
114.774393
114.774393
114.774393
114.774393
114.774393
114.774393
114.774393
114.774393
114.774393
114.774393
114.774393
114.774393
114.774393
114.774393
114.774393
114.774393
114.774393
114.774393
114.774393
114.774393
114.774393
114.774393
114.774393
114.774393
114.774393
114.774393
114.774393
114.774393
114.774393
114.774393
114.774393
114.774393
114.774393
114.774393
114.774393
114.774393
114.774393
114.774393
114.774393
114.774393
114.774393
114.774393
114.774393
114.774393
114.774393
114.774393
114.774393
114.774393
114.774393
114.774393
114.774393
114.774393
114.774393
114.774393
114.774393
114.774393
114.774393
114.774393
114.774393
114.774393
114.774393
114.774393
114.774393
114.774393
114.774393
114.774393
114.774393
114.774393
114.774393
114.774393
114.774393
114.774393
114.774393
114.774393
114.774393
114.774393
114.774393
114.774393
114.774393
114.774393
114.774393
114.774393
114.774393
114.774393
114.774393
114.774393
114.774393
114.774393
114.774393
114.774393
114.774393
114.774393
114.774393
114.774393
114.774393
114.774393
114.774393
114.774393
114.774393
114.774393
114.774393
114.774393
114.774393
114.774393
114.774393
114.774393
114.774393
114.774393
114.774393
114.774393
114.774393
114.774393
114.774393
114.774393
114.774393
114.774393
114.774393
114.774393
114.774393
114.774393
114.774393
114.774393
114.774393
114.774393
114.774393
114.774393
114.774393
114.774393
114.774393
114.774393
114.774393
114.774393
114.774393
114.774393
114.774393
114.774393
114.774393
114.774393
114.774393
114.774393
114.774393
114.774393
114.774393
114.774393
114.774393
114.774393
114.774393
114.774393
114.774393
114.774393
114.774393
114.774393
114.774393
114.774393
114.774393
114.774393
114.774393
114.774393
114.774393
114.774393
114.774393
114.774393
114.774393
114.774393
114.774393
114.774393
114.774393
114.774393
114.774393
114.774393
114.774393
114.774393
114.774393
114.774393
114.774393
114.774393
114.774393
114.774393
114.774393
114.774393
114.774393
114.774393
114.774393
114.774393
114.774393
114.774393
114.774393
114.774393
114.774393
114.774393
114.774393
114.774393
114.774393
114.774393
114.774393
114.774393
114.774393
114.774393
114.774393
114.774393
114.774393
114.774393
114.774393
114.774393
114.774393
114.774393
114.774393
114.774393
114.774393
114.774393
114.774393
114.774393
114.774393
114.774393
114.774393
114.774393
114.774393
114.774393
114.774393
114.774393
114.774393
114.774393
114.774393
114.774393
114.774393
114.774393
114.774393
114.774393
114.774393
114.774393
114.774393
114.774393
114.774393
114.774393
114.774393
114.774393
114.774393
114.774393
114.774393
114.774393
114.774393
114.774393
114.774393
114.774393
114.774393
114.774393
114.774393
114.774393
114.774393
114.774393
114.774393
114.774393
114.774393
114.774393
114.774393
114.774393
114.774393
114.774393
114.774393
114.774393
114.774393
114.774393
114.774393
114.774393
114.774393
114.774393
114.774393
114.774393
114.774393
114.774393
114.774393
114.774393
114.774393
114.774393
114.774393
114.774393
114.774393
114.774393
114.774393
114.774393
114.774393
114.774393
114.774393
114.774393
114.774393
114.774393
114.774393
114.774393
114.774393
114.774393
114.774393
114.774393
114.774393
114.774393
114.774393
114.774393
114.774393
114.774393
114.774393
114.774393
114.774393
114.774393
114.774393
114.774393
114.774393
114.774393
114.774393
114.774393
114.774393
114.774393
114.774393
114.774393
114.774393
114.774393
114.774393
114.774393
114.774393
114.774393
114.774393
114.774393
114.774393
114.774393
114.774393
114.774393
114.774393
114.774393
114.774393
114.774393
114.774393
114.774393
114.774393
114.774393
114.774393
114.774393
114.774393
114.774393
114.774393
114.774393
114.774393
114.774393
114.774393
114.774393
114.774393
114.774393
114.774393
114.774393
114.774393
114.774393
114.774393
114.774393
114.774393
114.774393
114.774393
114.774393
114.774393
114.774393
114.774393
114.774393
114.774393
114.774393
114.774393
114.774393
114.774393
114.774393
114.774393
114.774393
114.774393
114.774393
114.774393
114.774393
114.774393
114.774393
114.774393
114.774393
114.774393
114.774393
114.774393
114.774393
114.774393
114.774393
114.774393
114.774393
114.774393
114.774393
114.774393
114.774393
114.774393
114.774393
114.774393
114.774393
114.774393
114.774393
114.774393
114.774393
114.774393
114.774393
114.774393
114.774393
114.774393
114.774393
114.774393
114.774393
114.774393
114.774393
114.774393
114.774393
114.774393
114.774393
114.774393
114.774393
114.774393
114.774393
114.774393
114.774393
114.774393
114.774393
114.774393
114.774393
114.774393
114.774393
114.774393
114.774393
114.774393
114.774393
114.774393
114.774393
114.774393
114.774393
114.774393
114.774393
114.774393
114.774393
114.774393
114.774393
114.774393
114.774393
114.774393
114.774393
114.774393
114.774393
114.774393
114.774393
114.774393
114.774393
114.774393
114.774393
114.774393
114.774393
114.774393
114.774393
114.774393
114.774393
114.774393
114.774393
114.774393
114.774393
114.774393
114.774393
114.774393
114.774393
114.774393
114.774393
114.774393
114.774393
114.774393
114.774393
114.774393
114.774393
114.774393
114.774393
114.774393
114.774393
114.774393
114.774393
114.774393
114.774393
114.774393
114.774393
114.774393
114.774393
114.774393
114.774393
114.774393
114.774393
114.774393
114.774393
114.774393
114.774393
114.774393
114.774393
114.774393
114.774393
114.774393
114.774393
114.774393
114.774393
114.774393
114.774393
114.774393
114.774393
114.774393
114.774393
114.774393
114.774393
114.774393
114.774393
114.774393
114.774393
114.774393
114.774393
114.774393
114.774393
114.774393
114.774393
114.774393
114.774393
114.774393
114.774393
114.774393
114.774393
114.774393
114.774393
114.774393
114.774393
114.774393
114.774393
114.774393
114.774393
114.774393
114.774393
114.774393
114.774393
114.774393
114.774393
114.774393
114.774393
114.774393
114.774393
114.774393
114.774393
114.774393
114.774393
114.774393
114.774393
114.774393
114.774393
114.774393
114.774393
114.774393
114.774393
114.774393
114.774393
114.774393
114.774393
114.774393
114.774393
114.774393
114.774393
114.774393
114.774393
114.774393
114.774393
114.774393
114.774393
114.774393
114.774393
114.774393
114.774393
114.774393
114.774393
114.774393
114.774393
114.774393
114.774393
114.774393
114.774393
114.774393
114.774393
114.774393
114.774393
114.774393
114.774393
114.774393
114.774393
114.774393
114.774393
114.774393
114.774393
114.774393
114.774393
114.774393
114.774393
114.774393
114.774393
114.774393
114.774393
114.774393
114.774393
114.774393
114.774393
114.774393
114.774393
114.774393
114.774393
114.774393
114.774393
114.774393
114.774393
114.774393
114.774393
114.774393
114.774393
114.774393
114.774393
114.774393
114.774393
114.774393
114.774393
114.774393
114.774393
114.774393
114.774393
114.774393
114.774393
114.774393
114.774393
114.774393
114.774393
114.774393
114.774393
114.774393
114.774393
114.774393
114.774393
114.774393
114.774393
114.774393
114.774393
114.774393
114.774393
114.774393
114.774393
114.774393
114.774393
114.774393
114.774393
114.774393
114.774393
114.774393
114.774393
114.774393
114.774393
114.774393
114.774393
114.774393
114.774393
114.774393
114.774393
114.774393
114.774393
114.774393
114.774393
114.774393
114.774393
114.774393
114.774393
114.774393
114.774393
114.774393
114.774393
114.774393
114.774393
114.774393
114.774393
114.774393
114.774393
114.774393
114.774393
114.774393
114.774393
114.774393
114.774393
114.774393
114.774393
114.774393
114.774393
114.774393
114.774393
114.774393
114.774393
114.774393
114.774393
114.774393
114.774393
114.774393
114.774393
114.774393
114.774393
114.774393
114.774393
114.774393
114.774393
114.774393
114.774393
114.774393
114.774393
114.774393
114.774393
114.774393
114.774393
114.774393
114.774393
114.774393
114.774393
114.774393
114.774393
114.774393
114.774393
114.774393
114.774393
114.774393
114.774393
114.774393
114.774393
114.774393
114.774393
114.774393
114.774393
114.774393
114.774393
114.774393
114.774393
114.774393
114.774393
114.774393
114.774393
114.774393
114.774393
114.774393
114.774393
114.774393
114.774393
114.774393
114.774393
114.774393
114.774393
114.774393
114.774393
114.774393
114.774393
114.774393
114.774393
114.774393
114.774393
114.774393
114.774393
114.774393
114.774393
114.774393
114.774393
114.774393
114.774393
114.774393
114.774393
114.774393
114.774393
114.774393
114.774393
114.774393
114.774393
114.774393
114.774393
114.774393
114.774393
114.774393
114.774393
114.774393
114.774393
114.774393
114.774393
114.774393
114.774393
114.774393
114.774393
114.774393
114.774393
114.774393
114.774393
114.774393
114.774393
114.774393
114.774393
114.774393
114.774393
114.774393
114.774393
114.774393
114.774393
114.774393
114.774393
114.774393
114.774393
114.774393
114.774393
114.774393
114.774393
114.774393
114.774393
114.774393
114.774393
114.774393
114.774393
114.774393
114.774393
114.774393
114.774393
114.774393
114.774393
114.774393
114.774393
114.774393
114.774393
114.774393
114.774393
114.774393
114.774393
114.774393
114.774393
114.774393
114.774393
114.774393
114.774393
114.774393
114.774393
114.774393
114.774393
114.774393
114.774393
114.774393
114.774393
114.774393
114.774393
114.774393
114.774393
114.774393
114.774393
114.774393
114.774393
114.774393
114.774393
114.774393
114.774393
114.774393
114.774393
114.774393
114.774393
114.774393
114.774393
114.774393
114.774393
114.774393
114.774393
114.774393
114.774393
114.774393
114.774393
114.774393
114.774393
114.774393
114.774393
114.774393
114.774393
114.774393
114.774393
114.774393
114.774393
114.774393
114.774393
114.774393
114.774393
114.774393
114.774393
114.774393
114.774393
114.774393
114.774393
114.774393
114.774393
114.774393
114.774393
114.774393
114.774393
114.774393
114.774393
114.774393
114.774393
114.774393
114.774393
114.774393
114.774393
114.774393
114.774393
114.774393
114.774393
114.774393
114.774393
114.774393
114.774393
114.774393
114.774393
114.774393
114.774393
114.774393
114.774393
114.774393
114.774393
114.774393
114.774393
114.774393
114.774393
114.774393
114.774393
114.774393
114.774393
114.774393
114.774393
114.774393
114.774393
114.774393
114.774393
114.774393
114.774393
114.774393
114.774393
114.774393
114.774393
114.774393
114.774393
114.774393
114.774393
114.774393
114.774393
114.774393
114.774393
114.774393
114.774393
114.774393
114.774393
114.774393
114.774393
114.774393
114.774393
114.774393
114.774393
114.774393
114.774393
114.774393
114.774393
114.774393
114.774393
114.774393
114.774393
114.774393
114.774393
114.774393
114.774393
114.774393
114.774393
114.774393
114.774393
114.774393
114.774393
114.774393
114.774393
114.774393
114.774393
114.774393
114.774393
114.774393
114.774393
114.774393
114.774393
114.774393
114.774393
114.774393
114.774393
114.774393
114.774393
114.774393
114.774393
114.774393
114.774393
114.774393
114.774393
114.774393
114.774393
114.774393
114.774393
114.774393
114.774393
114.774393
114.774393
114.774393
114.774393
114.774393
114.774393
114.774393
114.774393
114.774393
114.774393
114.774393
114.774393
114.774393
114.774393
114.774393
114.774393
114.774393
114.774393
114.774393
114.774393
114.774393
114.774393
114.774393
114.774393
114.774393
114.774393
114.774393
114.774393
114.774393
114.774393
114.774393
114.774393
114.774393
114.774393
114.774393
114.774393
114.774393
114.774393
114.774393
114.774393
114.774393
114.774393
114.774393
114.774393
114.774393
114.774393
114.774393
114.774393
114.774393
114.774393
114.774393
114.774393
114.774393
114.774393
114.774393
114.774393
114.774393
114.774393
114.774393
114.774393
114.774393
114.774393
114.774393
114.774393
114.774393
114.774393
114.774393
114.774393
114.774393
114.774393
114.774393
114.774393
114.774393
114.774393
114.774393
114.774393
114.774393
114.774393
114.774393
114.774393
114.774393
114.774393
114.774393
114.774393
114.774393
114.774393
114.774393
114.774393
114.774393
114.774393
114.774393
114.774393
114.774393
114.774393
114.774393
114.774393
114.774393
114.774393
114.774393
114.774393
114.774393
114.774393
114.774393
114.774393
114.774393
114.774393
114.774393
114.774393
114.774393
114.774393
114.774393
114.774393
114.774393
114.774393
114.774393
114.774393
114.774393
114.774393
114.774393
114.774393
114.774393
114.774393
114.774393
114.774393
114.774393
114.774393
114.774393
114.774393
114.774393
114.774393
114.774393
114.774393
114.774393
114.774393
114.774393
114.774393
114.774393
114.774393
114.774393
114.774393
114.774393
114.774393
114.774393
114.774393
114.774393
114.774393
114.774393
114.774393
114.774393
114.774393
114.774393
114.774393
114.774393
114.774393
114.774393
114.774393
114.774393
114.774393
114.774393
114.774393
114.774393
114.774393
114.774393
114.774393
114.774393
114.774393
114.774393
114.774393
114.774393
114.774393
114.774393
114.774393
114.774393
114.774393
114.774393
114.774393
114.774393
114.774393
114.774393
114.774393
114.774393
114.774393
114.774393
114.774393
114.774393
114.774393
114.774393
114.774393
114.774393
114.774393
114.774393
114.774393
114.774393
114.774393
114.774393
114.774393
114.774393
114.774393
114.774393
114.774393
114.774393
114.774393
114.774393
114.774393
114.774393
114.774393
114.774393
114.774393
114.774393
114.774393
114.774393
114.774393
114.774393
114.774393
114.774393
114.774393
114.774393
114.774393
114.774393
114.774393
114.774393
114.774393
114.774393
114.774393
114.774393
114.774393
114.774393
114.774393
114.774393
114.774393
114.774393
114.774393
114.774393
114.774393
114.774393
114.774393
114.774393
114.774393
114.774393
114.774393
114.774393
114.774393
114.774393
114.774393
114.774393
114.774393
114.774393
114.774393
114.774393
114.774393
114.774393
114.774393
114.774393
114.774393
114.774393
114.774393
114.774393
114.774393
114.774393
114.774393
114.774393
114.774393
114.774393
114.774393
114.774393
114.774393
114.774393
114.774393
114.774393
114.774393
114.774393
114.774393
114.774393
114.774393
114.774393
114.774393
114.774393
114.774393
114.774393
114.774393
114.774393
114.774393
114.774393
114.774393
114.774393
114.774393
114.774393
114.774393
114.774393
114.774393
114.774393
114.774393
114.774393
114.774393
114.774393
114.774393
114.774393
114.774393
114.774393
114.774393
114.774393
114.774393
114.774393
114.774393
114.774393
114.774393
114.774393
114.774393
114.774393
114.774393
114.774393
114.774393
114.774393
114.774393
114.774393
114.774393
114.774393
114.774393
114.774393
114.774393
114.774393
114.774393
114.774393
114.774393
114.774393
114.774393
114.774393
114.774393
114.774393
114.774393
114.774393
114.774393
114.774393
114.774393
114.774393
114.774393
114.774393
114.774393
114.774393
114.774393
114.774393
114.774393
114.774393
114.774393
114.774393
114.774393
114.774393
114.774393
114.774393
114.774393
114.774393
114.774393
114.774393
114.774393
114.774393
114.774393
114.774393
114.774393
114.774393
114.774393
114.774393
114.774393
114.774393
114.774393
114.774393
114.774393
114.774393
114.774393
114.774393
114.774393
114.774393
114.774393
114.774393
114.774393
114.774393
114.774393
114.774393
114.774393
114.774393
114.774393
114.774393
114.774393
114.774393
114.774393
114.774393
114.774393
114.774393
114.774393
114.774393
114.774393
114.774393
114.774393
114.774393
114.774393
114.774393
114.774393
114.774393
114.774393
114.774393
114.774393
114.774393
114.774393
114.774393
114.774393
114.774393
114.774393
114.774393
114.774393
114.774393
114.774393
114.774393
114.774393
114.774393
114.774393
114.774393
114.774393
114.774393
114.774393
114.774393
114.774393
114.774393
114.774393
114.774393
114.774393
114.774393
114.774393
114.774393
114.774393
114.774393
114.774393
114.774393
114.774393
114.774393
114.774393
114.774393
114.774393
114.774393
114.774393
114.774393
114.774393
114.774393
114.774393
114.774393
114.774393
114.774393
114.774393
114.774393
114.774393
114.774393
114.774393
114.774393
114.774393
114.774393
114.774393
114.774393
114.774393
114.774393
114.774393
114.774393
114.774393
114.774393
114.774393
114.774393
114.774393
114.774393
114.774393
114.774393
114.774393
114.774393
114.774393
114.774393
114.774393
114.774393
114.774393
114.774393
114.774393
114.774393
114.774393
114.774393
114.774393
114.774393
114.774393
114.774393
114.774393
114.774393
114.774393
114.774393
114.774393
114.774393
114.774393
114.774393
114.774393
114.774393
114.774393
114.774393
114.774393
114.774393
114.774393
114.774393
114.774393
114.774393
114.774393
114.774393
114.774393
114.774393
114.774393
114.774393
114.774393
114.774393
114.774393
114.774393
114.774393
114.774393
114.774393
114.774393
114.774393
114.774393
114.774393
114.774393
114.774393
114.774393
114.774393
114.774393
114.774393
114.774393
114.774393
114.774393
114.774393
114.774393
114.774393
114.774393
114.774393
114.774393
114.774393
114.774393
114.774393
114.774393
114.774393
114.774393
114.774393
114.774393
114.774393
114.774393
114.774393
114.774393
114.774393
114.774393
114.774393
114.774393
114.774393
114.774393
114.774393
114.774393
114.774393
114.774393
114.774393
114.774393
114.774393
114.774393
114.774393
114.774393
114.774393
114.774393
114.774393
114.774393
114.774393
114.774393
114.774393
114.774393
114.774393
114.774393
114.774393
114.774393
114.774393
114.774393
114.774393
114.774393
114.774393
114.774393
114.774393
114.774393
114.774393
114.774393
114.774393
114.774393
114.774393
114.774393
114.774393
114.774393
114.774393
114.774393
114.774393
114.774393
114.774393
114.774393
114.774393
114.774393
114.774393
114.774393
114.774393
114.774393
114.774393
114.774393
114.774393
114.774393
114.774393
114.774393
114.774393
114.774393
114.774393
114.774393
114.774393
114.774393
114.774393
114.774393
114.774393
114.774393
114.774393
114.774393
114.774393
114.774393
114.774393
114.774393
114.774393
114.774393
114.774393
114.774393
114.774393
114.774393
114.774393
114.774393
114.774393
114.774393
114.774393
114.774393
114.774393
114.774393
114.774393
114.774393
114.774393
114.774393
114.774393
114.774393
114.774393
114.774393
114.774393
114.774393
114.774393
114.774393
114.774393
114.774393
114.774393
114.774393
114.774393
114.774393
114.774393
114.774393
114.774393
114.774393
114.774393
114.774393
114.774393
114.774393
114.774393
114.774393
114.774393
114.774393
114.774393
114.774393
114.774393
114.774393
114.774393
114.774393
114.774393
114.774393
114.774393
114.774393
114.774393
114.774393
114.774393
114.774393
114.774393
114.774393
114.774393
114.774393
114.774393
114.774393
114.774393
114.774393
114.774393
114.774393
114.774393
114.774393
114.774393
114.774393
114.774393
114.774393
114.774393
114.774393
114.774393
114.774393
114.774393
114.774393
114.774393
114.774393
114.774393
114.774393
114.774393
114.774393
114.774393
114.774393
114.774393
114.774393
114.774393
114.774393
114.774393
114.774393
114.774393
114.774393
114.774393
114.774393
114.774393
114.774393
114.774393
114.774393
114.774393
114.774393
114.774393
114.774393
114.774393
114.774393
114.774393
114.774393
114.774393
114.774393
114.774393
114.774393
114.774393
114.774393
114.774393
114.774393
114.774393
114.774393
114.774393
114.774393
114.774393
114.774393
114.774393
114.774393
114.774393
114.774393
114.774393
114.774393
114.774393
114.774393
114.774393
114.774393
114.774393
114.774393
114.774393
114.774393
114.774393
114.774393
114.774393
114.774393
114.774393
114.774393
114.774393
114.774393
114.774393
114.774393
114.774393
114.774393
114.774393
114.774393
114.774393
114.774393
114.774393
114.774393
114.774393
114.774393
114.774393
114.774393
114.774393
114.774393
114.774393
114.774393
114.774393
114.774393
114.774393
114.774393
114.774393
114.774393
114.774393
114.774393
114.774393
114.774393
114.774393
114.774393
114.774393
114.774393
114.774393
114.774393
114.774393
114.774393
114.774393
114.774393
114.774393
114.774393
114.774393
114.774393
114.774393
114.774393
114.774393
114.774393
114.774393
114.774393
114.774393
114.774393
114.774393
114.774393
114.774393
114.774393
114.774393
114.774393
114.774393
114.774393
114.774393
114.774393
114.774393
114.774393
114.774393
114.774393
114.774393
114.774393
114.774393
114.774393
114.774393
114.774393
114.774393
114.774393
114.774393
114.774393
114.774393
114.774393
114.774393
114.774393
114.774393
114.774393
114.774393
114.774393
114.774393
114.774393
114.774393
114.774393
114.774393
114.774393
114.774393
114.774393
114.774393
114.774393
114.774393
114.774393
114.774393
114.774393
114.774393
114.774393
114.774393
114.774393
114.774393
114.774393
114.774393
114.774393
114.774393
114.774393
114.774393
114.774393
114.774393
114.774393
114.774393
114.774393
114.774393
114.774393
114.774393
114.774393
114.774393
114.774393
114.774393
114.774393
114.774393
114.774393
114.774393
114.774393
114.774393
114.774393
114.774393
114.774393
114.774393
114.774393
114.774393
114.774393
114.774393
114.774393
114.774393
114.774393
114.774393
114.774393
114.774393
114.774393
114.774393
114.774393
114.774393
114.774393
114.774393
114.774393
114.774393
114.774393
114.774393
114.774393
114.774393
114.774393
114.774393
114.774393
114.774393
114.774393
114.774393
114.774393
114.774393
114.774393
114.774393
114.774393
114.774393
114.774393
114.774393
114.774393
114.774393
114.774393
114.774393
114.774393
114.774393
114.774393
114.774393
114.774393
114.774393
114.774393
114.774393
114.774393
114.774393
114.774393
114.774393
114.774393
114.774393
114.774393
114.774393
114.774393
114.774393
114.774393
114.774393
114.774393
114.774393
114.774393
114.774393
114.774393
114.774393
114.774393
114.774393
114.774393
114.774393
114.774393
114.774393
114.774393
114.774393
114.774393
114.774393
114.774393
114.774393
114.774393
114.774393
114.774393
114.774393
114.774393
114.774393
114.774393
114.774393
114.774393
114.774393
114.774393
114.774393
114.774393
114.774393
114.774393
114.774393
114.774393
114.774393
114.774393
114.774393
114.774393
114.774393
114.774393
114.774393
114.774393
114.774393
114.774393
114.774393
114.774393
114.774393
114.774393
114.774393
114.774393
114.774393
114.774393
114.774393
114.774393
114.774393
114.774393
114.774393
114.774393
114.774393
114.774393
114.774393
114.774393
114.774393
114.774393
114.774393
114.774393
114.774393
114.774393
114.774393
114.774393
114.774393
114.774393
114.774393
114.774393
114.774393
114.774393
114.774393
114.774393
114.774393
114.774393
114.774393
114.774393
114.774393
114.774393
114.774393
114.774393
114.774393
114.774393
114.774393
114.774393
114.774393
114.774393
114.774393
114.774393
114.774393
114.774393
114.774393
114.774393
114.774393
114.774393
114.774393
114.774393
114.774393
114.774393
114.774393
114.774393
114.774393
114.774393
114.774393
114.774393
114.774393
114.774393
114.774393
114.774393
114.774393
114.774393
114.774393
114.774393
114.774393
114.774393
114.774393
114.774393
114.774393
114.774393
114.774393
114.774393
114.774393
114.774393
114.774393
114.774393
114.774393
114.774393
114.774393
114.774393
114.774393
114.774393
114.774393
114.774393
114.774393
114.774393
114.774393
114.774393
114.774393
114.774393
114.774393
114.774393
114.774393
114.774393
114.774393
114.774393
114.774393
114.774393
114.774393
114.774393
114.774393
114.774393
114.774393
114.774393
114.774393
114.774393
114.774393
114.774393
114.774393
114.774393
114.774393
114.774393
114.774393
114.774393
114.774393
114.774393
114.774393
114.774393
114.774393
114.774393
114.774393
114.774393
114.774393
114.774393
114.774393
114.774393
114.774393
114.774393
114.774393
114.774393
114.774393
114.774393
114.774393
114.774393
114.774393
114.774393
114.774393
114.774393
114.774393
114.774393
114.774393
114.774393
114.774393
114.774393
114.774393
114.774393
114.774393
114.774393
114.774393
114.774393
114.774393
114.774393
114.774393
114.774393
114.774393
114.774393
114.774393
114.774393
114.774393
114.774393
114.774393
114.774393
114.774393
114.774393
114.774393
114.774393
114.774393
114.774393
114.774393
114.774393
114.774393
114.774393
114.774393
114.774393
114.774393
114.774393
114.774393
114.774393
114.774393
114.774393
114.774393
114.774393
114.774393
114.774393
114.774393
114.774393
114.774393
114.774393
114.774393
114.774393
114.774393
114.774393
114.774393
114.774393
114.774393
114.774393
114.774393
114.774393
114.774393
114.774393
114.774393
114.774393
114.774393
114.774393
114.774393
114.774393
114.774393
114.774393
114.774393
114.774393
114.774393
114.774393
114.774393
114.774393
114.774393
114.774393
114.774393
114.774393
114.774393
114.774393
114.774393
114.774393
114.774393
114.774393
114.774393
114.774393
114.774393
114.774393
114.774393
114.774393
114.774393
114.774393
114.774393
114.774393
114.774393
114.774393
114.774393
114.774393
114.774393
114.774393
114.774393
114.774393
114.774393
114.774393
114.774393
114.774393
114.774393
114.774393
114.774393
114.774393
114.774393
114.774393
114.774393
114.774393
114.774393
114.774393
114.774393
114.774393
114.774393
114.774393
114.774393
114.774393
114.774393
114.774393
114.774393
114.774393
114.774393
114.774393
114.774393
114.774393
114.774393
114.774393
114.774393
114.774393
114.774393
114.774393
114.774393
114.774393
114.774393
114.774393
114.774393
114.774393
114.774393
114.774393
114.774393
114.774393
114.774393
114.774393
114.774393
114.774393
114.774393
114.774393
114.774393
114.774393
114.774393
114.774393
114.774393
114.774393
114.774393
114.774393
114.774393
114.774393
114.774393
114.774393
114.774393
114.774393
114.774393
114.774393
114.774393
114.774393
114.774393
114.774393
114.774393
114.774393
114.774393
114.774393
114.774393
114.774393
114.774393
114.774393
114.774393
114.774393
114.774393
114.774393
114.774393
114.774393
114.774393
114.774393
114.774393
114.774393
114.774393
114.774393
114.774393
114.774393
114.774393
114.774393
114.774393
114.774393
114.774393
114.774393
114.774393
114.774393
114.774393
114.774393
114.774393
114.774393
114.774393
114.774393
114.774393
114.774393
114.774393
114.774393
114.774393
114.774393
114.774393
114.774393
114.774393
114.774393
114.774393
114.774393
114.774393
114.774393
114.774393
114.774393
114.774393
114.774393
114.774393
114.774393
114.774393
114.774393
114.774393
114.774393
114.774393
114.774393
114.774393
114.774393
114.774393
114.774393
114.774393
114.774393
114.774393
114.774393
114.774393
114.774393
114.774393
114.774393
114.774393
114.774393
114.774393
114.774393
114.774393
114.774393
114.774393
114.774393
114.774393
114.774393
114.774393
114.774393
114.774393
114.774393
114.774393
114.774393
114.774393
114.774393
114.774393
114.774393
114.774393
114.774393
114.774393
114.774393
114.774393
114.774393
114.774393
114.774393
114.774393
114.774393
114.774393
114.774393
114.774393
114.774393
114.774393
114.774393
114.774393
114.774393
114.774393
114.774393
114.774393
114.774393
114.774393
114.774393
114.774393
114.774393
114.774393
114.774393
114.774393
114.774393
114.774393
114.774393
114.774393
114.774393
114.774393
114.774393
114.774393
114.774393
114.774393
114.774393
114.774393
114.774393
114.774393
114.774393
114.774393
114.774393
114.774393
114.774393
114.774393
114.774393
114.774393
114.774393
114.774393
114.774393
114.774393
114.774393
114.774393
114.774393
114.774393
114.774393
114.774393
114.774393
114.774393
114.774393
114.774393
114.774393
114.774393
114.774393
114.774393
114.774393
114.774393
114.774393
114.774393
114.774393
114.774393
114.774393
114.774393
114.774393
114.774393
114.774393
114.774393
114.774393
114.774393
114.774393
114.774393
114.774393
114.774393
114.774393
114.774393
114.774393
114.774393
114.774393
114.774393
114.774393
114.774393
114.774393
114.774393
114.774393
114.774393
114.774393
114.774393
114.774393
114.774393
114.774393
114.774393
114.774393
114.774393
114.774393
114.774393
114.774393
114.774393
114.774393
114.774393
114.774393
114.774393
114.774393
114.774393
114.774393
114.774393
114.774393
114.774393
114.774393
114.774393
114.774393
114.774393
114.774393
114.774393
114.774393
114.774393
114.774393
114.774393
114.774393
114.774393
114.774393
114.774393
114.774393
114.774393
114.774393
114.774393
114.774393
114.774393
114.774393
114.774393
114.774393
114.774393
114.774393
114.774393
114.774393
114.774393
114.774393
114.774393
114.774393
114.774393
114.774393
114.774393
114.774393
114.774393
114.774393
114.774393
114.774393
114.774393
114.774393
114.774393
114.774393
114.774393
114.774393
114.774393
114.774393
114.774393
114.774393
114.774393
114.774393
114.774393
114.774393
114.774393
114.774393
114.774393
114.774393
114.774393
114.774393
114.774393
114.774393
114.774393
114.774393
114.774393
114.774393
114.774393
114.774393
114.774393
114.774393
114.774393
114.774393
114.774393
114.774393
114.774393
114.774393
114.774393
114.774393
114.774393
114.774393
114.774393
114.774393
114.774393
114.774393
114.774393
114.774393
114.774393
114.774393
114.774393
114.774393
114.774393
114.774393
114.774393
114.774393
114.774393
114.774393
114.774393
114.774393
114.774393
114.774393
114.774393
114.774393
114.774393
114.774393
114.774393
114.774393
114.774393
114.774393
114.774393
114.774393
114.774393
114.774393
114.774393
114.774393
114.774393
114.774393
114.774393
114.774393
114.774393
114.774393
114.774393
114.774393
114.774393
114.774393
114.774393
114.774393
114.774393
114.774393
114.774393
114.774393
114.774393
114.774393
114.774393
114.774393
114.774393
114.774393
114.774393
114.774393
114.774393
114.774393
114.774393
114.774393
114.774393
114.774393
114.774393
114.774393
114.774393
114.774393
114.774393
114.774393
114.774393
114.774393
114.774393
114.774393
114.774393
114.774393
114.774393
114.774393
114.774393
114.774393
114.774393
114.774393
114.774393
114.774393
114.774393
114.774393
114.774393
114.774393
114.774393
114.774393
114.774393
114.774393
114.774393
114.774393
114.774393
114.774393
114.774393
114.774393
114.774393
114.774393
114.774393
114.774393
114.774393
114.774393
114.774393
114.774393
114.774393
114.774393
114.774393
114.774393
114.774393
114.774393
114.774393
114.774393
114.774393
114.774393
114.774393
114.774393
114.774393
114.774393
114.774393
114.774393
114.774393
114.774393
114.774393
114.774393
114.774393
114.774393
114.774393
114.774393
114.774393
114.774393
114.774393
114.774393
114.774393
114.774393
114.774393
114.774393
114.774393
114.774393
114.774393
114.774393
114.774393
114.774393
114.774393
114.774393
114.774393
114.774393
114.774393
114.774393
114.774393
114.774393
114.774393
114.774393
114.774393
114.774393
114.774393
114.774393
114.774393
114.774393
114.774393
114.774393
114.774393
114.774393
114.774393
114.774393
114.774393
114.774393
114.774393
114.774393
114.774393
114.774393
114.774393
114.774393
114.774393
114.774393
114.774393
114.774393
114.774393
114.774393
114.774393
114.774393
114.774393
114.774393
114.774393
114.774393
114.774393
114.774393
114.774393
114.774393
114.774393
114.774393
114.774393
114.774393
114.774393
114.774393
114.774393
114.774393
114.774393
114.774393
114.774393
114.774393
114.774393
114.774393
114.774393
114.774393
114.774393
114.774393
114.774393
114.774393
114.774393
114.774393
114.774393
114.774393
114.774393
114.774393
114.774393
114.774393
114.774393
114.774393
114.774393
114.774393
114.774393
114.774393
114.774393
114.774393
114.774393
114.774393
114.774393
114.774393
114.774393
114.774393
114.774393
114.774393
114.774393
114.774393
114.774393
114.774393
114.774393
114.774393
114.774393
114.774393
114.774393
114.774393
114.774393
114.774393
114.774393
114.774393
114.774393
114.774393
114.774393
114.774393
114.774393
114.774393
114.774393
114.774393
114.774393
114.774393
114.774393
114.774393
114.774393
114.774393
114.774393
114.774393
114.774393
114.774393
114.774393
114.774393
114.774393
114.774393
114.774393
114.774393
114.774393
114.774393
114.774393
114.774393
114.774393
114.774393
114.774393
114.774393
114.774393
114.774393
114.774393
114.774393
114.774393
114.774393
114.774393
114.774393
114.774393
114.774393
114.774393
114.774393
114.774393
114.774393
114.774393
114.774393
114.774393
114.774393
114.774393
114.774393
114.774393
114.774393
114.774393
114.774393
114.774393
114.774393
114.774393
114.774393
114.774393
114.774393
114.774393
114.774393
114.774393
114.774393
114.774393
114.774393
114.774393
114.774393
114.774393
114.774393
114.774393
114.774393
114.774393
114.774393
114.774393
114.774393
114.774393
114.774393
114.774393
114.774393
114.774393
114.774393
114.774393
114.774393
114.774393
114.774393
114.774393
114.774393
114.774393
114.774393
114.774393
114.774393
114.774393
114.774393
114.774393
114.774393
114.774393
114.774393
114.774393
114.774393
114.774393
114.774393
114.774393
114.774393
114.774393
114.774393
114.774393
114.774393
114.774393
114.774393
114.774393
114.774393
114.774393
114.774393
114.774393
114.774393
114.774393
114.774393
114.774393
114.774393
114.774393
114.774393
114.774393
114.774393
114.774393
114.774393
114.774393
114.774393
114.774393
114.774393
114.774393
114.774393
114.774393
114.774393
114.774393
114.774393
114.774393
114.774393
114.774393
114.774393
114.774393
114.774393
114.774393
114.774393
114.774393
114.774393
114.774393
114.774393
114.774393
114.774393
114.774393
114.774393
114.774393
114.774393
114.774393
114.774393
114.774393
114.774393
114.774393
114.774393
114.774393
114.774393
114.774393
114.774393
114.774393
114.774393
114.774393
114.774393
114.774393
114.774393
114.774393
114.774393
114.774393
114.774393
114.774393
114.774393
114.774393
114.774393
114.774393
114.774393
114.774393
114.774393
114.774393
114.774393
114.774393
114.774393
114.774393
114.774393
114.774393
114.774393
114.774393
114.774393
114.774393
114.774393
114.774393
114.774393
114.774393
114.774393
114.774393
114.774393
114.774393
114.774393
114.774393
114.774393
114.774393
114.774393
114.774393
114.774393
114.774393
114.774393
114.774393
114.774393
114.774393
114.774393
114.774393
114.774393
114.774393
114.774393
114.774393
114.774393
114.774393
114.774393
114.774393
114.774393
114.774393
114.774393
114.774393
114.774393
114.774393
114.774393
114.774393
114.774393
114.774393
114.774393
114.774393
114.774393
114.774393
114.774393
114.774393
114.774393
114.774393
114.774393
114.774393
114.774393
114.774393
114.774393
114.774393
114.774393
114.774393
114.774393
114.774393
114.774393
114.774393
114.774393
114.774393
114.774393
114.774393
114.774393
114.774393
114.774393
114.774393
114.774393
114.774393
114.774393
114.774393
114.774393
114.774393
114.774393
114.774393
114.774393
114.774393
114.774393
114.774393
114.774393
114.774393
114.774393
114.774393
114.774393
114.774393
114.774393
114.774393
114.774393
114.774393
114.774393
114.774393
114.774393
114.774393
114.774393
114.774393
114.774393
114.774393
114.774393
114.774393
114.774393
114.774393
114.774393
114.774393
114.774393
114.774393
114.774393
114.774393
114.774393
114.774393
114.774393
114.774393
114.774393
114.774393
114.774393
114.774393
114.774393
114.774393
114.774393
114.774393
114.774393
114.774393
114.774393
114.774393
114.774393
114.774393
114.774393
114.774393
114.774393
114.774393
114.774393
114.774393
114.774393
114.774393
114.774393
114.774393
114.774393
114.774393
114.774393
114.774393
114.774393
114.774393
114.774393
114.774393
114.774393
114.774393
114.774393
114.774393
114.774393
114.774393
114.774393
114.774393
114.774393
114.774393
114.774393
114.774393
114.774393
114.774393
114.774393
114.774393
114.774393
114.774393
114.774393
114.774393
114.774393
114.774393
114.774393
114.774393
114.774393
114.774393
114.774393
114.774393
114.774393
114.774393
114.774393
114.774393
114.774393
114.774393
114.774393
114.774393
114.774393
114.774393
114.774393
114.774393
114.774393
114.774393
114.774393
114.774393
114.774393
114.774393
114.774393
114.774393
114.774393
114.774393
114.774393
114.774393
114.774393
114.774393
114.774393
114.774393
114.774393
114.774393
114.774393
114.774393
114.774393
114.774393
114.774393
114.774393
114.774393
114.774393
114.774393
114.774393
114.774393
114.774393
114.774393
114.774393
114.774393
114.774393
114.774393
114.774393
114.774393
114.774393
114.774393
114.774393
114.774393
114.774393
114.774393
114.774393
114.774393
114.774393
114.774393
114.774393
114.774393
114.774393
114.774393
114.774393
114.774393
114.774393
114.774393
114.774393
114.774393
114.774393
114.774393
114.774393
114.774393
114.774393
114.774393
114.774393
114.774393
114.774393
114.774393
114.774393
114.774393
114.774393
114.774393
114.774393
114.774393
114.774393
114.774393
114.774393
114.774393
114.774393
114.774393
114.774393
114.774393
114.774393
114.774393
114.774393
114.774393
114.774393
114.774393
114.774393
114.774393
114.774393
114.774393
114.774393
114.774393
114.774393
114.774393
114.774393
114.774393
114.774393
114.774393
114.774393
114.774393
114.774393
114.774393
114.774393
114.774393
114.774393
114.774393
114.774393
114.774393
114.774393
114.774393
114.774393
114.774393
114.774393
114.774393
114.774393
114.774393
114.774393
114.774393
114.774393
114.774393
114.774393
114.774393
114.774393
114.774393
114.774393
114.774393
114.774393
114.774393
114.774393
114.774393
114.774393
114.774393
114.774393
114.774393
114.774393
114.774393
114.774393
114.774393
114.774393
114.774393
114.774393
114.774393
114.774393
114.774393
114.774393
114.774393
114.774393
114.774393
114.774393
114.774393
114.774393
114.774393
114.774393
114.774393
114.774393
114.774393
114.774393
114.774393
114.774393
114.774393
114.774393
114.774393
114.774393
114.774393
114.774393
114.774393
114.774393
114.774393
114.774393
114.774393
114.774393
114.774393
114.774393
114.774393
114.774393
114.774393
114.774393
114.774393
114.774393
114.774393
114.774393
114.774393
114.774393
114.774393
114.774393
114.774393
114.774393
114.774393
114.774393
114.774393
114.774393
114.774393
114.774393
114.774393
114.774393
114.774393
114.774393
114.774393
114.774393
114.774393
114.774393
114.774393
114.774393
114.774393
114.774393
114.774393
114.774393
114.774393
114.774393
114.774393
114.774393
114.774393
114.774393
114.774393
114.774393
114.774393
114.774393
114.774393
114.774393
114.774393
114.774393
114.774393
114.774393
114.774393
114.774393
114.774393
114.774393
114.774393
114.774393
114.774393
114.774393
114.774393
114.774393
114.774393
114.774393
114.774393
114.774393
114.774393
114.774393
114.774393
114.774393
114.774393
114.774393
114.774393
114.774393
114.774393
114.774393
114.774393
114.774393
114.774393
114.774393
114.774393
114.774393
114.774393
114.774393
114.774393
114.774393
114.774393
114.774393
114.774393
114.774393
114.774393
114.774393
114.774393
114.774393
114.774393
114.774393
114.774393
114.774393
114.774393
114.774393
114.774393
114.774393
114.774393
114.774393
114.774393
114.774393
114.774393
114.774393
114.774393
114.774393
114.774393
114.774393
114.774393
114.774393
114.774393
114.774393
114.774393
114.774393
114.774393
114.774393
114.774393
114.774393
114.774393
114.774393
114.774393
114.774393
114.774393
114.774393
114.774393
114.774393
114.774393
114.774393
114.774393
114.774393
114.774393
114.774393
114.774393
114.774393
114.774393
114.774393
114.774393
114.774393
114.774393
114.774393
114.774393
114.774393
114.774393
114.774393
114.774393
114.774393
114.774393
114.774393
114.774393
114.774393
114.774393
114.774393
114.774393
114.774393
114.774393
114.774393
114.774393
114.774393
114.774393
114.774393
114.774393
114.774393
114.774393
114.774393
114.774393
114.774393
114.774393
114.774393
114.774393
114.774393
114.774393
114.774393
114.774393
114.774393
114.774393
114.774393
114.774393
114.774393
114.774393
114.774393
114.774393
114.774393
114.774393
114.774393
114.774393
114.774393
114.774393
114.774393
114.774393
114.774393
114.774393
114.774393
114.774393
114.774393
114.774393
114.774393
114.774393
114.774393
114.774393
114.774393
114.774393
114.774393
114.774393
114.774393
114.774393
114.774393
114.774393
114.774393
114.774393
114.774393
114.774393
114.774393
114.774393
114.774393
114.774393
114.774393
114.774393
114.774393
114.774393
114.774393
114.774393
114.774393
114.774393
114.774393
114.774393
114.774393
114.774393
114.774393
114.774393
114.774393
114.774393
114.774393
114.774393
114.774393
114.774393
114.774393
114.774393
114.774393
114.774393
114.774393
114.774393
114.774393
114.774393
114.774393
114.774393
114.774393
114.774393
114.774393
114.774393
114.774393
114.774393
114.774393
114.774393
114.774393
114.774393
114.774393
114.774393
114.774393
114.774393
114.774393
114.774393
114.774393
114.774393
114.774393
114.774393
114.774393
114.774393
114.774393
114.774393
114.774393
114.774393
114.774393
114.774393
114.774393
114.774393
114.774393
114.774393
114.774393
114.774393
114.774393
114.774393
114.774393
114.774393
114.774393
114.774393
114.774393
114.774393
114.774393
114.774393
114.774393
114.774393
114.774393
114.774393
114.774393
114.774393
114.774393
114.774393
114.774393
114.774393
114.774393
114.774393
114.774393
114.774393
114.774393
114.774393
114.774393
114.774393
114.774393
114.774393
114.774393
114.774393
114.774393
114.774393
114.774393
114.774393
114.774393
114.774393
114.774393
114.774393
114.774393
114.774393
114.774393
114.774393
114.774393
114.774393
114.774393
114.774393
114.774393
114.774393
114.774393
114.774393
114.774393
114.774393
114.774393
114.774393
114.774393
114.774393
114.774393
114.774393
114.774393
114.774393
114.774393
114.774393
114.774393
114.774393
114.774393
114.774393
114.774393
114.774393
114.774393
114.774393
114.774393
114.774393
114.774393
114.774393
114.774393
114.774393
114.774393
114.774393
114.774393
114.774393
114.774393
114.774393
114.774393
114.774393
114.774393
114.774393
114.774393
114.774393
114.774393
114.774393
114.774393
114.774393
114.774393
114.774393
114.774393
114.774393
114.774393
114.774393
114.774393
114.774393
114.774393
114.774393
114.774393
114.774393
114.774393
114.774393
114.774393
114.774393
114.774393
114.774393
114.774393
114.774393
114.774393
114.774393
114.774393
114.774393
114.774393
114.774393
114.774393
114.774393
114.774393
114.774393
114.774393
114.774393
114.774393
114.774393
114.774393
114.774393
114.774393
114.774393
114.774393
114.774393
114.774393
114.774393
114.774393
114.774393
114.774393
114.774393
114.774393
114.774393
114.774393
114.774393
114.774393
114.774393
114.774393
114.774393
114.774393
114.774393
114.774393
114.774393
114.774393
114.774393
114.774393
114.774393
114.774393
114.774393
114.774393
114.774393
114.774393
114.774393
114.774393
114.774393
114.774393
114.774393
114.774393
114.774393
114.774393
114.774393
114.774393
114.774393
114.774393
114.774393
114.774393
114.774393
114.774393
114.774393
114.774393
114.774393
114.774393
114.774393
114.774393
114.774393
114.774393
114.774393
114.774393
114.774393
114.774393
114.774393
114.774393
114.774393
114.774393
114.774393
114.774393
114.774393
114.774393
114.774393
114.774393
114.774393
114.774393
114.774393
114.774393
114.774393
114.774393
114.774393
114.774393
114.774393
114.774393
114.774393
114.774393
114.774393
114.774393
114.774393
114.774393
114.774393
114.774393
114.774393
114.774393
114.774393
114.774393
114.774393
114.774393
114.774393
114.774393
114.774393
114.774393
114.774393
114.774393
114.774393
114.774393
114.774393
114.774393
114.774393
114.774393
114.774393
114.774393
114.774393
114.774393
114.774393
114.774393
114.774393
114.774393
114.774393
114.774393
114.774393
114.774393
114.774393
114.774393
114.774393
114.774393
114.774393
114.774393
114.774393
114.774393
114.774393
114.774393
114.774393
114.774393
114.774393
114.774393
114.774393
114.774393
114.774393
114.774393
114.774393
114.774393
114.774393
114.774393
114.774393
114.774393
114.774393
114.774393
114.774393
114.774393
114.774393
114.774393
114.774393
114.774393
114.774393
114.774393
114.774393
114.774393
114.774393
114.774393
114.774393
114.774393
114.774393
114.774393
114.774393
114.774393
114.774393
114.774393
114.774393
114.774393
114.774393
114.774393
114.774393
114.774393
114.774393
114.774393
114.774393
114.774393
114.774393
114.774393
114.774393
114.774393
114.774393
114.774393
114.774393
114.774393
114.774393
114.774393
114.774393
114.774393
114.774393
114.774393
114.774393
114.774393
114.774393
114.774393
114.774393
114.774393
114.774393
114.774393
114.774393
114.774393
114.774393
114.774393
114.774393
114.774393
114.774393
114.774393
114.774393
114.774393
114.774393
114.774393
114.774393
114.774393
114.774393
114.774393
114.774393
114.774393
114.774393
114.774393
114.774393
114.774393
114.774393
114.774393
114.774393
114.774393
114.774393
114.774393
114.774393
114.774393
114.774393
114.774393
114.774393
114.774393
114.774393
114.774393
114.774393
114.774393
114.774393
114.774393
114.774393
114.774393
114.774393
114.774393
114.774393
114.774393
114.774393
114.774393
114.774393
114.774393
114.774393
114.774393
114.774393
114.774393
114.774393
114.774393
114.774393
114.774393
114.774393
114.774393
114.774393
114.774393
114.774393
114.774393
114.774393
114.774393
114.774393
114.774393
114.774393
114.774393
114.774393
114.774393
114.774393
114.774393
114.774393
114.774393
114.774393
114.774393
114.774393
114.774393
114.774393
114.774393
114.774393
114.774393
114.774393
114.774393
114.774393
114.774393
114.774393
114.774393
114.774393
114.774393
114.774393
114.774393
114.774393
114.774393
114.774393
114.774393
114.774393
114.774393
114.774393
114.774393
114.774393
114.774393
114.774393
114.774393
114.774393
114.774393
114.774393
114.774393
114.774393
114.774393
114.774393
114.774393
114.774393
114.774393
114.774393
114.774393
114.774393
114.774393
114.774393
114.774393
114.774393
114.774393
114.774393
114.774393
114.774393
114.774393
114.774393
114.774393
114.774393
114.774393
114.774393
114.774393
114.774393
114.774393
114.774393
114.774393
114.774393
114.774393
114.774393
114.774393
114.774393
114.774393
114.774393
114.774393
114.774393
114.774393
114.774393
114.774393
114.774393
114.774393
114.774393
114.774393
114.774393
114.774393
114.774393
114.774393
114.774393
114.774393
114.774393
114.774393
114.774393
114.774393
114.774393
114.774393
114.774393
114.774393
114.774393
114.774393
114.774393
114.774393
114.774393
114.774393
114.774393
114.774393
114.774393
114.774393
114.774393
114.774393
114.774393
114.774393
114.774393
114.774393
114.774393
114.774393
114.774393
114.774393
114.774393
114.774393
114.774393
114.774393
114.774393
114.774393
114.774393
114.774393
114.774393
114.774393
114.774393
114.774393
114.774393
114.774393
114.774393
114.774393
114.774393
114.774393
114.774393
114.774393
114.774393
114.774393
114.774393
114.774393
114.774393
114.774393
114.774393
114.774393
114.774393
114.774393
114.774393
114.774393
114.774393
114.774393
114.774393
114.774393
114.774393
114.774393
114.774393
114.774393
114.774393
114.774393
114.774393
114.774393
114.774393
114.774393
114.774393
114.774393
114.774393
114.774393
114.774393
114.774393
114.774393
114.774393
114.774393
114.774393
114.774393
114.774393
114.774393
114.774393
114.774393
114.774393
114.774393
114.774393
114.774393
114.774393
114.774393
114.774393
114.774393
114.774393
114.774393
114.774393
114.774393
114.774393
114.774393
114.774393
114.774393
114.774393
114.774393
114.774393
114.774393
114.774393
114.774393
114.774393
114.774393
114.774393
114.774393
114.774393
114.774393
114.774393
114.774393
114.774393
114.774393
114.774393
114.774393
114.774393
114.774393
114.774393
114.774393
114.774393
114.774393
114.774393
114.774393
114.774393
114.774393
114.774393
114.774393
114.774393
114.774393
114.774393
114.774393
114.774393
114.774393
114.774393
114.774393
114.774393
114.774393
114.774393
114.774393
114.774393
114.774393
114.774393
114.774393
114.774393
114.774393
114.774393
114.774393
114.774393
114.774393
114.774393
114.774393
114.774393
114.774393
114.774393
114.774393
114.774393
114.774393
114.774393
114.774393
114.774393
114.774393
114.774393
114.774393
114.774393
114.774393
114.774393
114.774393
114.774393
114.774393
114.774393
114.774393
114.774393
114.774393
114.774393
114.774393
114.774393
114.774393
114.774393
114.774393
114.774393
114.774393
114.774393
114.774393
114.774393
114.774393
114.774393
114.774393
114.774393
114.774393
114.774393
114.774393
114.774393
114.774393
114.774393
114.774393
114.774393
114.774393
114.774393
114.774393
114.774393
114.774393
114.774393
114.774393
114.774393
114.774393
114.774393
114.774393
114.774393
114.774393
114.774393
114.774393
114.774393
114.774393
114.774393
114.774393
114.774393
114.774393
114.774393
114.774393
114.774393
114.774393
114.774393
114.774393
114.774393
114.774393
114.774393
114.774393
114.774393
114.774393
114.774393
114.774393
114.774393
114.774393
114.774393
114.774393
114.774393
114.774393
114.774393
114.774393
114.774393
114.774393
114.774393
114.774393
114.774393
114.774393
114.774393
114.774393
114.774393
114.774393
114.774393
114.774393
114.774393
114.774393
114.774393
114.774393
114.774393
114.774393
114.774393
114.774393
114.774393
114.774393
114.774393
114.774393
114.774393
114.774393
114.774393
114.774393
114.774393
114.774393
114.774393
114.774393
114.774393
114.774393
114.774393
114.774393
114.774393
114.774393
114.774393
114.774393
114.774393
114.774393
114.774393
114.774393
114.774393
114.774393
114.774393
114.774393
114.774393
114.774393
114.774393
114.774393
114.774393
114.774393
114.774393
114.774393
114.774393
114.774393
114.774393
114.774393
114.774393
114.774393
114.774393
114.774393
114.774393
114.774393
114.774393
114.774393
114.774393
114.774393
114.774393
114.774393
114.774393
114.774393
114.774393
114.774393
114.774393
114.774393
114.774393
114.774393
114.774393
114.774393
114.774393
114.774393
114.774393
114.774393
114.774393
114.774393
114.774393
114.774393
114.774393
114.774393
114.774393
114.774393
114.774393
114.774393
114.774393
114.774393
114.774393
114.774393
114.774393
114.774393
114.774393
114.774393
114.774393
114.774393
114.774393
114.774393
114.774393
114.774393
114.774393
114.774393
114.774393
114.774393
114.774393
114.774393
114.774393
114.774393
114.774393
114.774393
114.774393
114.774393
114.774393
114.774393
114.774393
114.774393
114.774393
114.774393
114.774393
114.774393
114.774393
114.774393
114.774393
114.774393
114.774393
114.774393
114.774393
114.774393
114.774393
114.774393
114.774393
114.774393
114.774393
114.774393
114.774393
114.774393
114.774393
114.774393
114.774393
114.774393
114.774393
114.774393
114.774393
114.774393
114.774393
114.774393
114.774393
114.774393
114.774393
114.774393
114.774393
114.774393
114.774393
114.774393
114.774393
114.774393
114.774393
114.774393
114.774393
114.774393
114.774393
114.774393
114.774393
114.774393
114.774393
114.774393
114.774393
114.774393
114.774393
114.774393
114.774393
114.774393
114.774393
114.774393
114.774393
114.774393
114.774393
114.774393
114.774393
114.774393
114.774393
114.774393
114.774393
114.774393
114.774393
114.774393
114.774393
114.774393
114.774393
114.774393
114.774393
114.774393
114.774393
114.774393
114.774393
114.774393
114.774393
114.774393
114.774393
114.774393
114.774393
114.774393
114.774393
114.774393
114.774393
114.774393
114.774393
114.774393
114.774393
114.774393
114.774393
114.774393
114.774393
114.774393
114.774393
114.774393
114.774393
114.774393
114.774393
114.774393
114.774393
114.774393
114.774393
114.774393
114.774393
114.774393
114.774393
114.774393
114.774393
114.774393
114.774393
114.774393
114.774393
114.774393
114.774393
114.774393
114.774393
114.774393
114.774393
114.774393
114.774393
114.774393
114.774393
114.774393
114.774393
114.774393
114.774393
114.774393
114.774393
114.774393
114.774393
114.774393
114.774393
114.774393
114.774393
114.774393
114.774393
114.774393
114.774393
114.774393
114.774393
114.774393
114.774393
114.774393
114.774393
114.774393
114.774393
114.774393
114.774393
114.774393
114.774393
114.774393
114.774393
114.774393
114.774393
114.774393
114.774393
114.774393
114.774393
114.774393
114.774393
114.774393
114.774393
114.774393
114.774393
114.774393
114.774393
114.774393
114.774393
114.774393
114.774393
114.774393
114.774393
114.774393
114.774393
114.774393
114.774393
114.774393
114.774393
114.774393
114.774393
114.774393
114.774393
114.774393
114.774393
114.774393
114.774393
114.774393
114.774393
114.774393
114.774393
114.774393
114.774393
114.774393
114.774393
114.774393
114.774393
114.774393
114.774393
114.774393
114.774393
114.774393
114.774393
114.774393
114.774393
114.774393
114.774393
114.774393
114.774393
114.774393
114.774393
114.774393
114.774393
114.774393
114.774393
114.774393
114.774393
114.774393
114.774393
114.774393
114.774393
114.774393
114.774393
114.774393
114.774393
114.774393
114.774393
114.774393
114.774393
114.774393
114.774393
114.774393
114.774393
114.774393
114.774393
114.774393
114.774393
114.774393
114.774393
114.774393
114.774393
114.774393
114.774393
114.774393
114.774393
114.774393
114.774393
114.774393
114.774393
114.774393
114.774393
114.774393
114.774393
114.774393
114.774393
114.774393
114.774393
114.774393
114.774393
114.774393
114.774393
114.774393
114.774393
114.774393
114.774393
114.774393
114.774393
114.774393
114.774393
114.774393
114.774393
114.774393
114.774393
114.774393
114.774393
114.774393
114.774393
114.774393
114.774393
114.774393
114.774393
114.774393
114.774393
114.774393
114.774393
114.774393
114.774393
114.774393
114.774393
114.774393
114.774393
114.774393
114.774393
114.774393
114.774393
114.774393
114.774393
114.774393
114.774393
114.774393
114.774393
114.774393
114.774393
114.774393
114.774393
114.774393
114.774393
114.774393
114.774393
114.774393
114.774393
114.774393
114.774393
114.774393
114.774393
114.774393
114.774393
114.774393
114.774393
114.774393
114.774393
114.774393
114.774393
114.774393
114.774393
114.774393
114.774393
114.774393
114.774393
114.774393
114.774393
114.774393
114.774393
114.774393
114.774393
114.774393
114.774393
114.774393
114.774393
114.774393
114.774393
114.774393
114.774393
114.774393
114.774393
114.774393
114.774393
114.774393
114.774393
114.774393
114.774393
114.774393
114.774393
114.774393
114.774393
114.774393
114.774393
114.774393
114.774393
114.774393
114.774393
114.774393
114.774393
114.774393
114.774393
114.774393
114.774393
114.774393
114.774393
114.774393
114.774393
114.774393
114.774393
114.774393
114.774393
114.774393
114.774393
114.774393
114.774393
114.774393
114.774393
114.774393
114.774393
114.774393
114.774393
114.774393
114.774393
114.774393
114.774393
114.774393
114.774393
114.774393
114.774393
114.774393
114.774393
114.774393
114.774393
114.774393
114.774393
114.774393
114.774393
114.774393
114.774393
114.774393
114.774393
114.774393
114.774393
114.774393
114.774393
114.774393
114.774393
114.774393
114.774393
114.774393
114.774393
114.774393
114.774393
114.774393
114.774393
114.774393
114.774393
114.774393
114.774393
114.774393
114.774393
114.774393
114.774393
114.774393
114.774393
114.774393
114.774393
114.774393
114.774393
114.774393
114.774393
114.774393
114.774393
114.774393
114.774393
114.774393
114.774393
114.774393
114.774393
114.774393
114.774393
114.774393
114.774393
114.774393
114.774393
114.774393
114.774393
114.774393
114.774393
114.774393
114.774393
114.774393
114.774393
114.774393
114.774393
114.774393
114.774393
114.774393
114.774393
114.774393
114.774393
114.774393
114.774393
114.774393
114.774393
114.774393
114.774393
114.774393
114.774393
114.774393
114.774393
114.774393
114.774393
114.774393
114.774393
114.774393
114.774393
114.774393
114.774393
114.774393
114.774393
114.774393
114.774393
114.774393
114.774393
114.774393
114.774393
114.774393
114.774393
114.774393
114.774393
114.774393
114.774393
114.774393
114.774393
114.774393
114.774393
114.774393
114.774393
114.774393
114.774393
114.774393
114.774393
114.774393
114.774393
114.774393
114.774393
114.774393
114.774393
114.774393
114.774393
114.774393
114.774393
114.774393
114.774393
114.774393
114.774393
114.774393
114.774393
114.774393
114.774393
114.774393
114.774393
114.774393
114.774393
114.774393
114.774393
114.774393
114.774393
114.774393
114.774393
114.774393
114.774393
114.774393
114.774393
114.774393
114.774393
114.774393
114.774393
114.774393
114.774393
114.774393
114.774393
114.774393
114.774393
114.774393
114.774393
114.774393
114.774393
114.774393
114.774393
114.774393
114.774393
114.774393
114.774393
114.774393
114.774393
114.774393
114.774393
114.774393
114.774393
114.774393
114.774393
114.774393
114.774393
114.774393
114.774393
114.774393
114.774393
114.774393
114.774393
114.774393
114.774393
114.774393
114.774393
114.774393
114.774393
114.774393
114.774393
114.774393
114.774393
114.774393
114.774393
114.774393
114.774393
114.774393
114.774393
114.774393
114.774393
114.774393
114.774393
114.774393
114.774393
114.774393
114.774393
114.774393
114.774393
114.774393
114.774393
114.774393
114.774393
114.774393
114.774393
114.774393
114.774393
114.774393
114.774393
114.774393
114.774393
114.774393
114.774393
114.774393
114.774393
114.774393
114.774393
114.774393
114.774393
114.774393
114.774393
114.774393
114.774393
114.774393
114.774393
114.774393
114.774393
114.774393
114.774393
114.774393
114.774393
114.774393
114.774393
114.774393
114.774393
114.774393
114.774393
114.774393
114.774393
114.774393
114.774393
114.774393
114.774393
114.774393
114.774393
114.774393
114.774393
114.774393
114.774393
114.774393
114.774393
114.774393
114.774393
114.774393
114.774393
114.774393
114.774393
114.774393
114.774393
114.774393
114.774393
114.774393
114.774393
114.774393
114.774393
114.774393
114.774393
114.774393
114.774393
114.774393
114.774393
114.774393
114.774393
114.774393
114.774393
114.774393
114.774393
114.774393
114.774393
114.774393
114.774393
114.774393
114.774393
114.774393
114.774393
114.774393
114.774393
114.774393
114.774393
114.774393
114.774393
114.774393
114.774393
114.774393
114.774393
114.774393
114.774393
114.774393
114.774393
114.774393
114.774393
114.774393
114.774393
114.774393
114.774393
114.774393
114.774393
114.774393
114.774393
114.774393
114.774393
114.774393
114.774393
114.774393
114.774393
114.774393
114.774393
114.774393
114.774393
114.774393
114.774393
114.774393
114.774393
114.774393
114.774393
114.774393
114.774393
114.774393
114.774393
114.774393
114.774393
114.774393
114.774393
114.774393
114.774393
114.774393
114.774393
114.774393
114.774393
114.774393
114.774393
114.774393
114.774393
114.774393
114.774393
114.774393
114.774393
114.774393
114.774393
114.774393
114.774393
114.774393
114.774393
114.774393
114.774393
114.774393
114.774393
114.774393
114.774393
114.774393
114.774393
114.774393
114.774393
114.774393
114.774393
114.774393
114.774393
114.774393
114.774393
114.774393
114.774393
114.774393
114.774393
114.774393
114.774393
114.774393
114.774393
114.774393
114.774393
114.774393
114.774393
114.774393
114.774393
114.774393
114.774393
114.774393
114.774393
114.774393
114.774393
114.774393
114.774393
114.774393
114.774393
114.774393
114.774393
114.774393
114.774393
114.774393
114.774393
114.774393
114.774393
114.774393
114.774393
114.774393
114.774393
114.774393
114.774393
114.774393
114.774393
114.774393
114.774393
114.774393
114.774393
114.774393
114.774393
114.774393
114.774393
114.774393
114.774393
114.774393
114.774393
114.774393
114.774393
114.774393
114.774393
114.774393
114.774393
114.774393
114.774393
114.774393
114.774393
114.774393
114.774393
114.774393
114.774393
114.774393
114.774393
114.774393
114.774393
114.774393
114.774393
114.774393
114.774393
114.774393
114.774393
114.774393
114.774393
114.774393
114.774393
114.774393
114.774393
114.774393
114.774393
114.774393
114.774393
114.774393
114.774393
114.774393
114.774393
114.774393
114.774393
114.774393
114.774393
114.774393
114.774393
114.774393
114.774393
114.774393
114.774393
114.774393
114.774393
114.774393
114.774393
114.774393
114.774393
114.774393
114.774393
114.774393
114.774393
114.774393
114.774393
114.774393
114.774393
114.774393
114.774393
114.774393
114.774393
114.774393
114.774393
114.774393
114.774393
114.774393
114.774393
114.774393
114.774393
114.774393
114.774393
114.774393
114.774393
114.774393
114.774393
114.774393
114.774393
114.774393
114.774393
114.774393
114.774393
114.774393
114.774393
114.774393
114.774393
114.774393
114.774393
114.774393
114.774393
114.774393
114.774393
114.774393
114.774393
114.774393
114.774393
114.774393
114.774393
114.774393
114.774393
114.774393
114.774393
114.774393
114.774393
114.774393
114.774393
114.774393
114.774393
114.774393
114.774393
114.774393
114.774393
114.774393
114.774393
114.774393
114.774393
114.774393
114.774393
114.774393
114.774393
114.774393
114.774393
114.774393
114.774393
114.774393
114.774393
114.774393
114.774393
114.774393
114.774393
114.774393
114.774393
114.774393
114.774393
114.774393
114.774393
114.774393
114.774393
114.774393
114.774393
114.774393
114.774393
114.774393
114.774393
114.774393
114.774393
114.774393
114.774393
114.774393
114.774393
114.774393
114.774393
114.774393
114.774393
114.774393
114.774393
114.774393
114.774393
114.774393
114.774393
114.774393
114.774393
114.774393
114.774393
114.774393
114.774393
114.774393
114.774393
114.774393
114.774393
114.774393
114.774393
114.774393
114.774393
114.774393
114.774393
114.774393
114.774393
114.774393
114.774393
114.774393
114.774393
114.774393
114.774393
114.774393
114.774393
114.774393
114.774393
114.774393
114.774393
114.774393
114.774393
114.774393
114.774393
114.774393
114.774393
114.774393
114.774393
114.774393
114.774393
114.774393
114.774393
114.774393
114.774393
114.774393
114.774393
114.774393
114.774393
114.774393
114.774393
114.774393
114.774393
114.774393
114.774393
114.774393
114.774393
114.774393
114.774393
114.774393
114.774393
114.774393
114.774393
114.774393
114.774393
114.774393
114.774393
114.774393
114.774393
114.774393
114.774393
114.774393
114.774393
114.774393
114.774393
114.774393
114.774393
114.774393
114.774393
114.774393
114.774393
114.774393
114.774393
114.774393
114.774393
114.774393
114.774393
114.774393
114.774393
114.774393
114.774393
114.774393
114.774393
114.774393
114.774393
114.774393
114.774393
114.774393
114.774393
114.774393
114.774393
114.774393
114.774393
114.774393
114.774393
114.774393
114.774393
114.774393
114.774393
114.774393
114.774393
114.774393
114.774393
114.774393
114.774393
114.774393
114.774393
114.774393
114.774393
114.774393
114.774393
114.774393
114.774393
114.774393
114.774393
114.774393
114.774393
114.774393
114.774393
114.774393
114.774393
114.774393
114.774393
114.774393
114.774393
114.774393
114.774393
114.774393
114.774393
114.774393
114.774393
114.774393
114.774393
114.774393
114.774393
114.774393
114.774393
114.774393
114.774393
114.774393
114.774393
114.774393
114.774393
114.774393
114.774393
114.774393
114.774393
114.774393
114.774393
114.774393
114.774393
114.774393
114.774393
114.774393
114.774393
114.774393
114.774393
114.774393
114.774393
114.774393
114.774393
114.774393
114.774393
114.774393
114.774393
114.774393
114.774393
114.774393
114.774393
114.774393
114.774393
114.774393
114.774393
114.774393
114.774393
114.774393
114.774393
114.774393
114.774393
114.774393
114.774393
114.774393
114.774393
114.774393
114.774393
114.774393
114.774393
114.774393
114.774393
114.774393
114.774393
114.774393
114.774393
114.774393
114.774393
114.774393
114.774393
114.774393
114.774393
114.774393
114.774393
114.774393
114.774393
114.774393
114.774393
114.774393
114.774393
114.774393
114.774393
114.774393
114.774393
114.774393
114.774393
114.774393
114.774393
114.774393
114.774393
114.774393
114.774393
114.774393
114.774393
114.774393
114.774393
114.774393
114.774393
114.774393
114.774393
114.774393
114.774393
114.774393
114.774393
114.774393
114.774393
114.774393
114.774393
114.774393
114.774393
114.774393
114.774393
114.774393
114.774393
114.774393
114.774393
114.774393
114.774393
114.774393
114.774393
114.774393
114.774393
114.774393
114.774393
114.774393
114.774393
114.774393
114.774393
114.774393
114.774393
114.774393
114.774393
114.774393
114.774393
114.774393
114.774393
114.774393
114.774393
114.774393
114.774393
114.774393
114.774393
114.774393
114.774393
114.774393
114.774393
114.774393
114.774393
114.774393
114.774393
114.774393
114.774393
114.774393
114.774393
114.774393
114.774393
114.774393
114.774393
114.774393
114.774393
114.774393
114.774393
114.774393
114.774393
114.774393
114.774393
114.774393
114.774393
114.774393
114.774393
114.774393
114.774393
114.774393
114.774393
114.774393
114.774393
114.774393
114.774393
114.774393
114.774393
114.774393
114.774393
114.774393
114.774393
114.774393
114.774393
114.774393
114.774393
114.774393
114.774393
114.774393
114.774393
114.774393
114.774393
114.774393
114.774393
114.774393
114.774393
114.774393
114.774393
114.774393
114.774393
114.774393
114.774393
114.774393
114.774393
114.774393
114.774393
114.774393
114.774393
114.774393
114.774393
114.774393
114.774393
114.774393
114.774393
114.774393
114.774393
114.774393
114.774393
114.774393
114.774393
114.774393
114.774393
114.774393
114.774393
114.774393
114.774393
114.774393
114.774393
114.774393
114.774393
114.774393
114.774393
114.774393
114.774393
114.774393
114.774393
114.774393
114.774393
114.774393
114.774393
114.774393
114.774393
114.774393
114.774393
114.774393
114.774393
114.774393
114.774393
114.774393
114.774393
114.774393
114.774393
114.774393
114.774393
114.774393
114.774393
114.774393
114.774393
114.774393
114.774393
114.774393
114.774393
114.774393
114.774393
114.774393
114.774393
114.774393
114.774393
114.774393
114.774393
114.774393
114.774393
114.774393
114.774393
114.774393
114.774393
114.774393
114.774393
114.774393
114.774393
114.774393
114.774393
114.774393
114.774393
114.774393
114.774393
114.774393
114.774393
114.774393
114.774393
114.774393
114.774393
114.774393
114.774393
114.774393
114.774393
114.774393
114.774393
114.774393
114.774393
114.774393
114.774393
114.774393
114.774393
114.774393
114.774393
114.774393
114.774393
114.774393
114.774393
114.774393
114.774393
114.774393
114.774393
114.774393
114.774393
114.774393
114.774393
114.774393
114.774393
114.774393
114.774393
114.774393
114.774393
114.774393
114.774393
114.774393
114.774393
114.774393
114.774393
114.774393
114.774393
114.774393
114.774393
114.774393
114.774393
114.774393
114.774393
114.774393
114.774393
114.774393
114.774393
114.774393
114.774393
114.774393
114.774393
114.774393
114.774393
114.774393
114.774393
114.774393
114.774393
114.774393
114.774393
114.774393
114.774393
114.774393
114.774393
114.774393
114.774393
114.774393
114.774393
114.774393
114.774393
114.774393
114.774393
114.774393
114.774393
114.774393
114.774393
114.774393
114.774393
114.774393
114.774393
114.774393
114.774393
114.774393
114.774393
114.774393
114.774393
114.774393
114.774393
114.774393
114.774393
114.774393
114.774393
114.774393
114.774393
114.774393
114.774393
114.774393
114.774393
114.774393
114.774393
114.774393
114.774393
114.774393
114.774393
114.774393
114.774393
114.774393
114.774393
114.774393
114.774393
114.774393
114.774393
114.774393
114.774393
114.774393
114.774393
114.774393
114.774393
114.774393
114.774393
114.774393
114.774393
114.774393
114.774393
114.774393
114.774393
114.774393
114.774393
114.774393
114.774393
114.774393
114.774393
114.774393
114.774393
114.774393
114.774393
114.774393
114.774393
114.774393
114.774393
114.774393
114.774393
114.774393
114.774393
114.774393
114.774393
114.774393
114.774393
114.774393
114.774393
114.774393
114.774393
114.774393
114.774393
114.774393
114.774393
114.774393
114.774393
114.774393
114.774393
114.774393
114.774393
114.774393
114.774393
114.774393
114.774393
114.774393
114.774393
114.774393
114.774393
114.774393
114.774393
114.774393
114.774393
114.774393
114.774393
114.774393
114.774393
114.774393
114.774393
114.774393
114.774393
114.774393
114.774393
114.774393
114.774393
114.774393
114.774393
114.774393
114.774393
114.774393
114.774393
114.774393
114.774393
114.774393
114.774393
114.774393
114.774393
114.774393
114.774393
114.774393
114.774393
114.774393
114.774393
114.774393
114.774393
114.774393
114.774393
114.774393
114.774393
114.774393
114.774393
114.774393
114.774393
114.774393
114.774393
114.774393
114.774393
114.774393
114.774393
114.774393
114.774393
114.774393
114.774393
114.774393
114.774393
114.774393
114.774393
114.774393
114.774393
114.774393
114.774393
114.774393
114.774393
114.774393
114.774393
114.774393
114.774393
114.774393
114.774393
114.774393
114.774393
114.774393
114.774393
114.774393
114.774393
114.774393
114.774393
114.774393
114.774393
114.774393
114.774393
114.774393
114.774393
114.774393
114.774393
114.774393
114.774393
114.774393
114.774393
114.774393
114.774393
114.774393
114.774393
114.774393
114.774393
114.774393
114.774393
114.774393
114.774393
114.774393
114.774393
114.774393
114.774393
114.774393
114.774393
114.774393
114.774393
114.774393
114.774393
114.774393
114.774393
114.774393
114.774393
114.774393
114.774393
114.774393
114.774393
114.774393
114.774393
114.774393
114.774393
114.774393
114.774393
114.774393
114.774393
114.774393
114.774393
114.774393
114.774393
114.774393
114.774393
114.774393
114.774393
114.774393
114.774393
114.774393
114.774393
114.774393
114.774393
114.774393
114.774393
114.774393
114.774393
114.774393
114.774393
114.774393
114.774393
114.774393
114.774393
114.774393
114.774393
114.774393
114.774393
114.774393
114.774393
114.774393
114.774393
114.774393
114.774393
114.774393
114.774393
114.774393
114.774393
114.774393
114.774393
114.774393
114.774393
114.774393
114.774393
114.774393
114.774393
114.774393
114.774393
114.774393
114.774393
114.774393
114.774393
114.774393
114.774393
114.774393
114.774393
114.774393
114.774393
114.774393
114.774393
114.774393
114.774393
114.774393
114.774393
114.774393
114.774393
114.774393
114.774393
114.774393
114.774393
114.774393
114.774393
114.774393
114.774393
114.774393
114.774393
114.774393
114.774393
114.774393
114.774393
114.774393
114.774393
114.774393
114.774393
114.774393
114.774393
114.774393
114.774393
114.774393
114.774393
114.774393
114.774393
114.774393
114.774393
114.774393
114.774393
114.774393
114.774393
114.774393
114.774393
114.774393
114.774393
114.774393
114.774393
114.774393
114.774393
114.774393
114.774393
114.774393
114.774393
114.774393
114.774393
114.774393
114.774393
114.774393
114.774393
114.774393
114.774393
114.774393
114.774393
114.774393
114.774393
114.774393
114.774393
114.774393
114.774393
114.774393
114.774393
114.774393
114.774393
114.774393
114.774393
114.774393
114.774393
114.774393
114.774393
114.774393
114.774393
114.774393
114.774393
114.774393
114.774393
114.774393
114.774393
114.774393
114.774393
114.774393
114.774393
114.774393
114.774393
114.774393
114.774393
114.774393
114.774393
114.774393
114.774393
114.774393
114.774393
114.774393
114.774393
114.774393
114.774393
114.774393
114.774393
114.774393
114.774393
114.774393
114.774393
114.774393
114.774393
114.774393
114.774393
114.774393
114.774393
114.774393
114.774393
114.774393
114.774393
114.774393
114.774393
114.774393
114.774393
114.774393
114.774393
114.774393
114.774393
114.774393
114.774393
114.774393
114.774393
114.774393
114.774393
114.774393
114.774393
114.774393
114.774393
114.774393
114.774393
114.774393
114.774393
114.774393
114.774393
114.774393
114.774393
114.774393
114.774393
114.774393
114.774393
114.774393
114.774393
114.774393
114.774393
114.774393
114.774393
114.774393
114.774393
114.774393
114.774393
114.774393
114.774393
114.774393
114.774393
114.774393
114.774393
114.774393
114.774393
114.774393
114.774393
114.774393
114.774393
114.774393
114.774393
114.774393
114.774393
114.774393
114.774393
114.774393
114.774393
114.774393
114.774393
114.774393
114.774393
114.774393
114.774393
114.774393
114.774393
114.774393
114.774393
114.774393
114.774393
114.774393
114.774393
114.774393
114.774393
114.774393
114.774393
114.774393
114.774393
114.774393
114.774393
114.774393
114.774393
114.774393
114.774393
114.774393
114.774393
114.774393
114.774393
114.774393
114.774393
114.774393
114.774393
114.774393
114.774393
114.774393
114.774393
114.774393
114.774393
114.774393
114.774393
114.774393
114.774393
114.774393
114.774393
114.774393
114.774393
114.774393
114.774393
114.774393
114.774393
114.774393
114.774393
114.774393
114.774393
114.774393
114.774393
114.774393
114.774393
114.774393
114.774393
114.774393
114.774393
114.774393
114.774393
114.774393
114.774393
114.774393
114.774393
114.774393
114.774393
114.774393
114.774393
114.774393
114.774393
114.774393
114.774393
114.774393
114.774393
114.774393
114.774393
114.774393
114.774393
114.774393
114.774393
114.774393
114.774393
114.774393
114.774393
114.774393
114.774393
114.774393
114.774393
114.774393
114.774393
114.774393
114.774393
114.774393
114.774393
114.774393
114.774393
114.774393
114.774393
114.774393
114.774393
114.774393
114.774393
114.774393
114.774393
114.774393
114.774393
114.774393
114.774393
114.774393
114.774393
114.774393
114.774393
114.774393
114.774393
114.774393
114.774393
114.774393
114.774393
114.774393
114.774393
114.774393
114.774393
114.774393
114.774393
114.774393
114.774393
114.774393
114.774393
114.774393
114.774393
114.774393
114.774393
114.774393
114.774393
114.774393
114.774393
114.774393
114.774393
114.774393
114.774393
114.774393
114.774393
114.774393
114.774393
114.774393
114.774393
114.774393
114.774393
114.774393
114.774393
114.774393
114.774393
114.774393
114.774393
114.774393
114.774393
114.774393
114.774393
114.774393
114.774393
114.774393
114.774393
114.774393
114.774393
114.774393
114.774393
114.774393
114.774393
114.774393
114.774393
114.774393
114.774393
114.774393
114.774393
114.774393
114.774393
114.774393
114.774393
114.774393
114.774393
114.774393
114.774393
114.774393
114.774393
114.774393
114.774393
114.774393
114.774393
114.774393
114.774393
114.774393
114.774393
114.774393
114.774393
114.774393
114.774393
114.774393
114.774393
114.774393
114.774393
114.774393
114.774393
114.774393
114.774393
114.774393
114.774393
114.774393
114.774393
114.774393
114.774393
114.774393
114.774393
114.774393
114.774393
114.774393
114.774393
114.774393
114.774393
114.774393
114.774393
114.774393
114.774393
114.774393
114.774393
114.774393
114.774393
114.774393
114.774393
114.774393
114.774393
114.774393
114.774393
114.774393
114.774393
114.774393
114.774393
114.774393
114.774393
114.774393
114.774393
114.774393
114.774393
114.774393
114.774393
114.774393
114.774393
114.774393
114.774393
114.774393
114.774393
114.774393
114.774393
114.774393
114.774393
114.774393
114.774393
114.774393
114.774393
114.774393
114.774393
114.774393
114.774393
114.774393
114.774393
114.774393
114.774393
114.774393
114.774393
114.774393
114.774393
114.774393
114.774393
114.774393
114.774393
114.774393
114.774393
114.774393
114.774393
114.774393
114.774393
114.774393
114.774393
114.774393
114.774393
114.774393
114.774393
114.774393
114.774393
114.774393
114.774393
114.774393
114.774393
114.774393
114.774393
114.774393
114.774393
114.774393
114.774393
114.774393
114.774393
114.774393
114.774393
114.774393
114.774393
114.774393
114.774393
114.774393
114.774393
114.774393
114.774393
114.774393
114.774393
114.774393
114.774393
114.774393
114.774393
114.774393
114.774393
114.774393
114.774393
114.774393
114.774393
114.774393
114.774393
114.774393
114.774393
114.774393
114.774393
114.774393
114.774393
114.774393
114.774393
114.774393
114.774393
114.774393
114.774393
114.774393
114.774393
114.774393
114.774393
114.774393
114.774393
114.774393
114.774393
114.774393
114.774393
114.774393
114.774393
114.774393
114.774393
114.774393
114.774393
114.774393
114.774393
114.774393
114.774393
114.774393
114.774393
114.774393
114.774393
114.774393
114.774393
114.774393
114.774393
114.774393
114.774393
114.774393
114.774393
114.774393
114.774393
114.774393
114.774393
114.774393
114.774393
114.774393
114.774393
114.774393
114.774393
114.774393
114.774393
114.774393
114.774393
114.774393
114.774393
114.774393
114.774393
114.774393
114.774393
114.774393
114.774393
114.774393
114.774393
114.774393
114.774393
114.774393
114.774393
114.774393
114.774393
114.774393
114.774393
114.774393
114.774393
114.774393
114.774393
114.774393
114.774393
114.774393
114.774393
114.774393
114.774393
114.774393
114.774393
114.774393
114.774393
114.774393
114.774393
114.774393
114.774393
114.774393
114.774393
114.774393
114.774393
114.774393
114.774393
114.774393
114.774393
114.774393
114.774393
114.774393
114.774393
114.774393
114.774393
114.774393
114.774393
114.774393
114.774393
114.774393
114.774393
114.774393
114.774393
114.774393
114.774393
114.774393
114.774393
114.774393
114.774393
114.774393
114.774393
114.774393
114.774393
114.774393
114.774393
114.774393
114.774393
114.774393
114.774393
114.774393
114.774393
114.774393
114.774393
114.774393
114.774393
114.774393
114.774393
114.774393
114.774393
114.774393
114.774393
114.774393
114.774393
114.774393
114.774393
114.774393
114.774393
114.774393
114.774393
114.774393
114.774393
114.774393
114.774393
114.774393
114.774393
114.774393
114.774393
114.774393
114.774393
114.774393
114.774393
114.774393
114.774393
114.774393
114.774393
114.774393
114.774393
114.774393
114.774393
114.774393
114.774393
114.774393
114.774393
114.774393
114.774393
114.774393
114.774393
114.774393
114.774393
114.774393
114.774393
114.774393
114.774393
114.774393
114.774393
114.774393
114.774393
114.774393
114.774393
114.774393
114.774393
114.774393
114.774393
114.774393
114.774393
114.774393
114.774393
114.774393
114.774393
114.774393
114.774393
114.774393
114.774393
114.774393
114.774393
114.774393
114.774393
114.774393
114.774393
114.774393
114.774393
114.774393
114.774393
114.774393
114.774393
114.774393
114.774393
114.774393
114.774393
114.774393
114.774393
114.774393
114.774393
114.774393
114.774393
114.774393
114.774393
114.774393
114.774393
114.774393
114.774393
114.774393
114.774393
114.774393
114.774393
114.774393
114.774393
114.774393
114.774393
114.774393
114.774393
114.774393
114.774393
114.774393
114.774393
114.774393
114.774393
114.774393
114.774393
114.774393
114.774393
114.774393
114.774393
114.774393
114.774393
114.774393
114.774393
114.774393
114.774393
114.774393
114.774393
114.774393
114.774393
114.774393
114.774393
114.774393
114.774393
114.774393
114.774393
114.774393
114.774393
114.774393
114.774393
114.774393
114.774393
114.774393
114.774393
114.774393
114.774393
114.774393
114.774393
114.774393
114.774393
114.774393
114.774393
114.774393
114.774393
114.774393
114.774393
114.774393
114.774393
114.774393
114.774393
114.774393
114.774393
114.774393
114.774393
114.774393
114.774393
114.774393
114.774393
114.774393
114.774393
114.774393
114.774393
114.774393
114.774393
114.774393
114.774393
114.774393
114.774393
114.774393
114.774393
114.774393
114.774393
114.774393
114.774393
114.774393
114.774393
114.774393
114.774393
114.774393
114.774393
114.774393
114.774393
114.774393
114.774393
114.774393
114.774393
114.774393
114.774393
114.774393
114.774393
114.774393
114.774393
114.774393
114.774393
114.774393
114.774393
114.774393
114.774393
114.774393
114.774393
114.774393
114.774393
114.774393
114.774393
114.774393
114.774393
114.774393
114.774393
114.774393
114.774393
114.774393
114.774393
114.774393
114.774393
114.774393
114.774393
114.774393
114.774393
114.774393
114.774393
114.774393
114.774393
114.774393
114.774393
114.774393
114.774393
114.774393
114.774393
114.774393
114.774393
114.774393
114.774393
114.774393
114.774393
114.774393
114.774393
114.774393
114.774393
114.774393
114.774393
114.774393
114.774393
114.774393
114.774393
114.774393
114.774393
114.774393
114.774393
114.774393
114.774393
114.774393
114.774393
114.774393
114.774393
114.774393
114.774393
114.774393
114.774393
114.774393
114.774393
114.774393
114.774393
114.774393
114.774393
114.774393
114.774393
114.774393
114.774393
114.774393
114.774393
114.774393
114.774393
114.774393
114.774393
114.774393
114.774393
114.774393
114.774393
114.774393
114.774393
114.774393
114.774393
114.774393
114.774393
114.774393
114.774393
114.774393
114.774393
114.774393
114.774393
114.774393
114.774393
114.774393
114.774393
114.774393
114.774393
114.774393
114.774393
114.774393
114.774393
114.774393
114.774393
114.774393
114.774393
114.774393
114.774393
114.774393
114.774393
114.774393
114.774393
114.774393
114.774393
114.774393
114.774393
114.774393
114.774393
114.774393
114.774393
114.774393
114.774393
114.774393
114.774393
114.774393
114.774393
114.774393
114.774393
114.774393
114.774393
114.774393
114.774393
114.774393
114.774393
114.774393
114.774393
114.774393
114.774393
114.774393
114.774393
114.774393
114.774393
114.774393
114.774393
114.774393
114.774393
114.774393
114.774393
114.774393
114.774393
114.774393
114.774393
114.774393
114.774393
114.774393
114.774393
114.774393
114.774393
114.774393
114.774393
114.774393
114.774393
114.774393
114.774393
114.774393
114.774393
114.774393
114.774393
114.774393
114.774393
114.774393
114.774393
114.774393
114.774393
114.774393
114.774393
114.774393
114.774393
114.774393
114.774393
114.774393
114.774393
114.774393
114.774393
114.774393
114.774393
114.774393
114.774393
114.774393
114.774393
114.774393
114.774393
114.774393
114.774393
114.774393
114.774393
114.774393
114.774393
114.774393
114.774393
114.774393
114.774393
114.774393
114.774393
114.774393
114.774393
114.774393
114.774393
114.774393
114.774393
114.774393
114.774393
114.774393
114.774393
114.774393
114.774393
114.774393
114.774393
114.774393
114.774393
114.774393
114.774393
114.774393
114.774393
114.774393
114.774393
114.774393
114.774393
114.774393
114.774393
114.774393
114.774393
114.774393
114.774393
114.774393
114.774393
114.774393
114.774393
114.774393
114.774393
114.774393
114.774393
114.774393
114.774393
114.774393
114.774393
114.774393
114.774393
114.774393
114.774393
114.774393
114.774393
114.774393
114.774393
114.774393
114.774393
114.774393
114.774393
114.774393
114.774393
114.774393
114.774393
114.774393
114.774393
114.774393
114.774393
114.774393
114.774393
114.774393
114.774393
114.774393
114.774393
114.774393
114.774393
114.774393
114.774393
114.774393
114.774393
114.774393
114.774393
114.774393
114.774393
114.774393
114.774393
114.774393
114.774393
114.774393
114.774393
114.774393
114.774393
114.774393
114.774393
114.774393
114.774393
114.774393
114.774393
114.774393
114.774393
114.774393
114.774393
114.774393
114.774393
114.774393
114.774393
114.774393
114.774393
114.774393
114.774393
114.774393
114.774393
114.774393
114.774393
114.774393
114.774393
114.774393
114.774393
114.774393
114.774393
114.774393
114.774393
114.774393
114.774393
114.774393
114.774393
114.774393
114.774393
114.774393
114.774393
114.774393
114.774393
114.774393
114.774393
114.774393
114.774393
114.774393
114.774393
114.774393
114.774393
114.774393
114.774393
114.774393
114.774393
114.774393
114.774393
114.774393
114.774393
114.774393
114.774393
114.774393
114.774393
114.774393
114.774393
114.774393
114.774393
114.774393
114.774393
114.774393
114.774393
114.774393
114.774393
114.774393
114.774393
114.774393
114.774393
114.774393
114.774393
114.774393
114.774393
114.774393
114.774393
114.774393
114.774393
114.774393
114.774393
114.774393
114.774393
114.774393
114.774393
114.774393
114.774393
114.774393
114.774393
114.774393
114.774393
114.774393
114.774393
114.774393
114.774393
114.774393
114.774393
114.774393
114.774393
114.774393
114.774393
114.774393
114.774393
114.774393
114.774393
114.774393
114.774393
114.774393
114.774393
114.774393
114.774393
114.774393
114.774393
114.774393
114.774393
114.774393
114.774393
114.774393
114.774393
114.774393
114.774393
114.774393
114.774393
114.774393
114.774393
114.774393
114.774393
114.774393
114.774393
114.774393
114.774393
114.774393
114.774393
114.774393
114.774393
114.774393
114.774393
114.774393
114.774393
114.774393
114.774393
114.774393
114.774393
114.774393
114.774393
114.774393
114.774393
114.774393
114.774393
114.774393
114.774393
114.774393
114.774393
114.774393
114.774393
114.774393
114.774393
114.774393
114.774393
114.774393
114.774393
114.774393
114.774393
114.774393
114.774393
114.774393
114.774393
114.774393
114.774393
114.774393
114.774393
114.774393
114.774393
114.774393
114.774393
114.774393
114.774393
114.774393
114.774393
114.774393
114.774393
114.774393
114.774393
114.774393
114.774393
114.774393
114.774393
114.774393
114.774393
114.774393
114.774393
114.774393
114.774393
114.774393
114.774393
114.774393
114.774393
114.774393
114.774393
114.774393
114.774393
114.774393
114.774393
114.774393
114.774393
114.774393
114.774393
114.774393
114.774393
114.774393
114.774393
114.774393
114.774393
114.774393
114.774393
114.774393
114.774393
114.774393
114.774393
114.774393
114.774393
114.774393
114.774393
114.774393
114.774393
114.774393
114.774393
114.774393
114.774393
114.774393
114.774393
114.774393
114.774393
114.774393
114.774393
114.774393
114.774393
114.774393
114.774393
114.774393
114.774393
114.774393
114.774393
114.774393
114.774393
114.774393
114.774393
114.774393
114.774393
114.774393
114.774393
114.774393
114.774393
114.774393
114.774393
114.774393
114.774393
114.774393
114.774393
114.774393
114.774393
114.774393
114.774393
114.774393
114.774393
114.774393
114.774393
114.774393
114.774393
114.774393
114.774393
114.774393
114.774393
114.774393
114.774393
114.774393
114.774393
114.774393
114.774393
114.774393
114.774393
114.774393
114.774393
114.774393
114.774393
114.774393
114.774393
114.774393
114.774393
114.774393
114.774393
114.774393
114.774393
114.774393
114.774393
114.774393
114.774393
114.774393
114.774393
114.774393
114.774393
114.774393
114.774393
114.774393
114.774393
114.774393
114.774393
114.774393
114.774393
114.774393
114.774393
114.774393
114.774393
114.774393
114.774393
114.774393
114.774393
114.774393
114.774393
114.774393
114.774393
114.774393
114.774393
114.774393
114.774393
114.774393
114.774393
114.774393
114.774393
114.774393
114.774393
114.774393
114.774393
114.774393
114.774393
114.774393
114.774393
114.774393
114.774393
114.774393
114.774393
114.774393
114.774393
114.774393
114.774393
114.774393
114.774393
114.774393
114.774393
114.774393
114.774393
114.774393
114.774393
114.774393
114.774393
114.774393
114.774393
114.774393
114.774393
114.774393
114.774393
114.774393
114.774393
114.774393
114.774393
114.774393
114.774393
114.774393
114.774393
114.774393
114.774393
114.774393
114.774393
114.774393
114.774393
114.774393
114.774393
114.774393
114.774393
114.774393
114.774393
114.774393
114.774393
114.774393
114.774393
114.774393
114.774393
114.774393
114.774393
114.774393
114.774393
114.774393
114.774393
114.774393
114.774393
114.774393
114.774393
114.774393
114.774393
114.774393
114.774393
114.774393
114.774393
114.774393
114.774393
114.774393
114.774393
114.774393
114.774393
114.774393
114.774393
114.774393
114.774393
114.774393
114.774393
114.774393
114.774393
114.774393
114.774393
114.774393
114.774393
114.774393
114.774393
114.774393
114.774393
114.774393
114.774393
114.774393
114.774393
114.774393
114.774393
114.774393
114.774393
114.774393
114.774393
114.774393
114.774393
114.774393
114.774393
114.774393
114.774393
114.774393
114.774393
114.774393
114.774393
114.774393
114.774393
114.774393
114.774393
114.774393
114.774393
114.774393
114.774393
114.774393
114.774393
114.774393
114.774393
114.774393
114.774393
114.774393
114.774393
114.774393
114.774393
114.774393
114.774393
114.774393
114.774393
114.774393
114.774393
114.774393
114.774393
114.774393
114.774393
114.774393
114.774393
114.774393
114.774393
114.774393
114.774393
114.774393
114.774393
114.774393
114.774393
114.774393
114.774393
114.774393
114.774393
114.774393
114.774393
114.774393
114.774393
114.774393
114.774393
114.774393
114.774393
114.774393
114.774393
114.774393
114.774393
114.774393
114.774393
114.774393
114.774393
114.774393
114.774393
114.774393
114.774393
114.774393
114.774393
114.774393
114.774393
114.774393
114.774393
114.774393
114.774393
114.774393
114.774393
114.774393
114.774393
114.774393
114.774393
114.774393
114.774393
114.774393
114.774393
114.774393
114.774393
114.774393
114.774393
114.774393
114.774393
114.774393
114.774393
114.774393
114.774393
114.774393
114.774393
114.774393
114.774393
114.774393
114.774393
114.774393
114.774393
114.774393
114.774393
114.774393
114.774393
114.774393
114.774393
114.774393
114.774393
114.774393
114.774393
114.774393
114.774393
114.774393
114.774393
114.774393
114.774393
114.774393
114.774393
114.774393
114.774393
114.774393
114.774393
114.774393
114.774393
114.774393
114.774393
114.774393
114.774393
114.774393
114.774393
114.774393
114.774393
114.774393
114.774393
114.774393
114.774393
114.774393
114.774393
114.774393
114.774393
114.774393
114.774393
114.774393
114.774393
114.774393
114.774393
114.774393
114.774393
114.774393
114.774393
114.774393
114.774393
114.774393
114.774393
114.774393
114.774393
114.774393
114.774393
114.774393
114.774393
114.774393
114.774393
114.774393
114.774393
114.774393
114.774393
114.774393
114.774393
114.774393
114.774393
114.774393
114.774393
114.774393
114.774393
114.774393
114.774393
114.774393
114.774393
114.774393
114.774393
114.774393
114.774393
114.774393
114.774393
114.774393
114.774393
114.774393
114.774393
114.774393
114.774393
114.774393
114.774393
114.774393
114.774393
114.774393
114.774393
114.774393
114.774393
114.774393
114.774393
114.774393
114.774393
114.774393
114.774393
114.774393
114.774393
114.774393
114.774393
114.774393
114.774393
114.774393
114.774393
114.774393
114.774393
114.774393
114.774393
114.774393
114.774393
114.774393
114.774393
114.774393
114.774393
114.774393
114.774393
114.774393
114.774393
114.774393
114.774393
114.774393
114.774393
114.774393
114.774393
114.774393
114.774393
114.774393
114.774393
114.774393
114.774393
114.774393
114.774393
114.774393
114.774393
114.774393
114.774393
114.774393
114.774393
114.774393
114.774393
114.774393
114.774393
114.774393
114.774393
114.774393
114.774393
114.774393
114.774393
114.774393
114.774393
114.774393
114.774393
114.774393
114.774393
114.774393
114.774393
114.774393
114.774393
114.774393
114.774393
114.774393
114.774393
114.774393
114.774393
114.774393
114.774393
114.774393
114.774393
114.774393
114.774393
114.774393
114.774393
114.774393
114.774393
114.774393
114.774393
114.774393
114.774393
114.774393
114.774393
114.774393
114.774393
114.774393
114.774393
114.774393
114.774393
114.774393
114.774393
114.774393
114.774393
114.774393
114.774393
114.774393
114.774393
114.774393
114.774393
114.774393
114.774393
114.774393
114.774393
114.774393
114.774393
114.774393
114.774393
114.774393
114.774393
114.774393
114.774393
114.774393
114.774393
114.774393
114.774393
114.774393
114.774393
114.774393
114.774393
114.774393
114.774393
114.774393
114.774393
114.774393
114.774393
114.774393
114.774393
114.774393
114.774393
114.774393
114.774393
114.774393
114.774393
114.774393
114.774393
114.774393
114.774393
114.774393
114.774393
114.774393
114.774393
114.774393
114.774393
114.774393
114.774393
114.774393
114.774393
114.774393
114.774393
114.774393
114.774393
114.774393
114.774393
114.774393
114.774393
114.774393
114.774393
114.774393
114.774393
114.774393
114.774393
114.774393
114.774393
114.774393
114.774393
114.774393
114.774393
114.774393
114.774393
114.774393
114.774393
114.774393
114.774393
114.774393
114.774393
114.774393
114.774393
114.774393
114.774393
114.774393
114.774393
114.774393
114.774393
114.774393
114.774393
114.774393
114.774393
114.774393
114.774393
114.774393
114.774393
114.774393
114.774393
114.774393
114.774393
114.774393
114.774393
114.774393
114.774393
114.774393
114.774393
114.774393
114.774393
114.774393
114.774393
114.774393
114.774393
114.774393
114.774393
114.774393
114.774393
114.774393
114.774393
114.774393
114.774393
114.774393
114.774393
114.774393
114.774393
114.774393
114.774393
114.774393
114.774393
114.774393
114.774393
114.774393
114.774393
114.774393
114.774393
114.774393
114.774393
114.774393
114.774393
114.774393
114.774393
114.774393
114.774393
114.774393
114.774393
114.774393
114.774393
114.774393
114.774393
114.774393
114.774393
114.774393
114.774393
114.774393
114.774393
114.774393
114.774393
114.774393
114.774393
114.774393
114.774393
114.774393
114.774393
114.774393
114.774393
114.774393
114.774393
114.774393
114.774393
114.774393
114.774393
114.774393
114.774393
114.774393
114.774393
114.774393
114.774393
114.774393
114.774393
114.774393
114.774393
114.774393
114.774393
114.774393
114.774393
114.774393
114.774393
114.774393
114.774393
114.774393
114.774393
114.774393
114.774393
114.774393
114.774393
114.774393
114.774393
114.774393
114.774393
114.774393
114.774393
114.774393
114.774393
114.774393
114.774393
114.774393
114.774393
114.774393
114.774393
114.774393
114.774393
114.774393
114.774393
114.774393
114.774393
114.774393
114.774393
114.774393
114.774393
114.774393
114.774393
114.774393
114.774393
114.774393
114.774393
114.774393
114.774393
114.774393
114.774393
114.774393
114.774393
114.774393
114.774393
114.774393
114.774393
114.774393
114.774393
114.774393
114.774393
114.774393
114.774393
114.774393
114.774393
114.774393
114.774393
114.774393
114.774393
114.774393
114.774393
114.774393
114.774393
114.774393
114.774393
114.774393
114.774393
114.774393
114.774393
114.774393
114.774393
114.774393
114.774393
114.774393
114.774393
114.774393
114.774393
114.774393
114.774393
114.774393
114.774393
114.774393
114.774393
114.774393
114.774393
114.774393
114.774393
114.774393
114.774393
114.774393
114.774393
114.774393
114.774393
114.774393
114.774393
114.774393
114.774393
114.774393
114.774393
114.774393
114.774393
114.774393
114.774393
114.774393
114.774393
114.774393
114.774393
114.774393
114.774393
114.774393
114.774393
114.774393
114.774393
114.774393
114.774393
114.774393
114.774393
114.774393
114.774393
114.774393
114.774393
114.774393
114.774393
114.774393
114.774393
114.774393
114.774393
114.774393
114.774393
114.774393
114.774393
114.774393
114.774393
114.774393
114.774393
114.774393
114.774393
114.774393
114.774393
114.774393
114.774393
114.774393
114.774393
114.774393
114.774393
114.774393
114.774393
114.774393
114.774393
114.774393
114.774393
114.774393
114.774393
114.774393
114.774393
114.774393
114.774393
114.774393
114.774393
114.774393
114.774393
114.774393
114.774393
114.774393
114.774393
114.774393
114.774393
114.774393
114.774393
114.774393
114.774393
114.774393
114.774393
114.774393
114.774393
114.774393
114.774393
114.774393
114.774393
114.774393
114.774393
114.774393
114.774393
114.774393
114.774393
114.774393
114.774393
114.774393
114.774393
114.774393
114.774393
114.774393
114.774393
114.774393
114.774393
114.774393
114.774393
114.774393
114.774393
114.774393
114.774393
114.774393
114.774393
114.774393
114.774393
114.774393
114.774393
114.774393
114.774393
114.774393
114.774393
114.774393
114.774393
114.774393
114.774393
114.774393
114.774393
114.774393
114.774393
114.774393
114.774393
114.774393
114.774393
114.774393
114.774393
114.774393
114.774393
114.774393
114.774393
114.774393
114.774393
114.774393
114.774393
114.774393
114.774393
114.774393
114.774393
114.774393
114.774393
114.774393
114.774393
114.774393
114.774393
114.774393
114.774393
114.774393
114.774393
114.774393
114.774393
114.774393
114.774393
114.774393
114.774393
114.774393
114.774393
114.774393
114.774393
114.774393
114.774393
114.774393
114.774393
114.774393
114.774393
114.774393
114.774393
114.774393
114.774393
114.774393
114.774393
114.774393
114.774393
114.774393
114.774393
114.774393
114.774393
114.774393
114.774393
114.774393
114.774393
114.774393
114.774393
114.774393
114.774393
114.774393
114.774393
114.774393
114.774393
114.774393
114.774393
114.774393
114.774393
114.774393
114.774393
114.774393
114.774393
114.774393
114.774393
114.774393
114.774393
114.774393
114.774393
114.774393
114.774393
114.774393
114.774393
114.774393
114.774393
114.774393
114.774393
114.774393
114.774393
114.774393
114.774393
114.774393
114.774393
114.774393
114.774393
114.774393
114.774393
114.774393
114.774393
114.774393
114.774393
114.774393
114.774393
114.774393
114.774393
114.774393
114.774393
114.774393
114.774393
114.774393
114.774393
114.774393
114.774393
114.774393
114.774393
114.774393
114.774393
114.774393
114.774393
114.774393
114.774393
114.774393
114.774393
114.774393
114.774393
114.774393
114.774393
114.774393
114.774393
114.774393
114.774393
114.774393
114.774393
114.774393
114.774393
114.774393
114.774393
114.774393
114.774393
114.774393
114.774393
114.774393
114.774393
114.774393
114.774393
114.774393
114.774393
114.774393
114.774393
114.774393
114.774393
114.774393
114.774393
114.774393
114.774393
114.774393
114.774393
114.774393
114.774393
114.774393
114.774393
114.774393
114.774393
114.774393
114.774393
114.774393
114.774393
114.774393
114.774393
114.774393
114.774393
114.774393
114.774393
114.774393
114.774393
114.774393
114.774393
114.774393
114.774393
114.774393
114.774393
114.774393
114.774393
114.774393
114.774393
114.774393
114.774393
114.774393
114.774393
114.774393
114.774393
114.774393
114.774393
114.774393
114.774393
114.774393
114.774393
114.774393
114.774393
114.774393
114.774393
114.774393
114.774393
114.774393
114.774393
114.774393
114.774393
114.774393
114.774393
114.774393
114.774393
114.774393
114.774393
114.774393
114.774393
114.774393
114.774393
114.774393
114.774393
114.774393
114.774393
114.774393
114.774393
114.774393
114.774393
114.774393
114.774393
114.774393
114.774393
114.774393
114.774393
114.774393
114.774393
114.774393
114.774393
114.774393
114.774393
114.774393
114.774393
114.774393
114.774393
114.774393
114.774393
114.774393
114.774393
114.774393
114.774393
114.774393
114.774393
114.774393
114.774393
114.774393
114.774393
114.774393
114.774393
114.774393
114.774393
114.774393
114.774393
114.774393
114.774393
114.774393
114.774393
114.774393
114.774393
114.774393
114.774393
114.774393
114.774393
114.774393
114.774393
114.774393
114.774393
114.774393
114.774393
114.774393
114.774393
114.774393
114.774393
114.774393
114.774393
114.774393
114.774393
114.774393
114.774393
114.774393
114.774393
114.774393
114.774393
114.774393
114.774393
114.774393
114.774393
114.774393
114.774393
114.774393
114.774393
114.774393
114.774393
114.774393
114.774393
114.774393
114.774393
114.774393
114.774393
114.774393
114.774393
114.774393
114.774393
114.774393
114.774393
114.774393
114.774393
114.774393
114.774393
114.774393
114.774393
114.774393
114.774393
114.774393
114.774393
114.774393
114.774393
114.774393
114.774393
114.774393
114.774393
114.774393
114.774393
114.774393
114.774393
114.774393
114.774393
114.774393
114.774393
114.774393
114.774393
114.774393
114.774393
114.774393
114.774393
114.774393
114.774393
114.774393
114.774393
114.774393
114.774393
114.774393
114.774393
114.774393
114.774393
114.774393
114.774393
114.774393
114.774393
114.774393
114.774393
114.774393
114.774393
114.774393
114.774393
114.774393
114.774393
114.774393
114.774393
114.774393
114.774393
114.774393
114.774393
114.774393
114.774393
114.774393
114.774393
114.774393
114.774393
114.774393
114.774393
114.774393
114.774393
114.774393
114.774393
114.774393
114.774393
114.774393
114.774393
114.774393
114.774393
114.774393
114.774393
114.774393
114.774393
114.774393
114.774393
114.774393
114.774393
114.774393
114.774393
114.774393
114.774393
114.774393
114.774393
114.774393
114.774393
114.774393
114.774393
114.774393
114.774393
114.774393
114.774393
114.774393
114.774393
114.774393
114.774393
114.774393
114.774393
114.774393
114.774393
114.774393
114.774393
114.774393
114.774393
114.774393
114.774393
114.774393
114.774393
114.774393
114.774393
114.774393
114.774393
114.774393
114.774393
114.774393
114.774393
114.774393
114.774393
114.774393
114.774393
114.774393
114.774393
114.774393
114.774393
114.774393
114.774393
114.774393
114.774393
114.774393
114.774393
114.774393
114.774393
114.774393
114.774393
114.774393
114.774393
114.774393
114.774393
114.774393
114.774393
114.774393
114.774393
114.774393
114.774393
114.774393
114.774393
114.774393
114.774393
114.774393
114.774393
114.774393
114.774393
114.774393
114.774393
114.774393
114.774393
114.774393
114.774393
114.774393
114.774393
114.774393
114.774393
114.774393
114.774393
114.774393
114.774393
114.774393
114.774393
114.774393
114.774393
114.774393
114.774393
114.774393
114.774393
114.774393
114.774393
114.774393
114.774393
114.774393
114.774393
114.774393
114.774393
114.774393
114.774393
114.774393
114.774393
114.774393
114.774393
114.774393
114.774393
114.774393
114.774393
114.774393
114.774393
114.774393
114.774393
114.774393
114.774393
114.774393
114.774393
114.774393
114.774393
114.774393
114.774393
114.774393
114.774393
114.774393
114.774393
114.774393
114.774393
114.774393
114.774393
114.774393
114.774393
114.774393
114.774393
114.774393
114.774393
114.774393
114.774393
114.774393
114.774393
114.774393
114.774393
114.774393
114.774393
114.774393
114.774393
114.774393
114.774393
114.774393
114.774393
114.774393
114.774393
114.774393
114.774393
114.774393
114.774393
114.774393
114.774393
114.774393
114.774393
114.774393
114.774393
114.774393
114.774393
114.774393
114.774393
114.774393
114.774393
114.774393
114.774393
114.774393
114.774393
114.774393
114.774393
114.774393
114.774393
114.774393
114.774393
114.774393
114.774393
114.774393
114.774393
114.774393
114.774393
114.774393
114.774393
114.774393
114.774393
114.774393
114.774393
114.774393
114.774393
114.774393
114.774393
114.774393
114.774393
114.774393
114.774393
114.774393
114.774393
114.774393
114.774393
114.774393
114.774393
114.774393
114.774393
114.774393
114.774393
114.774393
114.774393
114.774393
114.774393
114.774393
114.774393
114.774393
114.774393
114.774393
114.774393
114.774393
114.774393
114.774393
114.774393
114.774393
114.774393
114.774393
114.774393
114.774393
114.774393
114.774393
114.774393
114.774393
114.774393
114.774393
114.774393
114.774393
114.774393
114.774393
114.774393
114.774393
114.774393
114.774393
114.774393
114.774393
114.774393
114.774393
114.774393
114.774393
114.774393
114.774393
114.774393
114.774393
114.774393
114.774393
114.774393
114.774393
114.774393
114.774393
114.774393
114.774393
114.774393
114.774393
114.774393
114.774393
114.774393
114.774393
114.774393
114.774393
114.774393
114.774393
114.774393
114.774393
114.774393
114.774393
114.774393
114.774393
114.774393
114.774393
114.774393
114.774393
114.774393
114.774393
114.774393
114.774393
114.774393
114.774393
114.774393
114.774393
114.774393
114.774393
114.774393
114.774393
114.774393
114.774393
114.774393
114.774393
114.774393
114.774393
114.774393
114.774393
114.774393
114.774393
114.774393
114.774393
114.774393
114.774393
114.774393
114.774393
114.774393
114.774393
114.774393
114.774393
114.774393
114.774393
114.774393
114.774393
114.774393
114.774393
114.774393
114.774393
114.774393
114.774393
114.774393
114.774393
114.774393
114.774393
114.774393
114.774393
114.774393
114.774393
114.774393
114.774393
114.774393
114.774393
114.774393
114.774393
114.774393
114.774393
114.774393
114.774393
114.774393
114.774393
114.774393
114.774393
114.774393
114.774393
114.774393
114.774393
114.774393
114.774393
114.774393
114.774393
114.774393
114.774393
114.774393
114.774393
114.774393
114.774393
114.774393
114.774393
114.774393
114.774393
114.774393
114.774393
114.774393
114.774393
114.774393
114.774393
114.774393
114.774393
114.774393
114.774393
114.774393
114.774393
114.774393
114.774393
114.774393
114.774393
114.774393
114.774393
114.774393
114.774393
114.774393
114.774393
114.774393
114.774393
114.774393
114.774393
114.774393
114.774393
114.774393
114.774393
114.774393
114.774393
114.774393
114.774393
114.774393
114.774393
114.774393
114.774393
114.774393
114.774393
114.774393
114.774393
114.774393
114.774393
114.774393
114.774393
114.774393
114.774393
114.774393
114.774393
114.774393
114.774393
114.774393
114.774393
114.774393
114.774393
114.774393
114.774393
114.774393
114.774393
114.774393
114.774393
114.774393
114.774393
114.774393
114.774393
114.774393
114.774393
114.774393
114.774393
114.774393
114.774393
114.774393
114.774393
114.774393
114.774393
114.774393
114.774393
114.774393
114.774393
114.774393
114.774393
114.774393
114.774393
114.774393
114.774393
114.774393
114.774393
114.774393
114.774393
114.774393
114.774393
114.774393
114.774393
114.774393
114.774393
114.774393
114.774393
114.774393
114.774393
114.774393
114.774393
114.774393
114.774393
114.774393
114.774393
114.774393
114.774393
114.774393
114.774393
114.774393
114.774393
114.774393
114.774393
114.774393
114.774393
114.774393
114.774393
114.774393
114.774393
114.774393
114.774393
114.774393
114.774393
114.774393
114.774393
114.774393
114.774393
114.774393
114.774393
114.774393
114.774393
114.774393
114.774393
114.774393
114.774393
114.774393
114.774393
114.774393
114.774393
114.774393
114.774393
114.774393
114.774393
114.774393
114.774393
114.774393
114.774393
114.774393
114.774393
114.774393
114.774393
114.774393
114.774393
114.774393
114.774393
114.774393
114.774393
114.774393
114.774393
114.774393
114.774393
114.774393
114.774393
114.774393
114.774393
114.774393
114.774393
114.774393
114.774393
114.774393
114.774393
114.774393
114.774393
114.774393
114.774393
114.774393
114.774393
114.774393
114.774393
114.774393
114.774393
114.774393
114.774393
114.774393
114.774393
114.774393
114.774393
114.774393
114.774393
114.774393
114.774393
114.774393
114.774393
114.774393
114.774393
114.774393
114.774393
114.774393
114.774393
114.774393
114.774393
114.774393
114.774393
114.774393
114.774393
114.774393
114.774393
114.774393
114.774393
114.774393
114.774393
114.774393
114.774393
114.774393
114.774393
114.774393
114.774393
114.774393
114.774393
114.774393
114.774393
114.774393
114.774393
114.774393
114.774393
114.774393
114.774393
114.774393
114.774393
114.774393
114.774393
114.774393
114.774393
114.774393
114.774393
114.774393
114.774393
114.774393
114.774393
114.774393
114.774393
114.774393
114.774393
114.774393
114.774393
114.774393
114.774393
114.774393
114.774393
114.774393
114.774393
114.774393
114.774393
114.774393
114.774393
114.774393
114.774393
114.774393
114.774393
114.774393
114.774393
114.774393
114.774393
114.774393
114.774393
114.774393
114.774393
114.774393
114.774393
114.774393
114.774393
114.774393
114.774393
114.774393
114.774393
114.774393
114.774393
114.774393
114.774393
114.774393
114.774393
114.774393
114.774393
114.774393
114.774393
114.774393
114.774393
114.774393
114.774393
114.774393
114.774393
114.774393
114.774393
114.774393
114.774393
114.774393
114.774393
114.774393
114.774393
114.774393
114.774393
114.774393
114.774393
114.774393
114.774393
114.774393
114.774393
114.774393
114.774393
114.774393
114.774393
114.774393
114.774393
114.774393
114.774393
114.774393
114.774393
114.774393
114.774393
114.774393
114.774393
114.774393
114.774393
114.774393
114.774393
114.774393
114.774393
114.774393
114.774393
114.774393
114.774393
114.774393
114.774393
114.774393
114.774393
114.774393
114.774393
114.774393
114.774393
114.774393
114.774393
114.774393
114.774393
114.774393
114.774393
114.774393
114.774393
114.774393
114.774393
114.774393
114.774393
114.774393
114.774393
114.774393
114.774393
114.774393
114.774393
114.774393
114.774393
114.774393
114.774393
114.774393
114.774393
114.774393
114.774393
114.774393
114.774393
114.774393
114.774393
114.774393
114.774393
114.774393
114.774393
114.774393
114.774393
114.774393
114.774393
114.774393
114.774393
114.774393
114.774393
114.774393
114.774393
114.774393
114.774393
114.774393
114.774393
114.774393
114.774393
114.774393
114.774393
114.774393
114.774393
114.774393
114.774393
114.774393
114.774393
114.774393
114.774393
114.774393
114.774393
114.774393
114.774393
114.774393
114.774393
114.774393
114.774393
114.774393
114.774393
114.774393
114.774393
114.774393
114.774393
114.774393
114.774393
114.774393
114.774393
114.774393
114.774393
114.774393
114.774393
114.774393
114.774393
114.774393
114.774393
114.774393
114.774393
114.774393
114.774393
114.774393
114.774393
114.774393
114.774393
114.774393
114.774393
114.774393
114.774393
114.774393
114.774393
114.774393
114.774393
114.774393
114.774393
114.774393
114.774393
114.774393
114.774393
114.774393
114.774393
114.774393
114.774393
114.774393
114.774393
114.774393
114.774393
114.774393
114.774393
114.774393
114.774393
114.774393
114.774393
114.774393
114.774393
114.774393
114.774393
114.774393
114.774393
114.774393
114.774393
114.774393
114.774393
114.774393
114.774393
114.774393
114.774393
114.774393
114.774393
114.774393
114.774393
114.774393
114.774393
114.774393
114.774393
114.774393
114.774393
114.774393
114.774393
114.774393
114.774393
114.774393
114.774393
114.774393
114.774393
114.774393
114.774393
114.774393
114.774393
114.774393
114.774393
114.774393
114.774393
114.774393
114.774393
114.774393
114.774393
114.774393
114.774393
114.774393
114.774393
114.774393
114.774393
114.774393
114.774393
114.774393
114.774393
114.774393
114.774393
114.774393
114.774393
114.774393
114.774393
114.774393
114.774393
114.774393
114.774393
114.774393
114.774393
114.774393
114.774393
114.774393
114.774393
114.774393
114.774393
114.774393
114.774393
114.774393
114.774393
114.774393
114.774393
114.774393
114.774393
114.774393
114.774393
114.774393
114.774393
114.774393
114.774393
114.774393
114.774393
114.774393
114.774393
114.774393
114.774393
114.774393
114.774393
114.774393
114.774393
114.774393
114.774393
114.774393
114.774393
114.774393
114.774393
114.774393
114.774393
114.774393
114.774393
114.774393
114.774393
114.774393
114.774393
114.774393
114.774393
114.774393
114.774393
114.774393
114.774393
114.774393
114.774393
114.774393
114.774393
114.774393
114.774393
114.774393
114.774393
114.774393
114.774393
114.774393
114.774393
114.774393
114.774393
114.774393
114.774393
114.774393
114.774393
114.774393
114.774393
114.774393
114.774393
114.774393
114.774393
114.774393
114.774393
114.774393
114.774393
114.774393
114.774393
114.774393
114.774393
114.774393
114.774393
114.774393
114.774393
114.774393
114.774393
114.774393
114.774393
114.774393
114.774393
114.774393
114.774393
114.774393
114.774393
114.774393
114.774393
114.774393
114.774393
114.774393
114.774393
114.774393
114.774393
114.774393
114.774393
114.774393
114.774393
114.774393
114.774393
114.774393
114.774393
114.774393
114.774393
114.774393
114.774393
114.774393
114.774393
114.774393
114.774393
114.774393
114.774393
114.774393
114.774393
114.774393
114.774393
114.774393
114.774393
114.774393
114.774393
114.774393
114.774393
114.774393
114.774393
114.774393
114.774393
114.774393
114.774393
114.774393
114.774393
114.774393
114.774393
114.774393
114.774393
114.774393
114.774393
114.774393
114.774393
114.774393
114.774393
114.774393
114.774393
114.774393
114.774393
114.774393
114.774393
114.774393
114.774393
114.774393
114.774393
114.774393
114.774393
114.774393
114.774393
114.774393
114.774393
114.774393
114.774393
114.774393
114.774393
114.774393
114.774393
114.774393
114.774393
114.774393
114.774393
114.774393
114.774393
114.774393
114.774393
114.774393
114.774393
114.774393
114.774393
114.774393
114.774393
114.774393
114.774393
114.774393
114.774393
114.774393
114.774393
114.774393
114.774393
114.774393
114.774393
114.774393
114.774393
114.774393
114.774393
114.774393
114.774393
114.774393
114.774393
114.774393
114.774393
114.774393
114.774393
114.774393
114.774393
114.774393
114.774393
114.774393
114.774393
114.774393
114.774393
114.774393
114.774393
114.774393
114.774393
114.774393
114.774393
114.774393
114.774393
114.774393
114.774393
114.774393
114.774393
114.774393
114.774393
114.774393
114.774393
114.774393
114.774393
114.774393
114.774393
114.774393
114.774393
114.774393
114.774393
114.774393
114.774393
114.774393
114.774393
114.774393
114.774393
114.774393
114.774393
114.774393
114.774393
114.774393
114.774393
114.774393
114.774393
114.774393
114.774393
114.774393
114.774393
114.774393
114.774393
114.774393
114.774393
114.774393
114.774393
114.774393
114.774393
114.774393
114.774393
114.774393
114.774393
114.774393
114.774393
114.774393
114.774393
114.774393
114.774393
114.774393
114.774393
114.774393
114.774393
114.774393
114.774393
114.774393
114.774393
114.774393
114.774393
114.774393
114.774393
114.774393
114.774393
114.774393
114.774393
114.774393
114.774393
114.774393
114.774393
114.774393
114.774393
114.774393
114.774393
114.774393
114.774393
114.774393
114.774393
114.774393
114.774393
114.774393
114.774393
114.774393
114.774393
114.774393
114.774393
114.774393
114.774393
114.774393
114.774393
114.774393
114.774393
114.774393
114.774393
114.774393
114.774393
114.774393
114.774393
114.774393
114.774393
114.774393
114.774393
114.774393
114.774393
114.774393
114.774393
114.774393
114.774393
114.774393
114.774393
114.774393
114.774393
114.774393
114.774393
114.774393
114.774393
114.774393
114.774393
114.774393
114.774393
114.774393
114.774393
114.774393
114.774393
114.774393
114.774393
114.774393
114.774393
114.774393
114.774393
114.774393
114.774393
114.774393
114.774393
114.774393
114.774393
114.774393
114.774393
114.774393
114.774393
114.774393
114.774393
114.774393
114.774393
114.774393
114.774393
114.774393
114.774393
114.774393
114.774393
114.774393
114.774393
114.774393
114.774393
114.774393
114.774393
114.774393
114.774393
114.774393
114.774393
114.774393
114.774393
114.774393
114.774393
114.774393
114.774393
114.774393
114.774393
114.774393
114.774393
114.774393
114.774393
114.774393
114.774393
114.774393
114.774393
114.774393
114.774393
114.774393
114.774393
114.774393
114.774393
114.774393
114.774393
114.774393
114.774393
114.774393
114.774393
114.774393
114.774393
114.774393
114.774393
114.774393
114.774393
114.774393
114.774393
114.774393
114.774393
114.774393
114.774393
114.774393
114.774393
114.774393
114.774393
114.774393
114.774393
114.774393
114.774393
114.774393
114.774393
114.774393
114.774393
114.774393
114.774393
114.774393
114.774393
114.774393
114.774393
114.774393
114.774393
114.774393
114.774393
114.774393
114.774393
114.774393
114.774393
114.774393
114.774393
114.774393
114.774393
114.774393
114.774393
114.774393
114.774393
114.774393
114.774393
114.774393
114.774393
114.774393
114.774393
114.774393
114.774393
114.774393
114.774393
114.774393
114.774393
114.774393
114.774393
114.774393
114.774393
114.774393
114.774393
114.774393
114.774393
114.774393
114.774393
114.774393
114.774393
114.774393
114.774393
114.774393
114.774393
114.774393
114.774393
114.774393
114.774393
114.774393
114.774393
114.774393
114.774393
114.774393
114.774393
114.774393
114.774393
114.774393
114.774393
114.774393
114.774393
114.774393
114.774393
114.774393
114.774393
114.774393
114.774393
114.774393
114.774393
114.774393
114.774393
114.774393
114.774393
114.774393
114.774393
114.774393
114.774393
114.774393
114.774393
114.774393
114.774393
114.774393
114.774393
114.774393
114.774393
114.774393
114.774393
114.774393
114.774393
114.774393
114.774393
114.774393
114.774393
114.774393
114.774393
114.774393
114.774393
114.774393
114.774393
114.774393
114.774393
114.774393
114.774393
114.774393
114.774393
114.774393
114.774393
114.774393
114.774393
114.774393
114.774393
114.774393
114.774393
114.774393
114.774393
114.774393
114.774393
114.774393
114.774393
114.774393
114.774393
114.774393
114.774393
114.774393
114.774393
114.774393
114.774393
114.774393
114.774393
114.774393
114.774393
114.774393
114.774393
114.774393
114.774393
114.774393
114.774393
114.774393
114.774393
114.774393
114.774393
114.774393
114.774393
114.774393
114.774393
114.774393
114.774393
114.774393
114.774393
114.774393
114.774393
114.774393
114.774393
114.774393
114.774393
114.774393
114.774393
114.774393
114.774393
114.774393
114.774393
114.774393
114.774393
114.774393
114.774393
114.774393
114.774393
114.774393
114.774393
114.774393
114.774393
114.774393
114.774393
114.774393
114.774393
114.774393
114.774393
114.774393
114.774393
114.774393
114.774393
114.774393
114.774393
114.774393
114.774393
114.774393
114.774393
114.774393
114.774393
114.774393
114.774393
114.774393
114.774393
114.774393
114.774393
114.774393
114.774393
114.774393
114.774393
114.774393
114.774393
114.774393
114.774393
114.774393
114.774393
114.774393
114.774393
114.774393
114.774393
114.774393
114.774393
114.774393
114.774393
114.774393
114.774393
114.774393
114.774393
114.774393
114.774393
114.774393
114.774393
114.774393
114.774393
114.774393
114.774393
114.774393
114.774393
114.774393
114.774393
114.774393
114.774393
114.774393
114.774393
114.774393
114.774393
114.774393
114.774393
114.774393
114.774393
114.774393
114.774393
114.774393
114.774393
114.774393
114.774393
114.774393
114.774393
114.774393
114.774393
114.774393
114.774393
114.774393
114.774393
114.774393
114.774393
114.774393
114.774393
114.774393
114.774393
114.774393
114.774393
114.774393
114.774393
114.774393
114.774393
114.774393
114.774393
114.774393
114.774393
114.774393
114.774393
114.774393
114.774393
114.774393
114.774393
114.774393
114.774393
114.774393
114.774393
114.774393
114.774393
114.774393
114.774393
114.774393
114.774393
114.774393
114.774393
114.774393
114.774393
114.774393
114.774393
114.774393
114.774393
114.774393
114.774393
114.774393
114.774393
114.774393
114.774393
114.774393
114.774393
114.774393
114.774393
114.774393
114.774393
114.774393
114.774393
114.774393
114.774393
114.774393
114.774393
114.774393
114.774393
114.774393
114.774393
114.774393
114.774393
114.774393
114.774393
114.774393
114.774393
114.774393
114.774393
114.774393
114.774393
114.774393
114.774393
114.774393
114.774393
114.774393
114.774393
114.774393
114.774393
114.774393
114.774393
114.774393
114.774393
114.774393
114.774393
114.774393
114.774393
114.774393
114.774393
114.774393
114.774393
114.774393
114.774393
114.774393
114.774393
114.774393
114.774393
114.774393
114.774393
114.774393
114.774393
114.774393
114.774393
114.774393
114.774393
114.774393
114.774393
114.774393
114.774393
114.774393
114.774393
114.774393
114.774393
114.774393
114.774393
114.774393
114.774393
114.774393
114.774393
114.774393
114.774393
114.774393
114.774393
114.774393
114.774393
114.774393
114.774393
114.774393
114.774393
114.774393
114.774393
114.774393
114.774393
114.774393
114.774393
114.774393
114.774393
114.774393
114.774393
114.774393
114.774393
114.774393
114.774393
114.774393
114.774393
114.774393
114.774393
114.774393
114.774393
114.774393
114.774393
114.774393
114.774393
114.774393
114.774393
114.774393
114.774393
114.774393
114.774393
114.774393
114.774393
114.774393
114.774393
114.774393
114.774393
114.774393
114.774393
114.774393
114.774393
114.774393
114.774393
114.774393
114.774393
114.774393
114.774393
114.774393
114.774393
114.774393
114.774393
114.774393
114.774393
114.774393
114.774393
114.774393
114.774393
114.774393
114.774393
114.774393
114.774393
114.774393
114.774393
114.774393
114.774393
114.774393
114.774393
114.774393
114.774393
114.774393
114.774393
114.774393
114.774393
114.774393
114.774393
114.774393
114.774393
114.774393
114.774393
114.774393
114.774393
114.774393
114.774393
114.774393
114.774393
114.774393
114.774393
114.774393
114.774393
114.774393
114.774393
114.774393
114.774393
114.774393
114.774393
114.774393
114.774393
114.774393
114.774393
114.774393
114.774393
114.774393
114.774393
114.774393
114.774393
114.774393
114.774393
114.774393
114.774393
114.774393
114.774393
114.774393
114.774393
114.774393
114.774393
114.774393
114.774393
114.774393
114.774393
114.774393
114.774393
114.774393
114.774393
114.774393
114.774393
114.774393
114.774393
114.774393
114.774393
114.774393
114.774393
114.774393
114.774393
114.774393
114.774393
114.774393
114.774393
114.774393
114.774393
114.774393
114.774393
114.774393
114.774393
114.774393
114.774393
114.774393
114.774393
114.774393
114.774393
114.774393
114.774393
114.774393
114.774393
114.774393
114.774393
114.774393
114.774393
114.774393
114.774393
114.774393
114.774393
114.774393
114.774393
114.774393
114.774393
114.774393
114.774393
114.774393
114.774393
114.774393
114.774393
114.774393
114.774393
114.774393
114.774393
114.774393
114.774393
114.774393
114.774393
114.774393
114.774393
114.774393
114.774393
114.774393
114.774393
114.774393
114.774393
114.774393
114.774393
114.774393
114.774393
114.774393
114.774393
114.774393
114.774393
114.774393
114.774393
114.774393
114.774393
114.774393
114.774393
114.774393
114.774393
114.774393
114.774393
114.774393
114.774393
114.774393
114.774393
114.774393
114.774393
114.774393
114.774393
114.774393
114.774393
114.774393
114.774393
114.774393
114.774393
114.774393
114.774393
114.774393
114.774393
114.774393
114.774393
114.774393
114.774393
114.774393
114.774393
114.774393
114.774393
114.774393
114.774393
114.774393
114.774393
114.774393
114.774393
114.774393
114.774393
114.774393
114.774393
114.774393
114.774393
114.774393
114.774393
114.774393
114.774393
114.774393
114.774393
114.774393
114.774393
114.774393
114.774393
114.774393
114.774393
114.774393
114.774393
114.774393
114.774393
114.774393
114.774393
114.774393
114.774393
114.774393
114.774393
114.774393
114.774393
114.774393
114.774393
114.774393
114.774393
114.774393
114.774393
114.774393
114.774393
114.774393
114.774393
114.774393
114.774393
114.774393
114.774393
114.774393
114.774393
114.774393
114.774393
114.774393
114.774393
114.774393
114.774393
114.774393
114.774393
114.774393
114.774393
114.774393
114.774393
114.774393
114.774393
114.774393
114.774393
114.774393
114.774393
114.774393
114.774393
114.774393
114.774393
114.774393
114.774393
114.774393
114.774393
114.774393
114.774393
114.774393
114.774393
114.774393
114.774393
114.774393
114.774393
114.774393
114.774393
114.774393
114.774393
114.774393
114.774393
114.774393
114.774393
114.774393
114.774393
114.774393
114.774393
114.774393
114.774393
114.774393
114.774393
114.774393
114.774393
114.774393
114.774393
114.774393
114.774393
114.774393
114.774393
114.774393
114.774393
114.774393
114.774393
114.774393
114.774393
114.774393
114.774393
114.774393
114.774393
114.774393
114.774393
114.774393
114.774393
114.774393
114.774393
114.774393
114.774393
114.774393
114.774393
114.774393
114.774393
114.774393
114.774393
114.774393
114.774393
114.774393
114.774393
114.774393
114.774393
114.774393
114.774393
114.774393
114.774393
114.774393
114.774393
114.774393
114.774393
114.774393
114.774393
114.774393
114.774393
114.774393
114.774393
114.774393
114.774393
114.774393
114.774393
114.774393
114.774393
114.774393
114.774393
114.774393
114.774393
114.774393
114.774393
114.774393
114.774393
114.774393
114.774393
114.774393
114.774393
114.774393
114.774393
114.774393
114.774393
114.774393
114.774393
114.774393
114.774393
114.774393
114.774393
114.774393
114.774393
114.774393
114.774393
114.774393
114.774393
114.774393
114.774393
114.774393
114.774393
114.774393
114.774393
114.774393
114.774393
114.774393
114.774393
114.774393
114.774393
114.774393
114.774393
114.774393
114.774393
114.774393
114.774393
114.774393
114.774393
114.774393
114.774393
114.774393
114.774393
114.774393
114.774393
114.774393
114.774393
114.774393
114.774393
114.774393
114.774393
114.774393
114.774393
114.774393
114.774393
114.774393
114.774393
114.774393
114.774393
114.774393
114.774393
114.774393
114.774393
114.774393
114.774393
114.774393
114.774393
114.774393
114.774393
114.774393
114.774393
114.774393
114.774393
114.774393
114.774393
114.774393
114.774393
114.774393
114.774393
114.774393
114.774393
114.774393
114.774393
114.774393
114.774393
114.774393
114.774393
114.774393
114.774393
114.774393
114.774393
114.774393
114.774393
114.774393
114.774393
114.774393
114.774393
114.774393
114.774393
114.774393
114.774393
114.774393
114.774393
114.774393
114.774393
114.774393
114.774393
114.774393
114.774393
114.774393
114.774393
114.774393
114.774393
114.774393
114.774393
114.774393
114.774393
114.774393
114.774393
114.774393
114.774393
114.774393
114.774393
114.774393
114.774393
114.774393
114.774393
114.774393
114.774393
114.774393
114.774393
114.774393
114.774393
114.774393
114.774393
114.774393
114.774393
114.774393
114.774393
114.774393
114.774393
114.774393
114.774393
114.774393
114.774393
114.774393
114.774393
114.774393
114.774393
114.774393
114.774393
114.774393
114.774393
114.774393
114.774393
114.774393
114.774393
114.774393
114.774393
114.774393
114.774393
114.774393
114.774393
114.774393
114.774393
114.774393
114.774393
114.774393
114.774393
114.774393
114.774393
114.774393
114.774393
114.774393
114.774393
114.774393
114.774393
114.774393
114.774393
114.774393
114.774393
114.774393
114.774393
114.774393
114.774393
114.774393
114.774393
114.774393
114.774393
114.774393
114.774393
114.774393
114.774393
114.774393
114.774393
114.774393
114.774393
114.774393
114.774393
114.774393
114.774393
114.774393
114.774393
114.774393
114.774393
114.774393
114.774393
114.774393
114.774393
114.774393
114.774393
114.774393
114.774393
114.774393
114.774393
114.774393
114.774393
114.774393
114.774393
114.774393
114.774393
114.774393
114.774393
114.774393
114.774393
114.774393
114.774393
114.774393
114.774393
114.774393
114.774393
114.774393
114.774393
114.774393
114.774393
114.774393
114.774393
114.774393
114.774393
114.774393
114.774393
114.774393
114.774393
114.774393
114.774393
114.774393
114.774393
114.774393
114.774393
114.774393
114.774393
114.774393
114.774393
114.774393
114.774393
114.774393
114.774393
114.774393
114.774393
114.774393
114.774393
114.774393
114.774393
114.774393
114.774393
114.774393
114.774393
114.774393
114.774393
114.774393
114.774393
114.774393
114.774393
114.774393
114.774393
114.774393
114.774393
114.774393
114.774393
114.774393
114.774393
114.774393
114.774393
114.774393
114.774393
114.774393
114.774393
114.771746
114.771746
114.771746
114.771746
114.771746
114.771746
114.771746
114.771746
114.771746
114.771746
114.771746
114.771746
114.771746
114.771746
114.771746
114.771746
114.771746
114.771746
114.771746
114.771746
114.771746
114.771746
114.771746
114.771746
114.771746
114.771746
114.771746
114.771746
114.771746
114.771746
114.771746
114.771746
114.771746
114.771746
114.771746
114.770324
114.770324
114.770324
114.770324
114.770324
114.770324
114.770324
114.770324
114.770324
114.770324
114.770088
114.770088
114.770088
114.770088
114.770088
114.770088
114.770088
114.770088
114.770088
114.770088
114.768854
114.768854
114.768854
114.768854
114.768854
114.768854
114.768854
114.768854
114.767540
114.767540
114.767540
114.767540
114.767540
114.767540
114.767540
114.767540
114.767540
114.767540
114.767146
114.767146
114.767146
114.767146
114.767146
114.767146
114.767146
114.766074
114.766074
114.766074
114.766074
114.766074
114.766074
114.766074
114.766074
114.766074
114.766074
114.765907
114.765907
114.765907
114.765907
114.765907
114.765907
114.765907
114.765907
114.765907
114.765907
114.765907
114.765907
114.765907
114.765907
114.765907
114.765907
114.765907
114.765907
114.765907
114.765907
114.765907
114.765907
114.765907
114.765907
114.765907
114.765907
114.765907
114.765907
114.765907
114.765834
114.765834
114.765834
114.765834
114.765524
114.765524
114.765243
114.765243
114.765243
114.765243
114.765243
114.765243
114.765243
114.765243
114.765243
114.765243
114.764561
114.764561
114.764561
114.764561
114.764561
114.764561
114.764561
114.764561
114.764561
114.764561
114.764561
114.764561
114.764561
114.764561
114.764561
114.764561
114.764561
114.764561
114.764561
114.764561
114.764561
114.764561
114.764561
114.764561
114.764561
114.764561
114.764082
114.764082
114.764082
114.764082
114.764082
114.764082
114.764082
114.764082
114.764082
114.764082
114.763685
114.763685
114.763685
114.763685
114.763685
114.763685
114.763685
114.763685
114.763685
114.763685
114.763685
114.763685
114.763685
114.763685
114.763685
114.763455
114.763455
114.763455
114.763455
114.763455
114.763455
114.763455
114.763455
114.763455
114.763455
114.763455
114.763455
114.763455
114.763455
114.763455
114.763455
114.763455
114.763455
114.763455
114.763455
114.763141
114.763141
114.763141
114.763141
114.763141
114.763141
114.763141
114.763141
114.763141
114.763141
114.763141
114.763141
114.763141
114.762970
114.762970
114.762970
114.762970
114.762970
114.762970
114.762970
114.762970
114.762970
114.762970
114.762970
114.762970
114.762970
114.762970
114.762286
114.762286
114.762286
114.762286
114.762286
114.762286
114.761508
114.761508
114.761508
114.761508
114.761508
114.761508
114.761508
114.761508
114.761508
114.761508
114.761454
114.761454
114.761454
114.761454
114.761454
114.761454
114.761454
114.761454
114.761454
114.761454
114.761454
114.761454
114.761454
114.761454
114.761454
114.761454
114.761454
114.761454
114.761454
114.761454
114.761454
114.761454
114.761454
114.761454
114.761454
114.761454
114.761454
114.761454
114.761454
114.761454
114.760944
114.760944
114.760944
114.760944
114.760944
114.760944
114.760944
114.760944
114.760944
114.760944
114.760944
114.760944
114.760944
114.760944
114.760944
114.760944
114.760944
114.760944
114.760944
114.760944
114.760944
114.760944
114.760944
114.760944
114.760944
114.760944
114.760944
114.760944
114.760944
114.760944
114.760944
114.760944
114.760944
114.760944
114.760944
114.760944
114.760944
114.760944
114.760834
114.760834
114.760834
114.760834
114.760834
114.760834
114.760675
114.760675
114.760675
114.760675
114.760675
114.760675
114.760009
114.760009
114.760009
114.760009
114.760009
114.760009
114.760009
114.760009
114.760009
114.760009
114.760009
114.760009
114.760009
114.760009
114.760009
114.760009
114.760009
114.760009
114.760009
114.760009
114.760009
114.760009
114.760009
114.760009
114.760009
114.760009
114.760009
114.760009
114.760009
114.760009
114.760009
114.760009
114.760009
114.760009
114.760009
114.760009
114.760009
114.760009
114.760009
114.760009
114.760009
114.760009
114.760009
114.760009
114.760009
114.760009
114.760009
114.760009
114.760009
114.760009
114.760009
114.760009
114.760009
114.760009
114.760009
114.760009
114.760009
114.759978
114.759965
114.759965
114.759965
114.759965
114.759965
114.759965
114.759644
114.759644
114.759644
114.759644
114.759644
114.759644
114.759644
114.759644
114.759644
114.759644
114.759462
114.759462
114.759462
114.759462
114.759462
114.759462
114.759462
114.759462
114.759462
114.759462
114.759462
114.759462
114.759462
114.759462
114.759462
114.759462
114.759462
114.759462
114.759462
114.759462
114.759462
114.759462
114.759462
114.759462
114.759462
114.759462
114.759462
114.759462
114.759462
114.759462
114.759376
114.759376
114.759376
114.759376
114.759376
114.759376
114.759372
114.759372
114.759372
114.759372
114.759372
114.759372
114.759372
114.759372
114.759372
114.759372
114.759372
114.759372
114.759372
114.759372
114.759372
114.759372
114.759372
114.759372
114.759372
114.759372
114.759372
114.759372
114.759372
114.759372
114.758752
114.758752
114.758752
114.758752
114.758752
114.758752
114.758752
114.758752
114.758752
114.758752
114.758752
114.758752
114.758752
114.758752
114.758508
114.758508
114.758508
114.758508
114.758508
114.758508
114.758508
114.758508
114.758508
114.758508
114.758461
114.758461
114.758461
114.758461
114.758461
114.758461
114.758461
114.758461
114.758461
114.758461
114.758445
114.758445
114.758339
114.758339
114.758339
114.758339
114.758339
114.758339
114.758339
114.758339
114.758339
114.758339
114.758339
114.758339
114.758339
114.758339
114.758339
114.758339
114.758339
114.758339
114.758339
114.758339
114.758339
114.758337
114.758337
114.758337
114.758337
114.758337
114.758337
114.758312
114.758202
114.758202
114.758202
114.758202
114.758202
114.758202
114.758202
114.758202
114.758202
114.758202
114.757946
114.757946
114.757946
114.757946
114.757946
114.757946
114.757946
114.757946
114.757946
114.757946
114.757946
114.757946
114.757807
114.757807
114.757807
114.757807
114.757807
114.757807
114.757807
114.757807
114.757807
114.757807
114.757765
114.757765
114.757765
114.757765
114.757765
114.757765
114.757765
114.757765
114.757765
114.757765
114.757765
114.757765
114.757765
114.757765
114.757765
114.757765
114.757765
114.757765
114.757765
114.757765
114.757431
114.757431
114.757431
114.757431
114.757431
114.757431
114.757431
114.757431
114.757431
114.757431
114.757431
114.757431
114.757431
114.757431
114.757431
114.757431
114.757431
114.757431
114.757431
114.757431
114.757431
114.757431
114.757431
114.757431
114.757431
114.757431
114.757431
114.757431
114.757210
114.757210
114.757210
114.757210
114.757210
114.757210
114.757210
114.757210
114.757210
114.757210
114.756520
114.756520
114.756520
114.756520
114.756520
114.756520
114.756520
114.756520
114.756520
114.756520
114.756520
114.756520
114.756520
114.756520
114.756520
114.756520
114.756520
114.756520
114.756520
114.756520
114.756520
114.756520
114.756520
114.756520
114.756520
114.756520
114.756520
114.756520
114.756256
114.756256
114.756256
114.756256
114.756256
114.756256
114.756256
114.756256
114.756256
114.756256
114.755699
114.755699
114.755699
114.755699
114.755699
114.755699
114.755699
114.755699
114.755699
114.755699
114.755550
114.755550
114.755550
114.755550
114.755550
114.755550
114.755550
114.755550
114.755550
114.755550
114.755550
114.755550
114.755550
114.755550
114.755550
114.755550
114.755550
114.755550
114.755550
114.755550
114.755550
114.755550
114.755550
114.755550
114.755550
114.755550
114.755550
114.755550
114.754877
114.754877
114.754877
114.754681
114.754681
114.754681
114.754681
114.754681
114.754681
114.754681
114.754681
114.754681
114.754681
114.754405
114.754405
114.754405
114.754405
114.754405
114.754405
114.754405
114.754405
114.754405
114.754405
114.754405
114.754405
114.754405
114.754405
114.754325
114.754325
114.754325
114.754325
114.754325
114.754325
114.754325
114.754272
114.754272
114.754272
114.754272
114.754272
114.754272
114.754272
114.754272
114.754272
114.754272
114.754272
114.754272
114.754272
114.754272
114.754272
114.754272
114.754006
114.754006
114.754006
114.754006
114.754006
114.754006
114.754006
114.754006
114.754006
114.754006
114.753919
114.753919
114.753919
114.753919
114.753919
114.753919
114.753919
114.753919
114.753919
114.753919
114.753660
114.753660
114.753660
114.753660
114.753660
114.753660
114.753660
114.753660
114.753660
114.753660
114.753660
114.753660
114.753660
114.753660
114.753660
114.753660
114.753660
114.753660
114.753660
114.753660
114.753660
114.753660
114.753660
114.753660
114.753660
114.753660
114.753660
114.753660
114.753660
114.753660
114.753660
114.753660
114.753660
114.753660
114.753660
114.753660
114.753660
114.753660
114.753660
114.753660
114.753660
114.753660
114.753660
114.753660
114.753660
114.753660
114.753660
114.753390
114.753390
114.753390
114.753390
114.753390
114.753390
114.753390
114.753368
114.753368
114.753368
114.753368
114.753368
114.753368
114.753148
114.753148
114.753148
114.753148
114.753148
114.753148
114.753148
114.753148
114.753148
114.753148
114.752724
114.752724
114.752724
114.752724
114.751078
114.751078
114.751078
114.751078
114.751078
114.751078
114.751078
114.751078
114.751078
114.751078
114.751074
114.751074
114.751074
114.751074
114.751074
114.751074
114.751074
114.751074
114.751074
114.751074
114.751074
114.751074
114.751074
114.749884
114.749884
114.749884
114.749884
114.749884
114.749884
114.749884
114.749884
114.749884
114.749884
114.749880
114.749880
114.749880
114.749880
114.749880
114.749880
114.749880
114.748786
114.748786
114.748786
114.748786
114.748786
114.748786
114.748786
114.748786
114.748786
114.748786
114.748786
114.748786
114.748786
114.748786
114.748786
114.748786
114.748786
114.748786
114.748786
114.748786
114.748786
114.748786
114.748786
114.748786
114.748273
114.748273
114.748273
114.748273
114.748273
114.748273
114.748273
114.748273
114.748273
114.748273
114.748273
114.748273
114.747772
114.747772
114.747772
114.747772
114.747772
114.747772
114.747772
114.747662
114.747662
114.747662
114.747662
114.747662
114.747662
114.747662
114.747662
114.747662
114.747662
114.747662
114.747662
114.747662
114.747662
114.747662
114.747245
114.747245
114.746331
114.746331
114.746331
114.746331
114.746331
114.746331
114.746331
114.746331
114.746331
114.746331
114.746325
114.746325
114.746325
114.746325
114.746325
114.746325
114.746325
114.746325
114.746325
114.746325
114.746325
114.746325
114.746325
114.746325
114.746325
114.746325
114.746165
114.746165
114.746042
114.746042
114.746042
114.746042
114.746042
114.745801
114.745801
114.745801
114.745801
114.745801
114.745801
114.745801
114.745801
114.745801
114.745801
114.745790
114.745790
114.745790
114.744762
114.744762
114.744134
114.744134
114.744134
114.744134
114.744134
114.744134
114.744134
114.744134
114.744134
114.744134
114.744134
114.744134
114.744134
114.744134
114.744134
114.744134
114.744134
114.743505
114.743505
114.743505
114.743505
114.743505
114.743505
114.743505
114.743505
114.743505
114.743505
114.743505
114.743505
114.743505
114.743505
114.743505
114.743505
114.743505
114.743505
114.743505
114.743142
114.743142
114.743109
114.743109
114.743109
114.743109
114.743109
114.743109
114.743109
114.742599
114.742599
114.742599
114.742599
114.742599
114.742599
114.742599
114.742599
114.742599
114.742599
114.742599
114.742599
114.742599
114.742234
114.742234
114.742234
114.742234
114.742234
114.742234
114.742234
114.742234
114.742234
114.742234
114.742234
114.742234
114.742234
114.742234
114.742234
114.742234
114.742234
114.741396
114.741396
114.741396
114.741396
114.741396
114.741396
114.741396
114.741396
114.741396
114.741396
114.741396
114.741396
114.741396
114.741396
114.741396
114.741396
114.741396
114.741396
114.741396
114.741396
114.741285
114.741285
114.741285
114.741004
114.741004
114.741004
114.741004
114.741004
114.741004
114.740491
114.740491
114.740491
114.740491
114.740491
114.740491
114.740491
114.740491
114.740491
114.740491
114.739777
114.739777
114.739777
114.739777
114.739777
114.739777
114.739777
114.739777
114.739777
114.739777
114.739777
114.739777
114.739777
114.739777
114.739777
114.739777
114.739415
114.739415
114.739415
114.739415
114.739415
114.739415
114.739415
114.739415
114.739415
114.739415
114.739415
114.739415
114.739415
114.739415
114.739415
114.739415
114.739415
114.739415
114.739415
114.739415
114.739414
114.739414
114.739414
114.739414
114.739414
114.739414
114.739414
114.739414
114.739414
114.739414
114.739408
114.739408
114.739408
114.739408
114.739408
114.739408
114.739408
114.739408
114.739408
114.739408
114.739257
114.739257
114.739257
114.739257
114.739257
114.739257
114.739257
114.739257
114.739257
114.739257
114.739257
114.739257
114.739257
114.739257
114.739247
114.739247
114.739247
114.739247
114.739247
114.739247
114.738701
114.738701
114.738701
114.738701
114.738701
114.738701
114.738701
114.738701
114.738701
114.738701
114.738701
114.738701
114.738701
114.738701
114.738701
114.738701
114.738701
114.738391
114.738391
114.738391
114.738391
114.738391
114.738391
114.738391
114.738391
114.738391
114.738391
114.738387
114.738387
114.738387
114.738387
114.738387
114.738387
114.738387
114.738387
114.738387
114.738387
114.738387
114.738387
114.738387
114.738387
114.738387
114.738387
114.738387
114.738387
114.738387
114.738387
114.738387
114.738065
114.738065
114.737903
114.737903
114.737903
114.737903
114.737903
114.737903
114.737903
114.737903
114.737903
114.737903
114.737902
114.737902
114.737902
114.737902
114.737902
114.737902
114.737902
114.737902
114.737902
114.737902
114.737902
114.737902
114.737902
114.737902
114.737902
114.737902
114.737902
114.737902
114.737337
114.737337
114.737337
114.737337
114.737337
114.737337
114.737337
114.737337
114.737337
114.737267
114.737267
114.737267
114.736663
114.736663
114.736663
114.736663
114.736663
114.736663
114.736663
114.736663
114.736663
114.736663
114.736657
114.736657
114.736657
114.736657
114.736657
114.736261
114.736261
114.736261
114.736261
114.736261
114.736261
114.735657
114.735657
114.735657
114.735657
114.735657
114.735657
114.735657
114.735657
114.735657
114.735657
114.735657
114.735657
114.735657
114.735657
114.735657
114.735657
114.735657
114.735657
114.735657
114.735657
114.735657
114.735657
114.735657
114.735657
114.735657
114.735657
114.735657
114.735657
114.735657
114.735657
114.735657
114.735657
114.735657
114.735657
114.735657
114.735657
114.735657
114.735657
114.735657
114.735460
114.735460
114.735460
114.735460
114.735460
114.735460
114.735460
114.735460
114.735460
114.735460
114.733986
114.733986
114.733986
114.733986
114.733986
114.733986
114.733986
114.733986
114.733986
114.733986
114.733986
114.733986
114.733986
114.733986
114.733986
114.733986
114.733986
114.733986
114.733986
114.733986
114.733977
114.733977
114.733977
114.733977
114.733977
114.733977
114.733977
114.733977
114.733760
114.733760
114.732971
114.732971
114.732971
114.732971
114.732971
114.732971
114.732971
114.732971
114.731909
114.731909
114.731909
114.731909
114.731909
114.731909
114.731909
114.731909
114.731909
114.731891
114.731891
114.731891
114.731891
114.731891
114.731891
114.731891
114.731891
114.731891
114.731891
114.730830
114.730830
114.730830
114.730830
114.730098
114.730098
114.730098
114.730098
114.730098
114.730098
114.730098
114.730098
114.730098
114.729955
114.729955
114.729955
114.729955
114.729955
114.729955
114.729955
114.729955
114.728178
114.728178
114.728062
114.726434
114.726434
114.726434
114.726434
114.726434
114.726434
114.726434
114.726434
114.726434
114.724331
114.724331
114.724331
114.724331
114.724331
114.724331
114.724331
114.724331
114.724331
114.724331
114.721051
114.721051
114.721051
114.721051
114.721051
114.721051
114.721051
114.721051
114.721051
114.721051
114.718719
114.718719
114.718719
114.718719
114.718719
114.718719
114.718719
114.718719
114.718719
114.718719
114.718719
114.718719
114.718719
114.718719
114.718719
114.718719
114.718719
114.718719
114.718719
114.718719
114.718719
114.718719
114.718719
114.718719
114.718719
114.716160
114.716160
114.716160
114.716160
114.716160
114.716160
114.716160
114.716160
114.716160
114.716160
114.716160
114.716160
114.716160
114.715532
114.715532
114.715532
114.715532
114.715532
114.715532
114.715532
114.715532
114.715532
114.715532
114.715532
114.715532
114.715532
114.715532
114.715532
114.715532
114.715532
114.715532
114.715532
114.715532
114.711600
114.711600
114.711600
114.711600
114.711600
114.711600
114.711600
114.711600
114.711600
114.711600
114.706059
114.706059
114.706059
114.706059
114.706059
114.706059
114.706059
114.706059
114.706059
114.706059
114.706059
114.706059
114.706059
114.706059
114.706059
114.706059
114.706059
114.706059
114.706059
114.706059
114.706059
114.706059
114.706059
114.706059
114.706059
114.706059
114.706059
114.704195
114.704195
114.704195
114.704195
114.704195
114.702933
114.702933
114.702933
114.702933
114.702933
114.702933
114.702933
114.702933
114.702933
114.702933
114.702933
114.699536
114.699536
114.699536
114.699536
114.699536
114.699536
114.699536
114.699536
114.699536
114.699536
114.699534
114.699534
114.699534
114.699534
114.698379
114.698379
114.698118
114.698118
114.698118
114.698118
114.696731
114.696731
114.696731
114.696731
114.696731
114.696731
114.696731
114.696731
114.696731
114.696731
114.696188
114.695909
114.695909
114.695909
114.695909
114.695909
114.695909
114.695909
114.695909
114.695909
114.695909
114.695909
114.695909
114.695909
114.695909
114.695909
114.695909
114.695909
114.695909
114.695909
114.695909
114.695909
114.695909
114.695909
114.695909
114.695909
114.695909
114.695909
114.695909
114.695909
114.695909
114.695909
114.695909
114.695909
114.695909
114.695909
114.693091
114.693091
114.693091
114.693091
114.693091
114.691931
114.691931
114.691931
114.691931
114.691931
114.691931
114.691931
114.691931
114.691931
114.691931
114.689076
114.689076
114.689076
114.689076
114.689076
114.689076
114.689076
114.689076
114.689076
114.689076
114.689071
114.689071
114.689071
114.689071
114.689071
114.689071
114.689071
114.689071
114.688871
114.688871
114.688871
114.688871
114.688871
114.688871
114.688871
114.688871
114.688871
114.688871
114.688522
114.688522
114.684526
114.684526
114.684526
114.684526
114.684526
114.684526
114.684526
114.684526
114.684526
114.684526
114.684526
114.684526
114.684526
114.684526
114.684526
114.684526
114.684526
114.684526
114.684526
114.684526
114.683406
114.683406
114.683406
114.683406
114.683406
114.683406
114.683406
114.683406
114.683406
114.683406
114.683406
114.683406
114.683406
114.683406
114.683406
114.683406
114.683406
114.683406
114.683406
114.683406
114.683406
114.683406
114.683406
114.683406
114.683406
114.683406
114.683406
114.683406
114.683406
114.683406
114.683406
114.683406
114.683404
114.683404
114.677931
114.677931
114.677931
114.677931
114.677931
114.677931
114.677931
114.677931
114.677931
114.677931
114.677931
114.677931
114.677931
114.677931
114.677931
114.677931
114.677931
114.677931
114.677931
114.677931
114.677929
114.677929
114.677929
114.677929
114.677929
114.677730
114.677730
114.677730
114.677730
114.677730
114.677730
114.677730
114.677730
114.677730
114.677730
114.677730
114.677730
114.677730
114.676902
114.676902
114.676083
114.676083
114.676083
114.676083
114.674977
114.674977
114.674977
114.674977
114.674977
114.674409
114.674409
114.674409
114.674409
114.674409
114.674409
114.673932
114.673932
114.673932
114.668685
114.668685
114.668685
114.668685
114.668685
114.668685
114.668685
114.668685
114.668685
114.668685
114.668685
114.668685
114.668685
114.668685
114.668685
114.668685
114.668685
114.668685
114.667980
114.667980
114.667980
114.667980
114.667980
114.667980
114.667980
114.667980
114.667980
114.667980
114.667980
114.667980
114.667711
114.667711
114.667711
114.667711
114.666583
114.666583
114.665651
114.665651
114.665651
114.665651
114.665651
114.665651
114.665651
114.665651
114.665651
114.665651
114.665651
114.665651
114.665651
114.665651
114.665651
114.665651
114.665651
114.665651
114.665651
114.665651
114.665651
114.665651
114.665651
114.665651
114.665651
114.664959
114.664959
114.664959
114.664959
114.664959
114.664959
114.664959
114.664959
114.664959
114.664959
114.664697
114.664697
114.664697
114.664697
114.664697
114.663996
114.663996
114.663996
114.663996
114.663996
114.663996
114.662910
114.662910
114.662910
114.662910
114.660643
114.660643
114.660643
114.660643
114.660643
114.660643
114.660643
114.660643
114.660643
114.660643
114.660643
114.660643
114.660643
114.660643
114.660643
114.660643
114.660643
114.660643
114.660643
114.660643
114.660643
114.660643
114.660643
114.660643
114.660643
114.660513
114.660513
114.660513
114.660513
114.660513
114.660513
114.660513
114.660513
114.660513
114.660513
114.658397
114.658397
114.658397
114.658397
114.658397
114.658397
114.658397
114.658397
114.658397
114.658397
114.658397
114.658397
114.658397
114.658397
114.658397
114.657897
114.657897
114.657897
114.657897
114.657897
114.657897
114.657897
114.657897
114.657897
114.657897
114.657897
114.657897
114.657897
114.657897
114.657897
114.657897
114.657897
114.657897
114.657897
114.657897
114.657704
114.657704
114.657704
114.657704
114.657704
114.657704
114.657704
114.657704
114.657704
114.657704
114.657704
114.657704
114.657704
114.657704
114.657704
114.656865
114.656865
114.656865
114.656865
114.656865
114.656709
114.656709
114.656709
114.656709
114.656709
114.656709
114.656709
114.656709
114.656709
114.656709
114.656176
114.656176
114.656176
114.656176
114.656176
114.656176
114.656176
114.656176
114.656176
114.656176
114.656176
114.656176
114.656176
114.656176
114.656176
114.656176
114.656176
114.656176
114.656176
114.656176
114.656176
114.656176
114.656176
114.656176
114.656176
114.656176
114.656176
114.656176
114.656176
114.656176
114.655117
114.655117
114.655117
114.655117
114.655117
114.655117
114.655117
114.655117
114.655117
114.655117
114.655117
114.655117
114.655117
114.655117
114.655117
114.655117
114.655117
114.655117
114.655117
114.655117
114.655117
114.655117
114.655117
114.655117
114.655053
114.655053
114.655053
114.654864
114.654864
114.654864
114.654864
114.654864
114.654864
114.654864
114.654864
114.654864
114.654864
114.654863
114.654863
114.654863
114.654863
114.654863
114.654863
114.654863
114.654863
114.654863
114.654863
114.654863
114.654863
114.654863
114.654863
114.654863
114.654863
114.654863
114.654863
114.654863
114.654863
114.654804
114.654804
114.654804
114.654804
114.654804
114.654804
114.654804
114.654804
114.654804
114.654804
114.654804
114.654804
114.654804
114.654804
114.654804
114.654804
114.654804
114.654804
114.654804
114.654804
114.654804
114.654804
114.654804
114.654804
114.654804
114.654752
114.654752
114.654752
114.654752
114.654752
114.654752
114.654752
114.654752
114.654752
114.654752
114.654752
114.654752
114.654752
114.654752
114.654752
114.654752
114.654727
114.654727
114.654727
114.654727
114.654727
114.654727
114.654720
114.654720
114.654720
114.654720
114.654720
114.654720
114.654720
114.654720
114.654720
114.654720
114.654720
114.654720
114.654720
114.654720
114.654720
114.654720
114.654720
114.654720
114.654720
114.654720
114.654720
114.654720
114.654720
114.654720
114.654720
114.654720
114.654720
114.654720
114.654719
114.654719
114.654719
114.654719
114.654719
114.654718
114.654718
114.654718
114.654718
114.654718
114.654718
114.654718
114.654718
114.654718
114.654718
114.654718
114.654718
114.654718
114.654717
114.654717
114.654717
114.654717
114.654717
114.654717
114.654717
114.654717
114.654717
114.654717
114.654717
114.654717
114.654717
114.654717
114.654717
114.654717
114.654717
114.654717
114.654717
114.654717
114.654717
114.654717
114.654717
114.654717
114.654717
114.654717
114.654717
114.654717
114.654717
114.654717
114.654717
114.654717
114.654717
114.654717
114.654717
114.654717
114.654717
114.654716
114.654716
114.654716
114.654716
114.654716
114.654716
114.654716
114.654716
114.654716
114.654716
114.654716
114.654716
114.654716
114.654716
114.654716
114.654716
114.654716
114.654716
114.654716
114.654716
114.654715
114.654715
114.654715
114.654715
114.654715
114.654715
114.654715
114.654715
114.654715
114.654715
114.654715
114.654715
114.654715
114.654715
114.654715
114.654715
114.654715
114.654715
114.654715
114.654715
114.654715
114.654715
114.654715
114.654715
114.654715
114.654715
114.654715
114.654715
114.654715
114.654715
114.654714
114.654714
114.654714
114.654714
114.654714
114.654714
114.654714
114.654714
114.654714
114.654714
114.654714
114.654714
114.654714
114.654714
114.654714
114.654714
114.654714
114.654714
114.654714
114.654714
114.654714
114.654713
114.654713
114.654713
114.654713
114.654713
114.654713
114.654713
114.654713
114.654713
114.654713
114.654713
114.654713
114.654713
114.654713
114.654713
114.654713
114.654713
114.654713
114.654713
114.654713
114.654710
114.654710
114.654710
114.654710
114.654710
114.654710
114.654710
114.654710
114.654710
114.654710
114.654710
114.654710
114.654710
114.654710
114.654710
114.654710
114.654710
114.654710
114.654710
114.654710
114.654710
114.654710
114.654710
114.654710
114.654710
114.654710
114.654710
114.654708
114.654708
114.654708
114.654708
114.654708
114.654708
114.654708
114.654708
114.654708
114.654708
114.654708
114.654708
114.654708
114.654708
114.654708
114.654708
114.654708
114.654708
114.654708
114.654708
114.654708
114.654708
114.654708
114.654708
114.654708
114.654708
114.654708
114.654708
114.654708
114.654708
114.654708
114.654708
114.654708
114.654708
114.654708
114.654708
114.654708
114.654708
114.654708
114.654708
114.654708
114.654708
114.654708
114.654708
114.654708
114.654708
114.654708
114.654708
114.654708
114.654708
114.654708
114.654708
114.654708
114.654708
114.654708
114.654708
114.654708
114.654708
114.654708
114.654708
114.654708
114.654707
114.654707
114.654707
114.654707
114.654707
114.654707
114.654707
114.654707
114.654707
114.654707
114.654707
114.654707
114.654707
114.654707
114.654707
114.654707
114.654707
114.654707
114.654707
114.654707
114.654707
114.654707
114.654707
114.654707
114.654707
114.654707
114.654707
114.654707
114.654707
114.654707
114.654707
114.654707
114.654707
114.654707
114.654707
114.654707
114.654707
114.654707
114.654707
114.654707
114.654707
114.654707
114.654707
114.654707
114.654706
114.654706
114.654706
114.654706
114.654706
114.654706
114.654706
114.654706
114.654706
114.654706
114.654706
114.654706
114.654706
114.654706
114.654706
114.654706
114.654706
114.654706
114.654706
114.654706
114.654706
114.654705
114.654705
114.654705
114.654705
114.654705
114.654705
114.654705
114.654705
114.654705
114.654705
114.654705
114.654705
114.654705
114.654705
114.654705
114.654705
114.654705
114.654705
114.654705
114.654705
114.654705
114.654705
114.654705
114.654705
114.654705
114.654705
114.654705
114.654705
114.654705
114.654705
114.654705
114.654705
114.654705
114.654705
114.654705
114.654704
114.654704
114.654704
114.654704
114.654704
114.654703
114.654703
114.654703
114.654703
114.654703
114.654703
114.654703
114.654703
114.654703
114.654703
114.654702
114.654702
114.654702
114.654702
114.654702
114.654702
114.654702
114.654702
114.654702
114.654702
114.654702
114.654702
114.654702
114.654702
114.654702
114.654702
114.654702
114.654702
114.654702
114.654702
114.654702
114.654702
114.654702
114.654702
114.654702
114.654702
114.654702
114.654702
114.654702
114.654702
114.654701
114.654701
114.654701
114.654701
114.654701
114.654701
114.654701
114.654701
114.654701
114.654701
114.654701
114.654701
114.654701
114.654701
114.654701
114.654701
114.654701
114.654701
114.654701
114.654701
114.654701
114.654701
114.654701
114.654701
114.654701
114.654701
114.654701
114.654701
114.654701
114.654701
114.654700
114.654700
114.654700
114.654700
114.654700
114.654700
114.654700
114.654700
114.654700
114.654700
114.654700
114.654700
114.654700
114.654700
114.654700
114.654700
114.654700
114.654699
114.654699
114.654699
114.654699
114.654699
114.654699
114.654699
114.654699
114.654699
114.654699
114.654697
114.654697
114.654697
114.654697
114.654697
114.654697
114.654697
114.654697
114.654697
114.654697
114.654697
114.654697
114.654697
114.654697
114.654697
114.654697
114.654697
114.654697
114.654697
114.654697
114.654697
114.654697
114.654696
114.654696
114.654696
114.654696
114.654696
114.654696
114.654696
114.654696
114.654696
114.654696
114.654694
114.654694
114.654694
114.654694
114.654694
114.654694
114.654694
114.654694
114.654694
114.654694
114.654693
114.654693
114.654693
114.654693
114.654693
114.654693
114.654693
114.654693
114.654693
114.654693
114.654693
114.654693
114.654693
114.654693
114.654690
114.654690
114.654690
114.654690
114.654690
114.654690
114.654690
114.654690
114.654690
114.654690
114.654690
114.654690
114.654690
114.654690
114.654690
114.654690
114.654690
114.654690
114.654690
114.654690
114.654690
114.654690
114.654690
114.654690
114.654690
114.654690
114.654690
114.654690
114.654690
114.654690
114.654690
114.654690
114.654690
114.654690
114.654690
114.654690
114.654687
114.654687
114.654687
114.654687
114.654687
114.654687
114.654687
114.654687
114.654687
114.654687
114.654687
114.654687
114.654687
114.654687
114.654687
114.654687
114.654687
114.654687
114.654687
114.654687
114.654687
114.654686
114.654686
114.654686
114.654686
114.654686
114.654686
114.654686
114.654686
114.654686
114.654686
114.654682
114.654682
114.654682
114.654682
114.654682
114.654682
114.654682
114.654682
114.654682
114.654681
114.654681
114.654681
114.654681
114.654681
114.654681
114.654681
114.654681
114.654681
114.654681
114.654681
114.654681
114.654681
114.654681
114.654681
114.654681
114.654681
114.654681
114.654681
114.654681
114.654681
114.654681
114.654681
114.654681
114.654681
114.654681
114.654681
114.654681
114.654681
114.654681
114.654680
114.654680
114.654680
114.654680
114.654680
114.654680
114.654680
114.654680
114.654680
114.654680
114.654680
114.654680
114.654680
114.654680
114.654680
114.654680
114.654680
114.654680
114.654680
114.654680
114.654680
114.654678
114.654678
114.654678
114.654678
114.654675
114.654675
114.654675
114.654675
114.654675
114.654675
114.654674
114.654674
114.654674
114.654674
114.654674
114.654674
114.654674
114.654674
114.654674
114.654674
114.654674
114.654674
114.654674
114.654674
114.654674
114.654674
114.654674
114.654674
114.654674
114.654672
114.654670
114.654670
114.654670
114.654670
114.654670
114.654670
114.654670
114.654670
114.654670
114.654670
114.654670
114.654670
114.654670
114.654670
114.654670
114.654670
114.654670
114.654670
114.654670
114.654670
114.654664
114.654664
114.654664
114.654664
114.654664
114.654664
114.654664
114.654664
114.654664
114.654664
114.654664
114.654664
114.654664
114.654664
114.654664
114.654664
114.654664
114.654664
114.654664
114.654664
114.654664
114.654664
114.654664
114.654664
114.654664
114.654664
114.654664
114.654664
114.654664
114.654664
114.654664
114.654664
114.654664
114.654664
114.654664
114.654664
114.654664
114.654664
114.654664
114.654664
114.654664
114.654660
114.654660
114.654659
114.654659
114.654659
114.654659
114.654659
114.654659
114.654659
114.654659
114.654659
114.654659
114.654659
114.654659
114.654659
114.654659
114.654659
114.654659
114.654659
114.654659
114.654659
114.654659
114.654659
114.654659
114.654659
114.654659
114.654659
114.654659
114.654659
114.654659
114.654659
114.654659
114.654656
114.654656
114.654656
114.654656
114.654656
114.654656
114.654656
114.654656
114.654656
114.654656
114.654656
114.654656
114.654656
114.654656
114.654656
114.654656
114.654656
114.654656
114.654656
114.654656
114.654656
114.654656
114.654656
114.654656
114.654656
114.654656
114.654656
114.654656
114.654655
114.654655
114.654655
114.654655
114.654655
114.654655
114.654655
114.654655
114.654655
114.654655
114.654655
114.654655
114.654655
114.654655
114.654655
114.654655
114.654655
114.654655
114.654655
114.654655
114.654655
114.654655
114.654655
114.654655
114.654655
114.654654
114.654654
114.654654
114.654654
114.654654
114.654654
114.654654
114.654654
114.654654
114.654654
114.654654
114.654654
114.654654
114.654654
114.654654
114.654654
114.654654
114.654654
114.654654
114.654654
114.654654
114.654654
114.654654
114.654654
114.654654
114.654654
114.654654
114.654654
114.654654
114.654654
114.654654
114.654654
114.654654
114.654654
114.654654
114.654654
114.654654
114.654654
114.654654
114.654654
114.654654
114.654654
114.654654
114.654654
114.654654
114.654654
114.654654
114.654654
114.654654
114.654654
114.654654
114.654654
114.654654
114.654654
114.654654
114.654654
114.654654
114.654654
114.654654
114.654654
114.654654
114.654654
114.654654
114.654654
114.654654
114.654654
114.654654
114.654654
114.654654
114.654654
114.654654
114.654654
114.654654
114.654654
114.654654
114.654654
114.654654
114.654654
114.654654
114.654654
114.654654
114.654654
114.654654
114.654654
114.654654
114.654654
114.654654
114.654654
114.654654
114.654654
114.654654
114.654654
114.654654
114.654654
114.654654
114.654654
114.654654
114.654654
114.654654
114.654654
114.654654
114.654654
114.654654
114.654654
114.654654
114.654654
114.654654
114.654654
114.654654
114.654654
114.654654
114.654654
114.654654
114.654654
114.654654
114.654654
114.654654
114.654654
114.654654
114.654654
114.654654
114.654654
114.654654
114.654654
114.654653
114.654653
114.654653
114.654653
114.654653
114.654653
114.654653
114.654653
114.654653
114.654653
114.654653
114.654653
114.654653
114.654653
114.654653
114.654653
114.654653
114.654653
114.654653
114.654653
114.654653
114.654653
114.654653
114.654653
114.654653
114.654653
114.654653
114.654653
114.654653
114.654653
114.654653
114.654653
114.654653
114.654653
114.654653
114.654653
114.654653
114.654653
114.654653
114.654653
114.654653
114.654653
114.654653
114.654653
114.654653
114.654653
114.654653
114.654653
114.654653
114.654653
114.654653
114.654653
114.654653
114.654653
114.654653
114.654653
114.654653
114.654653
114.654653
114.654653
114.654653
114.654653
114.654653
114.654653
114.654653
114.654653
114.654653
114.654653
114.654653
114.654653
114.654653
114.654653
114.654653
114.654653
114.654653
114.654653
114.654652
114.654652
114.654652
114.654652
114.654652
114.654652
114.654652
114.654652
114.654652
114.654652
114.654652
114.654652
114.654652
114.654652
114.654652
114.654652
114.654652
114.654652
114.654652
114.654652
114.654652
114.654652
114.654652
114.654652
114.654652
114.654652
114.654652
114.654652
114.654652
114.654651
114.654651
114.654651
114.654651
114.654651
114.654651
114.654651
114.654651
114.654651
114.654651
114.654651
114.654651
114.654651
114.654651
114.654651
114.654651
114.654651
114.654651
114.654651
114.654651
114.654651
114.654651
114.654651
114.654651
114.654651
114.654651
114.654651
114.654651
114.654651
114.654651
114.654651
114.654651
114.654651
114.654651
114.654651
114.654651
114.654651
114.654651
114.654651
114.654651
114.654651
114.654651
114.654650
114.654650
114.654650
114.654650
114.654650
114.654650
114.654650
114.654650
114.654650
114.654650
114.654650
114.654650
114.654650
114.654650
114.654650
114.654650
114.654650
114.654650
114.654650
114.654650
114.654650
114.654650
114.654650
114.654650
114.654650
114.654650
114.654650
114.654650
114.654650
114.654650
114.654650
114.654650
114.654650
114.654650
114.654650
114.654650
114.654650
114.654650
114.654650
114.654650
114.654650
114.654650
114.654650
114.654650
114.654650
114.654650
114.654650
114.654650
114.654650
114.654650
114.654650
114.654650
114.654650
114.654650
114.654650
114.654650
114.654650
114.654650
114.654650
114.654650
114.654650
114.654650
114.654650
114.654650
114.654650
114.654650
114.654650
114.654650
114.654650
114.654650
114.654650
114.654650
114.654650
114.654650
114.654650
114.654650
114.654650
114.654650
114.654650
114.654650
114.654650
114.654650
114.654650
114.654650
114.654650
114.654650
114.654650
114.654650
114.654650
114.654650
114.654650
114.654650
114.654650
114.654650
114.654650
114.654650
114.654650
114.654650
114.654650
114.654650
114.654650
114.654650
114.654650
114.654650
114.654650
114.654650
114.654650
114.654650
114.654650
114.654649
114.654649
114.654649
114.654649
114.654649
114.654649
114.654649
114.654649
114.654649
114.654649
114.654649
114.654649
114.654649
114.654648
114.654648
114.654648
114.654648
114.654648
114.654648
114.654648
114.654648
114.654648
114.654648
114.654648
114.654648
114.654648
114.654648
114.654648
114.654648
114.654648
114.654648
114.654648
114.654648
114.654648
114.654648
114.654648
114.654648
114.654648
114.654648
114.654648
114.654648
114.654648
114.654648
114.654648
114.654648
114.654648
114.654648
114.654648
114.654648
114.654648
114.654648
114.654648
114.654648
114.654648
114.654648
114.654648
114.654648
114.654648
114.654648
114.654648
114.654648
114.654648
114.654648
114.654648
114.654648
114.654648
114.654648
114.654648
114.654648
114.654648
114.654648
114.654648
114.654648
114.654648
114.654648
114.654648
114.654648
114.654648
114.654648
114.654648
114.654648
114.654648
114.654648
114.654648
114.654648
114.654648
114.654648
114.654648
114.654648
114.654648
114.654648
114.654647
114.654647
114.654647
114.654647
114.654647
114.654647
114.654647
114.654647
114.654647
114.654647
114.654647
114.654647
114.654647
114.654647
114.654647
114.654647
114.654647
114.654647
114.654647
114.654647
114.654647
114.654647
114.654647
114.654647
114.654647
114.654647
114.654647
114.654647
114.654647
114.654647
114.654646
114.654646
114.654646
114.654646
114.654646
114.654646
114.654646
114.654646
114.654646
114.654646
114.654646
114.654646
114.654646
114.654646
114.654646
114.654646
114.654646
114.654646
114.654646
114.654646
114.654646
114.654646
114.654646
114.654646
114.654646
114.654646
114.654646
114.654646
114.654646
114.654646
114.654646
114.654646
114.654646
114.654646
114.654646
114.654646
114.654646
114.654646
114.654646
114.654646
114.654646
114.654646
114.654646
114.654646
114.654646
114.654646
114.654646
114.654646
114.654646
114.654646
114.654646
114.654646
114.654646
114.654646
114.654646
114.654646
114.654645
114.654645
114.654645
114.654645
114.654645
114.654645
114.654645
114.654645
114.654645
114.654645
114.654645
114.654645
114.654645
114.654645
114.654645
114.654645
114.654645
114.654645
114.654645
114.654645
114.654645
114.654645
114.654645
114.654645
114.654645
114.654645
114.654645
114.654645
114.654645
114.654645
114.654645
114.654645
114.654645
114.654645
114.654645
114.654645
114.654645
114.654645
114.654645
114.654645
114.654645
114.654645
114.654645
114.654645
114.654645
114.654645
114.654645
114.654645
114.654645
114.654645
114.654645
114.654645
114.654645
114.654645
114.654645
114.654645
114.654645
114.654645
114.654645
114.654645
114.654645
114.654645
114.654645
114.654645
114.654644
114.654644
114.654644
114.654644
114.654644
114.654644
114.654644
114.654644
114.654644
114.654644
114.654644
114.654644
114.654644
114.654644
114.654644
114.654644
114.654644
114.654644
114.654644
114.654644
114.654644
114.654644
114.654644
114.654644
114.654644
114.654644
114.654644
114.654644
114.654644
114.654644
114.654644
114.654644
114.654644
114.654644
114.654644
114.654644
114.654644
114.654644
114.654644
114.654644
114.654644
114.654644
114.654643
114.654643
114.654643
114.654643
114.654643
114.654643
114.654643
114.654643
114.654643
114.654643
114.654643
114.654643
114.654643
114.654643
114.654643
114.654643
114.654643
114.654643
114.654643
114.654643
114.654643
114.654643
114.654643
114.654643
114.654643
114.654643
114.654643
114.654643
114.654643
114.654643
114.654643
114.654643
114.654643
114.654643
114.654643
114.654642
114.654642
114.654642
114.654642
114.654642
114.654642
114.654642
114.654642
114.654642
114.654642
114.654642
114.654642
114.654642
114.654642
114.654642
114.654642
114.654642
114.654642
114.654642
114.654642
114.654642
114.654642
114.654642
114.654642
114.654642
114.654642
114.654642
114.654642
114.654642
114.654642
114.654642
114.654642
114.654642
114.654642
114.654642
114.654642
114.654642
114.654642
114.654642
114.654642
114.654642
114.654642
114.654642
114.654642
114.654642
114.654642
114.654642
114.654642
114.654642
114.654641
114.654641
114.654641
114.654641
114.654641
114.654641
114.654641
114.654641
114.654641
114.654641
114.654641
114.654641
114.654641
114.654641
114.654641
114.654641
114.654641
114.654641
114.654641
114.654641
114.654641
114.654641
114.654641
114.654641
114.654641
114.654641
114.654641
114.654640
114.654640
114.654640
114.654640
114.654640
114.654640
114.654640
114.654640
114.654640
114.654640
114.654640
114.654640
114.654640
114.654640
114.654640
114.654640
114.654640
114.654640
114.654640
114.654640
114.654640
114.654640
114.654640
114.654640
114.654640
114.654640
114.654640
114.654640
114.654640
114.654640
114.654640
114.654640
114.654640
114.654640
114.654640
114.654640
114.654640
114.654640
114.654640
114.654640
114.654640
114.654640
114.654640
114.654640
114.654640
114.654640
114.654640
114.654639
114.654639
114.654639
114.654639
114.654639
114.654639
114.654639
114.654639
114.654639
114.654639
114.654639
114.654639
114.654639
114.654639
114.654639
114.654639
114.654639
114.654639
114.654639
114.654639
114.654639
114.654639
114.654639
114.654639
114.654639
114.654639
114.654639
114.654639
114.654639
114.654639
114.654638
114.654638
114.654638
114.654638
114.654638
114.654638
114.654638
114.654638
114.654638
114.654637
114.654637
114.654637
114.654637
114.654637
114.654637
114.654637
114.654637
114.654637
114.654637
114.654637
114.654637
114.654637
114.654637
114.654637
114.654637
114.654637
114.654637
114.654637
114.654637
114.654637
114.654637
114.654637
114.654636
114.654636
114.654636
114.654636
114.654636
114.654636
114.654636
114.654636
114.654636
114.654636
114.654636
114.654636
114.654635
114.654635
114.654635
114.654635
114.654635
114.654635
114.654635
114.654635
114.654635
114.654635
114.654635
114.654635
114.654635
114.654635
114.654635
114.654635
114.654635
114.654635
114.654635
114.654635
114.654635
114.654635
114.654635
114.654635
114.654635
114.654635
114.654635
114.654635
114.654635
114.654635
114.654635
114.654635
114.654635
114.654635
114.654635
114.654635
114.654635
114.654635
114.654635
114.654635
114.654635
114.654635
114.654635
114.654635
114.654635
114.654635
114.654635
114.654635
114.654635
114.654635
114.654635
114.654635
114.654635
114.654635
114.654635
114.654635
114.654635
114.654635
114.654635
114.654635
114.654635
114.654635
114.654635
114.654635
114.654634
114.654634
114.654634
114.654634
114.654634
114.654634
114.654634
114.654634
114.654634
114.654634
114.654634
114.654634
114.654634
114.654634
114.654634
114.654634
114.654634
114.654634
114.654634
114.654634
114.654634
114.654634
114.654633
114.654633
114.654633
114.654633
114.654632
114.654632
114.654632
114.654632
114.654632
114.654632
114.654632
114.654632
114.654632
114.654632
114.654632
114.654632
114.654632
114.654632
114.654632
114.654632
114.654632
114.654632
114.654632
114.654632
114.654632
114.654632
114.654632
114.654632
114.654632
114.654632
114.654632
114.654632
114.654632
114.654632
114.654631
114.654631
114.654631
114.654631
114.654631
114.654631
114.654631
114.654631
114.654630
114.654630
114.654630
114.654630
114.654630
114.654630
114.654630
114.654630
114.654630
114.654630
114.654630
114.654630
114.654630
114.654630
114.654630
114.654630
114.654630
114.654630
114.654630
114.654630
114.654629
114.654629
114.654629
114.654629
114.654629
114.654629
114.654629
114.654629
114.654629
114.654629
114.654629
114.654629
114.654629
114.654629
114.654629
114.654629
114.654629
114.654629
114.654629
114.654629
114.654629
114.654629
114.654629
114.654629
114.654629
114.654629
114.654629
114.654629
114.654629
114.654629
114.654629
114.654629
114.654629
114.654629
114.654629
114.654629
114.654629
114.654629
114.654629
114.654629
114.654629
114.654629
114.654629
114.654629
114.654629
114.654629
114.654629
114.654629
114.654629
114.654629
114.654629
114.654629
114.654629
114.654629
114.654629
114.654627
114.654627
114.654627
114.654627
114.654627
114.654627
114.654627
114.654627
114.654627
114.654627
114.654627
114.654627
114.654627
114.654627
114.654627
114.654627
114.654627
114.654627
114.654627
114.654627
114.654627
114.654627
114.654627
114.654627
114.654627
114.654627
114.654627
114.654627
114.654627
114.654627
114.654627
114.654627
114.654627
114.654625
114.654625
114.654625
114.654625
114.654625
114.654625
114.654625
114.654625
114.654625
114.654625
114.654625
114.654625
114.654625
114.654625
114.654625
114.654625
114.654625
114.654625
114.654625
114.654625
114.654625
114.654625
114.654625
114.654625
114.654625
114.654625
114.654625
114.654625
114.654625
114.654625
114.654625
114.654625
114.654625
114.654625
114.654625
114.654625
114.654625
114.654625
114.654625
114.654625
114.654625
114.654625
114.654624
114.654624
114.654624
114.654624
114.654624
114.654624
114.654624
114.654624
114.654624
114.654624
114.654624
114.654624
114.654624
114.654624
114.654624
114.654624
114.654624
114.654624
114.654624
114.654624
114.654623
114.654623
114.654623
114.654623
114.654623
114.654623
114.654623
114.654623
114.654623
114.654623
114.654623
114.654623
114.654623
114.654623
114.654623
114.654623
114.654623
114.654623
114.654623
114.654623
114.654623
114.654623
114.654623
114.654623
114.654623
114.654623
114.654623
114.654623
114.654623
114.654623
114.654622
114.654622
114.654622
114.654622
114.654622
114.654622
114.654622
114.654622
114.654622
114.654622
114.654622
114.654622
114.654622
114.654622
114.654622
114.654622
114.654622
114.654622
114.654622
114.654622
114.654622
114.654622
114.654622
114.654622
114.654622
114.654622
114.654622
114.654622
114.654622
114.654622
114.654622
114.654622
114.654622
114.654622
114.654622
114.654622
114.654622
114.654622
114.654622
114.654622
114.654622
114.654622
114.654622
114.654622
114.654622
114.654622
114.654622
114.654622
114.654622
114.654622
114.654622
114.654622
114.654622
114.654622
114.654622
114.654622
114.654622
114.654622
114.654622
114.654622
114.654621
114.654621
114.654621
114.654621
114.654621
114.654621
114.654621
114.654621
114.654621
114.654621
114.654621
114.654621
114.654621
114.654621
114.654621
114.654621
114.654621
114.654620
114.654620
114.654620
114.654620
114.654620
114.654620
114.654620
114.654620
114.654620
114.654620
114.654620
114.654620
114.654620
114.654619
114.654619
114.654619
114.654619
114.654619
114.654619
114.654619
114.654619
114.654619
114.654619
114.654619
114.654618
114.654618
114.654618
114.654618
114.654618
114.654618
114.654618
114.654618
114.654618
114.654618
114.654618
114.654618
114.654618
114.654618
114.654618
114.654618
114.654618
114.654618
114.654618
114.654618
114.654618
114.654618
114.654618
114.654618
114.654618
114.654618
114.654617
114.654617
114.654617
114.654617
114.654617
114.654617
114.654617
114.654617
114.654616
114.654616
114.654616
114.654616
114.654616
114.654616
114.654616
114.654616
114.654616
114.654616
114.654616
114.654616
114.654616
114.654616
114.654616
114.654616
114.654616
114.654616
114.654616
114.654616
114.654616
114.654616
114.654616
114.654616
114.654616
114.654616
114.654615
114.654615
114.654615
114.654615
114.654615
114.654615
114.654615
114.654615
114.654615
114.654615
114.654614
114.654613
114.654613
114.654613
114.654613
114.654613
114.654613
114.654613
114.654613
114.654613
114.654613
114.654613
114.654613
114.654613
114.654613
114.654613
114.654613
114.654613
114.654613
114.654613
114.654613
114.654613
114.654613
114.654613
114.654613
114.654613
114.654613
114.654613
114.654613
114.654613
114.654613
114.654613
114.654613
114.654613
114.654613
114.654613
114.654613
114.654613
114.654613
114.654611
114.654611
114.654611
114.654611
114.654611
114.654611
114.654611
114.654611
114.654611
114.654611
114.654611
114.654611
114.654611
114.654611
114.654611
114.654611
114.654611
114.654611
114.654611
114.654611
114.654611
114.654611
114.654611
114.654611
114.654611
114.654611
114.654611
114.654611
114.654611
114.654611
114.654611
114.654611
114.654611
114.654611
114.654611
114.654611
114.654611
114.654611
114.654611
114.654611
114.654611
114.654611
114.654611
114.654611
114.654611
114.654611
114.654611
114.654611
114.654611
114.654611
114.654611
114.654611
114.654611
114.654611
114.654611
114.654611
114.654611
114.654611
114.654610
114.654610
114.654610
114.654610
114.654610
114.654610
114.654610
114.654610
114.654610
114.654610
114.654610
114.654610
114.654610
114.654610
114.654610
114.654610
114.654610
114.654610
114.654610
114.654610
114.654610
114.654610
114.654610
114.654609
114.654609
114.654609
114.654609
114.654609
114.654609
114.654609
114.654609
114.654609
114.654609
114.654609
114.654609
114.654609
114.654609
114.654609
114.654609
114.654609
114.654609
114.654609
114.654609
114.654609
114.654609
114.654609
114.654609
114.654609
114.654609
114.654609
114.654609
114.654609
114.654609
114.654609
114.654609
114.654609
114.654609
114.654609
114.654609
114.654609
114.654607
114.654607
114.654607
114.654607
114.654607
114.654607
114.654607
114.654607
114.654607
114.654607
114.654607
114.654607
114.654607
114.654607
114.654607
114.654607
114.654607
114.654607
114.654607
114.654607
114.654607
114.654607
114.654607
114.654607
114.654607
114.654607
114.654607
114.654607
114.654607
114.654607
114.654607
114.654607
114.654607
114.654607
114.654607
114.654607
114.654607
114.654607
114.654607
114.654607
114.654607
114.654607
114.654607
114.654607
114.654607
114.654607
114.654605
114.654605
114.654605
114.654605
114.654605
114.654605
114.654605
114.654605
114.654605
114.654605
114.654605
114.654605
114.654605
114.654605
114.654605
114.654605
114.654605
114.654603
114.654603
114.654603
114.654603
114.654603
114.654603
114.654603
114.654603
114.654603
114.654603
114.654603
114.654603
114.654603
114.654603
114.654603
114.654603
114.654603
114.654602
114.654602
114.654602
114.654602
114.654602
114.654602
114.654602
114.654602
114.654602
114.654602
114.654602
114.654602
114.654600
114.654600
114.654600
114.654600
114.654600
114.654600
114.654600
114.654600
114.654600
114.654600
114.654600
114.654600
114.654600
114.654600
114.654600
114.654600
114.654600
114.654600
114.654600
114.654600
114.654600
114.654600
114.654600
114.654600
114.654600
114.654600
114.654600
114.654600
114.654600
114.654600
114.654598
114.654598
114.654598
114.654598
114.654597
114.654597
114.654597
114.654597
114.654597
114.654597
114.654597
114.654597
114.654597
114.654597
114.654596
114.654596
114.654596
114.654596
114.654596
114.654596
114.654596
114.654596
114.654596
114.654596
114.654596
114.654596
114.654596
114.654596
114.654596
114.654596
114.654596
114.654596
114.654596
114.654596
114.654596
114.654596
114.654596
114.654596
114.654596
114.654596
114.654596
114.654596
114.654596
114.654596
114.654596
114.654596
114.654596
114.654596
114.654596
114.654596
114.654596
114.654596
114.654596
114.654596
114.654596
114.654596
114.654596
114.654596
114.654596
114.654596
114.654594
114.654594
114.654594
114.654594
114.654594
114.654594
114.654594
114.654594
114.654594
114.654594
114.654594
114.654594
114.654594
114.654594
114.654594
114.654594
114.654594
114.654594
114.654594
114.654594
114.654589
114.654589
114.654589
114.654589
114.654589
114.654589
114.654589
114.654589
114.654589
114.654589
114.654589
114.654589
114.654589
114.654589
114.654589
114.654589
114.654589
114.654589
114.654589
114.654589
114.654589
114.654589
114.654589
114.654589
114.654589
114.654589
114.654589
114.654589
114.654589
114.654589
114.654589
114.654589
114.654589
114.654589
114.654587
114.654587
114.654587
114.654587
114.654587
114.654587
114.654587
114.654587
114.654587
114.654587
114.654587
114.654587
114.654587
114.654587
114.654587
114.654587
114.654587
114.654587
114.654587
114.654587
114.654587
114.654587
114.654587
114.654587
114.654587
114.654587
114.654587
114.654587
114.654587
114.654587
114.654586
114.654586
114.654586
114.654586
114.654586
114.654586
114.654586
114.654586
114.654586
114.654586
114.654586
114.654586
114.654586
114.654586
114.654586
114.654586
114.654586
114.654586
114.654586
114.654586
114.654586
114.654586
114.654586
114.654586
114.654586
114.654586
114.654586
114.654586
114.654586
114.654586
114.654586
114.654586
114.654586
114.654586
114.654586
114.654586
114.654586
114.654586
114.654586
114.654586
114.654586
114.654584
114.654584
114.654584
114.654584
114.654584
114.654581
114.654581
114.654581
114.654581
114.654581
114.654581
114.654581
114.654581
114.654581
114.654581
114.654581
114.654581
114.654578
114.654578
114.654578
114.654578
114.654578
114.654578
114.654578
114.654578
114.654578
114.654578
114.654577
114.654577
114.654577
114.654577
114.654577
114.654577
114.654577
114.654577
114.654577
114.654577
114.654577
114.654577
114.654577
114.654575
114.654574
114.654574
114.654574
114.654574
114.654574
114.654574
114.654573
114.654573
114.654573
114.654573
114.654573
114.654573
114.654573
114.654573
114.654573
114.654573
114.654573
114.654573
114.654573
114.654573
114.654572
114.654572
114.654572
114.654572
114.654572
114.654571
114.654571
114.654571
114.654571
114.654571
114.654571
114.654571
114.654571
114.654571
114.654571
114.654568
114.654568
114.654568
114.654568
114.654568
114.654568
114.654568
114.654568
114.654568
114.654568
114.654568
114.654568
114.654568
114.654568
114.654568
114.654568
114.654559
114.654559
114.654559
114.654559
114.654559
114.654559
114.654559
114.654559
114.654559
114.654559
114.654559
114.654559
114.654559
114.654559
114.654559
114.654559
114.654559
114.654559
114.654559
114.654559
114.654559
114.654559
114.654559
114.654559
114.654555
114.654555
114.654555
114.654555
114.654555
114.654555
114.654555
114.654555
114.654555
114.654555
114.654555
114.654555
114.654555
114.654555
114.654555
114.654555
114.654555
114.654555
114.654555
114.654555
114.654555
114.654550
114.654550
114.654550
114.654550
114.654550
114.654550
114.654550
114.654550
114.654550
114.654550
114.654550
114.654550
114.654550
114.654550
114.654550
114.654545
114.654545
114.654545
114.654545
114.654540
114.654540
114.654540
114.654540
114.654540
114.654540
114.654540
114.654540
114.654540
114.654540
114.654540
114.654540
114.654540
114.654540
114.654540
114.654540
114.654540
114.654540
114.654540
114.654533
114.654533
114.654533
114.654533
114.654533
114.654533
114.654533
114.654533
114.654533
114.654533
114.654533
114.654533
114.654533
114.654533
114.654533
114.654532
114.654532
114.654532
114.654532
114.654532
114.654532
114.654532
114.654532
114.654532
114.654532
114.654532
114.654532
114.654532
114.654532
114.654532
114.654532
114.654532
114.654531
114.654531
114.654531
114.654531
114.654531
114.654531
114.654531
114.654531
114.654531
114.654531
114.654531
114.654531
114.654531
114.654531
114.654531
114.654531
114.654531
114.654531
114.654531
114.654531
114.654531
114.654531
114.654531
114.654531
114.654531
114.654531
114.654531
114.654531
114.654531
114.654531
114.654531
114.654531
114.654531
114.654531
114.654531
114.654531
114.654531
114.654531
114.654531
114.654531
114.654531
114.654531
114.654531
114.654531
114.654531
114.654531
114.654531
114.654531
114.654531
114.654531
114.654531
114.654531
114.654531
114.654531
114.654531
114.654531
114.654531
114.654531
114.654531
114.654531
114.654531
114.654531
114.654531
114.654531
114.654531
114.654531
114.654531
114.654531
114.654531
114.654531
114.654531
114.654531
114.654531
114.654531
114.654531
114.654531
114.654531
114.654531
114.654531
114.654531
114.654531
114.654531
114.654531
114.654531
114.654531
114.654531
114.654531
114.654531
114.654531
114.654531
114.654531
114.654531
114.654531
114.654531
114.654531
114.654531
114.654531
114.654531
114.654531
114.654531
114.654531
114.654531
114.654531
114.654531
114.654531
114.654531
114.654531
114.654531
114.654531
114.654531
114.654531
114.654531
114.654531
114.654531
114.654531
114.654531
114.654531
114.654531
114.654531
114.654531
114.654531
114.654531
114.654531
114.654531
114.654531
114.654531
114.654531
114.654531
114.654531
114.654531
114.654531
114.654531
114.654531
114.654531
114.654531
114.654531
114.654531
114.654531
114.654531
114.654531
114.654531
114.654531
114.654531
114.654531
114.654531
114.654531
114.654531
114.654531
114.654531
114.654531
114.654531
114.654531
114.654531
114.654531
114.654531
114.654531
114.654531
114.654531
114.654531
114.654531
114.654531
114.654531
114.654531
114.654531
114.654531
114.654531
114.654531
114.654531
114.654531
114.654531
114.654531
114.654531
114.654531
114.654531
114.654531
114.654531
114.654531
114.654531
114.654531
114.654531
114.654531
114.654531
114.654531
114.654531
114.654531
114.654531
114.654531
114.654531
114.654531
114.654531
114.654531
114.654531
114.654531
114.654531
114.654531
114.654531
114.654531
114.654531
114.654531
114.654531
114.654531
114.654531
114.654531
114.654531
114.654531
114.654531
114.654531
114.654531
114.654531
114.654531
114.654531
114.654531
114.654531
114.654531
114.654531
114.654531
114.654531
114.654531
114.654531
114.654531
114.654531
114.654531
114.654531
114.654531
114.654531
114.654531
114.654531
114.654531
114.654531
114.654531
114.654531
114.654531
114.654531
114.654531
114.654531
114.654531
114.654531
114.654531
114.654531
114.654531
114.654531
114.654531
114.654531
114.654531
114.654531
114.654531
114.654531
114.654531
114.654531
114.654531
114.654531
114.654531
114.654531
114.654531
114.654531
114.654531
114.654531
114.654531
114.654531
114.654531
114.654531
114.654531
114.654531
114.654531
114.654531
114.654531
114.654531
114.654531
114.654531
114.654531
114.654531
114.654531
114.654531
114.654531
114.654531
114.654531
114.654531
114.654531
114.654531
114.654531
114.654531
114.654531
114.654531
114.654531
114.654531
114.654531
114.654531
114.654531
114.654531
114.654531
114.654531
114.654531
114.654531
114.654531
114.654531
114.654531
114.654531
114.654531
114.654531
114.654531
114.654531
114.654531
114.654531
114.654531
114.654531
114.654531
114.654531
114.654531
114.654531
114.654531
114.654531
114.654531
114.654531
114.654531
114.654531
114.654531
114.654531
114.654531
114.654531
114.654531
114.654531
114.654531
114.654531
114.654531
114.654531
114.654531
114.654531
114.654531
114.654531
114.654531
114.654531
114.654531
114.654531
114.654531
114.654531
114.654531
114.654531
114.654531
114.654531
114.654531
114.654531
114.654531
114.654531
114.654531
114.654531
114.654531
114.654531
114.654531
114.654531
114.654531
114.654531
114.654531
114.654531
114.654531
114.654531
114.654531
114.654531
114.654531
114.654531
114.654531
114.654531
114.654531
114.654531
114.654531
114.654531
114.654531
114.654531
114.654531
114.654531
114.654531
114.654531
114.654531
114.654531
114.654531
114.654531
114.654531
114.654531
114.654531
114.654531
114.654531
114.654531
114.654531
114.654531
114.654531
114.654531
114.654531
114.654531
114.654531
114.654531
114.654531
114.654531
114.654531
114.654531
114.654531
114.654531
114.654531
114.654531
114.654531
114.654531
114.654531
114.654531
114.654531
114.654531
114.654531
114.654531
114.654531
114.654531
114.654531
114.654531
114.654531
114.654531
114.654531
114.654531
114.654531
114.654531
114.654531
114.654531
114.654531
114.654531
114.654531
114.654531
114.654531
114.654531
114.654531
114.654531
114.654531
114.654531
114.654531
114.654531
114.654531
114.654531
114.654531
114.654531
114.654531
114.654531
114.654531
114.654531
114.654531
114.654531
114.654531
114.654531
114.654531
114.654531
114.654531
114.654531
114.654531
114.654531
114.654531
114.654531
114.654531
114.654531
114.654531
114.654531
114.654531
114.654531
114.654531
114.654531
114.654531
114.654531
114.654531
114.654531
114.654531
114.654531
114.654531
114.654531
114.654531
114.654531
114.654531
114.654531
114.654531
114.654531
114.654531
114.654531
114.654531
114.654531
114.654531
114.654531
114.654531
114.654531
114.654531
114.654531
114.654531
114.654531
114.654531
114.654531
114.654531
114.654531
114.654531
114.654531
114.654531
114.654531
114.654531
114.654531
114.654531
114.654531
114.654531
114.654531
114.654531
114.654531
114.654531
114.654531
114.654531
114.654531
114.654531
114.654531
114.654531
114.654531
114.654531
114.654531
114.654531
114.654531
114.654531
114.654531
114.654531
114.654531
114.654531
114.654531
114.654531
114.654531
114.654531
114.654531
114.654531
114.654531
114.654531
114.654531
114.654531
114.654531
114.654531
114.654531
114.654531
114.654531
114.654531
114.654531
114.654531
114.654531
114.654531
114.654531
114.654531
114.654531
114.654531
114.654531
114.654531
114.654531
114.654531
114.654531
114.654531
114.654531
114.654531
114.654531
114.654531
114.654531
114.654531
114.654531
114.654531
114.654531
114.654531
114.654531
114.654531
114.654531
114.654531
114.654531
114.654531
114.654531
114.654531
114.654531
114.654531
114.654531
114.654531
114.654531
114.654531
114.654531
114.654531
114.654531
114.654531
114.654531
114.654531
114.654531
114.654531
114.654531
114.654531
114.654531
114.654531
114.654531
114.654531
114.654531
114.654531
114.654531
114.654531
114.654531
114.654531
114.654531
114.654531
114.654531
114.654531
114.654531
114.654531
114.654531
114.654531
114.654531
114.654531
114.654531
114.654531
114.654531
114.654531
114.654531
114.654531
114.654531
114.654531
114.654531
114.654531
114.654531
114.654531
114.654531
114.654531
114.654531
114.654531
114.654531
114.654531
114.654531
114.654531
114.654531
114.654531
114.654531
114.654531
114.654531
114.654531
114.654531
114.654531
114.654531
114.654531
114.654531
114.654531
114.654531
114.654531
114.654531
114.654531
114.654531
114.654531
114.654531
114.654531
114.654531
114.654531
114.654531
114.654531
114.654531
114.654531
114.654531
114.654531
114.654531
114.654531
114.654531
114.654531
114.654531
114.654531
114.654531
114.654531
114.654531
114.654531
114.654531
114.654531
114.654531
114.654531
114.654531
114.654531
114.654531
114.654531
114.654531
114.654531
114.654531
114.654531
114.654531
114.654531
114.654531
114.654531
114.654531
114.654531
114.654531
114.654531
114.654531
114.654531
114.654531
114.654531
114.654531
114.654531
114.654531
114.654531
114.654531
114.654531
114.654531
114.654531
114.654531
114.654531
114.654531
114.654531
114.654531
114.654531
114.654531
114.654531
114.654531
114.654531
114.654531
114.654531
114.654531
114.654531
114.654531
114.654531
114.654531
114.654531
114.654531
114.654531
114.654531
114.654531
114.654531
114.654531
114.654531
114.654531
114.654531
114.654531
114.654531
114.654531
114.654531
114.654531
114.654531
114.654531
114.654531
114.654531
114.654531
114.654531
114.654531
114.654531
114.654531
114.654531
114.654531
114.654531
114.654531
114.654531
114.654531
114.654531
114.654531
114.654531
114.654531
114.654531
114.654531
114.654531
114.654531
114.654531
114.654531
114.654531
114.654531
114.654531
114.654531
114.654531
114.654531
114.654531
114.654531
114.654531
114.654531
114.654531
114.654531
114.654531
114.654531
114.654531
114.654531
114.654531
114.654531
114.654531
114.654531
114.654531
114.654531
114.654531
114.654531
114.654531
114.654531
114.654531
114.654531
114.654531
114.654531
114.654531
114.654531
114.654531
114.654531
114.654531
114.654531
114.654531
114.654531
114.654531
114.654531
114.654531
114.654531
114.654531
114.654531
114.654531
114.654531
114.654531
114.654531
114.654531
114.654531
114.654531
114.654531
114.654531
114.654531
114.654531
114.654531
114.654531
114.654531
114.654531
114.654531
114.654531
114.654531
114.654531
114.654531
114.654531
114.654531
114.654531
114.654531
114.654531
114.654531
114.654531
114.654531
114.654531
114.654531
114.654531
114.654531
114.654531
114.654531
114.654531
114.654531
114.654531
114.654531
114.654531
114.654531
114.654531
114.654531
114.654531
114.654531
114.654531
114.654531
114.654531
114.654531
114.654531
114.654531
114.654531
114.654531
114.654531
114.654531
114.654531
114.654531
114.654531
114.654531
114.654531
114.654531
114.654531
114.654531
114.654531
114.654531
114.654531
114.654531
114.654531
114.654531
114.654531
114.654531
114.654531
114.654531
114.654531
114.654531
114.654531
114.654531
114.654531
114.654531
114.654531
114.654531
114.654531
114.654531
114.654531
114.654531
114.654531
114.654531
114.654531
114.654531
114.654531
114.654531
114.654531
114.654531
114.654531
114.654531
114.654531
114.654531
114.654531
114.654531
114.654531
114.654531
114.654531
114.654531
114.654531
114.654531
114.654531
114.654531
114.654531
114.654531
114.654531
114.654531
114.654531
114.654531
114.654531
114.654531
114.654531
114.654531
114.654531
114.654531
114.654531
114.654531
114.654531
114.654531
114.654531
114.654531
114.654531
114.654531
114.654531
114.654531
114.654531
114.654531
114.654531
114.654531
114.654531
114.654531
114.654531
114.654531
114.654531
114.654531
114.654531
114.654531
114.654531
114.654531
114.654531
114.654531
114.654531
114.654531
114.654531
114.654531
114.654531
114.654531
114.654531
114.654531
114.654531
114.654531
114.654531
114.654531
114.654531
114.654531
114.654531
114.654531
114.654531
114.654531
114.654531
114.654531
114.654531
114.654531
114.654531
114.654531
114.654531
114.654531
114.654531
114.654531
114.654531
114.654531
114.654531
114.654531
114.654531
114.654531
114.654531
114.654531
114.654531
114.654531
114.654531
114.654531
114.654531
114.654531
114.654531
114.654531
114.654531
114.654531
114.654531
114.654531
114.654531
114.654531
114.654531
114.654531
114.654531
114.654531
114.654531
114.654531
114.654531
114.654531
114.654531
114.654531
114.654531
114.654531
114.654531
114.654531
114.654531
114.654531
114.654531
114.654531
114.654531
114.654531
114.654531
114.654531
114.654531
114.654531
114.654531
114.654531
114.654531
114.654531
114.654531
114.654531
114.654531
114.654531
114.654531
114.654531
114.654531
114.654531
114.654531
114.654531
114.654531
114.654531
114.654531
114.654531
114.654531
114.654531
114.654531
114.654531
114.654531
114.654531
114.654531
114.654531
114.654531
114.654531
114.654531
114.654531
114.654531
114.654531
114.654531
114.654531
114.654531
114.654531
114.654531
114.654531
114.654531
114.654531
114.654531
114.654531
114.654531
114.654531
114.654531
114.654531
114.654531
114.654531
114.654531
114.654531
114.654531
114.654531
114.654531
114.654531
114.654531
114.654531
114.654531
114.654531
114.654531
114.654531
114.654531
114.654531
114.654531
114.654531
114.654531
114.654531
114.654531
114.654531
114.654531
114.654531
114.654531
114.654531
114.654531
114.654531
114.654531
114.654531
114.654531
114.654531
114.654531
114.654531
114.654531
114.654531
114.654531
114.654531
114.654531
114.654531
114.654531
114.654531
114.654531
114.654531
114.654531
114.654531
114.654531
114.654531
114.654531
114.654531
114.654531
114.654531
114.654531
114.654531
114.654531
114.654531
114.654531
114.654531
114.654531
114.654531
114.654531
114.654531
114.654531
114.654531
114.654531
114.654531
114.654531
114.654531
114.654531
114.654531
114.654531
114.654531
114.654531
114.654531
114.654531
114.654531
114.654531
114.654531
114.654531
114.654531
114.654531
114.654531
114.654531
114.654531
114.654531
114.654531
114.654531
114.654531
114.654531
114.654531
114.654531
114.654531
114.654531
114.654531
114.654531
114.654531
114.654531
114.654531
114.654531
114.654531
114.654531
114.654531
114.654531
114.654531
114.654531
114.654531
114.654531
114.654531
114.654531
114.654531
114.654531
114.654531
114.654531
114.654531
114.654531
114.654531
114.654531
114.654531
114.654531
114.654531
114.654531
114.654531
114.654531
114.654531
114.654531
114.654531
114.654531
114.654531
114.654531
114.654531
114.654531
114.654531
114.654531
114.654531
114.654531
114.654531
114.654531
114.654531
114.654531
114.654531
114.654531
114.654531
114.654531
114.654531
114.654531
114.654531
114.654531
114.654531
114.654531
114.654531
114.654531
114.654531
114.654531
114.654531
114.654531
114.654531
114.654531
114.654531
114.654531
114.654531
114.654531
114.654531
114.654531
114.654531
114.654531
114.654531
114.654531
114.654531
114.654531
114.654531
114.654531
114.654531
114.654531
114.654531
114.654531
114.654531
114.654531
114.654531
114.654531
114.654531
114.654531
114.654531
114.654531
114.654531
114.654531
114.654531
114.654531
114.654531
114.654531
114.654531
114.654531
114.654531
114.654531
114.654531
114.654531
114.654531
114.654531
114.654531
114.654531
114.654531
114.654531
114.654531
114.654531
114.654531
114.654531
114.654531
114.654531
114.654531
114.654531
114.654531
114.654531
114.654531
114.654531
114.654531
114.654531
114.654531
114.654531
114.654531
114.654531
114.654531
114.654531
114.654531
114.654531
114.654531
114.654531
114.654531
114.654531
114.654531
114.654531
114.654531
114.654531
114.654531
114.654531
114.654531
114.654531
114.654531
114.654531
114.654531
114.654531
114.654531
114.654531
114.654531
114.654531
114.654531
114.654531
114.654531
114.654531
114.654531
114.654531
114.654531
114.654531
114.654531
114.654531
114.654531
114.654531
114.654531
114.654531
114.654531
114.654531
114.654531
114.654531
114.654531
114.654531
114.654531
114.654531
114.654531
114.654531
114.654531
114.654531
114.654531
114.654531
114.654531
114.654531
114.654531
114.654531
114.654531
114.654531
114.654531
114.654531
114.654531
114.654531
114.654531
114.654531
114.654531
114.654531
114.654531
114.654531
114.654531
114.654531
114.654531
114.654531
114.654531
114.654531
114.654531
114.654531
114.654531
114.654531
114.654531
114.654531
114.654531
114.654531
114.654531
114.654531
114.654531
114.654531
114.654531
114.654531
114.654531
114.654531
114.654531
114.654531
114.654531
114.654531
114.654531
114.654531
114.654531
114.654531
114.654531
114.654531
114.654531
114.654531
114.654531
114.654531
114.654531
114.654531
114.654531
114.654531
114.654531
114.654531
114.654531
114.654531
114.654531
114.654531
114.654531
114.654531
114.654531
114.654531
114.654531
114.654531
114.654531
114.654531
114.654531
114.654531
114.654531
114.654531
114.654531
114.654531
114.654531
114.654531
114.654531
114.654531
114.654531
114.654531
114.654531
114.654531
114.654531
114.654531
114.654531
114.654531
114.654531
114.654531
114.654531
114.654531
114.654531
114.654531
114.654531
114.654531
114.654531
114.654531
114.654531
114.654531
114.654531
114.654531
114.654531
114.654531
114.654531
114.654531
114.654531
114.654531
114.654531
114.654531
114.654531
114.654531
114.654531
114.654531
114.654531
114.654531
114.654531
114.654531
114.654531
114.654531
114.654531
114.654531
114.654531
114.654531
114.654531
114.654531
114.654531
114.654531
114.654531
114.654531
114.654531
114.654531
114.654531
114.654531
114.654531
114.654531
114.654531
114.654531
114.654531
114.654531
114.654531
114.654531
114.654531
114.654531
114.654531
114.654531
114.654531
114.654531
114.654531
114.654531
114.654531
114.654531
114.654531
114.654531
114.654531
114.654531
114.654531
114.654531
114.654531
114.654531
114.654531
114.654531
114.654531
114.654531
114.654531
114.654531
114.654531
114.654531
114.654531
114.654531
114.654531
114.654531
114.654531
114.654531
114.654531
114.654531
114.654531
114.654531
114.654531
114.654531
114.654531
114.654531
114.654531
114.654531
114.654531
114.654531
114.654531
114.654531
114.654531
114.654531
114.654531
114.654531
114.654531
114.654531
114.654531
114.654531
114.654531
114.654531
114.654531
114.654531
114.654531
114.654531
114.654531
114.654531
114.654531
114.654531
114.654531
114.654531
114.654531
114.654531
114.654531
114.654531
114.654531
114.654531
114.654531
114.654531
114.654531
114.654531
114.654531
114.654531
114.654531
114.654531
114.654531
114.654531
114.654531
114.654531
114.654531
114.654531
114.654531
114.654531
114.654531
114.654531
114.654531
114.654531
114.654531
114.654531
114.654531
114.654531
114.654531
114.654531
114.654531
114.654531
114.654531
114.654531
114.654531
114.654531
114.654531
114.654531
114.654531
114.654531
114.654531
114.654531
114.654531
114.654531
114.654531
114.654531
114.654531
114.654531
114.654531
114.654531
114.654531
114.654531
114.654531
114.654531
114.654531
114.654531
114.654531
114.654531
114.654531
114.654531
114.654531
114.654531
114.654531
114.654531
114.654531
114.654531
114.654531
114.654531
114.654531
114.654531
114.654531
114.654531
114.654531
114.654531
114.654531
114.654531
114.654531
114.654531
114.654531
114.654531
114.654531
114.654531
114.654531
114.654531
114.654531
114.654531
114.654531
114.654531
114.654531
114.654531
114.654531
114.654531
114.654531
114.654531
114.654531
114.654531
114.654531
114.654531
114.654531
114.654531
114.654531
114.654531
114.654531
114.654531
114.654531
114.654531
114.654531
114.654531
114.654531
114.654531
114.654531
114.654531
114.654531
114.654531
114.654531
114.654531
114.654531
114.654531
114.654531
114.654531
114.654531
114.654531
114.654531
114.654531
114.654531
114.654531
114.654531
114.654531
114.654531
114.654531
114.654531
114.654531
114.654531
114.654531
114.654531
114.654531
114.654531
114.654531
114.654531
114.654531
114.654531
114.654531
114.654531
114.654531
114.654531
114.654531
114.654531
114.654531
114.654531
114.654531
114.654531
114.654531
114.654531
114.654531
114.654531
114.654531
114.654531
114.654531
114.654531
114.654531
114.654531
114.654531
114.654531
114.654531
114.654531
114.654531
114.654531
114.654531
114.654531
114.654531
114.654531
114.654531
114.654531
114.654531
114.654531
114.654531
114.654531
114.654531
114.654531
114.654531
114.654531
114.654531
114.654531
114.654531
114.654531
114.654531
114.654531
114.654531
114.654531
114.654531
114.654531
114.654531
114.654531
114.654531
114.654531
114.654531
114.654531
114.654531
114.654531
114.654531
114.654531
114.654531
114.654531
114.654531
114.654531
114.654531
114.654531
114.654531
114.654531
114.654531
114.654531
114.654531
114.654531
114.654531
114.654531
114.654531
114.654531
114.654531
114.654531
114.654531
114.654531
114.654531
114.654531
114.654531
114.654531
114.654531
114.654531
114.654531
114.654531
114.654531
114.654531
114.654531
114.654531
114.654531
114.654531
114.654531
114.654531
114.654531
114.654531
114.654531
114.654531
114.654531
114.654531
114.654531
114.654531
114.654531
114.654531
114.654531
114.654531
114.654531
114.654531
114.654531
114.654531
114.654531
114.654531
114.654531
114.654531
114.654531
114.654531
114.654531
114.654531
114.654531
114.654531
114.654531
114.654531
114.654531
114.654531
114.654531
114.654531
114.654531
114.654531
114.654531
114.654531
114.654531
114.654531
114.654531
114.654531
114.654531
114.654531
114.654531
114.654531
114.654531
114.654531
114.654531
114.654531
114.654531
114.654531
114.654531
114.654531
114.654531
114.654531
114.654531
114.654531
114.654531
114.654531
114.654531
114.654531
114.654531
114.654531
114.654531
114.654531
114.654531
114.654531
114.654531
114.654531
114.654531
114.654531
114.654531
114.654531
114.654531
114.654531
114.654531
114.654531
114.654531
114.654531
114.654531
114.654531
114.654531
114.654531
114.654531
114.654531
114.654531
114.654531
114.654531
114.654531
114.654531
114.654531
114.654531
114.654531
114.654531
114.654531
114.654531
114.654531
114.654531
114.654531
114.654531
114.654531
114.654531
114.654531
114.654531
114.654531
114.654531
114.654531
114.654531
114.654531
114.654531
114.654531
114.654531
114.654531
114.654531
114.654531
114.654531
114.654531
114.654531
114.654531
114.654531
114.654531
114.654531
114.654531
114.654531
114.654531
114.654531
114.654531
114.654531
114.654531
114.654531
114.654531
114.654531
114.654531
114.654531
114.654531
114.654531
114.654531
114.654531
114.654531
114.654531
114.654531
114.654531
114.654531
114.654531
114.654531
114.654531
114.654531
114.654531
114.654531
114.654531
114.654531
114.654531
114.654531
114.654531
114.654531
114.654531
114.654531
114.654531
114.654531
114.654531
114.654531
114.654531
114.654531
114.654531
114.654531
114.654531
114.654531
114.654531
114.654531
114.654531
114.654531
114.654531
114.654531
114.654531
114.654531
114.654531
114.654531
114.654531
114.654531
114.654531
114.654531
114.654531
114.654531
114.654531
114.654531
114.654531
114.654531
114.654531
114.654531
114.654531
114.654531
114.654531
114.654531
114.654531
114.654531
114.654531
114.654531
114.654531
114.654531
114.654531
114.654531
114.654531
114.654531
114.654531
114.654531
114.654531
114.654531
114.654531
114.654531
114.654531
114.654531
114.654531
114.654531
114.654531
114.654531
114.654531
114.654531
114.654531
114.654531
114.654531
114.654531
114.654531
114.654531
114.654531
114.654531
114.654531
114.654531
114.654531
114.654531
114.654531
114.654531
114.654531
114.654531
114.654531
114.654531
114.654531
114.654531
114.654531
114.654531
114.654531
114.654531
114.654531
114.654531
114.654531
114.654531
114.654531
114.654531
114.654531
114.654531
114.654531
114.654531
114.654531
114.654531
114.654531
114.654531
114.654531
114.654531
114.654531
114.654531
114.654531
114.654531
114.654531
114.654531
114.654531
114.654531
114.654531
114.654531
114.654531
114.654531
114.654531
114.654531
114.654531
114.654531
114.654531
114.654531
114.654531
114.654531
114.654531
114.654531
114.654531
114.654531
114.654531
114.654531
114.654531
114.654531
114.654531
114.654531
114.654531
114.654531
114.654531
114.654531
114.654531
114.654531
114.654531
114.654531
114.654531
114.654531
114.654531
114.654531
114.654531
114.654531
114.654531
114.654531
114.654531
114.654531
114.654531
114.654531
114.654531
114.654531
114.654531
114.654531
114.654531
114.654531
114.654531
114.654531
114.654531
114.654531
114.654531
114.654531
114.654531
114.654531
114.654531
114.654531
114.654531
114.654531
114.654531
114.654531
114.654531
114.654531
114.654531
114.654531
114.654531
114.654531
114.654531
114.654531
114.654531
114.654531
114.654531
114.654531
114.654531
114.654531
114.654531
114.654531
114.654531
114.654531
114.654531
114.654531
114.654531
114.654531
114.654531
114.654531
114.654531
114.654531
114.654531
114.654531
114.654531
114.654531
114.654531
114.654531
114.654531
114.654531
114.654531
114.654531
114.654531
114.654531
114.654531
114.654531
114.654531
114.654531
114.654531
114.654531
114.654531
114.654531
114.654531
114.654531
114.654531
114.654531
114.654531
114.654531
114.654531
114.654531
114.654531
114.654531
114.654531
114.654531
114.654531
114.654531
114.654531
114.654531
114.654531
114.654531
114.654531
114.654531
114.654531
114.654531
114.654531
114.654531
114.654531
114.654531
114.654531
114.654531
114.654531
114.654531
114.654531
114.654531
114.654531
114.654531
114.654531
114.654531
114.654531
114.654531
114.654531
114.654531
114.654531
114.654531
114.654531
114.654531
114.654531
114.654531
114.654531
114.654531
114.654531
114.654531
114.654531
114.654531
114.654531
114.654531
114.654531
114.654531
114.654531
114.654531
114.654531
114.654531
114.654531
114.654531
114.654531
114.654531
114.654531
114.654531
114.654531
114.654531
114.654531
114.654531
114.654531
114.654531
114.654531
114.654531
114.654531
114.654531
114.654531
114.654531
114.654531
114.654531
114.654531
114.654531
114.654531
114.654531
114.654531
114.654531
114.654531
114.654531
114.654531
114.654531
114.654531
114.654531
114.654531
114.654531
114.654531
114.654531
114.654531
114.654531
114.654531
114.654531
114.654531
114.654531
114.654531
114.654531
114.654531
114.654531
114.654531
114.654531
114.654531
114.654531
114.654531
114.654531
114.654531
114.654531
114.654531
114.654531
114.654531
114.654531
114.654531
114.654531
114.654531
114.654531
114.654531
114.654531
114.654531
114.654531
114.654531
114.654531
114.654531
114.654531
114.654531
114.654531
114.654531
114.654531
114.654531
114.654531
114.654531
114.654531
114.654531
114.654531
114.654531
114.654531
114.654531
114.654531
114.654531
114.654531
114.654531
114.654531
114.654531
114.654531
114.654531
114.654531
114.654531
114.654531
114.654531
114.654531
114.654531
114.654531
114.654531
114.654531
114.654531
114.654531
114.654531
114.654531
114.654531
114.654531
114.654531
114.654531
114.654531
114.654531
114.654531
114.654531
114.654531
114.654531
114.654531
114.654531
114.654531
114.654531
114.654531
114.654531
114.654531
114.654531
114.654531
114.654531
114.654531
114.654531
114.654531
114.654531
114.654531
114.654531
114.654531
114.654531
114.654531
114.654531
114.654531
114.654531
114.654531
114.654531
114.654531
114.654531
114.654531
114.654531
114.654531
114.654531
114.654531
114.654531
114.654531
114.654531
114.654531
114.654531
114.654531
114.654531
114.654531
114.654531
114.654531
114.654531
114.654531
114.654531
114.654531
114.654531
114.654531
114.654531
114.654531
114.654531
114.654531
114.654531
114.654531
114.654531
114.654531
114.654531
114.654531
114.654531
114.654531
114.654531
114.654531
114.654531
114.654531
114.654531
114.654531
114.654531
114.654531
114.654531
114.654531
114.654531
114.654531
114.654531
114.654531
114.654531
114.654531
114.654531
114.654531
114.654531
114.654531
114.654531
114.654531
114.654531
114.654531
114.654531
114.654531
114.654531
114.654531
114.654531
114.654531
114.654531
114.654531
114.654531
114.654531
114.654531
114.654531
114.654531
114.654531
114.654531
114.654531
114.654531
114.654531
114.654531
114.654531
114.654531
114.654531
114.654531
114.654531
114.654531
114.654531
114.654531
114.654531
114.654531
114.654531
114.654531
114.654531
114.654531
114.654531
114.654531
114.654531
114.654531
114.654531
114.654531
114.654531
114.654531
114.654531
114.654531
114.654531
114.654531
114.654531
114.654531
114.654531
114.654531
114.654531
114.654531
114.654531
114.654531
114.654531
114.654531
114.654531
114.654531
114.654531
114.654531
114.654531
114.654531
114.654531
114.654531
114.654531
114.654531
114.654531
114.654531
114.654531
114.654531
114.654531
114.654531
114.654531
114.654531
114.654531
114.654531
114.654531
114.654531
114.654531
114.654531
114.654531
114.654531
114.654531
114.654531
114.654531
114.654531
114.654531
114.654531
114.654531
114.654531
114.654531
114.654531
114.654531
114.654531
114.654531
114.654531
114.654531
114.654531
114.654531
114.654531
114.654531
114.654531
114.654531
114.654531
114.654531
114.654531
114.654531
114.654531
114.654531
114.654531
114.654531
114.654531
114.654531
114.654531
114.654531
114.654531
114.654531
114.654531
114.654531
114.654531
114.654531
114.654531
114.654531
114.654531
114.654531
114.654531
114.654531
114.654531
114.654531
114.654531
114.654531
114.654531
114.654531
114.654531
114.654531
114.654531
114.654531
114.654531
114.654531
114.654531
114.654531
114.654531
114.654531
114.654531
114.654531
114.654531
114.654531
114.654531
114.654531
114.654531
114.654531
114.654531
114.654531
114.654531
114.654531
114.654531
114.654531
114.654531
114.654531
114.654531
114.654531
114.654531
114.654531
114.654531
114.654531
114.654531
114.654531
114.654531
114.654531
114.654531
114.654531
114.654531
114.654531
114.654531
114.654531
114.654531
114.654531
114.654531
114.654531
114.654531
114.654531
114.654531
114.654531
114.654531
114.654531
114.654531
114.654531
114.654531
114.654531
114.654531
114.654531
114.654531
114.654531
114.654531
114.654531
114.654531
114.654531
114.654531
114.654531
114.654531
114.654531
114.654531
114.654531
114.654531
114.654531
114.654531
114.654531
114.654531
114.654531
114.654531
114.654531
114.654531
114.654531
114.654531
114.654531
114.654531
114.654531
114.654531
114.654531
114.654531
114.654531
114.654531
114.654531
114.654531
114.654531
114.654531
114.654531
114.654531
114.654531
114.654531
114.654531
114.654531
114.654531
114.654531
114.654531
114.654531
114.654531
114.654531
114.654531
114.654531
114.654531
114.654531
114.654531
114.654531
114.654531
114.654531
114.654531
114.654531
114.654531
114.654531
114.654531
114.654531
114.654531
114.654531
114.654531
114.654531
114.654531
114.654531
114.654531
114.654531
114.654531
114.654531
114.654531
114.654531
114.654531
114.654531
114.654531
114.654531
114.654531
114.654531
114.654531
114.654531
114.654531
114.654531
114.654531
114.654531
114.654531
114.654531
114.654531
114.654531
114.654531
114.654531
114.654531
114.654531
114.654531
114.654531
114.654531
114.654531
114.654531
114.654531
114.654531
114.654531
114.654531
114.654531
114.654531
114.654531
114.654531
114.654531
114.654531
114.654531
114.654531
114.654531
114.654531
114.654531
114.654531
114.654531
114.654531
114.654531
114.654531
114.654531
114.654531
114.654531
114.654531
114.654531
114.654531
114.654531
114.654531
114.654531
114.654531
114.654531
114.654531
114.654531
114.654531
114.654531
114.654531
114.654531
114.654531
114.654531
114.654531
114.654531
114.654531
114.654531
114.654531
114.654531
114.654531
114.654531
114.654531
114.654531
114.654531
114.654531
114.654531
114.654531
114.654531
114.654531
114.654531
114.654531
114.654531
114.654531
114.654531
114.654531
114.654531
114.654531
114.654531
114.654531
114.654531
114.654531
114.654531
114.654531
114.654531
114.654531
114.654531
114.654531
114.654531
114.654531
114.654531
114.654531
114.654531
114.654531
114.654531
114.654531
114.654531
114.654531
114.654531
114.654531
114.654531
114.654531
114.654531
114.654531
114.654531
114.654531
114.654531
114.654531
114.654531
114.654531
114.654531
114.654531
114.654531
114.654531
114.654531
114.654531
114.654531
114.654531
114.654531
114.654531
114.654531
114.654531
114.654531
114.654531
114.654531
114.654531
114.654531
114.654531
114.654531
114.654531
114.654531
114.654531
114.654531
114.654531
114.654531
114.654531
114.654531
114.654531
114.654531
114.654531
114.654531
114.654531
114.654531
114.654531
114.654531
114.654531
114.654531
114.654531
114.654531
114.654531
114.654531
114.654531
114.654531
114.654531
114.654531
114.654531
114.654531
114.654531
114.654531
114.654531
114.654531
114.654531
114.654531
114.654531
114.654531
114.654531
114.654531
114.654531
114.654531
114.654531
114.654531
114.654531
114.654531
114.654531
114.654531
114.654531
114.654531
114.654531
114.654531
114.654531
114.654531
114.654531
114.654531
114.654531
114.654531
114.654531
114.654531
114.654531
114.654531
114.654531
114.654531
114.654531
114.654531
114.654531
114.654531
114.654531
114.654531
114.654531
114.654531
114.654531
114.654531
114.654531
114.654531
114.654531
114.654531
114.654531
114.654531
114.654531
114.654531
114.654531
114.654531
114.654531
114.654531
114.654531
114.654531
114.654531
114.654531
114.654531
114.654531
114.654531
114.654531
114.654531
114.654531
114.654531
114.654531
114.654531
114.654531
114.654531
114.654531
114.654531
114.654531
114.654531
114.654531
114.654531
114.654531
114.654531
114.654531
114.654531
114.654531
114.654531
114.654531
114.654531
114.654531
114.654531
114.654531
114.654531
114.654531
114.654531
114.654531
114.654531
114.654531
114.654531
114.654531
114.654531
114.654531
114.654531
114.654531
114.654531
114.654531
114.654531
114.654531
114.654531
114.654531
114.654531
114.654531
114.654531
114.654531
114.654531
114.654531
114.654531
114.654531
114.654531
114.654531
114.654531
114.654531
114.654531
114.654531
114.654531
114.654531
114.654531
114.654531
114.654531
114.654531
114.654531
114.654531
114.654531
114.654531
114.654531
114.654531
114.654531
114.654531
114.654531
114.654531
114.654531
114.654531
114.654531
114.654531
114.654531
114.654531
114.654531
114.654531
114.654531
114.654531
114.654531
114.654531
114.654531
114.654531
114.654531
114.654531
114.654531
114.654531
114.654531
114.654531
114.654531
114.654531
114.654531
114.654531
114.654531
114.654531
114.654531
114.654531
114.654531
114.654531
114.654531
114.654531
114.654531
114.654531
114.654531
114.654531
114.654531
114.654531
114.654531
114.654531
114.654531
114.654531
114.654531
114.654531
114.654531
114.654531
114.654531
114.654531
114.654531
114.654531
114.654531
114.654531
114.654531
114.654531
114.654531
114.654531
114.654531
114.654531
114.654531
114.654531
114.654531
114.654531
114.654531
114.654531
114.654531
114.654531
114.654531
114.654531
114.654531
114.654531
114.654531
114.654531
114.654531
114.654531
114.654531
114.654531
114.654531
114.654531
114.654531
114.654531
114.654531
114.654531
114.654531
114.654531
114.654531
114.654531
114.654531
114.654531
114.654531
114.654531
114.654531
114.654531
114.654531
114.654531
114.654531
114.654531
114.654531
114.654531
114.654531
114.654531
114.654531
114.654531
114.654531
114.654531
114.654531
114.654531
114.654531
114.654531
114.654531
114.654531
114.654531
114.654531
114.654531
114.654531
114.654531
114.654531
114.654531
114.654531
114.654531
114.654531
114.654531
114.654531
114.654531
114.654531
114.654531
114.654531
114.654531
114.654531
114.654531
114.654531
114.654531
114.654531
114.654531
114.654531
114.654531
114.654531
114.654531
114.654531
114.654531
114.654531
114.654531
114.654531
114.654531
114.654531
114.654531
114.654531
114.654531
114.654531
114.654531
114.654531
114.654531
114.654531
114.654531
114.654531
114.654531
114.654531
114.654531
114.654531
114.654531
114.654531
114.654531
114.654531
114.654531
114.654531
114.654531
114.654531
114.654531
114.654531
114.654531
114.654531
114.654531
114.654531
114.654531
114.654531
114.654531
114.654531
114.654531
114.654531
114.654531
114.654531
114.654531
114.654531
114.654531
114.654531
114.654531
114.654531
114.654531
114.654531
114.654531
114.654531
114.654531
114.654531
114.654531
114.654531
114.654531
114.654531
114.654531
114.654531
114.654531
114.654531
114.654531
114.654531
114.654531
114.654531
114.654531
114.654531
114.654531
114.654531
114.654531
114.654531
114.654531
114.654531
114.654531
114.654531
114.654531
114.654531
114.654531
114.654531
114.654531
114.654531
114.654531
114.654531
114.654531
114.654531
114.654531
114.654531
114.654531
114.654531
114.654531
114.654531
114.654531
114.654531
114.654531
114.654531
114.654531
114.654531
114.654531
114.654531
114.654531
114.654531
114.654531
114.654531
114.654531
114.654531
114.654531
114.654531
114.654531
114.654531
114.654531
114.654531
114.654531
114.654531
114.654531
114.654531
114.654531
114.654531
114.654531
114.654531
114.654531
114.654531
114.654531
114.654531
114.654531
114.654531
114.654531
114.654531
114.654531
114.654531
114.654531
114.654531
114.654531
114.654531
114.654531
114.654531
114.654531
114.654531
114.654531
114.654531
114.654531
114.654531
114.654531
114.654531
114.654531
114.654531
114.654531
114.654531
114.654531
114.654531
114.654531
114.654531
114.654531
114.654531
114.654531
114.654531
114.654531
114.654531
114.654531
114.654531
114.654531
114.654531
114.654531
114.654531
114.654531
114.654531
114.654531
114.654531
114.654531
114.654531
114.654531
114.654531
114.654531
114.654531
114.654531
114.654531
114.654531
114.654531
114.654531
114.654531
114.654531
114.654531
114.654531
114.654531
114.654531
114.654531
114.654531
114.654531
114.654531
114.654531
114.654531
114.654531
114.654531
114.654531
114.654531
114.654531
114.654531
114.654531
114.654531
114.654531
114.654531
114.654531
114.654531
114.654531
114.654531
114.654531
114.654531
114.654531
114.654531
114.654531
114.654531
114.654531
114.654531
114.654531
114.654531
114.654531
114.654531
114.654531
114.654531
114.654531
114.654531
114.654531
114.654531
114.654531
114.654531
114.654531
114.654531
114.654531
114.654531
114.654531
114.654531
114.654531
114.654531
114.654531
114.654531
114.654531
114.654531
114.654531
114.654531
114.654531
114.654531
114.654531
114.654531
114.654531
114.654531
114.654531
114.654531
114.654531
114.654531
114.654531
114.654531
114.654531
114.654531
114.654531
114.654531
114.654531
114.654531
114.654531
114.654531
114.654531
114.654531
114.654531
114.654531
114.654531
114.654531
114.654531
114.654531
114.654531
114.654531
114.654531
114.654531
114.654531
114.654531
114.654531
114.654531
114.654531
114.654531
114.654531
114.654531
114.654531
114.654531
114.654531
114.654531
114.654531
114.654531
114.654531
114.654531
114.654531
114.654531
114.654531
114.654531
114.654531
114.654531
114.654531
114.654531
114.654531
114.654531
114.654531
114.654531
114.654531
114.654531
114.654531
114.654531
114.654531
114.654531
114.654531
114.654531
114.654531
114.654531
114.654531
114.654531
114.654531
114.654531
114.654531
114.654531
114.654531
114.654531
114.654531
114.654531
114.654531
114.654531
114.654531
114.654531
114.654531
114.654531
114.654531
114.654531
114.654531
114.654531
114.654531
114.654531
114.654531
114.654531
114.654531
114.654531
114.654531
114.654531
114.654531
114.654531
114.654531
114.654531
114.654531
114.654531
114.654531
114.654531
114.654531
114.654531
114.654531
114.654531
114.654531
114.654531
114.654531
114.654531
114.654531
114.654531
114.654531
114.654531
114.654531
114.654531
114.654531
114.654531
114.654531
114.654531
114.654531
114.654531
114.654531
114.654531
114.654531
114.654531
114.654531
114.654531
114.654531
114.654531
114.654531
114.654531
114.654531
114.654531
114.654531
114.654531
114.654531
114.654531
114.654531
114.654531
114.654531
114.654531
114.654531
114.654531
114.654531
114.654531
114.654531
114.654531
114.654531
114.654531
114.654531
114.654531
114.654531
114.654531
114.654531
114.654531
114.654531
114.654531
114.654531
114.654531
114.654531
114.654531
114.654531
114.654531
114.654531
114.654531
114.654531
114.654531
114.654531
114.654531
114.654531
114.654531
114.654531
114.654531
114.654531
114.654531
114.654531
114.654531
114.654531
114.654531
114.654531
114.654531
114.654531
114.654531
114.654531
114.654531
114.654531
114.654531
114.654531
114.654531
114.654531
114.654531
114.654531
114.654531
114.654531
114.654531
114.654531
114.654531
114.654531
114.654531
114.654531
114.654531
114.654531
114.654531
114.654531
114.654531
114.654531
114.654531
114.654531
114.654531
114.654531
114.654531
114.654531
114.654531
114.654531
114.654531
114.654531
114.654531
114.654531
114.654531
114.654531
114.654531
114.654531
114.654531
114.654531
114.654531
114.654531
114.654531
114.654531
114.654531
114.654531
114.654531
114.654531
114.654531
114.654531
114.654531
114.654531
114.654531
114.654531
114.654531
114.654531
114.654531
114.654531
114.654531
114.654531
114.654531
114.654531
114.654531
114.654531
114.654531
114.654531
114.654531
114.654531
114.654531
114.654531
114.654531
114.654531
114.654531
114.654531
114.654531
114.654531
114.654531
114.654531
114.654531
114.654531
114.654531
114.654531
114.654531
114.654531
114.654531
114.654531
114.654531
114.654531
114.654531
114.654531
114.654531
114.654531
114.654531
114.654531
114.654531
114.654531
114.654531
114.654531
114.654531
114.654531
114.654531
114.654531
114.654531
114.654531
114.654531
114.654531
114.654531
114.654531
114.654531
114.654531
114.654531
114.654531
114.654531
114.654531
114.654531
114.654531
114.654531
114.654531
114.654531
114.654531
114.654531
114.654531
114.654531
114.654531
114.654531
114.654531
114.654531
114.654531
114.654531
114.654531
114.654531
114.654531
114.654531
114.654531
114.654531
114.654531
114.654531
114.654531
114.654531
114.654531
114.654531
114.654531
114.654531
114.654531
114.654531
114.654531
114.654531
114.654531
114.654531
114.654531
114.654531
114.654531
114.654531
114.654531
114.654531
114.654531
114.654531
114.654531
114.654531
114.654531
114.654531
114.654531
114.654531
114.654531
114.654531
114.654531
114.654531
114.654531
114.654531
114.654531
114.654531
114.654531
114.654531
114.654531
114.654531
114.654531
114.654531
114.654531
114.654531
114.654531
114.654531
114.654531
114.654531
114.654531
114.654531
114.654531
114.654531
114.654531
114.654531
114.654531
114.654531
114.654531
114.654531
114.654531
114.654531
114.654531
114.654531
114.654531
114.654531
114.654531
114.654531
114.654531
114.654531
114.654531
114.654531
114.654531
114.654531
114.654531
114.654531
114.654531
114.654531
114.654531
114.654531
114.654531
114.654531
114.654531
114.654531
114.654531
114.654531
114.654531
114.654531
114.654531
114.654531
114.654531
114.654531
114.654531
114.654531
114.654531
114.654531
114.654531
114.654531
114.654531
114.654531
114.654531
114.654531
114.654531
114.654531
114.654531
114.654531
114.654531
114.654531
114.654531
114.654531
114.654531
114.654531
114.654531
114.654531
114.654531
114.654531
114.654531
114.654531
114.654531
114.654531
114.654531
114.654531
114.654531
114.654531
114.654531
114.654531
114.654531
114.654531
114.654531
114.654531
114.654531
114.654531
114.654531
114.654531
114.654531
114.654531
114.654531
114.654531
114.654531
114.654531
114.654531
114.654531
114.654531
114.654531
114.654531
114.654531
114.654531
114.654531
114.654531
114.654531
114.654531
114.654531
114.654531
114.654531
114.654531
114.654531
114.654531
114.654531
114.654531
114.654531
114.654531
114.654531
114.654531
114.654531
114.654531
114.654531
114.654531
114.654531
114.654531
114.654531
114.654531
114.654531
114.654531
114.654531
114.654531
114.654531
114.654531
114.654531
114.654531
114.654531
114.654531
114.654531
114.654531
114.654531
114.654531
114.654531
114.654531
114.654531
114.654531
114.654531
114.654531
114.654531
114.654531
114.654531
114.654531
114.654531
114.654531
114.654531
114.654531
114.654531
114.654531
114.654531
114.654531
114.654531
114.654531
114.654531
114.654531
114.654531
114.654531
114.654531
114.654531
114.654531
114.654531
114.654531
114.654531
114.654531
114.654531
114.654531
114.654531
114.654531
114.654531
114.654531
114.654531
114.654531
114.654531
114.654531
114.654531
114.654531
114.654531
114.654531
114.654531
114.654531
114.654531
114.654531
114.654531
114.654531
114.654531
114.654531
114.654531
114.654531
114.654531
114.654531
114.654531
114.654531
114.654531
114.654531
114.654531
114.654531
114.654531
114.654531
114.654531
114.654531
114.654531
114.654531
114.654531
114.654531
114.654531
114.654531
114.654531
114.654531
114.654531
114.654531
114.654531
114.654531
114.654531
114.654531
114.654531
114.654531
114.654531
114.654531
114.654531
114.654531
114.654531
114.654531
114.654531
114.654531
114.654531
114.654531
114.654531
114.654531
114.654531
114.654531
114.654531
114.654531
114.654531
114.654531
114.654531
114.654531
114.654531
114.654531
114.654531
114.654531
114.654531
114.654531
114.654531
114.654531
114.654531
114.654531
114.654531
114.654531
114.654531
114.654531
114.654531
114.654531
114.654531
114.654531
114.654531
114.654531
114.654531
114.654531
114.654531
114.654531
114.654531
114.654531
114.654531
114.654531
114.654531
114.654531
114.654531
114.654531
114.654531
114.654531
114.654531
114.654531
114.654531
114.654531
114.654531
114.654531
114.654531
114.654531
114.654531
114.654531
114.654531
114.654531
114.654531
114.654531
114.654531
114.654531
114.654531
114.654531
114.654531
114.654531
114.654531
114.654531
114.654531
114.654531
114.654531
114.654531
114.654531
114.654531
114.654531
114.654531
114.654531
114.654531
114.654531
114.654531
114.654531
114.654531
114.654531
114.654531
114.654531
114.654531
114.654531
114.654531
114.654531
114.654531
114.654531
114.654531
114.654531
114.654531
114.654531
114.654531
114.654531
114.654531
114.654531
114.654531
114.654531
114.654531
114.654531
114.654531
114.654531
114.654531
114.654531
114.654531
114.654531
114.654531
114.654531
114.654531
114.654531
114.654531
114.654531
114.654531
114.654531
114.654531
114.654531
114.654531
114.654531
114.654531
114.654531
114.654531
114.654531
114.654531
114.654531
114.654531
114.654531
114.654531
114.654531
114.654531
114.654531
114.654531
114.654531
114.654531
114.654531
114.654531
114.654531
114.654531
114.654531
114.654531
114.654531
114.654531
114.654531
114.654531
114.654531
114.654531
114.654531
114.654531
114.654531
114.654531
114.654531
114.654531
114.654531
114.654531
114.654531
114.654531
114.654531
114.654531
114.654531
114.654531
114.654531
114.654531
114.654531
114.654531
114.654531
114.654531
114.654531
114.654531
114.654531
114.654531
114.654531
114.654531
114.654531
114.654531
114.654531
114.654531
114.654531
114.654531
114.654531
114.654531
114.654531
114.654531
114.654531
114.654531
114.654531
114.654531
114.654531
114.654531
114.654531
114.654531
114.654531
114.654531
114.654531
114.654531
114.654531
114.654531
114.654531
114.654531
114.654531
114.654531
114.654531
114.654531
114.654531
114.654531
114.654531
114.654531
114.654531
114.654531
114.654531
114.654531
114.654531
114.654531
114.654531
114.654531
114.654531
114.654531
114.654531
114.654531
114.654531
114.654531
114.654531
114.654531
114.654531
114.654531
114.654531
114.654531
114.654531
114.654531
114.654531
114.654531
114.654531
114.654531
114.654531
114.654531
114.654531
114.654531
114.654531
114.654531
114.654531
114.654531
114.654531
114.654531
114.654531
114.654531
114.654531
114.654531
114.654531
114.654531
114.654531
114.654531
114.654531
114.654531
114.654531
114.654531
114.654531
114.654531
114.654531
114.654531
114.654531
114.654531
114.654531
114.654531
114.654531
114.654531
114.654531
114.654531
114.654531
114.654531
114.654531
114.654531
114.654531
114.654531
114.654531
114.654531
114.654531
114.654531
114.654531
114.654531
114.654531
114.654531
114.654531
114.654531
114.654531
114.654531
114.654531
114.654531
114.654531
114.654531
114.654531
114.654531
114.654531
114.654531
114.654531
114.654531
114.654531
114.654531
114.654531
114.654531
114.654531
114.654531
114.654531
114.654531
114.654531
114.654531
114.654531
114.654531
114.654531
114.654531
114.654531
114.654531
114.654531
114.654531
114.654531
114.654531
114.654531
114.654531
114.654531
114.654531
114.654531
114.654531
114.654531
114.654531
114.654531
114.654531
114.654531
114.654531
114.654531
114.654531
114.654531
114.654531
114.654531
114.654531
114.654531
114.654531
114.654531
114.654531
114.654531
114.654531
114.654531
114.654531
114.654531
114.654531
114.654531
114.654531
114.654531
114.654531
114.654531
114.654531
114.654531
114.654531
114.654531
114.654531
114.654531
114.654531
114.654531
114.654531
114.654531
114.654531
114.654531
114.654531
114.654531
114.654531
114.654531
114.654531
114.654531
114.654531
114.654531
114.654531
114.654531
114.654531
114.654531
114.654531
114.654531
114.654531
114.654531
114.654531
114.654531
114.654531
114.654531
114.654531
114.654531
114.654531
114.654531
114.654531
114.654531
114.654531
114.654531
114.654531
114.654531
114.654531
114.654531
114.654531
114.654531
114.654531
114.654531
114.654531
114.654531
114.654531
114.654531
114.654531
114.654531
114.654531
114.654531
114.654531
114.654531
114.654531
114.654531
114.654531
114.654531
114.654531
114.654531
114.654531
114.654531
114.654531
114.654531
114.654531
114.654531
114.654531
114.654531
114.654531
114.654531
114.654531
114.654531
114.654531
114.654531
114.654531
114.654531
114.654531
114.654531
114.654531
114.654531
114.654531
114.654531
114.654531
114.654531
114.654531
114.654531
114.654531
114.654531
114.654531
114.654531
114.654531
114.654531
114.654531
114.654531
114.654531
114.654531
114.654531
114.654531
114.654531
114.654531
114.654531
114.654531
114.654531
114.654531
114.654531
114.654531
114.654531
114.654531
114.654531
114.654531
114.654531
114.654531
114.654531
114.654531
114.654531
114.654531
114.654531
114.654531
114.654531
114.654531
114.654531
114.654531
114.654531
114.654531
114.654531
114.654531
114.654531
114.654531
114.654531
114.654531
114.654531
114.654531
114.654531
114.654531
114.654531
114.654531
114.654531
114.654531
114.654531
114.654531
114.654531
114.654531
114.654531
114.654531
114.654531
114.654531
114.654531
114.654531
114.654531
114.654531
114.654531
114.654531
114.654531
114.654531
114.654531
114.654531
114.654531
114.654531
114.654531
114.654531
114.654531
114.654531
114.654531
114.654531
114.654531
114.654531
114.654531
114.654531
114.654531
114.654531
114.654531
114.654531
114.654531
114.654531
114.654531
114.654531
114.654531
114.654531
114.654531
114.654531
114.654531
114.654531
114.654531
114.654531
114.654531
114.654531
114.654531
114.654531
114.654531
114.654531
114.654531
114.654531
114.654531
114.654531
114.654531
114.654531
114.654531
114.654531
114.654531
114.654531
114.654531
114.654531
114.654531
114.654531
114.654531
114.654531
114.654531
114.654531
114.654531
114.654531
114.654531
114.654531
114.654531
114.654531
114.654531
114.654531
114.654531
114.654531
114.654531
114.654530
114.654530
114.654530
114.654530
114.654530
114.654530
114.654530
114.654530
114.654530
114.654530
114.654530
114.654530
114.654530
114.654530
114.654530
114.654530
114.654530
114.654530
114.654530
114.654530
114.654530
114.654530
114.654530
114.654530
114.654530
114.654530
114.654530
114.654530
114.654530
114.654530
114.654530
114.654530
114.654530
114.654530
114.654530
114.654530
114.654530
114.654530
114.654530
114.654530
114.654530
114.654530
114.654530
114.654530
114.654530
114.654530
114.654530
114.654530
114.654530
114.654530
114.654530
114.654530
114.654530
114.654530
114.654530
114.654530
114.654530
114.654530
114.654530
114.654530
114.654530
114.654530
114.654530
114.654530
114.654530
114.654530
114.654530
114.654530
114.654530
114.654530
114.654530
114.654530
114.654530
114.654530
114.654530
114.654530
114.654530
114.654530
114.654530
114.654530
114.654530
114.654530
114.654530
114.654530
114.654530
114.654530
114.654530
114.654530
114.654530
114.654530
114.654530
114.654530
114.654530
114.654530
114.654530
114.654530
114.654530
114.654530
114.654530
114.654530
114.654530
114.654530
114.654530
114.654530
114.654529
114.654529
114.654529
114.654529
114.654529
114.654529
114.654529
114.654529
114.654529
114.654529
114.654529
114.654529
114.654529
114.654529
114.654529
114.654529
114.654529
114.654529
114.654529
114.654529
114.654529
114.654529
114.654529
114.654529
114.654529
114.654529
114.654529
114.654529
114.654529
114.654529
114.654529
114.654529
114.654529
114.654529
114.654529
114.654529
114.654529
114.654529
114.654529
114.654529
114.654529
114.654529
114.654529
114.654529
114.654529
114.654529
114.654529
114.654529
114.654529
114.654529
114.654529
114.654529
114.654529
114.654529
114.654529
114.654529
114.654529
114.654529
114.654529
114.654529
114.654529
114.654529
114.654529
114.654529
114.654529
114.654529
114.654529
114.654529
114.654529
114.654529
114.654529
114.654529
114.654529
114.654529
114.654529
114.654529
114.654529
114.654529
114.654529
114.654529
114.654529
114.654529
114.654529
114.654529
114.654529
114.654529
114.654529
114.654529
114.654529
114.654529
114.654529
114.654529
114.654529
114.654529
114.654529
114.654529
114.654529
114.654529
114.654529
114.654529
114.654528
114.654528
114.654528
114.654528
114.654528
114.654528
114.654528
114.654528
114.654528
114.654528
114.654528
114.654528
114.654528
114.654528
114.654528
114.654528
114.654528
114.654528
114.654528
114.654528
114.654528
114.654528
114.654528
114.654528
114.654528
114.654528
114.654528
114.654528
114.654528
114.654528
114.654528
114.654528
114.654528
114.654528
114.654528
114.654528
114.654528
114.654528
114.654528
114.654528
114.654528
114.654528
114.654528
114.654528
114.654528
114.654528
114.654528
114.654528
114.654528
114.654528
114.654528
114.654527
114.654527
114.654527
114.654527
114.654527
114.654527
114.654527
114.654527
114.654527
114.654527
114.654527
114.654527
114.654527
114.654527
114.654527
114.654527
114.654527
114.654527
114.654526
114.654526
114.654526
114.654526
114.654526
114.654526
114.654526
114.654526
114.654526
114.654526
114.654526
114.654526
114.654526
114.654526
114.654526
114.654526
114.654526
114.654526
114.654526
114.654526
114.654526
114.654526
114.654526
114.654526
114.654526
114.654526
114.654526
114.654526
114.654526
114.654526
114.654526
114.654526
114.654526
114.654526
114.654526
114.654526
114.654526
114.654526
114.654526
114.654526
114.654526
114.654526
114.654526
114.654526
114.654526
114.654526
114.654525
114.654525
114.654525
114.654525
114.654525
114.654525
114.654525
114.654525
114.654525
114.654525
114.654524
114.654524
114.654524
114.654524
114.654524
114.654524
114.654524
114.654524
114.654524
114.654524
114.654524
114.654524
114.654524
114.654524
114.654524
114.654524
114.654523
114.654523
114.654523
114.654523
114.654523
114.654523
114.654523
114.654523
114.654523
114.654523
114.654523
114.654523
114.654523
114.654523
114.654523
114.654523
114.654523
114.654523
114.654523
114.654523
114.654522
114.654522
114.654522
114.654522
114.654522
114.654522
114.654522
114.654522
114.654522
114.654522
114.654522
114.654522
114.654522
114.654522
114.654522
114.654522
114.654522
114.654522
114.654522
114.654522
114.654522
114.654522
114.654522
114.654522
114.654522
114.654522
114.654522
114.654522
114.654522
114.654522
114.654522
114.654522
114.654522
114.654522
114.654522
114.654520
114.654520
114.654520
114.654520
114.654520
114.654520
114.654520
114.654520
114.654520
114.654520
114.654520
114.654520
114.654520
114.654520
114.654520
114.654520
114.654520
114.654520
114.654520
114.654520
114.654520
114.654517
114.654517
114.654517
114.654517
114.654517
114.654517
114.654517
114.654517
114.654517
114.654517
114.654517
114.654517
114.654517
114.654517
114.654517
114.654517
114.654517
114.654517
114.654517
114.654517
114.654517
114.654517
114.654517
114.654517
114.654517
114.654517
114.654517
114.654517
114.654516
114.654516
114.654516
114.654516
114.654516
114.654516
114.654516
114.654516
114.654516
114.654516
114.654516
114.654516
114.654513
114.654513
114.654513
114.654513
114.654513
114.654513
114.654513
114.654513
114.654513
114.654513
114.654511
114.654511
114.654511
114.654511
114.654511
114.654511
114.654511
114.654511
114.654511
114.654511
114.654511
114.654511
114.654511
114.654511
114.654510
114.654510
114.654510
114.654510
114.654510
114.654510
114.654510
114.654510
114.654510
114.654510
114.654510
114.654510
114.654510
114.654507
114.654507
114.654507
114.654507
114.654507
114.654505
114.654505
114.654505
114.654505
114.654505
114.654503
114.654503
114.654503
114.654503
114.654503
114.654503
114.654503
114.654503
114.654503
114.654503
114.654503
114.654503
114.654503
114.654503
114.654503
114.654503
114.654503
114.654503
114.654503
114.654500
114.654500
114.654500
114.654500
114.654500
114.654500
114.654495
114.654495
114.654495
114.654495
114.654495
114.654495
114.654495
114.654495
114.654495
114.654495
114.654489
114.654489
114.654489
114.654489
114.654489
114.654489
114.654489
114.654489
114.654489
114.654489
114.654489
114.654489
114.654489
114.654489
114.654489
114.654489
114.654489
114.654489
114.654488
114.654488
114.654487
114.654483
114.654483
114.654483
114.654483
114.654483
114.654483
114.654483
114.654483
114.654483
114.654483
114.654483
114.654483
114.654483
114.654483
114.654483
114.654483
114.654483
114.654483
114.654483
114.654483
114.654478
114.654478
114.654478
114.654478
114.654478
114.654478
114.654478
114.654478
114.654478
114.654478
114.654478
114.654478
114.654478
114.654478
114.654478
114.654478
114.654478
114.654478
114.654478
114.654477
114.654477
114.654477
114.654477
114.654477
114.654477
114.654473
114.654473
114.654473
114.654473
114.654473
114.654472
114.654472
114.654472
114.654472
114.654466
114.654466
114.654466
114.654466
114.654466
114.654466
114.654466
114.654466
114.654466
114.654466
114.654466
114.654466
114.654466
114.654466
114.654466
114.654466
114.654466
114.654466
114.654466
114.654466
114.654466
114.654466
114.654466
114.654466
114.654466
114.654466
114.654466
114.654466
114.654466
114.654466
114.654466
114.654466
114.654459
114.654459
114.654459
114.654459
114.654458
114.654458
114.654458
114.654458
114.654458
114.654458
114.654452
114.654452
114.654452
114.654448
114.654448
114.654448
114.654448
114.654448
114.654448
114.654448
114.654448
114.654448
114.654448
114.654448
114.654448
114.654448
114.654448
114.654446
114.654446
114.654446
114.654446
114.654446
114.654446
114.654446
114.654446
114.654445
114.654445
114.654445
114.654445
114.654445
114.654445
114.654445
114.654445
114.654445
114.654445
114.654445
114.654445
114.654445
114.654445
114.654445
114.654442
114.654442
114.654442
114.654442
114.654442
114.654442
114.654442
114.654442
114.654442
114.654442
114.654442
114.654442
114.654442
114.654442
114.654442
114.654442
114.654442
114.654442
114.654442
114.654442
114.654442
114.654442
114.654442
114.654442
114.654442
114.654442
114.654442
114.654442
114.654442
114.654442
114.654442
114.654442
114.654442
114.654442
114.654442
114.654442
114.654442
114.654442
114.654442
114.654442
114.654442
114.654442
114.654442
114.654442
114.654442
114.654442
114.654442
114.654442
114.654442
114.654442
114.654442
114.654442
114.654442
114.654442
114.654442
114.654442
114.654442
114.654442
114.654442
114.654442
114.654442
114.654442
114.654442
114.654442
114.654442
114.654442
114.654442
114.654442
114.654442
114.654442
114.654442
114.654442
114.654442
114.654442
114.654442
114.654442
114.654442
114.654442
114.654442
114.654442
114.654442
114.654442
114.654442
114.654442
114.654442
114.654442
114.654442
114.654442
114.654442
114.654442
114.654442
114.654442
114.654442
114.654442
114.654442
114.654442
114.654442
114.654442
114.654442
114.654442
114.654442
114.654442
114.654442
114.654442
114.654442
114.654442
114.654442
114.654442
114.654442
114.654442
114.654442
114.654442
114.654442
114.654442
114.654442
114.654442
114.654442
114.654442
114.654442
114.654442
114.654442
114.654442
114.654442
114.654442
114.654442
114.654442
114.654442
114.654442
114.654442
114.654442
114.654442
114.654442
114.654442
114.654442
114.654442
114.654442
114.654442
114.654442
114.654442
114.654442
114.654442
114.654442
114.654442
114.654442
114.654442
114.654442
114.654442
114.654442
114.654442
114.654442
114.654442
114.654442
114.654442
114.654442
114.654442
114.654442
114.654442
114.654442
114.654442
114.654442
114.654442
114.654442
114.654442
114.654442
114.654442
114.654442
114.654442
114.654442
114.654442
114.654442
114.654442
114.654442
114.654442
114.654442
114.654442
114.654442
114.654442
114.654442
114.654442
114.654442
114.654442
114.654442
114.654442
114.654442
114.654442
114.654442
114.654442
114.654442
114.654442
114.654442
114.654442
114.654442
114.654442
114.654442
114.654442
114.654442
114.654442
114.654442
114.654442
114.654442
114.654442
114.654442
114.654442
114.654442
114.654442
114.654442
114.654442
114.654442
114.654442
114.654442
114.654442
114.654442
114.654442
114.654442
114.654442
114.654442
114.654442
114.654442
114.654442
114.654442
114.654442
114.654442
114.654442
114.654442
114.654442
114.654442
114.654442
114.654442
114.654442
114.654442
114.654442
114.654442
114.654442
114.654442
114.654442
114.654442
114.654442
114.654442
114.654442
114.654442
114.654442
114.654442
114.654442
114.654442
114.654442
114.654442
114.654442
114.654442
114.654442
114.654442
114.654442
114.654442
114.654442
114.654442
114.654442
114.654442
114.654442
114.654442
114.654442
114.654442
114.654442
114.654442
114.654442
114.654442
114.654442
114.654442
114.654442
114.654442
114.654442
114.654442
114.654442
114.654442
114.654442
114.654442
114.654442
114.654442
114.654442
114.654442
114.654442
114.654442
114.654442
114.654442
114.654442
114.654442
114.654442
114.654442
114.654442
114.654442
114.654442
114.654442
114.654442
114.654442
114.654442
114.654442
114.654442
114.654442
114.654442
114.654442
114.654442
114.654442
114.654442
114.654442
114.654442
114.654442
114.654442
114.654442
114.654442
114.654442
114.654442
114.654442
114.654442
114.654442
114.654442
114.654442
114.654442
114.654442
114.654442
114.654442
114.654442
114.654442
114.654442
114.654442
114.654442
114.654442
114.654442
114.654442
114.654442
114.654442
114.654442
114.654442
114.654442
114.654442
114.654442
114.654442
114.654442
114.654442
114.654442
114.654442
114.654442
114.654442
114.654442
114.654442
114.654442
114.654442
114.654442
114.654442
114.654442
114.654442
114.654442
114.654442
114.654442
114.654442
114.654442
114.654442
114.654442
114.654442
114.654442
114.654442
114.654442
114.654442
114.654442
114.654442
114.654442
114.654442
114.654442
114.654442
114.654442
114.654442
114.654442
114.654442
114.654442
114.654442
114.654442
114.654442
114.654442
114.654442
114.654442
114.654442
114.654442
114.654442
114.654442
114.654442
114.654442
114.654442
114.654442
114.654442
114.654442
114.654442
114.654442
114.654442
114.654442
114.654442
114.654442
114.654442
114.654442
114.654442
114.654442
114.654442
114.654442
114.654442
114.654442
114.654442
114.654442
114.654442
114.654442
114.654442
114.654442
114.654442
114.654442
114.654442
114.654442
114.654442
114.654442
114.654442
114.654442
114.654442
114.654442
114.654442
114.654442
114.654442
114.654442
114.654442
114.654442
114.654442
114.654442
114.654442
114.654442
114.654442
114.654442
114.654442
114.654442
114.654442
114.654442
114.654442
114.654442
114.654442
114.654442
114.654442
114.654442
114.654442
114.654442
114.654442
114.654442
114.654442
114.654442
114.654442
114.654442
114.654442
114.654442
114.654442
114.654442
114.654442
114.654442
114.654442
114.654442
114.654442
114.654442
114.654442
114.654442
114.654442
114.654442
114.654442
114.654442
114.654442
114.654442
114.654442
114.654442
114.654442
114.654442
114.654442
114.654442
114.654442
114.654442
114.654442
114.654442
114.654442
114.654442
114.654442
114.654442
114.654442
114.654442
114.654442
114.654442
114.654442
114.654442
114.654442
114.654442
114.654442
114.654442
114.654442
114.654442
114.654442
114.654442
114.654442
114.654442
114.654442
114.654442
114.654442
114.654442
114.654442
114.654442
114.654442
114.654442
114.654442
114.654442
114.654442
114.654442
114.654442
114.654442
114.654442
114.654442
114.654442
114.654442
114.654442
114.654442
114.654442
114.654442
114.654442
114.654442
114.654442
114.654442
114.654442
114.654442
114.654442
114.654442
114.654442
114.654442
114.654442
114.654442
114.654442
114.654442
114.654442
114.654442
114.654442
114.654442
114.654442
114.654442
114.654442
114.654442
114.654442
114.654442
114.654442
114.654442
114.654442
114.654442
114.654442
114.654442
114.654442
114.654442
114.654442
114.654442
114.654442
114.654442
114.654442
114.654442
114.654442
114.654442
114.654442
114.654442
114.654442
114.654442
114.654442
114.654442
114.654442
114.654442
114.654442
114.654442
114.654442
114.654442
114.654442
114.654442
114.654442
114.654442
114.654442
114.654442
114.654442
114.654442
114.654442
114.654442
114.654442
114.654442
114.654442
114.654442
114.654442
114.654442
114.654442
114.654442
114.654442
114.654442
114.654442
114.654442
114.654442
114.654442
114.654442
114.654442
114.654442
114.654442
114.654442
114.654442
114.654442
114.654442
114.654442
114.654442
114.654442
114.654442
114.654442
114.654442
114.654442
114.654442
114.654442
114.654442
114.654442
114.654442
114.654442
114.654442
114.654442
114.654442
114.654442
114.654442
114.654442
114.654442
114.654442
114.654442
114.654442
114.654442
114.654442
114.654442
114.654442
114.654442
114.654442
114.654442
114.654442
114.654442
114.654442
114.654442
114.654442
114.654442
114.654442
114.654442
114.654442
114.654442
114.654442
114.654442
114.654442
114.654442
114.654442
114.654442
114.654442
114.654442
114.654442
114.654442
114.654442
114.654442
114.654442
114.654442
114.654442
114.654442
114.654442
114.654442
114.654442
114.654442
114.654442
114.654442
114.654442
114.654442
114.654442
114.654442
114.654442
114.654442
114.654442
114.654442
114.654442
114.654442
114.654442
114.654442
114.654442
114.654442
114.654442
114.654442
114.654442
114.654442
114.654442
114.654442
114.654442
114.654442
114.654442
114.654442
114.654442
114.654442
114.654442
114.654442
114.654442
114.654442
114.654442
114.654442
114.654442
114.654442
114.654442
114.654442
114.654442
114.654442
114.654442
114.654442
114.654442
114.654442
114.654442
114.654442
114.654442
114.654442
114.654442
114.654442
114.654442
114.654442
114.654442
114.654442
114.654442
114.654442
114.654442
114.654442
114.654442
114.654442
114.654442
114.654442
114.654442
114.654442
114.654442
114.654442
114.654442
114.654442
114.654442
114.654442
114.654442
114.654442
114.654442
114.654442
114.654442
114.654442
114.654442
114.654442
114.654442
114.654442
114.654442
114.654442
114.654442
114.654442
114.654442
114.654442
114.654442
114.654442
114.654442
114.654442
114.654442
114.654442
114.654442
114.654442
114.654442
114.654442
114.654442
114.654442
114.654442
114.654442
114.654442
114.654442
114.654442
114.654442
114.654442
114.654442
114.654442
114.654442
114.654442
114.654442
114.654442
114.654442
114.654442
114.654442
114.654442
114.654442
114.654442
114.654442
114.654442
114.654442
114.654442
114.654442
114.654442
114.654442
114.654442
114.654442
114.654442
114.654442
114.654442
114.654442
114.654442
114.654442
114.654442
114.654442
114.654442
114.654442
114.654442
114.654442
114.654442
114.654442
114.654442
114.654442
114.654442
114.654442
114.654442
114.654442
114.654442
114.654442
114.654442
114.654442
114.654442
114.654442
114.654442
114.654442
114.654442
114.654442
114.654442
114.654442
114.654442
114.654442
114.654442
114.654442
114.654442
114.654442
114.654442
114.654442
114.654442
114.654442
114.654442
114.654442
114.654442
114.654442
114.654442
114.654442
114.654442
114.654442
114.654442
114.654442
114.654442
114.654442
114.654442
114.654442
114.654442
114.654442
114.654442
114.654442
114.654442
114.654442
114.654442
114.654442
114.654442
114.654442
114.654442
114.654442
114.654442
114.654442
114.654442
114.654442
114.654442
114.654442
114.654442
114.654442
114.654442
114.654442
114.654442
114.654442
114.654442
114.654442
114.654442
114.654442
114.654442
114.654442
114.654442
114.654442
114.654442
114.654442
114.654442
114.654442
114.654442
114.654442
114.654442
114.654442
114.654442
114.654442
114.654442
114.654442
114.654442
114.654442
114.654442
114.654442
114.654442
114.654442
114.654442
114.654442
114.654442
114.654442
114.654442
114.654442
114.654442
114.654442
114.654442
114.654442
114.654442
114.654442
114.654442
114.654442
114.654442
114.654442
114.654442
114.654442
114.654442
114.654442
114.654442
114.654442
114.654442
114.654442
114.654442
114.654442
114.654442
114.654442
114.654442
114.654442
114.654442
114.654442
114.654442
114.654442
114.654442
114.654442
114.654442
114.654442
114.654442
114.654442
114.654442
114.654442
114.654442
114.654442
114.654442
114.654442
114.654442
114.654442
114.654442
114.654442
114.654442
114.654442
114.654442
114.654442
114.654442
114.654442
114.654442
114.654442
114.654442
114.654442
114.654442
114.654442
114.654442
114.654442
114.654442
114.654442
114.654442
114.654442
114.654442
114.654442
114.654442
114.654442
114.654442
114.654442
114.654442
114.654442
114.654442
114.654442
114.654442
114.654442
114.654442
114.654442
114.654442
114.654442
114.654442
114.654442
114.654442
114.654442
114.654442
114.654442
114.654442
114.654442
114.654442
114.654442
114.654442
114.654442
114.654442
114.654442
114.654442
114.654442
114.654442
114.654442
114.654442
114.654442
114.654442
114.654442
114.654442
114.654442
114.654442
114.654442
114.654442
114.654442
114.654442
114.654442
114.654442
114.654442
114.654442
114.654442
114.654442
114.654442
114.654442
114.654442
114.654442
114.654442
114.654442
114.654442
114.654442
114.654442
114.654442
114.654442
114.654442
114.654442
114.654442
114.654442
114.654442
114.654442
114.654442
114.654442
114.654442
114.654442
114.654442
114.654442
114.654442
114.654442
114.654442
114.654442
114.654442
114.654442
114.654442
114.654442
114.654442
114.654442
114.654442
114.654442
114.654442
114.654442
114.654442
114.654442
114.654442
114.654442
114.654442
114.654442
114.654442
114.654442
114.654442
114.654442
114.654442
114.654442
114.654442
114.654442
114.654442
114.654442
114.654442
114.654442
114.654442
114.654442
114.654442
114.654442
114.654442
114.654442
114.654442
114.654442
114.654442
114.654442
114.654442
114.654442
114.654442
114.654442
114.654442
114.654442
114.654442
114.654442
114.654442
114.654442
114.654442
114.654442
114.654442
114.654442
114.654442
114.654442
114.654442
114.654442
114.654442
114.654442
114.654442
114.654442
114.654442
114.654442
114.654442
114.654442
114.654442
114.654442
114.654442
114.654442
114.654442
114.654442
114.654442
114.654442
114.654442
114.654442
114.654442
114.654442
114.654442
114.654442
114.654442
114.654442
114.654442
114.654442
114.654442
114.654442
114.654442
114.654442
114.654442
114.654442
114.654442
114.654442
114.654442
114.654442
114.654442
114.654442
114.654442
114.654442
114.654442
114.654442
114.654442
114.654442
114.654442
114.654442
114.654442
114.654442
114.654442
114.654442
114.654442
114.654442
114.654442
114.654442
114.654442
114.654442
114.654442
114.654442
114.654442
114.654442
114.654442
114.654442
114.654442
114.654442
114.654442
114.654442
114.654442
114.654442
114.654442
114.654442
114.654442
114.654442
114.654442
114.654442
114.654442
114.654442
114.654442
114.654442
114.654442
114.654442
114.654442
114.654442
114.654442
114.654442
114.654442
114.654442
114.654442
114.654442
114.654442
114.654442
114.654442
114.654442
114.654442
114.654442
114.654442
114.654442
114.654442
114.654442
114.654442
114.654442
114.654442
114.654442
114.654442
114.654442
114.654442
114.654442
114.654442
114.654442
114.654442
114.654442
114.654442
114.654442
114.654442
114.654442
114.654442
114.654442
114.654442
114.654442
114.654442
114.654442
114.654442
114.654442
114.654442
114.654442
114.654442
114.654442
114.654442
114.654442
114.654442
114.654442
114.654442
114.654442
114.654442
114.654442
114.654442
114.654442
114.654442
114.654442
114.654442
114.654442
114.654442
114.654442
114.654442
114.654442
114.654442
114.654442
114.654442
114.654442
114.654442
114.654442
114.654442
114.654442
114.654442
114.654442
114.654442
114.654442
114.654442
114.654442
114.654442
114.654442
114.654442
114.654442
114.654442
114.654442
114.654442
114.654442
114.654442
114.654442
114.654442
114.654442
114.654442
114.654442
114.654442
114.654442
114.654442
114.654442
114.654442
114.654442
114.654442
114.654442
114.654442
114.654442
114.654442
114.654442
114.654442
114.654442
114.654442
114.654442
114.654442
114.654442
114.654442
114.654442
114.654442
114.654442
114.654442
114.654442
114.654442
114.654442
114.654442
114.654442
114.654442
114.654442
114.654442
114.654442
114.654442
114.654442
114.654442
114.654442
114.654442
114.654442
114.654442
114.654442
114.654442
114.654442
114.654442
114.654442
114.654442
114.654442
114.654442
114.654442
114.654442
114.654442
114.654442
114.654442
114.654442
114.654442
114.654442
114.654442
114.654442
114.654442
114.654442
114.654442
114.654442
114.654442
114.654442
114.654442
114.654442
114.654442
114.654442
114.654442
114.654442
114.654442
114.654442
114.654442
114.654442
114.654442
114.654442
114.654442
114.654442
114.654442
114.654442
114.654442
114.654442
114.654442
114.654442
114.654442
114.654442
114.654442
114.654442
114.654442
114.654442
114.654442
114.654442
114.654442
114.654442
114.654442
114.654442
114.654442
114.654442
114.654442
114.654442
114.654442
114.654442
114.654442
114.654442
114.654442
114.654442
114.654442
114.654442
114.654442
114.654442
114.654442
114.654442
114.654442
114.654442
114.654442
114.654442
114.654442
114.654442
114.654442
114.654442
114.654442
114.654442
114.654442
114.654442
114.654442
114.654442
114.654442
114.654442
114.654442
114.654442
114.654442
114.654442
114.654442
114.654442
114.654442
114.654442
114.654442
114.654442
114.654442
114.654442
114.654442
114.654442
114.654442
114.654442
114.654442
114.654442
114.654442
114.654442
114.654442
114.654442
114.654442
114.654442
114.654442
114.654442
114.654442
114.654442
114.654442
114.654442
114.654442
114.654442
114.654442
114.654442
114.654442
114.654442
114.654442
114.654442
114.654442
114.654442
114.654442
114.654442
114.654442
114.654442
114.654442
114.654442
114.654442
114.654442
114.654442
114.654442
114.654442
114.654442
114.654442
114.654442
114.654442
114.654442
114.654442
114.654442
114.654442
114.654442
114.654442
114.654442
114.654442
114.654442
114.654442
114.654442
114.654442
114.654442
114.654442
114.654442
114.654442
114.654442
114.654442
114.654442
114.654442
114.654442
114.654442
114.654442
114.654442
114.654442
114.654442
114.654442
114.654442
114.654442
114.654442
114.654442
114.654442
114.654442
114.654442
114.654442
114.654442
114.654442
114.654442
114.654442
114.654442
114.654442
114.654442
114.654442
114.654442
114.654442
114.654442
114.654442
114.654442
114.654442
114.654442
114.654442
114.654442
114.654442
114.654442
114.654442
114.654442
114.654442
114.654442
114.654442
114.654442
114.654442
114.654442
114.654442
114.654442
114.654442
114.654442
114.654442
114.654442
114.654442
114.654442
114.654442
114.654442
114.654442
114.654442
114.654442
114.654442
114.654442
114.654442
114.654442
114.654442
114.654442
114.654442
114.654442
114.654442
114.654442
114.654442
114.654442
114.654442
114.654442
114.654442
114.654442
114.654442
114.654442
114.654442
114.654442
114.654442
114.654442
114.654442
114.654442
114.654442
114.654442
114.654442
114.654442
114.654442
114.654442
114.654442
114.654442
114.654442
114.654442
114.654442
114.654442
114.654442
114.654442
114.654442
114.654442
114.654442
114.654442
114.654442
114.654442
114.654442
114.654442
114.654442
114.654442
114.654442
114.654442
114.654442
114.654442
114.654442
114.654442
114.654442
114.654442
114.654442
114.654442
114.654442
114.654442
114.654442
114.654442
114.654442
114.654442
114.654442
114.654442
114.654442
114.654442
114.654442
114.654442
114.654442
114.654442
114.654442
114.654442
114.654442
114.654442
114.654442
114.654442
114.654442
114.654442
114.654442
114.654442
114.654442
114.654442
114.654442
114.654442
114.654442
114.654442
114.654442
114.654442
114.654442
114.654442
114.654442
114.654442
114.654442
114.654442
114.654442
114.654442
114.654442
114.654442
114.654442
114.654442
114.654442
114.654442
114.654442
114.654442
114.654442
114.654442
114.654442
114.654442
114.654442
114.654442
114.654442
114.654442
114.654442
114.654442
114.654442
114.654442
114.654442
114.654442
114.654442
114.654442
114.654442
114.654442
114.654442
114.654442
114.654442
114.654442
114.654442
114.654442
114.654442
114.654442
114.654442
114.654442
114.654442
114.654442
114.654442
114.654442
114.654442
114.654442
114.654442
114.654442
114.654442
114.654442
114.654442
114.654442
114.654442
114.654442
114.654442
114.654442
114.654442
114.654442
114.654442
114.654442
114.654442
114.654442
114.654442
114.654442
114.654442
114.654442
114.654442
114.654442
114.654442
114.654442
114.654442
114.654442
114.654442
114.654442
114.654442
114.654442
114.654442
114.654442
114.654442
114.654442
114.654442
114.654442
114.654442
114.654442
114.654442
114.654442
114.654442
114.654442
114.654442
114.654442
114.654442
114.654442
114.654442
114.654442
114.654442
114.654442
114.654442
114.654442
114.654442
114.654442
114.654442
114.654442
114.654442
114.654442
114.654442
114.654442
114.654442
114.654442
114.654442
114.654442
114.654442
114.654442
114.654442
114.654442
114.654442
114.654442
114.654442
114.654442
114.654442
114.654442
114.654442
114.654442
114.654442
114.654442
114.654442
114.654442
114.654442
114.654442
114.654442
114.654442
114.654442
114.654442
114.654442
114.654442
114.654442
114.654442
114.654442
114.654442
114.654442
114.654442
114.654442
114.654442
114.654442
114.654442
114.654442
114.654442
114.654442
114.654442
114.654442
114.654442
114.654442
114.654442
114.654442
114.654442
114.654442
114.654442
114.654442
114.654442
114.654442
114.654442
114.654442
114.654442
114.654442
114.654442
114.654442
114.654442
114.654442
114.654442
114.654442
114.654442
114.654442
114.654442
114.654442
114.654442
114.654442
114.654442
114.654442
114.654442
114.654442
114.654442
114.654442
114.654442
114.654442
114.654442
114.654442
114.654442
114.654442
114.654442
114.654442
114.654442
114.654442
114.654442
114.654442
114.654442
114.654442
114.654442
114.654442
114.654442
114.654442
114.654442
114.654442
114.654442
114.654442
114.654442
114.654442
114.654442
114.654442
114.654442
114.654442
114.654442
114.654442
114.654442
114.654442
114.654442
114.654442
114.654442
114.654442
114.654442
114.654442
114.654442
114.654442
114.654442
114.654442
114.654442
114.654442
114.654442
114.654442
114.654442
114.654442
114.654442
114.654442
114.654442
114.654442
114.654442
114.654442
114.654442
114.654442
114.654442
114.654442
114.654442
114.654442
114.654442
114.654442
114.654442
114.654442
114.654442
114.654442
114.654442
114.654442
114.654442
114.654442
114.654442
114.654442
114.654442
114.654442
114.654442
114.654442
114.654442
114.654442
114.654442
114.654442
114.654442
114.654442
114.654442
114.654442
114.654442
114.654442
114.654442
114.654442
114.654442
114.654442
114.654442
114.654442
114.654442
114.654442
114.654442
114.654442
114.654442
114.654442
114.654442
114.654442
114.654442
114.654442
114.654442
114.654442
114.654442
114.654442
114.654442
114.654442
114.654442
114.654442
114.654442
114.654442
114.654442
114.654442
114.654442
114.654442
114.654442
114.654442
114.654442
114.654442
114.654442
114.654442
114.654442
114.654442
114.654442
114.654442
114.654442
114.654442
114.654442
114.654442
114.654442
114.654442
114.654442
114.654442
114.654442
114.654442
114.654442
114.654442
114.654442
114.654442
114.654442
114.654442
114.654442
114.654442
114.654442
114.654442
114.654442
114.654442
114.654442
114.654442
114.654442
114.654442
114.654442
114.654442
114.654442
114.654442
114.654442
114.654442
114.654442
114.654442
114.654442
114.654442
114.654442
114.654442
114.654442
114.654442
114.654442
114.654442
114.654442
114.654442
114.654442
114.654442
114.654442
114.654442
114.654442
114.654442
114.654442
114.654442
114.654442
114.654442
114.654442
114.654442
114.654442
114.654442
114.654442
114.654442
114.654442
114.654442
114.654442
114.654442
114.654442
114.654442
114.654442
114.654442
114.654442
114.654442
114.654442
114.654442
114.654442
114.654442
114.654442
114.654442
114.654442
114.654442
114.654442
114.654442
114.654442
114.654442
114.654442
114.654442
114.654442
114.654442
114.654442
114.654442
114.654442
114.654442
114.654442
114.654442
114.654442
114.654442
114.654442
114.654442
114.654442
114.654442
114.654442
114.654442
114.654442
114.654442
114.654442
114.654442
114.654442
114.654442
114.654442
114.654442
114.654442
114.654442
114.654442
114.654442
114.654442
114.654442
114.654442
114.654442
114.654442
114.654442
114.654442
114.654442
114.654442
114.654442
114.654442
114.654442
114.654442
114.654442
114.654442
114.654442
114.654442
114.654442
114.654442
114.654442
114.654442
114.654442
114.654442
114.654442
114.654442
114.654442
114.654442
114.654442
114.654442
114.654442
114.654442
114.654442
114.654442
114.654442
114.654442
114.654442
114.654442
114.654442
114.654442
114.654442
114.654442
114.654442
114.654442
114.654442
114.654442
114.654442
114.654442
114.654442
114.654442
114.654442
114.654442
114.654442
114.654442
114.654442
114.654442
114.654442
114.654442
114.654442
114.654442
114.654442
114.654442
114.654442
114.654442
114.654442
114.654442
114.654442
114.654442
114.654442
114.654442
114.654442
114.654442
114.654442
114.654442
114.654442
114.654442
114.654442
114.654442
114.654442
114.654442
114.654442
114.654442
114.654442
114.654442
114.654442
114.654442
114.654442
114.654442
114.654442
114.654442
114.654442
114.654442
114.654442
114.654442
114.654442
114.654442
114.654442
114.654442
114.654442
114.654442
114.654442
114.654442
114.654442
114.654442
114.654442
114.654442
114.654442
114.654442
114.654442
114.654442
114.654442
114.654442
114.654442
114.654442
114.654442
114.654442
114.654442
114.654442
114.654442
114.654442
114.654442
114.654442
114.654442
114.654442
114.654442
114.654442
114.654442
114.654442
114.654442
114.654442
114.654442
114.654442
114.654442
114.654442
114.654442
114.654442
114.654442
114.654442
114.654442
114.654442
114.654442
114.654442
114.654442
114.654442
114.654442
114.654442
114.654442
114.654442
114.654442
114.654442
114.654442
114.654442
114.654442
114.654442
114.654442
114.654442
114.654442
114.654442
114.654442
114.654442
114.654442
114.654442
114.654442
114.654442
114.654442
114.654442
114.654442
114.654442
114.654442
114.654442
114.654442
114.654442
114.654442
114.654442
114.654442
114.654442
114.654442
114.654442
114.654442
114.654442
114.654442
114.654442
114.654442
114.654442
114.654442
114.654442
114.654442
114.654442
114.654442
114.654442
114.654442
114.654442
114.654442
114.654442
114.654442
114.654442
114.654442
114.654442
114.654442
114.654442
114.654442
114.654442
114.654442
114.654442
114.654442
114.654442
114.654442
114.654442
114.654442
114.654442
114.654442
114.654442
114.654442
114.654442
114.654442
114.654442
114.654442
114.654442
114.654442
114.654442
114.654442
114.654442
114.654442
114.654442
114.654442
114.654442
114.654442
114.654442
114.654442
114.654442
114.654442
114.654442
114.654442
114.654442
114.654442
114.654442
114.654442
114.654442
114.654442
114.654442
114.654442
114.654442
114.654442
114.654442
114.654442
114.654442
114.654442
114.654442
114.654442
114.654442
114.654442
114.654442
114.654442
114.654442
114.654442
114.654442
114.654442
114.654442
114.654442
114.654442
114.654442
114.654442
114.654442
114.654442
114.654442
114.654442
114.654442
114.654442
114.654442
114.654442
114.654442
114.654442
114.654442
114.654442
114.654442
114.654442
114.654442
114.654442
114.654442
114.654442
114.654442
114.654442
114.654442
114.654442
114.654442
114.654442
114.654442
114.654442
114.654442
114.654442
114.654442
114.654442
114.654442
114.654442
114.654442
114.654442
114.654442
114.654442
114.654442
114.654442
114.654442
114.654442
114.654442
114.654442
114.654442
114.654442
114.654442
114.654442
114.654442
114.654442
114.654442
114.654442
114.654442
114.654442
114.654442
114.654442
114.654442
114.654442
114.654442
114.654442
114.654442
114.654442
114.654442
114.654442
114.654442
114.654442
114.654442
114.654442
114.654442
114.654442
114.654442
114.654442
114.654442
114.654442
114.654442
114.654442
114.654442
114.654442
114.654442
114.654442
114.654442
114.654442
114.654442
114.654442
114.654442
114.654442
114.654442
114.654442
114.654442
114.654442
114.654442
114.654442
114.654442
114.654442
114.654442
114.654442
114.654442
114.654442
114.654442
114.654442
114.654442
114.654442
114.654442
114.654442
114.654442
114.654442
114.654442
114.654442
114.654442
114.654442
114.654442
114.654442
114.654442
114.654442
114.654442
114.654442
114.654442
114.654442
114.654442
114.654442
114.654442
114.654442
114.654442
114.654442
114.654442
114.654442
114.654442
114.654442
114.654442
114.654442
114.654442
114.654442
114.654442
114.654442
114.654442
114.654442
114.654442
114.654442
114.654442
114.654442
114.654442
114.654442
114.654442
114.654442
114.654442
114.654442
114.654442
114.654442
114.654442
114.654442
114.654442
114.654442
114.654442
114.654442
114.654442
114.654442
114.654442
114.654442
114.654442
114.654442
114.654442
114.654442
114.654442
114.654442
114.654442
114.654442
114.654442
114.654442
114.654442
114.654442
114.654442
114.654442
114.654442
114.654442
114.654442
114.654442
114.654442
114.654442
114.654442
114.654442
114.654442
114.654442
114.654442
114.654442
114.654442
114.654442
114.654442
114.654442
114.654442
114.654442
114.654442
114.654442
114.654442
114.654442
114.654442
114.654442
114.654442
114.654442
114.654442
114.654442
114.654442
114.654442
114.654442
114.654442
114.654442
114.654442
114.654442
114.654442
114.654442
114.654442
114.654442
114.654442
114.654442
114.654442
114.654442
114.654442
114.654442
114.654442
114.654442
114.654442
114.654442
114.654442
114.654442
114.654442
114.654442
114.654442
114.654442
114.654442
114.654442
114.654442
114.654442
114.654442
114.654442
114.654442
114.654442
114.654442
114.654442
114.654442
114.654442
114.654442
114.654442
114.654442
114.654442
114.654442
114.654442
114.654442
114.654442
114.654442
114.654442
114.654442
114.654442
114.654442
114.654442
114.654442
114.654442
114.654442
114.654442
114.654442
114.654442
114.654442
114.654442
114.654442
114.654442
114.654442
114.654442
114.654442
114.654442
114.654442
114.654442
114.654442
114.654442
114.654442
114.654442
114.654442
114.654442
114.654442
114.654442
114.654442
114.654442
114.654442
114.654442
114.654442
114.654442
114.654442
114.654442
114.654442
114.654442
114.654442
114.654442
114.654442
114.654442
114.654442
114.654442
114.654442
114.654442
114.654442
114.654442
114.654442
114.654442
114.654442
114.654442
114.654442
114.654442
114.654442
114.654442
114.654442
114.654442
114.654442
114.654442
114.654442
114.654442
114.654442
114.654442
114.654442
114.654442
114.654442
114.654442
114.654442
114.654442
114.654442
114.654442
114.654442
114.654442
114.654442
114.654442
114.654442
114.654442
114.654442
114.654442
114.654442
114.654442
114.654442
114.654442
114.654442
114.654442
114.654442
114.654442
114.654442
114.654442
114.654442
114.654442
114.654442
114.654442
114.654442
114.654442
114.654442
114.654442
114.654442
114.654442
114.654442
114.654442
114.654442
114.654442
114.654442
114.654442
114.654442
114.654442
114.654442
114.654442
114.654442
114.654442
114.654442
114.654442
114.654442
114.654442
114.654442
114.654442
114.654442
114.654442
114.654442
114.654442
114.654442
114.654442
114.654442
114.654442
114.654442
114.654442
114.654442
114.654442
114.654442
114.654442
114.654442
114.654442
114.654442
114.654442
114.654442
114.654442
114.654442
114.654442
114.654442
114.654442
114.654442
114.654442
114.654442
114.654442
114.654442
114.654442
114.654442
114.654442
114.654442
114.654442
114.654442
114.654442
114.654442
114.654442
114.654442
114.654442
114.654442
114.654442
114.654442
114.654442
114.654442
114.654442
114.654442
114.654442
114.654442
114.654442
114.654442
114.654442
114.654442
114.654442
114.654442
114.654442
114.654442
114.654442
114.654442
114.654442
114.654442
114.654442
114.654442
114.654442
114.654442
114.654442
114.654442
114.654442
114.654442
114.654442
114.654442
114.654442
114.654442
114.654442
114.654442
114.654442
114.654442
114.654442
114.654442
114.654442
114.654442
114.654442
114.654442
114.654442
114.654442
114.654442
114.654442
114.654442
114.654442
114.654442
114.654442
114.654442
114.654442
114.654442
114.654442
114.654442
114.654442
114.654442
114.654442
114.654442
114.654442
114.654442
114.654442
114.654442
114.654442
114.654442
114.654442
114.654442
114.654442
114.654442
114.654442
114.654442
114.654442
114.654442
114.654442
114.654442
114.654442
114.654442
114.654442
114.654442
114.654442
114.654442
114.654442
114.654442
114.654442
114.654442
114.654442
114.654442
114.654442
114.654442
114.654442
114.654442
114.654442
114.654442
114.654442
114.654442
114.654442
114.654442
114.654442
114.654442
114.654442
114.654442
114.654442
114.654442
114.654442
114.654442
114.654442
114.654442
114.654442
114.654442
114.654442
114.654442
114.654442
114.654442
114.654442
114.654442
114.654442
114.654442
114.654442
114.654442
114.654442
114.654442
114.654442
114.654442
114.654442
114.654442
114.654442
114.654442
114.654442
114.654442
114.654442
114.654442
114.654442
114.654442
114.654442
114.654442
114.654442
114.654442
114.654442
114.654442
114.654442
114.654442
114.654442
114.654442
114.654442
114.654442
114.654442
114.654442
114.654442
114.654442
114.654442
114.654442
114.654442
114.654442
114.654442
114.654442
114.654442
114.654442
114.654442
114.654442
114.654442
114.654442
114.654442
114.654442
114.654442
114.654442
114.654442
114.654442
114.654442
114.654442
114.654442
114.654442
114.654442
114.654442
114.654442
114.654442
114.654442
114.654442
114.654442
114.654442
114.654442
114.654442
114.654442
114.654442
114.654442
114.654442
114.654442
114.654442
114.654442
114.654442
114.654442
114.654442
114.654442
114.654442
114.654442
114.654442
114.654442
114.654442
114.654442
114.654442
114.654442
114.654442
114.654442
114.654442
114.654442
114.654442
114.654442
114.654442
114.654442
114.654442
114.654442
114.654442
114.654442
114.654442
114.654442
114.654442
114.654442
114.654442
114.654442
114.654442
114.654442
114.654442
114.654442
114.654442
114.654442
114.654442
114.654442
114.654442
114.654442
114.654442
114.654442
114.654442
114.654442
114.654442
114.654442
114.654442
114.654442
114.654442
114.654442
114.654442
114.654442
114.654442
114.654442
114.654442
114.654442
114.654442
114.654442
114.654442
114.654442
114.654442
114.654442
114.654442
114.654442
114.654442
114.654442
114.654442
114.654442
114.654442
114.654442
114.654442
114.654442
114.654442
114.654442
114.654442
114.654442
114.654442
114.654442
114.654442
114.654442
114.654442
114.654442
114.654442
114.654442
114.654442
114.654442
114.654442
114.654442
114.654442
114.654442
114.654442
114.654442
114.654442
114.654442
114.654442
114.654442
114.654442
114.654442
114.654442
114.654442
114.654442
114.654442
114.654442
114.654442
114.654442
114.654442
114.654442
114.654442
114.654442
114.654442
114.654442
114.654442
114.654442
114.654442
114.654442
114.654442
114.654442
114.654442
114.654442
114.654442
114.654442
114.654442
114.654442
114.654442
114.654442
114.654442
114.654442
114.654442
114.654442
114.654442
114.654442
114.654442
114.654442
114.654442
114.654442
114.654442
114.654442
114.654442
114.654442
114.654442
114.654442
114.654442
114.654442
114.654442
114.654442
114.654442
114.654442
114.654442
114.654442
114.654442
114.654442
114.654442
114.654442
114.654442
114.654442
114.654442
114.654442
114.654442
114.654442
114.654442
114.654442
114.654442
114.654442
114.654442
114.654442
114.654442
114.654442
114.654442
114.654442
114.654442
114.654442
114.654442
114.654442
114.654442
114.654442
114.654442
114.654442
114.654442
114.654442
114.654442
114.654442
114.654442
114.654442
114.654442
114.654442
114.654442
114.654442
114.654442
114.654442
114.654442
114.654442
114.654442
114.654442
114.654442
114.654442
114.654442
114.654442
114.654442
114.654442
114.654442
114.654442
114.654442
114.654442
114.654442
114.654442
114.654442
114.654442
114.654442
114.654442
114.654442
114.654442
114.654442
114.654442
114.654442
114.654442
114.654442
114.654442
114.654442
114.654442
114.654442
114.654442
114.654442
114.654442
114.654442
114.654442
114.654442
114.654442
114.654442
114.654442
114.654442
114.654442
114.654442
114.654442
114.654442
114.654442
114.654442
114.654442
114.654442
114.654442
114.654442
114.654442
114.654442
114.654442
114.654442
114.654442
114.654442
114.654442
114.654442
114.654442
114.654442
114.654442
114.654442
114.654442
114.654442
114.654442
114.654442
114.654442
114.654442
114.654442
114.654442
114.654442
114.654442
114.654442
114.654442
114.654442
114.654442
114.654442
114.654442
114.654442
114.654442
114.654442
114.654442
114.654442
114.654442
114.654442
114.654442
114.654442
114.654442
114.654442
114.654442
114.654442
114.654442
114.654442
114.654442
114.654442
114.654442
114.654442
114.654442
114.654442
114.654442
114.654442
114.654442
114.654442
114.654442
114.654442
114.654442
114.654442
114.654442
114.654442
114.654442
114.654442
114.654442
114.654442
114.654442
114.654442
114.654442
114.654442
114.654442
114.654442
114.654442
114.654442
114.654442
114.654442
114.654442
114.654442
114.654442
114.654442
114.654442
114.654442
114.654442
114.654442
114.654442
114.654442
114.654442
114.654442
114.654442
114.654442
114.654442
114.654442
114.654442
114.654442
114.654442
114.654442
114.654442
114.654442
114.654442
114.654442
114.654442
114.654442
114.654442
114.654442
114.654442
114.654442
114.654442
114.654442
114.654442
114.654442
114.654442
114.654442
114.654442
114.654442
114.654442
114.654442
114.654442
114.654442
114.654442
114.654442
114.654442
114.654442
114.654442
114.654442
114.654442
114.654442
114.654442
114.654442
114.654442
114.654442
114.654442
114.654442
114.654442
114.654442
114.654442
114.654442
114.654442
114.654442
114.654442
114.654442
114.654442
114.654442
114.654442
114.654442
114.654442
114.654442
114.654442
114.654442
114.654442
114.654442
114.654442
114.654442
114.654442
114.654442
114.654442
114.654442
114.654442
114.654442
114.654442
114.654442
114.654442
114.654442
114.654442
114.654442
114.654442
114.654442
114.654442
114.654442
114.654442
114.654442
114.654442
114.654442
114.654442
114.654442
114.654442
114.654442
114.654442
114.654442
114.654442
114.654442
114.654442
114.654442
114.654442
114.654442
114.654442
114.654442
114.654442
114.654442
114.654442
114.654442
114.654442
114.654442
114.654442
114.654442
114.654442
114.654442
114.654442
114.654442
114.654442
114.654442
114.654442
114.654442
114.654442
114.654442
114.654442
114.654442
114.654442
114.654442
114.654442
114.654442
114.654442
114.654442
114.654442
114.654442
114.654442
114.654442
114.654442
114.654442
114.654442
114.654442
114.654442
114.654442
114.654442
114.654442
114.654442
114.654442
114.654442
114.654442
114.654442
114.654442
114.654442
114.654442
114.654442
114.654442
114.654442
114.654442
114.654442
114.654442
114.654442
114.654442
114.654442
114.654442
114.654442
114.654442
114.654442
114.654442
114.654442
114.654442
114.654442
114.654442
114.654442
114.654442
114.654442
114.654442
114.654442
114.654442
114.654442
114.654442
114.654442
114.654442
114.654442
114.654442
114.654442
114.654442
114.654442
114.654442
114.654442
114.654442
114.654442
114.654442
114.654442
114.654442
114.654442
114.654442
114.654442
114.654442
114.654442
114.654442
114.654442
114.654442
114.654442
114.654442
114.654442
114.654442
114.654442
114.654442
114.654442
114.654442
114.654442
114.654442
114.654442
114.654442
114.654442
114.654442
114.654442
114.654442
114.654442
114.654442
114.654442
114.654442
114.654442
114.654442
114.654442
114.654442
114.654442
114.654442
114.654442
114.654442
114.654442
114.654442
114.654442
114.654442
114.654442
114.654442
114.654442
114.654442
114.654442
114.654442
114.654442
114.654442
114.654442
114.654442
114.654442
114.654442
114.654442
114.654442
114.654442
114.654442
114.654442
114.654442
114.654442
114.654442
114.654442
114.654442
114.654442
114.654442
114.654442
114.654442
114.654442
114.654442
114.654442
114.654442
114.654442
114.654442
114.654442
114.654442
114.654442
114.654442
114.654442
114.654442
114.654442
114.654442
114.654442
114.654442
114.654442
114.654442
114.654442
114.654442
114.654442
114.654442
114.654442
114.654442
114.654442
114.654442
114.654442
114.654442
114.654442
114.654442
114.654442
114.654442
114.654442
114.654442
114.654442
114.654442
114.654442
114.654442
114.654442
114.654442
114.654442
114.654442
114.654442
114.654442
114.654442
114.654442
114.654442
114.654442
114.654442
114.654442
114.654442
114.654442
114.654442
114.654442
114.654442
114.654442
114.654442
114.654442
114.654442
114.654442
114.654442
114.654442
114.654442
114.654442
114.654442
114.654442
114.654442
114.654442
114.654442
114.654442
114.654442
114.654442
114.654442
114.654442
114.654442
114.654442
114.654442
114.654442
114.654442
114.654442
114.654442
114.654442
114.654442
114.654442
114.654442
114.654442
114.654442
114.654442
114.654442
114.654442
114.654442
114.654442
114.654442
114.654442
114.654442
114.654442
114.654442
114.654442
114.654442
114.654442
114.654442
114.654442
114.654442
114.654442
114.654442
114.654442
114.654442
114.654442
114.654442
114.654442
114.654442
114.654442
114.654442
114.654442
114.654442
114.654442
114.654442
114.654442
114.654442
114.654442
114.654442
114.654442
114.654442
114.654442
114.654442
114.654442
114.654442
114.654442
114.654442
114.654442
114.654442
114.654442
114.654442
114.654442
114.654442
114.654442
114.654442
114.654442
114.654442
114.654442
114.654442
114.654442
114.654442
114.654442
114.654442
114.654442
114.654442
114.654442
114.654442
114.654442
114.654442
114.654442
114.654442
114.654442
114.654442
114.654442
114.654442
114.654442
114.654442
114.654442
114.654442
114.654442
114.654442
114.654442
114.654442
114.654442
114.654442
114.654442
114.654442
114.654442
114.654442
114.654442
114.654442
114.654442
114.654442
114.654442
114.654442
114.654442
114.654442
114.654442
114.654442
114.654442
114.654442
114.654442
114.654442
114.654442
114.654442
114.654442
114.654442
114.654442
114.654442
114.654442
114.654442
114.654442
114.654442
114.654442
114.654442
114.654442
114.654442
114.654442
114.654442
114.654442
114.654442
114.654442
114.654442
114.654442
114.654442
114.654442
114.654442
114.654442
114.654442
114.654442
114.654442
114.654442
114.654442
114.654442
114.654442
114.654442
114.654442
114.654442
114.654442
114.654442
114.654442
114.654442
114.654442
114.654442
114.654442
114.654442
114.654442
114.654442
114.654442
114.654442
114.654442
114.654442
114.654442
114.654442
114.654442
114.654442
114.654442
114.654442
114.654442
114.654442
114.654442
114.654442
114.654442
114.654442
114.654442
114.654442
114.654442
114.654442
114.654442
114.654442
114.654442
114.654442
114.654442
114.654442
114.654442
114.654442
114.654442
114.654442
114.654442
114.654442
114.654442
114.654442
114.654442
114.654442
114.654442
114.654442
114.654442
114.654442
114.654442
114.654442
114.654442
114.654442
114.654442
114.654442
114.654442
114.654442
114.654442
114.654442
114.654442
114.654442
114.654442
114.654442
114.654442
114.654442
114.654442
114.654442
114.654442
114.654442
114.654442
114.654442
114.654442
114.654442
114.654442
114.654442
114.654442
114.654442
114.654442
114.654442
114.654442
114.654442
114.654442
114.654442
114.654442
114.654442
114.654442
114.654442
114.654442
114.654442
114.654442
114.654442
114.654442
114.654442
114.654442
114.654442
114.654442
114.654442
114.654442
114.654442
114.654442
114.654442
114.654442
114.654442
114.654442
114.654442
114.654442
114.654442
114.654442
114.654442
114.654442
114.654442
114.654442
114.654442
114.654442
114.654442
114.654442
114.654442
114.654442
114.654442
114.654442
114.654442
114.654442
114.654442
114.654442
114.654442
114.654442
114.654442
114.654442
114.654442
114.654442
114.654442
114.654442
114.654442
114.654442
114.654442
114.654442
114.654442
114.654442
114.654442
114.654442
114.654442
114.654442
114.654442
114.654442
114.654442
114.654442
114.654442
114.654442
114.654442
114.654442
114.654442
114.654442
114.654442
114.654442
114.654442
114.654442
114.654442
114.654442
114.654442
114.654442
114.654442
114.654442
114.654442
114.654442
114.654442
114.654442
114.654442
114.654442
114.654442
114.654442
114.654442
114.654442
114.654442
114.654442
114.654442
114.654442
114.654442
114.654442
114.654442
114.654442
114.654442
114.654442
114.654442
114.654442
114.654442
114.654442
114.654442
114.654442
114.654442
114.654442
114.654442
114.654442
114.654442
114.654442
114.654442
114.654442
114.654442
114.654442
114.654442
114.654442
114.654442
114.654442
114.654442
114.654442
114.654442
114.654442
114.654442
114.654442
114.654442
114.654442
114.654442
114.654442
114.654442
114.654442
114.654442
114.654442
114.654442
114.654442
114.654442
114.654442
114.654442
114.654442
114.654442
114.654442
114.654442
114.654442
114.654442
114.654442
114.654442
114.654442
114.654442
114.654442
114.654442
114.654442
114.654442
114.654442
114.654442
114.654442
114.654442
114.654442
114.654442
114.654442
114.654442
114.654442
114.654442
114.654442
114.654442
114.654442
114.654442
114.654442
114.654442
114.654442
114.654442
114.654442
114.654442
114.654442
114.654442
114.654442
114.654442
114.654442
114.654442
114.654442
114.654442
114.654442
114.654442
114.654442
114.654442
114.654442
114.654442
114.654442
114.654442
114.654442
114.654442
114.654442
114.654442
114.654442
114.654442
114.654442
114.654442
114.654442
114.654442
114.654442
114.654442
114.654442
114.654442
114.654442
114.654442
114.654442
114.654442
114.654442
114.654442
114.654442
114.654442
114.654442
114.654442
114.654442
114.654442
114.654442
114.654442
114.654442
114.654442
114.654442
114.654442
114.654442
114.654442
114.654442
114.654442
114.654442
114.654442
114.654442
114.654442
114.654442
114.654442
114.654442
114.654442
114.654442
114.654442
114.654442
114.654442
114.654442
114.654442
114.654442
114.654442
114.654442
114.654442
114.654442
114.654442
114.654442
114.654442
114.654442
114.654442
114.654442
114.654442
114.654442
114.654442
114.654442
114.654442
114.654442
114.654442
114.654442
114.654442
114.654442
114.654442
114.654442
114.654442
114.654442
114.654442
114.654442
114.654442
114.654442
114.654442
114.654442
114.654442
114.654442
114.654442
114.654442
114.654442
114.654442
114.654442
114.654442
114.654442
114.654442
114.654442
114.654442
114.654442
114.654442
114.654442
114.654442
114.654442
114.654442
114.654442
114.654442
114.654442
114.654442
114.654442
114.654442
114.654442
114.654442
114.654442
114.654442
114.654442
114.654442
114.654442
114.654442
114.654442
114.654442
114.654442
114.654442
114.654442
114.654442
114.654442
114.654442
114.654442
114.654442
114.654442
114.654442
114.654442
114.654442
114.654442
114.654442
114.654442
114.654442
114.654442
114.654442
114.654442
114.654442
114.654442
114.654442
114.654442
114.654442
114.654442
114.654442
114.654442
114.654442
114.654442
114.654442
114.654442
114.654442
114.654442
114.654442
114.654442
114.654442
114.654442
114.654442
114.654442
114.654442
114.654442
114.654442
114.654442
114.654442
114.654442
114.654442
114.654442
114.654442
114.654442
114.654442
114.654442
114.654442
114.654442
114.654442
114.654442
114.654442
114.654442
114.654442
114.654442
114.654442
114.654442
114.654442
114.654442
114.654442
114.654442
114.654442
114.654442
114.654442
114.654442
114.654442
114.654442
114.654442
114.654442
114.654442
114.654442
114.654442
114.654442
114.654442
114.654442
114.654442
114.654442
114.654442
114.654442
114.654442
114.654442
114.654442
114.654442
114.654442
114.654442
114.654442
114.654442
114.654442
114.654442
114.654442
114.654442
114.654442
114.654442
114.654442
114.654442
114.654442
114.654442
114.654442
114.654442
114.654442
114.654442
114.654442
114.654442
114.654442
114.654442
114.654442
114.654442
114.654442
114.654442
114.654442
114.654442
114.654442
114.654442
114.654442
114.654442
114.654442
114.654442
114.654442
114.654442
114.654442
114.654442
114.654442
114.654442
114.654442
114.654442
114.654442
114.654442
114.654442
114.654442
114.654442
114.654442
114.654442
114.654442
114.654442
114.654442
114.654442
114.654442
114.654442
114.654442
114.654442
114.654442
114.654442
114.654442
114.654442
114.654442
114.654442
114.654442
114.654442
114.654442
114.654442
114.654442
114.654442
114.654442
114.654442
114.654442
114.654442
114.654442
114.654442
114.654442
114.654442
114.654442
114.654442
114.654442
114.654442
114.654442
114.654442
114.654442
114.654442
114.654442
114.654442
114.654442
114.654442
114.654442
114.654442
114.654442
114.654442
114.654442
114.654442
114.654442
114.654442
114.654442
114.654442
114.654442
114.654442
114.654442
114.654442
114.654442
114.654442
114.654442
114.654442
114.654442
114.654442
114.654442
114.654442
114.654442
114.654442
114.654442
114.654442
114.654442
114.654442
114.654442
114.654442
114.654442
114.654442
114.654442
114.654442
114.654442
114.654442
114.654442
114.654442
114.654442
114.654442
114.654442
114.654442
114.654442
114.654442
114.654442
114.654442
114.654442
114.654442
114.654442
114.654442
114.654442
114.654442
114.654442
114.654442
114.654442
114.654442
114.654442
114.654442
114.654442
114.654442
114.654442
114.654442
114.654442
114.654442
114.654442
114.654442
114.654442
114.654442
114.654442
114.654442
114.654442
114.654442
114.654442
114.654442
114.654442
114.654442
114.654442
114.654442
114.654442
114.654442
114.654442
114.654442
114.654442
114.654442
114.654442
114.654442
114.654442
114.654442
114.654442
114.654442
114.654442
114.654442
114.654442
114.654442
114.654442
114.654442
114.654442
114.654442
114.654442
114.654442
114.654442
114.654442
114.654442
114.654442
114.654442
114.654442
114.654442
114.654442
114.654442
114.654442
114.654442
114.654442
114.654442
114.654442
114.654442
114.654442
114.654442
114.654442
114.654442
114.654442
114.654442
114.654442
114.654442
114.654442
114.654442
114.654442
114.654442
114.654442
114.654442
114.654442
114.654442
114.654442
114.654442
114.654442
114.654442
114.654442
114.654442
114.654442
114.654442
114.654442
114.654442
114.654442
114.654442
114.654442
114.654442
114.654442
114.654442
114.654442
114.654442
114.654442
114.654442
114.654442
114.654442
114.654442
114.654442
114.654442
114.654442
114.654442
114.654442
114.654442
114.654442
114.654442
114.654442
114.654442
114.654442
114.654442
114.654442
114.654442
114.654442
114.654442
114.654442
114.654442
114.654442
114.654442
114.654442
114.654442
114.654442
114.654442
114.654442
114.654442
114.654442
114.654442
114.654442
114.654442
114.654442
114.654442
114.654442
114.654442
114.654442
114.654442
114.654442
114.654442
114.654442
114.654442
114.654442
114.654442
114.654442
114.654442
114.654442
114.654442
114.654442
114.654442
114.654442
114.654442
114.654442
114.654442
114.654442
114.654442
114.654442
114.654442
114.654442
114.654442
114.654442
114.654442
114.654442
114.654442
114.654442
114.654442
114.654442
114.654442
114.654442
114.654442
114.654442
114.654442
114.654442
114.654442
114.654442
114.654442
114.654442
114.654442
114.654442
114.654442
114.654442
114.654442
114.654442
114.654442
114.654442
114.654442
114.654442
114.654442
114.654442
114.654442
114.654442
114.654442
114.654442
114.654442
114.654442
114.654442
114.654442
114.654442
114.654442
114.654442
114.654442
114.654442
114.654442
114.654442
114.654442
114.654442
114.654442
114.654442
114.654442
114.654442
114.654442
114.654442
114.654442
114.654442
114.654442
114.654442
114.654442
114.654442
114.654442
114.654442
114.654442
114.654442
114.654442
114.654442
114.654442
114.654442
114.654442
114.654442
114.654442
114.654442
114.654442
114.654442
114.654442
114.654442
114.654442
114.654442
114.654442
114.654442
114.654442
114.654442
114.654442
114.654442
114.654442
114.654442
114.654442
114.654442
114.654442
114.654442
114.654442
114.654442
114.654442
114.654442
114.654442
114.654442
114.654442
114.654442
114.654442
114.654442
114.654442
114.654442
114.654442
114.654442
114.654442
114.654442
114.654442
114.654442
114.654442
114.654442
114.654442
114.654442
114.654442
114.654442
114.654442
114.654442
114.654442
114.654442
114.654442
114.654442
114.654442
114.654442
114.654442
114.654442
114.654442
114.654442
114.654442
114.654442
114.654442
114.654442
114.654442
114.654442
114.654442
114.654442
114.654442
114.654442
114.654442
114.654442
114.654442
114.654442
114.654442
114.654442
114.654442
114.654442
114.654442
114.654442
114.654442
114.654442
114.654442
114.654442
114.654442
114.654442
114.654442
114.654442
114.654442
114.654442
114.654442
114.654442
114.654442
114.654442
114.654442
114.654442
114.654442
114.654442
114.654442
114.654442
114.654442
114.654442
114.654442
114.654442
114.654442
114.654442
114.654442
114.654442
114.654442
114.654442
114.654442
114.654442
114.654442
114.654442
114.654442
114.654442
114.654442
114.654442
114.654442
114.654442
114.654442
114.654442
114.654442
114.654442
114.654442
114.654442
114.654442
114.654442
114.654442
114.654442
114.654442
114.654442
114.654442
114.654442
114.654442
114.654442
114.654442
114.654442
114.654442
114.654442
114.654442
114.654442
114.654442
114.654442
114.654442
114.654442
114.654442
114.654442
114.654442
114.654442
114.654442
114.654442
114.654442
114.654442
114.654442
114.654442
114.654442
114.654442
114.654442
114.654442
114.654442
114.654442
114.654442
114.654442
114.654442
114.654442
114.654442
114.654442
114.654442
114.654442
114.654442
114.654442
114.654442
114.654442
114.654442
114.654442
114.654442
114.654442
114.654442
114.654442
114.654442
114.654442
114.654442
114.654442
114.654442
114.654442
114.654442
114.654442
114.654442
114.654442
114.654442
114.654442
114.654442
114.654442
114.654442
114.654442
114.654442
114.654442
114.654442
114.654442
114.654442
114.654442
114.654442
114.654442
114.654442
114.654442
114.654442
114.654442
114.654442
114.654442
114.654442
114.654442
114.654442
114.654442
114.654442
114.654442
114.654442
114.654442
114.654442
114.654442
114.654442
114.654442
114.654442
114.654442
114.654442
114.654442
114.654442
114.654442
114.654442
114.654442
114.654442
114.654442
114.654442
114.654442
114.654442
114.654442
114.654442
114.654442
114.654442
114.654442
114.654442
114.654442
114.654442
114.654442
114.654442
114.654442
114.654442
114.654442
114.654442
114.654442
114.654442
114.654442
114.654442
114.654442
114.654442
114.654442
114.654442
114.654442
114.654442
114.654442
114.654442
114.654442
114.654442
114.654442
114.654442
114.654442
114.654442
114.654442
114.654442
114.654442
114.654442
114.654442
114.654442
114.654442
114.654442
114.654442
114.654442
114.654442
114.654442
114.654442
114.654442
114.654442
114.654442
114.654442
114.654442
114.654442
114.654442
114.654442
114.654442
114.654442
114.654442
114.654442
114.654442
114.654442
114.654442
114.654442
114.654442
114.654442
114.654442
114.654442
114.654442
114.654442
114.654442
114.654442
114.654442
114.654442
114.654442
114.654442
114.654442
114.654442
114.654442
114.654442
114.654442
114.654442
114.654442
114.654442
114.654442
114.654442
114.654442
114.654442
114.654442
114.654442
114.654442
114.654442
114.654442
114.654442
114.654442
114.654442
114.654442
114.654442
114.654442
114.654442
114.654442
114.654442
114.654442
114.654442
114.654442
114.654442
114.654442
114.654442
114.654442
114.654442
114.654442
114.654442
114.654442
114.654442
114.654442
114.654442
114.654442
114.654442
114.654442
114.654442
114.654442
114.654442
114.654442
114.654442
114.654442
114.654442
114.654442
114.654442
114.654442
114.654442
114.654442
114.654442
114.654442
114.654442
114.654442
114.654442
114.654442
114.654442
114.654442
114.654442
114.654442
114.654442
114.654442
114.654442
114.654442
114.654442
114.654442
114.654442
114.654442
114.654442
114.654442
114.654442
114.654442
114.654442
114.654442
114.654442
114.654442
114.654442
114.654442
114.654442
114.654442
114.654442
114.654442
114.654442
114.654442
114.654442
114.654442
114.654442
114.654442
114.654442
114.654442
114.654442
114.654442
114.654442
114.654442
114.654442
114.654442
114.654442
114.654442
114.654442
114.654442
114.654442
114.654442
114.654442
114.654442
114.654442
114.654442
114.654442
114.654442
114.654442
114.654442
114.654442
114.654442
114.654442
114.654442
114.654442
114.654442
114.654442
114.654442
114.654442
114.654442
114.654442
114.654442
114.654442
114.654442
114.654442
114.654442
114.654442
114.654442
114.654442
114.654442
114.654442
114.654442
114.654442
114.654442
114.654442
114.654442
114.654442
114.654442
114.654442
114.654442
114.654442
114.654442
114.654442
114.654442
114.654442
114.654442
114.654442
114.654442
114.654442
114.654442
114.654442
114.654442
114.654442
114.654442
114.654442
114.654442
114.654442
114.654442
114.654442
114.654442
114.654442
114.654442
114.654442
114.654442
114.654442
114.654442
114.654442
114.654442
114.654442
114.654442
114.654442
114.654442
114.654442
114.654442
114.654442
114.654442
114.654442
114.654442
114.654442
114.654442
114.654442
114.654442
114.654442
114.654442
114.654442
114.654442
114.654442
114.654442
114.654442
114.654442
114.654442
114.654442
114.654442
114.654442
114.654442
114.654442
114.654442
114.654442
114.654442
114.654442
114.654442
114.654442
114.654442
114.654442
114.654442
114.654442
114.654442
114.654442
114.654442
114.654442
114.654442
114.654442
114.654442
114.654442
114.654442
114.654442
114.654442
114.654442
114.654442
114.654442
114.654442
114.654442
114.654442
114.654442
114.654442
114.654442
114.654442
114.654442
114.654442
114.654442
114.654442
114.654442
114.654442
114.654442
114.654442
114.654442
114.654442
114.654442
114.654442
114.654442
114.654442
114.654442
114.654442
114.654442
114.654442
114.654442
114.654442
114.654442
114.654442
114.654442
114.654442
114.654442
114.654442
114.654442
114.654442
114.654442
114.654442
114.654442
114.654442
114.654442
114.654442
114.654442
114.654442
114.654442
114.654442
114.654442
114.654442
114.654442
114.654442
114.654442
114.654442
114.654442
114.654442
114.654442
114.654442
114.654442
114.654442
114.654442
114.654442
114.654442
114.654442
114.654442
114.654442
114.654442
114.654442
114.654442
114.654442
114.654442
114.654442
114.654442
114.654442
114.654442
114.654442
114.654442
114.654442
114.654442
114.654442
114.654442
114.654442
114.654442
114.654442
114.654442
114.654442
114.654442
114.654442
114.654442
114.654442
114.654442
114.654442
114.654442
114.654442
114.654442
114.654442
114.654442
114.654442
114.654442
114.654442
114.654442
114.654442
114.654442
114.654442
114.654442
114.654442
114.654442
114.654442
114.654442
114.654442
114.654442
114.654442
114.654442
114.654442
114.654442
114.654442
114.654442
114.654442
114.654442
114.654442
114.654442
114.654442
114.654442
114.654442
114.654442
114.654442
114.654442
114.654442
114.654442
114.654442
114.654442
114.654442
114.654442
114.654442
114.654442
114.654442
114.654442
114.654442
114.654442
114.654442
114.654442
114.654442
114.654442
114.654442
114.654442
114.654442
114.654442
114.654442
114.654442
114.654442
114.654442
114.654442
114.654442
114.654442
114.654442
114.654442
114.654442
114.654442
114.654442
114.654442
114.654442
114.654442
114.654442
114.654442
114.654442
114.654442
114.654442
114.654442
114.654442
114.654442
114.654442
114.654442
114.654442
114.654442
114.654442
114.654442
114.654442
114.654442
114.654442
114.654442
114.654442
114.654442
114.654442
114.654442
114.654442
114.654442
114.654442
114.654442
114.654442
114.654442
114.654442
114.654442
114.654442
114.654442
114.654442
114.654442
114.654442
114.654442
114.654442
114.654442
114.654442
114.654442
114.654442
114.654442
114.654442
114.654442
114.654442
114.654442
114.654442
114.654442
114.654442
114.654442
114.654442
114.654442
114.654442
114.654442
114.654442
114.654442
114.654442
114.654442
114.654442
114.654442
114.654442
114.654442
114.654442
114.654442
114.654442
114.654442
114.654442
114.654442
114.654442
114.654442
114.654442
114.654442
114.654442
114.654442
114.654442
114.654442
114.654442
114.654442
114.654442
114.654442
114.654442
114.654442
114.654442
114.654442
114.654442
114.654442
114.654442
114.654442
114.654442
114.654442
114.654442
114.654442
114.654442
114.654442
114.654442
114.654442
114.654442
114.654442
114.654442
114.654442
114.654442
114.654442
114.654442
114.654442
114.654442
114.654442
114.654442
114.654442
114.654442
114.654442
114.654442
114.654442
114.654442
114.654442
114.654442
114.654442
114.654442
114.654442
114.654442
114.654442
114.654442
114.654442
114.654442
114.654442
114.654442
114.654442
114.654442
114.654442
114.654442
114.654442
114.654442
114.654442
114.654442
114.654442
114.654442
114.654442
114.654442
114.654442
114.654442
114.654442
114.654442
114.654442
114.654442
114.654442
114.654442
114.654442
114.654442
114.654442
114.654442
114.654442
114.654442
114.654442
114.654442
114.654442
114.654442
114.654442
114.654442
114.654442
114.654442
114.654442
114.654442
114.654442
114.654442
114.654442
114.654442
114.654442
114.654442
114.654442
114.654442
114.654442
114.654442
114.654442
114.654442
114.654442
114.654442
114.654442
114.654442
114.654442
114.654442
114.654442
114.654442
114.654442
114.654442
114.654442
114.654442
114.654442
114.654442
114.654442
114.654442
114.654442
114.654442
114.654442
114.654442
114.654442
114.654442
114.654442
114.654442
114.654442
114.654442
114.654442
114.654442
114.654442
114.654442
114.654442
114.654442
114.654442
114.654442
114.654442
114.654442
114.654442
114.654442
114.654442
114.654442
114.654442
114.654442
114.654442
114.654442
114.654442
114.654442
114.654442
114.654442
114.654442
114.654442
114.654442
114.654442
114.654442
114.654442
114.654442
114.654442
114.654442
114.654442
114.654442
114.654442
114.654442
114.654442
114.654442
114.654442
114.654442
114.654442
114.654442
114.654442
114.654442
114.654442
114.654442
114.654442
114.654442
114.654442
114.654442
114.654442
114.654442
114.654442
114.654442
114.654442
114.654442
114.654442
114.654442
114.654442
114.654442
114.654442
114.654442
114.654442
114.654442
114.654442
114.654442
114.654442
114.654442
114.654442
114.654442
114.654442
114.654442
114.654442
114.654442
114.654442
114.654442
114.654442
114.654442
114.654442
114.654442
114.654442
114.654442
114.654442
114.654442
114.654442
114.654442
114.654442
114.654442
114.654442
114.654442
114.654442
114.654442
114.654442
114.654442
114.654442
114.654442
114.654442
114.654442
114.654442
114.654442
114.654442
114.654442
114.654442
114.654442
114.654442
114.654442
114.654442
114.654442
114.654442
114.654442
114.654442
114.654442
114.654442
114.654442
114.654442
114.654442
114.654442
114.654442
114.654442
114.654442
114.654442
114.654442
114.654442
114.654442
114.654442
114.654442
114.654442
114.654442
114.654442
114.654442
114.654442
114.654442
114.654442
114.654442
114.654442
114.654442
114.654442
114.654442
114.654442
114.654442
114.654442
114.654442
114.654442
114.654442
114.654442
114.654442
114.654442
114.654442
114.654442
114.654442
114.654442
114.654442
114.654442
114.654442
114.654442
114.654442
114.654442
114.654442
114.654442
114.654442
114.654442
114.654442
114.654442
114.654442
114.654442
114.654442
114.654442
114.654442
114.654442
114.654442
114.654442
114.654442
114.654442
114.654442
114.654442
114.654442
114.654442
114.654442
114.654442
114.654442
114.654442
114.654442
114.654442
114.654442
114.654442
114.654442
114.654442
114.654442
114.654442
114.654442
114.654442
114.654442
114.654442
114.654442
114.654442
114.654442
114.654442
114.654442
114.654442
114.654442
114.654442
114.654442
114.654442
114.654442
114.654442
114.654442
114.654442
114.654442
114.654442
114.654442
114.654442
114.654442
114.654442
114.654442
114.654442
114.654442
114.654442
114.654442
114.654442
114.654442
114.654442
114.654442
114.654442
114.654442
114.654442
114.654442
114.654442
114.654442
114.654442
114.654442
114.654442
114.654442
114.654442
114.654442
114.654442
114.654442
114.654442
114.654442
114.654442
114.654442
114.654442
114.654442
114.654442
114.654442
114.654442
114.654442
114.654442
114.654442
114.654442
114.654442
114.654442
114.654442
114.654442
114.654442
114.654442
114.654442
114.654442
114.654442
114.654442
114.654442
114.654442
114.654442
114.654442
114.654442
114.654442
114.654442
114.654442
114.654442
114.654442
114.654442
114.654442
114.654442
114.654442
114.654442
114.654442
114.654442
114.654442
114.654442
114.654442
114.654442
114.654442
114.654442
114.654442
114.654442
114.654442
114.654442
114.654442
114.654442
114.654442
114.654442
114.654442
114.654442
114.654442
114.654442
114.654442
114.654442
114.654442
114.654442
114.654442
114.654442
114.654442
114.654442
114.654442
114.654442
114.654442
114.654442
114.654442
114.654442
114.654442
114.654442
114.654442
114.654442
114.654442
114.654442
114.654442
114.654442
114.654442
114.654442
114.654442
114.654442
114.654442
114.654442
114.654442
114.654442
114.654442
114.654442
114.654442
114.654442
114.654442
114.654442
114.654442
114.654442
114.654442
114.654442
114.654442
114.654442
114.654442
114.654442
114.654442
114.654442
114.654442
114.654442
114.654442
114.654442
114.654442
114.654442
114.654442
114.654442
114.654442
114.654442
114.654442
114.654442
114.654442
114.654442
114.654442
114.654442
114.654442
114.654442
114.654442
114.654442
114.654442
114.654442
114.654442
114.654442
114.654442
114.654442
114.654442
114.654442
114.654442
114.654442
114.654442
114.654442
114.654442
114.654442
114.654442
114.654442
114.654442
114.654442
114.654442
114.654442
114.654442
114.654442
114.654442
114.654442
114.654442
114.654442
114.654442
114.654442
114.654442
114.654442
114.654442
114.654442
114.654442
114.654442
114.654442
114.654442
114.654442
114.654442
114.654442
114.654442
114.654442
114.654442
114.654442
114.654442
114.654442
114.654442
114.654442
114.654442
114.654442
114.654442
114.654442
114.654442
114.654442
114.654442
114.654442
114.654442
114.654442
114.654442
114.654442
114.654442
114.654442
114.654442
114.654442
114.654442
114.654442
114.654442
114.654442
114.654442
114.654442
114.654442
114.654442
114.654442
114.654442
114.654442
114.654442
114.654442
114.654442
114.654442
114.654442
114.654442
114.654442
114.654442
114.654442
114.654442
114.654442
114.654442
114.654442
114.654442
114.654442
114.654442
114.654442
114.654442
114.654442
114.654442
114.654442
114.654442
114.654442
114.654442
114.654442
114.654442
114.654442
114.654442
114.654442
114.654442
114.654442
114.654442
114.654442
114.654442
114.654442
114.654442
114.654442
114.654442
114.654442
114.654442
114.654442
114.654442
114.654442
114.654442
114.654442
114.654442
114.654442
114.654442
114.654442
114.654442
114.654442
114.654442
114.654442
114.654442
114.654442
114.654442
114.654442
114.654442
114.654442
114.654442
114.654442
114.654442
114.654442
114.654442
114.654442
114.654442
114.654442
114.654442
114.654442
114.654442
114.654442
114.654442
114.654442
114.654442
114.654442
114.654442
114.654442
114.654442
114.654442
114.654442
114.654442
114.654442
114.654442
114.654442
114.654442
114.654442
114.654442
114.654442
114.654442
114.654442
114.654442
114.654442
114.654442
114.654442
114.654442
114.654442
114.654442
114.654442
114.654442
114.654442
114.654442
114.654442
114.654442
114.654442
114.654442
114.654442
114.654442
114.654442
114.654442
114.654442
114.654442
114.654442
114.654442
114.654442
114.654442
114.654442
114.654442
114.654442
114.654442
114.654442
114.654442
114.654442
114.654442
114.654442
114.654442
114.654442
114.654442
114.654442
114.654442
114.654442
114.654442
114.654442
114.654442
114.654442
114.654442
114.654442
114.654442
114.654442
114.654442
114.654442
114.654442
114.654442
114.654442
114.654442
114.654442
114.654442
114.654442
114.654442
114.654442
114.654442
114.654442
114.654442
114.654442
114.654442
114.654442
114.654442
114.654442
114.654442
114.654442
114.654442
114.654442
114.654442
114.654442
114.654442
114.654442
114.654442
114.654442
114.654442
114.654442
114.654442
114.654442
114.654442
114.654442
114.654442
114.654442
114.654442
114.654442
114.654442
114.654442
114.654442
114.654442
114.654442
114.654442
114.654442
114.654442
114.654442
114.654442
114.654442
114.654442
114.654442
114.654442
114.654442
114.654442
114.654442
114.654442
114.654442
114.654442
114.654442
114.654442
114.654442
114.654442
114.654442
114.654442
114.654442
114.654442
114.654442
114.654442
114.654442
114.654442
114.654442
114.654442
114.654442
114.654442
114.654442
114.654442
114.654442
114.654442
114.654442
114.654442
114.654442
114.654442
114.654442
114.654442
114.654442
114.654442
114.654442
114.654442
114.654442
114.654442
114.654442
114.654442
114.654442
114.654442
114.654442
114.654442
114.654442
114.654442
114.654442
114.654442
114.654442
114.654442
114.654442
114.654442
114.654442
114.654442
114.654442
114.654442
114.654442
114.654442
114.654442
114.654442
114.654442
114.654442
114.654442
114.654442
114.654442
114.654442
114.654442
114.654442
114.654442
114.654442
114.654442
114.654442
114.654442
114.654442
114.654442
114.654442
114.654442
114.654442
114.654442
114.654442
114.654442
114.654442
114.654442
114.654442
114.654442
114.654442
114.654442
114.654442
114.654442
114.654442
114.654442
114.654442
114.654442
114.654442
114.654442
114.654442
114.654442
114.654442
114.654442
114.654442
114.654442
114.654442
114.654442
114.654442
114.654442
114.654442
114.654442
114.654442
114.654442
114.654442
114.654442
114.654442
114.654442
114.654442
114.654442
114.654442
114.654442
114.654442
114.654442
114.654442
114.654442
114.654442
114.654442
114.654442
114.654442
114.654442
114.654442
114.654442
114.654442
114.654442
114.654442
114.654442
114.654442
114.654442
114.654442
114.654442
114.654442
114.654442
114.654442
114.654442
114.654442
114.654442
114.654442
114.654442
114.654442
114.654442
114.654442
114.654442
114.654442
114.654442
114.654442
114.654442
114.654442
114.654442
114.654442
114.654442
114.654442
114.654442
114.654442
114.654442
114.654442
114.654442
114.654442
114.654442
114.654442
114.654442
114.654442
114.654442
114.654442
114.654442
114.654442
114.654442
114.654442
114.654442
114.654442
114.654442
114.654442
114.654442
114.654442
114.654442
114.654442
114.654442
114.654442
114.654442
114.654442
114.654442
114.654442
114.654442
114.654442
114.654442
114.654442
114.654442
114.654442
114.654442
114.654442
114.654442
114.654442
114.654442
114.654442
114.654442
114.654442
114.654442
114.654442
114.654442
114.654442
114.654442
114.654442
114.654442
114.654442
114.654442
114.654442
114.654442
114.654442
114.654442
114.654442
114.654442
114.654442
114.654442
114.654442
114.654442
114.654442
114.654442
114.654442
114.654442
114.654442
114.654442
114.654442
114.654442
114.654442
114.654442
114.654442
114.654442
114.654442
114.654442
114.654442
114.654442
114.654442
114.654442
114.654442
114.654442
114.654442
114.654442
114.654442
114.654442
114.654442
114.654442
114.654442
114.654442
114.654442
114.654442
114.654442
114.654442
114.654442
114.654442
114.654442
114.654442
114.654442
114.654442
114.654442
114.654442
114.654442
114.654442
114.654442
114.654442
114.654442
114.654442
114.654442
114.654442
114.654442
114.654442
114.654442
114.654442
114.654442
114.654442
114.654442
114.654442
114.654442
114.654442
114.654442
114.654442
114.654442
114.654442
114.654442
114.654442
114.654442
114.654442
114.654442
114.654442
114.654442
114.654442
114.654442
114.654442
114.654442
114.654442
114.654442
114.654442
114.654442
114.654442
114.654442
114.654442
114.654442
114.654442
114.654442
114.654442
114.654442
114.654442
114.654442
114.654442
114.654442
114.654442
114.654442
114.654442
114.654442
114.654442
114.654442
114.654442
114.654442
114.654442
114.654442
114.654442
114.654442
114.654442
114.654442
114.654442
114.654442
114.654442
114.654442
114.654442
114.654442
114.654442
114.654442
114.654442
114.654442
114.654442
114.654442
114.654442
114.654442
114.654442
114.654442
114.654442
114.654442
114.654442
114.654442
114.654442
114.654442
114.654442
114.654442
114.654442
114.654442
114.654442
114.654442
114.654442
114.654442
114.654442
114.654442
114.654442
114.654442
114.654442
114.654442
114.654442
114.654442
114.654442
114.654442
114.654442
114.654442
114.654442
114.654442
114.654442
114.654442
114.654442
114.654442
114.654442
114.654442
114.654442
114.654442
114.654442
114.654442
114.654442
114.654442
114.654442
114.654442
114.654442
114.654442
114.654442
114.654442
114.654442
114.654442
114.654442
114.654442
114.654442
114.654442
114.654442
114.654442
114.654442
114.654442
114.654442
114.654442
114.654442
114.654442
114.654442
114.654442
114.654442
114.654442
114.654442
114.654442
114.654442
114.654442
114.654442
114.654442
114.654442
114.654442
114.654442
114.654442
114.654442
114.654442
114.654442
114.654442
114.654442
114.654442
114.654442
114.654442
114.654442
114.654442
114.654442
114.654442
114.654442
114.654442
114.654442
114.654442
114.654442
114.654442
114.654442
114.654442
114.654442
114.654442
114.654442
114.654442
114.654442
114.654442
114.654442
114.654442
114.654442
114.654442
114.654442
114.654442
114.654442
114.654442
114.654442
114.654442
114.654442
114.654442
114.654442
114.654442
114.654442
114.654442
114.654442
114.654442
114.654442
114.654442
114.654442
114.654442
114.654442
114.654442
114.654442
114.654442
114.654442
114.654442
114.654442
114.654442
114.654442
114.654442
114.654442
114.654442
114.654442
114.654442
114.654442
114.654442
114.654442
114.654442
114.654442
114.654442
114.654442
114.654442
114.654442
114.654442
114.654442
114.654442
114.654442
114.654442
114.654442
114.654442
114.654442
114.654442
114.654442
114.654442
114.654442
114.654442
114.654442
114.654442
114.654442
114.654442
114.654442
114.654442
114.654442
114.654442
114.654442
114.654442
114.654442
114.654442
114.654442
114.654442
114.654442
114.654442
114.654442
114.654442
114.654442
114.654442
114.654442
114.654442
114.654442
114.654442
114.654442
114.654442
114.654442
114.654442
114.654442
114.654442
114.654442
114.654442
114.654442
114.654442
114.654442
114.654442
114.654442
114.654442
114.654442
114.654442
114.654442
114.654442
114.654442
114.654442
114.654442
114.654442
114.654442
114.654442
114.654442
114.654442
114.654442
114.654442
114.654442
114.654442
114.654442
114.654442
114.654442
114.654442
114.654442
114.654442
114.654442
114.654442
114.654442
114.654442
114.654442
114.654442
114.654442
114.654442
114.654442
114.654442
114.654442
114.654442
114.654442
114.654442
114.654442
114.654442
114.654442
114.654442
114.654442
114.654442
114.654442
114.654442
114.654442
114.654442
114.654442
114.654442
114.654442
114.654442
114.654442
114.654442
114.654442
114.654442
114.654442
114.654442
114.654442
114.654442
114.654442
114.654442
114.654442
114.654442
114.654442
114.654442
114.654442
114.654442
114.654442
114.654442
114.654442
114.654442
114.654442
114.654442
114.654442
114.654442
114.654442
114.654442
114.654442
114.654442
114.654442
114.654442
114.654442
114.654442
114.654442
114.654442
114.654442
114.654442
114.654442
114.654442
114.654442
114.654442
114.654442
114.654442
114.654442
114.654442
114.654442
114.654442
114.654442
114.654442
114.654442
114.654442
114.654442
114.654442
114.654442
114.654442
114.654442
114.654442
114.654442
114.654442
114.654442
114.654442
114.654442
114.654442
114.654442
114.654442
114.654442
114.654442
114.654442
114.654442
114.654442
114.654442
114.654442
114.654442
114.654442
114.654442
114.654442
114.654442
114.654442
114.654442
114.654442
114.654442
114.654442
114.654442
114.654442
114.654442
114.654442
114.654442
114.654442
114.654442
114.654442
114.654442
114.654442
114.654442
114.654442
114.654442
114.654442
114.654442
114.654442
114.654442
114.654442
114.654442
114.654442
114.654442
114.654442
114.654442
114.654442
114.654442
114.654442
114.654442
114.654442
114.654442
114.654442
114.654442
114.654442
114.654442
114.654442
114.654442
114.654442
114.654442
114.654442
114.654442
114.654442
114.654442
114.654442
114.654442
114.654442
114.654442
114.654442
114.654442
114.654442
114.654442
114.654442
114.654442
114.654442
114.654442
114.654442
114.654442
114.654442
114.654442
114.654442
114.654442
114.654442
114.654442
114.654442
114.654442
114.654442
114.654442
114.654442
114.654442
114.654442
114.654442
114.654442
114.654442
114.654442
114.654442
114.654442
114.654442
114.654442
114.654442
114.654442
114.654442
114.654442
114.654442
114.654442
114.654442
114.654442
114.654442
114.654442
114.654442
114.654442
114.654442
114.654442
114.654442
114.654442
114.654442
114.654442
114.654442
114.654442
114.654442
114.654442
114.654442
114.654442
114.654442
114.654442
114.654442
114.654442
114.654442
114.654442
114.654442
114.654442
114.654442
114.654442
114.654442
114.654442
114.654442
114.654442
114.654442
114.654442
114.654442
114.654442
114.654442
114.654442
114.654442
114.654442
114.654442
114.654442
114.654442
114.654442
114.654442
114.654442
114.654442
114.654442
114.654442
114.654442
114.654442
114.654442
114.654442
114.654442
114.654442
114.654442
114.654442
114.654442
114.654442
114.654442
114.654442
114.654442
114.654442
114.654442
114.654442
114.654442
114.654442
114.654442
114.654442
114.654442
114.654442
114.654442
114.654442
114.654442
114.654442
114.654442
114.654442
114.654442
114.654442
114.654442
114.654442
114.654442
114.654442
114.654442
114.654442
114.654442
114.654442
114.654442
114.654442
114.654442
114.654442
114.654442
114.654442
114.654442
114.654442
114.654442
114.654442
114.654442
114.654442
114.654442
114.654442
114.654442
114.654442
114.654442
114.654442
114.654442
114.654442
114.654442
114.654442
114.654442
114.654442
114.654442
114.654442
114.654442
114.654442
114.654442
114.654442
114.654442
114.654442
114.654442
114.654442
114.654442
114.654442
114.654442
114.654442
114.654442
114.654442
114.654442
114.654442
114.654442
114.654442
114.654442
114.654442
114.654442
114.654442
114.654442
114.654442
114.654442
114.654442
114.654442
114.654442
114.654442
114.654442
114.654442
114.654442
114.654442
114.654442
114.654442
114.654442
114.654442
114.654442
114.654442
114.654442
114.654442
114.654442
114.654442
114.654442
114.654442
114.654442
114.654442
114.654442
114.654442
114.654442
114.654442
114.654442
114.654442
114.654442
114.654442
114.654442
114.654442
114.654442
114.654442
114.654442
114.654442
114.654442
114.654442
114.654442
114.654442
114.654442
114.654442
114.654442
114.654442
114.654442
114.654442
114.654442
114.654442
114.654442
114.654442
114.654442
114.654442
114.654442
114.654442
114.654442
114.654442
114.654442
114.654442
114.654442
114.654442
114.654442
114.654442
114.654442
114.654442
114.654442
114.654442
114.654442
114.654442
114.654442
114.654442
114.654442
114.654442
114.654442
114.654442
114.654442
114.654442
114.654442
114.654442
114.654442
114.654442
114.654442
114.654442
114.654442
114.654442
114.654442
114.654442
114.654442
114.654442
114.654442
114.654442
114.654442
114.654442
114.654442
114.654442
114.654442
114.654442
114.654442
114.654442
114.654442
114.654442
114.654442
114.654442
114.654442
114.654442
114.654442
114.654442
114.654442
114.654442
114.654442
114.654442
114.654442
114.654442
114.654442
114.654442
114.654442
114.654442
114.654442
114.654442
114.654442
114.654442
114.654442
114.654442
114.654442
114.654442
114.654442
114.654442
114.654442
114.654442
114.654442
114.654442
114.654442
114.654442
114.654442
114.654442
114.654442
114.654442
114.654442
114.654442
114.654442
114.654442
114.654442
114.654442
114.654442
114.654442
114.654442
114.654442
114.654442
114.654442
114.654442
114.654442
114.654442
114.654442
114.654442
114.654442
114.654442
114.654442
114.654442
114.654442
114.654442
114.654442
114.654442
114.654442
114.654442
114.654442
114.654442
114.654442
114.654442
114.654442
114.654442
114.654442
114.654442
114.654442
114.654442
114.654442
114.654442
114.654442
114.654442
114.654442
114.654442
114.654442
114.654442
114.654442
114.654442
114.654442
114.654442
114.654442
114.654442
114.654442
114.654442
114.654442
114.654442
114.654442
114.654442
114.654442
114.654442
114.654442
114.654442
114.654442
114.654442
114.654442
114.654442
114.654442
114.654442
114.654442
114.654442
114.654442
114.654442
114.654442
114.654442
114.654442
114.654442
114.654442
114.654442
114.654442
114.654442
114.654442
114.654442
114.654442
114.654442
114.654442
114.654442
114.654442
114.654442
114.654442
114.654442
114.654442
114.654442
114.654442
114.654442
114.654442
114.654442
114.654442
114.654442
114.654442
114.654442
114.654442
114.654442
114.654442
114.654442
114.654442
114.654442
114.654442
114.654442
114.654442
114.654442
114.654442
114.654442
114.654442
114.654442
114.654442
114.654442
114.654442
114.654442
114.654442
114.654442
114.654442
114.654442
114.654442
114.654442
114.654442
114.654442
114.654442
114.654442
114.654442
114.654442
114.654442
114.654442
114.654442
114.654442
114.654442
114.654442
114.654442
114.654442
114.654442
114.654442
114.654442
114.654442
114.654442
114.654442
114.654442
114.654442
114.654442
114.654442
114.654442
114.654442
114.654442
114.654442
114.654442
114.654442
114.654442
114.654442
114.654442
114.654442
114.654442
114.654442
114.654442
114.654442
114.654442
114.654442
114.654442
114.654442
114.654442
114.654442
114.654442
114.654442
114.654442
114.654442
114.654442
114.654442
114.654442
114.654442
114.654442
114.654442
114.654442
114.654442
114.654442
114.654442
114.654442
114.654442
114.654442
114.654442
114.654442
114.654442
114.654442
114.654442
114.654442
114.654442
114.654442
114.654442
114.654442
114.654442
114.654442
114.654442
114.654442
114.654442
114.654442
114.654442
114.654442
114.654442
114.654442
114.654442
114.654442
114.654442
114.654442
114.654442
114.654442
114.654442
114.654442
114.654442
114.654442
114.654442
114.654442
114.654442
114.654442
114.654442
114.654442
114.654442
114.654442
114.654442
114.654442
114.654442
114.654442
114.654442
114.654442
114.654442
114.654442
114.654442
114.654442
114.654442
114.654442
114.654442
114.654442
114.654442
114.654442
114.654442
114.654442
114.654442
114.654442
114.654442
114.654442
114.654442
114.654442
114.654442
114.654442
114.654442
114.654442
114.654442
114.654442
114.654442
114.654442
114.654442
114.654442
114.654442
114.654442
114.654442
114.654442
114.654442
114.654442
114.654442
114.654442
114.654442
114.654442
114.654442
114.654442
114.654442
114.654442
114.654442
114.654442
114.654442
114.654442
114.654442
114.654442
114.654442
114.654442
114.654442
114.654442
114.654442
114.654442
114.654442
114.654442
114.654442
114.654442
114.654442
114.654442
114.654442
114.654442
114.654442
114.654442
114.654442
114.654442
114.654442
114.654442
114.654442
114.654442
114.654442
114.654442
114.654442
114.654442
114.654442
114.654442
114.654442
114.654442
114.654442
114.654442
114.654442
114.654442
114.654442
114.654442
114.654442
114.654442
114.654442
114.654442
114.654442
114.654442
114.654442
114.654442
114.654442
114.654442
114.654442
114.654442
114.654442
114.654442
114.654442
114.654442
114.654442
114.654442
114.654442
114.654442
114.654442
114.654442
114.654442
114.654442
114.654442
114.654442
114.654442
114.654442
114.654442
114.654442
114.654442
114.654442
114.654442
114.654442
114.654442
114.654442
114.654442
114.654442
114.654442
114.654442
114.654442
114.654442
114.654442
114.654442
114.654442
114.654442
114.654442
114.654442
114.654442
114.654442
114.654442
114.654442
114.654442
114.654442
114.654442
114.654442
114.654442
114.654442
114.654442
114.654442
114.654442
114.654442
114.654442
114.654442
114.654442
114.654442
114.654442
114.654442
114.654442
114.654442
114.654442
114.654442
114.654442
114.654442
114.654442
114.654442
114.654442
114.654442
114.654442
114.654442
114.654442
114.654442
114.654442
114.654442
114.654442
114.654442
114.654442
114.654442
114.654442
114.654442
114.654442
114.654442
114.654442
114.654442
114.654442
114.654442
114.654442
114.654442
114.654442
114.654442
114.654442
114.654442
114.654442
114.654442
114.654442
114.654442
114.654442
114.654442
114.654442
114.654442
114.654442
114.654442
114.654442
114.654442
114.654442
114.654442
114.654442
114.654442
114.654442
114.654442
114.654442
114.654442
114.654442
114.654442
114.654442
114.654442
114.654442
114.654442
114.654442
114.654442
114.654442
114.654442
114.654442
114.654442
114.654442
114.654442
114.654442
114.654442
114.654442
114.654442
114.654442
114.654442
114.654442
114.654442
114.654442
114.654442
114.654442
114.654442
114.654442
114.654442
114.654442
114.654442
114.654442
114.654442
114.654442
114.654442
114.654442
114.654442
114.654442
114.654442
114.654442
114.654442
114.654442
114.654442
114.654442
114.654442
114.654442
114.654442
114.654442
114.654442
114.654442
114.654442
114.654442
114.654442
114.654442
114.654442
114.654442
114.654442
114.654442
114.654442
114.654442
114.654442
114.654442
114.654442
114.654442
114.654442
114.654442
114.654442
114.654442
114.654442
114.654442
114.654442
114.654442
114.654442
114.654442
114.654442
114.654442
114.654442
114.654442
114.654442
114.654442
114.654442
114.654442
114.654442
114.654442
114.654442
114.654442
114.654442
114.654442
114.654442
114.654442
114.654442
114.654442
114.654442
114.654442
114.654442
114.654442
114.654442
114.654442
114.654442
114.654442
114.654442
114.654442
114.654442
114.654442
114.654442
114.654442
114.654442
114.654442
114.654442
114.654442
114.654442
114.654442
114.654442
114.654442
114.654442
114.654442
114.654442
114.654442
114.654442
114.654442
114.654442
114.654442
114.654442
114.654442
114.654442
114.654442
114.654442
114.654442
114.654442
114.654442
114.654442
114.654442
114.654442
114.654442
114.654442
114.654442
114.654442
114.654442
114.654442
114.654442
114.654442
114.654442
114.654442
114.654442
114.654442
114.654442
114.654442
114.654442
114.654442
114.654442
114.654442
114.654442
114.654442
114.654442
114.654442
114.654442
114.654442
114.654442
114.654442
114.654442
114.654442
114.654442
114.654442
114.654442
114.654442
114.654442
114.654442
114.654442
114.654442
114.654442
114.654442
114.654442
114.654442
114.654442
114.654442
114.654442
114.654442
114.654442
114.654442
114.654442
114.654442
114.654442
114.654442
114.654442
114.654442
114.654442
114.654442
114.654442
114.654442
114.654442
114.654442
114.654442
114.654442
114.654442
114.654442
114.654442
114.654442
114.654442
114.654442
114.654442
114.654442
114.654442
114.654442
114.654442
114.654442
114.654442
114.654442
114.654442
114.654442
114.654442
114.654442
114.654442
114.654442
114.654442
114.654442
114.654442
114.654442
114.654442
114.654442
114.654442
114.654442
114.654442
114.654442
114.654442
114.654442
114.654442
114.654442
114.654442
114.654442
114.654442
114.654442
114.654442
114.654442
114.654442
114.654442
114.654442
114.654442
114.654442
114.654442
114.654442
114.654442
114.654442
114.654442
114.654442
114.654442
114.654442
114.654442
114.654442
114.654442
114.654442
114.654442
114.654442
114.654442
114.654442
114.654442
114.654442
114.654442
114.654442
114.654442
114.654442
114.654442
114.654442
114.654442
114.654442
114.654442
114.654442
114.654442
114.654442
114.654442
114.654442
114.654442
114.654442
114.654442
114.654442
114.654442
114.654442
114.654442
114.654442
114.654442
114.654442
114.654442
114.654442
114.654442
114.654442
114.654442
114.654442
114.654442
114.654442
114.654442
114.654442
114.654442
114.654442
114.654442
114.654442
114.654442
114.654442
114.654442
114.654442
114.654442
114.654442
114.654442
114.654442
114.654442
114.654442
114.654442
114.654442
114.654442
114.654442
114.654442
114.654442
114.654442
114.654442
114.654442
114.654442
114.654442
114.654442
114.654442
114.654442
114.654442
114.654442
114.654442
114.654442
114.654442
114.654442
114.654442
114.654442
114.654442
114.654442
114.654442
114.654442
114.654442
114.654442
114.654442
114.654442
114.654442
114.654442
114.654442
114.654442
114.654442
114.654442
114.654442
114.654442
114.654442
114.654442
114.654442
114.654442
114.654442
114.654442
114.654442
114.654442
114.654442
114.654442
114.654442
114.654442
114.654442
114.654442
114.654442
114.654442
114.654442
114.654442
114.654442
114.654442
114.654442
114.654442
114.654442
114.654442
114.654442
114.654442
114.654442
114.654442
114.654442
114.654442
114.654442
114.654442
114.654442
114.654442
114.654442
114.654442
114.654442
114.654442
114.654442
114.654442
114.654442
114.654442
114.654442
114.654442
114.654442
114.654442
114.654442
114.654442
114.654442
114.654442
114.654442
114.654442
114.654442
114.654442
114.654442
114.654442
114.654442
114.654442
114.654442
114.654442
114.654442
114.654442
114.654442
114.654442
114.654442
114.654442
114.654442
114.654442
114.654442
114.654442
114.654442
114.654442
114.654442
114.654442
114.654442
114.654442
114.654442
114.654442
114.654442
114.654442
114.654442
114.654442
114.654442
114.654442
114.654442
114.654442
114.654442
114.654442
114.654442
114.654442
114.654442
114.654442
114.654442
114.654442
114.654442
114.654442
114.654442
114.654442
114.654442
114.654442
114.654442
114.654442
114.654442
114.654442
114.654442
114.654442
114.654442
114.654441
114.654441
114.654441
114.654441
114.654441
114.654441
114.654441
114.654441
114.654441
114.654441
114.654441
114.654441
114.654441
114.654441
114.654441
114.654441
114.654441
114.654441
114.654441
114.654441
114.654441
114.654441
114.654441
114.654441
114.654441
114.654441
114.654441
114.654441
114.654441
114.654441
114.654441
114.654441
114.654441
114.654441
114.654441
114.654441
114.654441
114.654441
114.654441
114.654441
114.654441
114.654441
114.654441
114.654441
114.654441
114.654441
114.654441
114.654441
114.654441
114.654441
114.654441
114.654441
114.654441
114.654441
114.654441
114.654441
114.654441
114.654441
114.654441
114.654441
114.654441
114.654441
114.654441
114.654441
114.654441
114.654441
114.654441
114.654441
114.654441
114.654441
114.654441
114.654441
114.654441
114.654441
114.654441
114.654441
114.654441
114.654441
114.654441
114.654441
114.654441
114.654441
114.654441
114.654441
114.654441
114.654441
114.654441
114.654441
114.654441
114.654441
114.654441
114.654441
114.654441
114.654441
114.654441
114.654441
114.654441
114.654441
114.654441
114.654441
114.654441
114.654441
114.654441
114.654441
114.654441
114.654441
114.654441
114.654441
114.654441
114.654441
114.654441
114.654441
114.654441
114.654441
114.654441
114.654441
114.654441
114.654441
114.654441
114.654441
114.654441
114.654441
114.654441
114.654441
114.654441
114.654441
114.654441
114.654441
114.654441
114.654441
114.654441
114.654441
114.654441
114.654441
114.654441
114.654441
114.654441
114.654441
114.654441
114.654441
114.654441
114.654441
114.654441
114.654441
114.654441
114.654441
114.654441
114.654441
114.654441
114.654441
114.654441
114.654441
114.654441
114.654441
114.654441
114.654441
114.654441
114.654441
114.654441
114.654441
114.654441
114.654441
114.654441
114.654441
114.654441
114.654441
114.654441
114.654441
114.654441
114.654441
114.654441
114.654441
114.654441
114.654441
114.654441
114.654441
114.654441
114.654441
114.654441
114.654441
114.654441
114.654441
114.654441
114.654441
114.654441
114.654441
114.654441
114.654441
114.654441
114.654441
114.654441
114.654441
114.654441
114.654441
114.654441
114.654441
114.654441
114.654441
114.654441
114.654441
114.654441
114.654441
114.654441
114.654441
114.654441
114.654441
114.654441
114.654441
114.654441
114.654441
114.654441
114.654441
114.654441
114.654441
114.654441
114.654441
114.654441
114.654441
114.654441
114.654441
114.654441
114.654441
114.654441
114.654441
114.654441
114.654441
114.654441
114.654441
114.654441
114.654441
114.654441
114.654441
114.654441
114.654441
114.654441
114.654441
114.654441
114.654441
114.654441
114.654441
114.654441
114.654441
114.654441
114.654441
114.654441
114.654441
114.654441
114.654441
114.654441
114.654441
114.654441
114.654441
114.654441
114.654441
114.654441
114.654441
114.654441
114.654441
114.654441
114.654441
114.654441
114.654441
114.654441
114.654441
114.654441
114.654441
114.654441
114.654441
114.654441
114.654441
114.654441
114.654441
114.654441
114.654441
114.654441
114.654441
114.654441
114.654441
114.654441
114.654441
114.654441
114.654441
114.654441
114.654441
114.654441
114.654441
114.654441
114.654441
114.654441
114.654441
114.654441
114.654441
114.654441
114.654441
114.654441
114.654441
114.654441
114.654441
114.654441
114.654441
114.654441
114.654441
114.654441
114.654441
114.654441
114.654441
114.654441
114.654441
114.654441
114.654441
114.654441
114.654441
114.654441
114.654441
114.654441
114.654441
114.654441
114.654441
114.654441
114.654441
114.654441
114.654441
114.654441
114.654441
114.654441
114.654441
114.654441
114.654441
114.654441
114.654441
114.654441
114.654441
114.654441
114.654441
114.654441
114.654441
114.654441
114.654441
114.654441
114.654441
114.654441
114.654441
114.654441
114.654441
114.654440
114.654440
114.654440
114.654440
114.654440
114.654440
114.654440
114.654440
114.654440
114.654440
114.654440
114.654440
114.654440
114.654440
114.654440
114.654440
114.654440
114.654440
114.654440
114.654440
114.654440
114.654440
114.654440
114.654440
114.654440
114.654440
114.654440
114.654440
114.654440
114.654440
114.654440
114.654440
114.654440
114.654440
114.654440
114.654440
114.654440
114.654440
114.654440
114.654440
114.654440
114.654440
114.654440
114.654440
114.654440
114.654440
114.654440
114.654440
114.654440
114.654440
114.654440
114.654440
114.654440
114.654440
114.654440
114.654440
114.654440
114.654440
114.654440
114.654440
114.654440
114.654440
114.654440
114.654440
114.654440
114.654440
114.654440
114.654440
114.654440
114.654440
114.654440
114.654440
114.654440
114.654440
114.654440
114.654440
114.654440
114.654440
114.654440
114.654440
114.654440
114.654440
114.654440
114.654440
114.654440
114.654440
114.654440
114.654440
114.654440
114.654440
114.654440
114.654440
114.654440
114.654440
114.654440
114.654440
114.654440
114.654440
114.654440
114.654440
114.654440
114.654440
114.654440
114.654440
114.654440
114.654440
114.654440
114.654440
114.654440
114.654440
114.654440
114.654440
114.654440
114.654440
114.654440
114.654440
114.654440
114.654440
114.654440
114.654440
114.654440
114.654440
114.654440
114.654440
114.654440
114.654440
114.654440
114.654440
114.654440
114.654440
114.654440
114.654440
114.654440
114.654440
114.654440
114.654440
114.654440
114.654440
114.654440
114.654440
114.654440
114.654440
114.654439
114.654439
114.654439
114.654439
114.654439
114.654439
114.654439
114.654439
114.654439
114.654439
114.654439
114.654439
114.654439
114.654439
114.654439
114.654439
114.654439
114.654439
114.654439
114.654439
114.654439
114.654439
114.654439
114.654439
114.654439
114.654439
114.654439
114.654439
114.654439
114.654439
114.654439
114.654439
114.654439
114.654439
114.654439
114.654439
114.654439
114.654439
114.654439
114.654439
114.654439
114.654439
114.654439
114.654439
114.654439
114.654439
114.654439
114.654439
114.654439
114.654439
114.654439
114.654439
114.654439
114.654439
114.654439
114.654439
114.654439
114.654439
114.654439
114.654439
114.654439
114.654439
114.654439
114.654439
114.654439
114.654439
114.654439
114.654439
114.654438
114.654438
114.654438
114.654438
114.654438
114.654438
114.654438
114.654438
114.654438
114.654438
114.654438
114.654438
114.654438
114.654438
114.654438
114.654438
114.654438
114.654438
114.654438
114.654438
114.654438
114.654438
114.654438
114.654438
114.654438
114.654438
114.654438
114.654438
114.654438
114.654438
114.654438
114.654438
114.654438
114.654438
114.654438
114.654438
114.654438
114.654438
114.654438
114.654438
114.654438
114.654438
114.654438
114.654438
114.654438
114.654438
114.654438
114.654438
114.654438
114.654438
114.654438
114.654438
114.654438
114.654438
114.654438
114.654438
114.654438
114.654438
114.654438
114.654438
114.654438
114.654438
114.654438
114.654438
114.654438
114.654437
114.654437
114.654437
114.654437
114.654437
114.654437
114.654437
114.654437
114.654437
114.654437
114.654437
114.654437
114.654437
114.654437
114.654437
114.654437
114.654437
114.654437
114.654437
114.654437
114.654437
114.654437
114.654437
114.654437
114.654437
114.654437
114.654437
114.654437
114.654437
114.654437
114.654437
114.654437
114.654437
114.654437
114.654437
114.654437
114.654437
114.654437
114.654437
114.654437
114.654437
114.654437
114.654437
114.654437
114.654437
114.654437
114.654437
114.654437
114.654437
114.654437
114.654437
114.654437
114.654437
114.654437
114.654437
114.654437
114.654437
114.654437
114.654437
114.654437
114.654437
114.654437
114.654437
114.654437
114.654437
114.654437
114.654437
114.654437
114.654437
114.654437
114.654437
114.654437
114.654437
114.654437
114.654437
114.654437
114.654437
114.654436
114.654436
114.654436
114.654436
114.654436
114.654436
114.654436
114.654436
114.654436
114.654436
114.654436
114.654436
114.654436
114.654436
114.654436
114.654436
114.654436
114.654436
114.654436
114.654436
114.654436
114.654436
114.654436
114.654436
114.654436
114.654436
114.654436
114.654436
114.654436
114.654436
114.654436
114.654436
114.654436
114.654436
114.654436
114.654436
114.654436
114.654436
114.654436
114.654436
114.654436
114.654436
114.654436
114.654436
114.654436
114.654436
114.654436
114.654436
114.654436
114.654436
114.654436
114.654436
114.654436
114.654436
114.654436
114.654436
114.654436
114.654436
114.654436
114.654436
114.654436
114.654436
114.654436
114.654436
114.654436
114.654436
114.654436
114.654436
114.654436
114.654436
114.654435
114.654435
114.654435
114.654435
114.654435
114.654435
114.654435
114.654435
114.654435
114.654435
114.654435
114.654435
114.654435
114.654435
114.654435
114.654435
114.654435
114.654435
114.654435
114.654435
114.654435
114.654435
114.654435
114.654435
114.654435
114.654435
114.654435
114.654435
114.654435
114.654435
114.654435
114.654435
114.654435
114.654435
114.654434
114.654434
114.654434
114.654434
114.654434
114.654434
114.654434
114.654434
114.654434
114.654434
114.654434
114.654434
114.654434
114.654434
114.654434
114.654434
114.654434
114.654434
114.654434
114.654434
114.654434
114.654434
114.654434
114.654433
114.654433
114.654433
114.654433
114.654433
114.654433
114.654433
114.654433
114.654433
114.654433
114.654433
114.654433
114.654433
114.654433
114.654433
114.654433
114.654433
114.654433
114.654433
114.654433
114.654433
114.654433
114.654433
114.654433
114.654433
114.654433
114.654433
114.654433
114.654433
114.654433
114.654433
114.654433
114.654433
114.654433
114.654433
114.654433
114.654433
114.654433
114.654433
114.654433
114.654433
114.654433
114.654433
114.654433
114.654433
114.654433
114.654433
114.654433
114.654433
114.654433
114.654433
114.654433
114.654433
114.654433
114.654433
114.654433
114.654433
114.654433
114.654433
114.654433
114.654433
114.654433
114.654433
114.654433
114.654433
114.654433
114.654433
114.654433
114.654433
114.654433
114.654433
114.654433
114.654433
114.654433
114.654433
114.654433
114.654433
114.654433
114.654433
114.654433
114.654433
114.654433
114.654433
114.654433
114.654433
114.654433
114.654433
114.654433
114.654433
114.654433
114.654433
114.654433
114.654433
114.654433
114.654433
114.654433
114.654433
114.654433
114.654433
114.654433
114.654433
114.654433
114.654433
114.654433
114.654433
114.654433
114.654433
114.654433
114.654433
114.654433
114.654433
114.654433
114.654433
114.654433
114.654433
114.654433
114.654433
114.654433
114.654433
114.654433
114.654433
114.654433
114.654433
114.654433
114.654433
114.654433
114.654433
114.654433
114.654433
114.654433
114.654433
114.654433
114.654433
114.654433
114.654433
114.654433
114.654433
114.654433
114.654433
114.654433
114.654433
114.654433
114.654433
114.654433
114.654433
114.654433
114.654433
114.654433
114.654433
114.654433
114.654433
114.654433
114.654433
114.654433
114.654433
114.654433
114.654433
114.654433
114.654433
114.654433
114.654433
114.654433
114.654433
114.654433
114.654433
114.654433
114.654433
114.654433
114.654433
114.654433
114.654433
114.654433
114.654433
114.654433
114.654433
114.654433
114.654433
114.654433
114.654433
114.654433
114.654433
114.654433
114.654433
114.654433
114.654433
114.654433
114.654433
114.654433
114.654433
114.654433
114.654433
114.654433
114.654433
114.654433
114.654433
114.654433
114.654433
114.654433
114.654433
114.654433
114.654433
114.654433
114.654433
114.654433
114.654433
114.654433
114.654433
114.654433
114.654433
114.654433
114.654433
114.654433
114.654433
114.654433
114.654433
114.654433
114.654433
114.654433
114.654433
114.654433
114.654433
114.654433
114.654433
114.654433
114.654433
114.654433
114.654433
114.654433
114.654433
114.654433
114.654433
114.654433
114.654433
114.654433
114.654433
114.654433
114.654433
114.654433
114.654433
114.654433
114.654433
114.654433
114.654433
114.654433
114.654433
114.654433
114.654433
114.654433
114.654433
114.654433
114.654433
114.654433
114.654433
114.654433
114.654433
114.654433
114.654433
114.654433
114.654433
114.654433
114.654433
114.654433
114.654433
114.654433
114.654433
114.654433
114.654433
114.654433
114.654433
114.654433
114.654433
114.654433
114.654433
114.654433
114.654433
114.654433
114.654433
114.654433
114.654433
114.654433
114.654433
114.654433
114.654433
114.654433
114.654433
114.654433
114.654433
114.654433
114.654433
114.654433
114.654433
114.654433
114.654433
114.654433
114.654433
114.654433
114.654433
114.654433
114.654433
114.654433
114.654433
114.654433
114.654433
114.654433
114.654433
114.654433
114.654433
114.654433
114.654433
114.654433
114.654433
114.654433
114.654433
114.654433
114.654433
114.654433
114.654433
114.654433
114.654433
114.654433
114.654433
114.654433
114.654433
114.654433
114.654433
114.654433
114.654433
114.654433
114.654433
114.654433
114.654433
114.654433
114.654433
114.654433
114.654433
114.654433
114.654433
114.654433
114.654433
114.654433
114.654433
114.654433
114.654433
114.654433
114.654433
114.654433
114.654433
114.654433
114.654433
114.654433
114.654433
114.654433
114.654433
114.654433
114.654433
114.654433
114.654433
114.654433
114.654433
114.654433
114.654433
114.654433
114.654433
114.654433
114.654433
114.654433
114.654433
114.654433
114.654433
114.654433
114.654433
114.654433
114.654433
114.654433
114.654433
114.654433
114.654433
114.654433
114.654433
114.654433
114.654433
114.654433
114.654433
114.654433
114.654433
114.654433
114.654433
114.654433
114.654433
114.654433
114.654433
114.654433
114.654433
114.654433
114.654433
114.654433
114.654433
114.654433
114.654433
114.654433
114.654433
114.654433
114.654433
114.654433
114.654433
114.654433
114.654433
114.654433
114.654433
114.654433
114.654433
114.654433
114.654433
114.654433
114.654433
114.654433
114.654433
114.654433
114.654433
114.654433
114.654433
114.654433
114.654433
114.654433
114.654433
114.654433
114.654433
114.654433
114.654433
114.654433
114.654433
114.654433
114.654433
114.654433
114.654433
114.654433
114.654433
114.654433
114.654433
114.654433
114.654433
114.654433
114.654433
114.654433
114.654433
114.654433
114.654433
114.654433
114.654433
114.654433
114.654433
114.654433
114.654433
114.654433
114.654433
114.654433
114.654433
114.654433
114.654433
114.654433
114.654433
114.654433
114.654433
114.654433
114.654433
114.654433
114.654433
114.654433
114.654433
114.654433
114.654433
114.654433
114.654433
114.654433
114.654433
114.654433
114.654433
114.654433
114.654433
114.654433
114.654433
114.654433
114.654433
114.654433
114.654433
114.654433
114.654433
114.654433
114.654433
114.654433
114.654433
114.654433
114.654433
114.654433
114.654433
114.654433
114.654433
114.654433
114.654433
114.654433
114.654433
114.654433
114.654433
114.654433
114.654433
114.654433
114.654433
114.654433
114.654433
114.654433
114.654433
114.654433
114.654433
114.654433
114.654433
114.654433
114.654433
114.654433
114.654433
114.654433
114.654433
114.654433
114.654433
114.654433
114.654433
114.654433
114.654433
114.654433
114.654433
114.654433
114.654433
114.654433
114.654433
114.654433
114.654433
114.654433
114.654433
114.654433
114.654433
114.654433
114.654433
114.654433
114.654433
114.654433
114.654433
114.654433
114.654433
114.654433
114.654433
114.654433
114.654433
114.654433
114.654433
114.654433
114.654433
114.654433
114.654433
114.654433
114.654433
114.654433
114.654433
114.654433
114.654433
114.654433
114.654433
114.654433
114.654433
114.654433
114.654433
114.654433
114.654433
114.654433
114.654433
114.654433
114.654433
114.654433
114.654433
114.654433
114.654433
114.654433
114.654433
114.654433
114.654433
114.654433
114.654433
114.654433
114.654433
114.654433
114.654433
114.654433
114.654433
114.654433
114.654433
114.654433
114.654433
114.654433
114.654433
114.654433
114.654433
114.654433
114.654433
114.654433
114.654433
114.654433
114.654433
114.654433
114.654433
114.654433
114.654433
114.654433
114.654433
114.654433
114.654433
114.654433
114.654433
114.654433
114.654433
114.654433
114.654433
114.654433
114.654433
114.654433
114.654433
114.654433
114.654433
114.654433
114.654433
114.654433
114.654433
114.654433
114.654433
114.654433
114.654433
114.654433
114.654433
114.654433
114.654433
114.654433
114.654433
114.654433
114.654433
114.654433
114.654433
114.654433
114.654433
114.654433
114.654433
114.654433
114.654433
114.654433
114.654433
114.654433
114.654433
114.654433
114.654433
114.654433
114.654433
114.654433
114.654433
114.654433
114.654433
114.654433
114.654433
114.654433
114.654433
114.654433
114.654433
114.654433
114.654433
114.654433
114.654433
114.654433
114.654433
114.654433
114.654433
114.654433
114.654433
114.654433
114.654433
114.654433
114.654433
114.654433
114.654433
114.654433
114.654433
114.654433
114.654433
114.654433
114.654433
114.654433
114.654433
114.654433
114.654433
114.654433
114.654433
114.654433
114.654433
114.654433
114.654433
114.654433
114.654433
114.654433
114.654433
114.654433
114.654433
114.654433
114.654433
114.654433
114.654433
114.654433
114.654433
114.654433
114.654433
114.654433
114.654433
114.654433
114.654433
114.654433
114.654433
114.654433
114.654433
114.654433
114.654433
114.654433
114.654433
114.654433
114.654433
114.654433
114.654433
114.654433
114.654433
114.654433
114.654433
114.654433
114.654433
114.654433
114.654433
114.654433
114.654433
114.654433
114.654433
114.654433
114.654433
114.654433
114.654433
114.654433
114.654433
114.654433
114.654433
114.654433
114.654433
114.654433
114.654433
114.654433
114.654433
114.654433
114.654433
114.654433
114.654433
114.654433
114.654433
114.654433
114.654433
114.654433
114.654433
114.654433
114.654433
114.654433
114.654433
114.654433
114.654433
114.654433
114.654433
114.654433
114.654433
114.654433
114.654433
114.654433
114.654433
114.654433
114.654433
114.654433
114.654433
114.654433
114.654433
114.654433
114.654433
114.654433
114.654433
114.654433
114.654433
114.654433
114.654433
114.654433
114.654433
114.654433
114.654433
114.654433
114.654433
114.654433
114.654433
114.654433
114.654433
114.654433
114.654433
114.654433
114.654433
114.654433
114.654433
114.654433
114.654433
114.654433
114.654433
114.654433
114.654433
114.654433
114.654433
114.654433
114.654433
114.654433
114.654433
114.654433
114.654433
114.654433
114.654433
114.654433
114.654433
114.654433
114.654433
114.654433
114.654433
114.654433
114.654433
114.654433
114.654433
114.654433
114.654433
114.654433
114.654433
114.654433
114.654433
114.654433
114.654433
114.654433
114.654433
114.654433
114.654433
114.654433
114.654433
114.654433
114.654433
114.654433
114.654433
114.654433
114.654433
114.654433
114.654433
114.654433
114.654433
114.654433
114.654433
114.654433
114.654433
114.654433
114.654433
114.654433
114.654433
114.654433
114.654433
114.654433
114.654433
114.654433
114.654433
114.654433
114.654433
114.654433
114.654433
114.654433
114.654433
114.654433
114.654433
114.654433
114.654433
114.654433
114.654433
114.654433
114.654433
114.654433
114.654433
114.654433
114.654433
114.654433
114.654433
114.654433
114.654433
114.654433
114.654433
114.654433
114.654433
114.654433
114.654433
114.654433
114.654433
114.654433
114.654433
114.654433
114.654433
114.654433
114.654433
114.654433
114.654433
114.654433
114.654433
114.654433
114.654433
114.654433
114.654433
114.654433
114.654433
114.654433
114.654433
114.654433
114.654433
114.654433
114.654433
114.654433
114.654433
114.654433
114.654433
114.654433
114.654433
114.654433
114.654433
114.654433
114.654433
114.654433
114.654433
114.654433
114.654433
114.654433
114.654433
114.654433
114.654433
114.654433
114.654433
114.654433
114.654433
114.654433
114.654433
114.654433
114.654433
114.654433
114.654433
114.654433
114.654433
114.654433
114.654433
114.654433
114.654433
114.654433
114.654433
114.654433
114.654433
114.654433
114.654433
114.654433
114.654433
114.654433
114.654433
114.654433
114.654433
114.654433
114.654433
114.654433
114.654433
114.654433
114.654433
114.654433
114.654433
114.654433
114.654433
114.654433
114.654433
114.654433
114.654433
114.654433
114.654433
114.654433
114.654433
114.654433
114.654433
114.654433
114.654433
114.654433
114.654433
114.654433
114.654433
114.654433
114.654433
114.654433
114.654433
114.654433
114.654433
114.654433
114.654433
114.654433
114.654433
114.654433
114.654433
114.654433
114.654433
114.654433
114.654433
114.654433
114.654433
114.654433
114.654433
114.654433
114.654433
114.654433
114.654433
114.654433
114.654433
114.654433
114.654433
114.654433
114.654433
114.654433
114.654433
114.654433
114.654433
114.654433
114.654433
114.654433
114.654433
114.654433
114.654433
114.654433
114.654433
114.654433
114.654433
114.654433
114.654433
114.654433
114.654433
114.654433
114.654433
114.654433
114.654433
114.654433
114.654433
114.654433
114.654433
114.654433
114.654433
114.654433
114.654433
114.654433
114.654433
114.654433
114.654433
114.654433
114.654433
114.654433
114.654433
114.654433
114.654433
114.654433
114.654433
114.654433
114.654433
114.654433
114.654433
114.654433
114.654433
114.654433
114.654433
114.654433
114.654433
114.654433
114.654433
114.654433
114.654433
114.654433
114.654433
114.654433
114.654433
114.654433
114.654433
114.654433
114.654433
114.654433
114.654433
114.654433
114.654433
114.654433
114.654433
114.654433
114.654433
114.654433
114.654433
114.654433
114.654433
114.654433
114.654433
114.654433
114.654433
114.654433
114.654433
114.654433
114.654433
114.654433
114.654433
114.654433
114.654433
114.654433
114.654433
114.654433
114.654433
114.654433
114.654433
114.654433
114.654433
114.654433
114.654433
114.654433
114.654433
114.654433
114.654433
114.654433
114.654433
114.654433
114.654433
114.654433
114.654433
114.654433
114.654433
114.654433
114.654433
114.654433
114.654433
114.654433
114.654433
114.654433
114.654433
114.654433
114.654433
114.654433
114.654433
114.654433
114.654433
114.654433
114.654433
114.654433
114.654433
114.654433
114.654433
114.654433
114.654433
114.654433
114.654433
114.654433
114.654433
114.654433
114.654433
114.654433
114.654433
114.654433
114.654433
114.654433
114.654433
114.654433
114.654433
114.654433
114.654433
114.654433
114.654433
114.654433
114.654433
114.654433
114.654433
114.654433
114.654433
114.654433
114.654433
114.654433
114.654433
114.654433
114.654433
114.654433
114.654433
114.654433
114.654433
114.654433
114.654433
114.654433
114.654433
114.654433
114.654433
114.654433
114.654433
114.654433
114.654433
114.654433
114.654433
114.654433
114.654433
114.654433
114.654433
114.654433
114.654433
114.654433
114.654433
114.654433
114.654433
114.654433
114.654433
114.654433
114.654433
114.654433
114.654433
114.654433
114.654433
114.654433
114.654433
114.654433
114.654433
114.654433
114.654433
114.654433
114.654433
114.654433
114.654433
114.654433
114.654433
114.654433
114.654433
114.654433
114.654433
114.654433
114.654433
114.654433
114.654433
114.654433
114.654433
114.654433
114.654433
114.654433
114.654433
114.654433
114.654433
114.654433
114.654433
114.654433
114.654433
114.654433
114.654433
114.654433
114.654433
114.654433
114.654433
114.654433
114.654433
114.654433
114.654433
114.654433
114.654433
114.654433
114.654433
114.654433
114.654433
114.654433
114.654433
114.654433
114.654433
114.654433
114.654433
114.654433
114.654433
114.654433
114.654433
114.654433
114.654433
114.654433
114.654433
114.654433
114.654433
114.654433
114.654433
114.654433
114.654433
114.654433
114.654433
114.654433
114.654433
114.654433
114.654433
114.654433
114.654433
114.654433
114.654433
114.654433
114.654433
114.654433
114.654433
114.654433
114.654433
114.654433
114.654433
114.654433
114.654433
114.654433
114.654433
114.654433
114.654433
114.654433
114.654433
114.654433
114.654433
114.654433
114.654433
114.654433
114.654433
114.654433
114.654433
114.654433
114.654433
114.654433
114.654433
114.654433
114.654433
114.654433
114.654433
114.654433
114.654433
114.654433
114.654433
114.654433
114.654433
114.654433
114.654433
114.654433
114.654433
114.654433
114.654433
114.654433
114.654433
114.654433
114.654433
114.654433
114.654433
114.654433
114.654433
114.654433
114.654433
114.654433
114.654433
114.654433
114.654433
114.654433
114.654433
114.654433
114.654433
114.654433
114.654433
114.654433
114.654433
114.654433
114.654433
114.654433
114.654433
114.654433
114.654433
114.654433
114.654433
114.654433
114.654433
114.654433
114.654433
114.654433
114.654433
114.654433
114.654433
114.654433
114.654433
114.654433
114.654433
114.654433
114.654433
114.654433
114.654433
114.654433
114.654433
114.654433
114.654433
114.654433
114.654433
114.654433
114.654433
114.654433
114.654433
114.654433
114.654433
114.654433
114.654433
114.654433
114.654433
114.654433
114.654433
114.654433
114.654433
114.654433
114.654433
114.654433
114.654433
114.654433
114.654433
114.654433
114.654433
114.654433
114.654433
114.654433
114.654433
114.654433
114.654433
114.654433
114.654433
114.654433
114.654433
114.654433
114.654433
114.654433
114.654433
114.654433
114.654433
114.654433
114.654433
114.654433
114.654433
114.654433
114.654433
114.654433
114.654433
114.654433
114.654433
114.654433
114.654433
114.654433
114.654433
114.654433
114.654433
114.654433
114.654433
114.654433
114.654433
114.654433
114.654433
114.654433
114.654433
114.654433
114.654433
114.654433
114.654433
114.654433
114.654433
114.654433
114.654433
114.654433
114.654433
114.654433
114.654433
114.654433
114.654433
114.654433
114.654433
114.654433
114.654433
114.654433
114.654433
114.654433
114.654433
114.654433
114.654433
114.654433
114.654433
114.654433
114.654433
114.654433
114.654433
114.654433
114.654433
114.654433
114.654433
114.654433
114.654433
114.654433
114.654433
114.654433
114.654433
114.654433
114.654433
114.654433
114.654433
114.654433
114.654433
114.654433
114.654433
114.654433
114.654433
114.654433
114.654433
114.654433
114.654433
114.654433
114.654433
114.654433
114.654433
114.654433
114.654433
114.654433
114.654433
114.654433
114.654433
114.654433
114.654433
114.654433
114.654433
114.654433
114.654433
114.654433
114.654433
114.654433
114.654433
114.654433
114.654433
114.654433
114.654433
114.654433
114.654433
114.654433
114.654433
114.654433
114.654433
114.654433
114.654433
114.654433
114.654433
114.654433
114.654433
114.654433
114.654433
114.654433
114.654433
114.654433
114.654433
114.654433
114.654433
114.654433
114.654433
114.654433
114.654433
114.654433
114.654433
114.654433
114.654433
114.654433
114.654433
114.654433
114.654433
114.654433
114.654433
114.654433
114.654433
114.654433
114.654433
114.654433
114.654433
114.654433
114.654433
114.654433
114.654433
114.654433
114.654433
114.654433
114.654433
114.654433
114.654433
114.654433
114.654433
114.654433
114.654433
114.654433
114.654433
114.654433
114.654433
114.654433
114.654433
114.654433
114.654433
114.654433
114.654433
114.654433
114.654433
114.654433
114.654433
114.654433
114.654433
114.654433
114.654433
114.654433
114.654433
114.654433
114.654433
114.654433
114.654433
114.654433
114.654433
114.654433
114.654433
114.654433
114.654433
114.654433
114.654433
114.654433
114.654433
114.654433
114.654433
114.654433
114.654433
114.654433
114.654433
114.654433
114.654433
114.654433
114.654433
114.654433
114.654433
114.654433
114.654433
114.654433
114.654433
114.654433
114.654433
114.654433
114.654433
114.654433
114.654433
114.654433
114.654433
114.654433
114.654433
114.654433
114.654433
114.654433
114.654433
114.654433
114.654433
114.654433
114.654433
114.654433
114.654433
114.654433
114.654433
114.654433
114.654433
114.654433
114.654433
114.654433
114.654433
114.654433
114.654433
114.654433
114.654433
114.654433
114.654433
114.654433
114.654433
114.654433
114.654433
114.654433
114.654433
114.654433
114.654433
114.654433
114.654433
114.654433
114.654433
114.654433
114.654433
114.654433
114.654433
114.654433
114.654433
114.654433
114.654433
114.654433
114.654433
114.654433
114.654433
114.654433
114.654433
114.654433
114.654433
114.654433
114.654433
114.654433
114.654433
114.654433
114.654433
114.654433
114.654433
114.654433
114.654433
114.654433
114.654433
114.654433
114.654433
114.654433
114.654433
114.654433
114.654433
114.654433
114.654433
114.654433
114.654433
114.654433
114.654433
114.654433
114.654433
114.654433
114.654433
114.654433
114.654433
114.654433
114.654433
114.654433
114.654433
114.654433
114.654433
114.654433
114.654433
114.654433
114.654433
114.654433
114.654433
114.654433
114.654433
114.654433
114.654433
114.654433
114.654433
114.654433
114.654433
114.654433
114.654433
114.654433
114.654433
114.654433
114.654433
114.654433
114.654433
114.654433
114.654433
114.654433
114.654433
114.654433
114.654433
114.654433
114.654433
114.654433
114.654433
114.654433
114.654433
114.654433
114.654433
114.654433
114.654433
114.654433
114.654433
114.654433
114.654433
114.654433
114.654433
114.654433
114.654433
114.654433
114.654433
114.654433
114.654433
114.654433
114.654433
114.654433
114.654433
114.654433
114.654433
114.654433
114.654433
114.654433
114.654433
114.654433
114.654433
114.654433
114.654433
114.654433
114.654433
114.654433
114.654433
114.654433
114.654433
114.654433
114.654433
114.654433
114.654433
114.654433
114.654433
114.654433
114.654433
114.654433
114.654433
114.654433
114.654433
114.654433
114.654433
114.654433
114.654433
114.654433
114.654433
114.654433
114.654433
114.654433
114.654433
114.654433
114.654433
114.654433
114.654433
114.654433
114.654433
114.654433
114.654433
114.654433
114.654433
114.654433
114.654433
114.654433
114.654433
114.654433
114.654433
114.654433
114.654433
114.654433
114.654433
114.654433
114.654433
114.654433
114.654433
114.654433
114.654433
114.654433
114.654433
114.654433
114.654433
114.654433
114.654433
114.654433
114.654433
114.654433
114.654433
114.654433
114.654433
114.654433
114.654433
114.654433
114.654433
114.654433
114.654433
114.654433
114.654433
114.654433
114.654433
114.654433
114.654433
114.654433
114.654433
114.654433
114.654433
114.654433
114.654433
114.654433
114.654433
114.654433
114.654433
114.654433
114.654433
114.654433
114.654433
114.654433
114.654433
114.654433
114.654433
114.654433
114.654433
114.654433
114.654433
114.654433
114.654433
114.654433
114.654433
114.654433
114.654433
114.654433
114.654433
114.654433
114.654433
114.654433
114.654433
114.654433
114.654433
114.654433
114.654433
114.654433
114.654433
114.654433
114.654433
114.654433
114.654433
114.654433
114.654433
114.654433
114.654433
114.654433
114.654433
114.654433
114.654433
114.654433
114.654433
114.654433
114.654433
114.654433
114.654433
114.654433
114.654433
114.654433
114.654433
114.654433
114.654433
114.654433
114.654433
114.654433
114.654433
114.654433
114.654433
114.654433
114.654433
114.654433
114.654433
114.654433
114.654433
114.654433
114.654433
114.654433
114.654433
114.654433
114.654433
114.654433
114.654433
114.654433
114.654433
114.654433
114.654433
114.654433
114.654433
114.654433
114.654433
114.654433
114.654433
114.654433
114.654433
114.654433
114.654433
114.654433
114.654433
114.654433
114.654433
114.654433
114.654433
114.654433
114.654433
114.654433
114.654433
114.654433
114.654433
114.654433
114.654433
114.654433
114.654433
114.654433
114.654433
114.654433
114.654433
114.654433
114.654433
114.654433
114.654433
114.654433
114.654433
114.654433
114.654433
114.654433
114.654433
114.654433
114.654433
114.654433
114.654433
114.654433
114.654433
114.654433
114.654433
114.654433
114.654433
114.654433
114.654433
114.654433
114.654433
114.654433
114.654433
114.654433
114.654433
114.654433
114.654433
114.654433
114.654433
114.654433
114.654433
114.654433
114.654433
114.654433
114.654433
114.654433
114.654433
114.654433
114.654433
114.654433
114.654433
114.654433
114.654433
114.654433
114.654433
114.654433
114.654433
114.654433
114.654433
114.654433
114.654433
114.654433
114.654433
114.654433
114.654433
114.654433
114.654433
114.654433
114.654433
114.654433
114.654433
114.654433
114.654433
114.654433
114.654433
114.654433
114.654433
114.654433
114.654433
114.654433
114.654433
114.654433
114.654433
114.654433
114.654433
114.654433
114.654433
114.654433
114.654433
114.654433
114.654433
114.654433
114.654433
114.654433
114.654433
114.654433
114.654433
114.654433
114.654433
114.654433
114.654433
114.654433
114.654433
114.654433
114.654433
114.654433
114.654433
114.654433
114.654433
114.654433
114.654433
114.654433
114.654433
114.654433
114.654433
114.654433
114.654433
114.654433
114.654433
114.654433
114.654433
114.654433
114.654433
114.654433
114.654433
114.654433
114.654433
114.654433
114.654433
114.654433
114.654433
114.654433
114.654433
114.654433
114.654433
114.654433
114.654433
114.654433
114.654433
114.654433
114.654433
114.654433
114.654433
114.654433
114.654433
114.654433
114.654433
114.654433
114.654433
114.654433
114.654433
114.654433
114.654433
114.654433
114.654433
114.654433
114.654433
114.654433
114.654433
114.654433
114.654433
114.654433
114.654433
114.654433
114.654433
114.654433
114.654433
114.654433
114.654433
114.654433
114.654433
114.654433
114.654433
114.654433
114.654433
114.654433
114.654433
114.654433
114.654433
114.654433
114.654433
114.654433
114.654433
114.654433
114.654433
114.654433
114.654433
114.654433
114.654433
114.654433
114.654433
114.654433
114.654433
114.654433
114.654433
114.654433
114.654433
114.654433
114.654433
114.654433
114.654433
114.654433
114.654433
114.654433
114.654433
114.654433
114.654433
114.654433
114.654433
114.654433
114.654433
114.654433
114.654433
114.654433
114.654433
114.654433
114.654433
114.654433
114.654433
114.654433
114.654433
114.654433
114.654433
114.654433
114.654433
114.654433
114.654433
114.654433
114.654433
114.654433
114.654433
114.654433
114.654433
114.654433
114.654433
114.654433
114.654433
114.654433
114.654433
114.654433
114.654433
114.654433
114.654433
114.654433
114.654433
114.654433
114.654433
114.654433
114.654433
114.654433
114.654433
114.654433
114.654433
114.654433
114.654433
114.654433
114.654433
114.654433
114.654433
114.654433
114.654433
114.654433
114.654433
114.654433
114.654433
114.654433
114.654433
114.654433
114.654433
114.654433
114.654433
114.654433
114.654433
114.654433
114.654433
114.654433
114.654433
114.654433
114.654433
114.654433
114.654433
114.654433
114.654433
114.654433
114.654433
114.654433
114.654433
114.654433
114.654433
114.654433
114.654433
114.654433
114.654433
114.654433
114.654433
114.654433
114.654433
114.654433
114.654433
114.654433
114.654433
114.654433
114.654433
114.654433
114.654433
114.654433
114.654433
114.654433
114.654433
114.654433
114.654433
114.654433
114.654433
114.654433
114.654433
114.654433
114.654433
114.654433
114.654433
114.654433
114.654433
114.654433
114.654433
114.654433
114.654433
114.654433
114.654433
114.654433
114.654433
114.654433
114.654433
114.654433
114.654433
114.654433
114.654433
114.654433
114.654433
114.654433
114.654433
114.654433
114.654433
114.654433
114.654433
114.654433
114.654433
114.654433
114.654433
114.654433
114.654433
114.654433
114.654433
114.654433
114.654433
114.654433
114.654433
114.654433
114.654433
114.654433
114.654433
114.654433
114.654433
114.654433
114.654433
114.654433
114.654433
114.654433
114.654433
114.654433
114.654433
114.654433
114.654433
114.654433
114.654433
114.654433
114.654433
114.654433
114.654433
114.654433
114.654433
114.654433
114.654433
114.654433
114.654433
114.654433
114.654433
114.654433
114.654433
114.654433
114.654433
114.654433
114.654433
114.654433
114.654433
114.654433
114.654433
114.654433
114.654433
114.654433
114.654433
114.654433
114.654433
114.654433
114.654433
114.654433
114.654433
114.654433
114.654433
114.654433
114.654433
114.654433
114.654433
114.654433
114.654433
114.654433
114.654433
114.654433
114.654433
114.654433
114.654433
114.654433
114.654433
114.654433
114.654433
114.654433
114.654433
114.654433
114.654433
114.654433
114.654433
114.654433
114.654433
114.654433
114.654433
114.654433
114.654433
114.654433
114.654433
114.654433
114.654433
114.654433
114.654433
114.654433
114.654433
114.654433
114.654433
114.654433
114.654433
114.654433
114.654433
114.654433
114.654433
114.654433
114.654433
114.654433
114.654433
114.654433
114.654433
114.654433
114.654433
114.654433
114.654433
114.654433
114.654433
114.654433
114.654433
114.654433
114.654433
114.654433
114.654433
114.654433
114.654433
114.654433
114.654433
114.654433
114.654433
114.654433
114.654433
114.654433
114.654433
114.654433
114.654433
114.654433
114.654433
114.654433
114.654433
114.654433
114.654433
114.654433
114.654433
114.654433
114.654433
114.654433
114.654433
114.654433
114.654433
114.654433
114.654433
114.654433
114.654433
114.654433
114.654433
114.654433
114.654433
114.654433
114.654433
114.654433
114.654433
114.654433
114.654433
114.654433
114.654433
114.654433
114.654433
114.654433
114.654433
114.654433
114.654433
114.654433
114.654433
114.654433
114.654433
114.654433
114.654433
114.654433
114.654433
114.654433
114.654433
114.654433
114.654433
114.654433
114.654433
114.654433
114.654433
114.654433
114.654433
114.654433
114.654433
114.654433
114.654433
114.654433
114.654433
114.654433
114.654433
114.654433
114.654433
114.654433
114.654433
114.654433
114.654433
114.654433
114.654433
114.654433
114.654433
114.654433
114.654433
114.654433
114.654433
114.654433
114.654433
114.654433
114.654433
114.654433
114.654433
114.654433
114.654433
114.654433
114.654433
114.654433
114.654433
114.654433
114.654433
114.654433
114.654433
114.654433
114.654433
114.654433
114.654433
114.654433
114.654433
114.654433
114.654433
114.654433
114.654433
114.654433
114.654433
114.654433
114.654433
114.654433
114.654433
114.654433
114.654433
114.654433
114.654433
114.654433
114.654433
114.654433
114.654433
114.654433
114.654433
114.654433
114.654433
114.654433
114.654433
114.654433
114.654433
114.654433
114.654433
114.654433
114.654433
114.654433
114.654433
114.654433
114.654433
114.654433
114.654433
114.654433
114.654433
114.654433
114.654433
114.654433
114.654433
114.654433
114.654433
114.654433
114.654433
114.654433
114.654433
114.654433
114.654433
114.654433
114.654433
114.654433
114.654433
114.654433
114.654433
114.654433
114.654433
114.654433
114.654433
114.654433
114.654433
114.654433
114.654433
114.654433
114.654433
114.654433
114.654433
114.654433
114.654433
114.654433
114.654433
114.654433
114.654433
114.654433
114.654433
114.654433
114.654433
114.654433
114.654433
114.654433
114.654433
114.654433
114.654433
114.654433
114.654433
114.654433
114.654433
114.654433
114.654433
114.654433
114.654433
114.654433
114.654433
114.654433
114.654433
114.654433
114.654433
114.654433
114.654433
114.654433
114.654433
114.654433
114.654433
114.654433
114.654433
114.654433
114.654433
114.654433
114.654433
114.654433
114.654433
114.654433
114.654433
114.654433
114.654433
114.654433
114.654433
114.654433
114.654433
114.654433
114.654433
114.654433
114.654433
114.654433
114.654433
114.654433
114.654433
114.654433
114.654433
114.654433
114.654433
114.654433
114.654433
114.654433
114.654433
114.654433
114.654433
114.654433
114.654433
114.654433
114.654433
114.654433
114.654433
114.654433
114.654433
114.654433
114.654433
114.654433
114.654433
114.654433
114.654433
114.654433
114.654433
114.654433
114.654433
114.654433
114.654433
114.654433
114.654433
114.654433
114.654433
114.654433
114.654433
114.654433
114.654433
114.654433
114.654433
114.654433
114.654433
114.654433
114.654433
114.654433
114.654433
114.654433
114.654433
114.654433
114.654433
114.654433
114.654433
114.654433
114.654433
114.654433
114.654433
114.654433
114.654433
114.654433
114.654433
114.654433
114.654433
114.654433
114.654433
114.654433
114.654433
114.654433
114.654433
114.654433
114.654433
114.654433
114.654433
114.654433
114.654433
114.654433
114.654433
114.654433
114.654433
114.654433
114.654433
114.654433
114.654433
114.654433
114.654433
114.654433
114.654433
114.654433
114.654433
114.654433
114.654433
114.654433
114.654433
114.654433
114.654433
114.654433
114.654433
114.654433
114.654433
114.654433
114.654433
114.654433
114.654433
114.654433
114.654433
114.654433
114.654433
114.654433
114.654433
114.654433
114.654433
114.654433
114.654433
114.654433
114.654433
114.654433
114.654433
114.654433
114.654433
114.654433
114.654433
114.654433
114.654433
114.654433
114.654433
114.654433
114.654433
114.654433
114.654433
114.654433
114.654433
114.654433
114.654433
114.654433
114.654433
114.654433
114.654433
114.654433
114.654433
114.654433
114.654433
114.654433
114.654433
114.654433
114.654433
114.654433
114.654433
114.654433
114.654433
114.654433
114.654433
114.654433
114.654433
114.654433
114.654433
114.654433
114.654433
114.654433
114.654433
114.654433
114.654433
114.654433
114.654433
114.654433
114.654433
114.654433
114.654433
114.654433
114.654433
114.654433
114.654433
114.654433
114.654433
114.654433
114.654433
114.654433
114.654433
114.654433
114.654433
114.654433
114.654433
114.654433
114.654433
114.654433
114.654433
114.654433
114.654433
114.654433
114.654433
114.654433
114.654433
114.654433
114.654433
114.654433
114.654433
114.654433
114.654433
114.654433
114.654433
114.654433
114.654433
114.654433
114.654433
114.654433
114.654433
114.654433
114.654433
114.654433
114.654433
114.654433
114.654433
114.654433
114.654433
114.654433
114.654433
114.654433
114.654433
114.654433
114.654433
114.654433
114.654433
114.654433
114.654433
114.654433
114.654433
114.654433
114.654433
114.654433
114.654433
114.654433
114.654433
114.654433
114.654433
114.654433
114.654433
114.654433
114.654433
114.654433
114.654433
114.654433
114.654433
114.654433
114.654433
114.654433
114.654433
114.654433
114.654433
114.654433
114.654433
114.654433
114.654433
114.654433
114.654433
114.654433
114.654433
114.654433
114.654433
114.654433
114.654433
114.654433
114.654433
114.654433
114.654433
114.654433
114.654433
114.654433
114.654433
114.654433
114.654433
114.654433
114.654433
114.654433
114.654433
114.654433
114.654433
114.654433
114.654433
114.654433
114.654433
114.654433
114.654433
114.654433
114.654433
114.654433
114.654433
114.654433
114.654433
114.654433
114.654433
114.654433
114.654433
114.654433
114.654433
114.654433
114.654433
114.654433
114.654433
114.654433
114.654433
114.654433
114.654433
114.654433
114.654433
114.654433
114.654433
114.654433
114.654433
114.654433
114.654433
114.654433
114.654433
114.654433
114.654433
114.654433
114.654433
114.654433
114.654433
114.654433
114.654433
114.654433
114.654433
114.654433
114.654433
114.654433
114.654433
114.654433
114.654433
114.654433
114.654433
114.654433
114.654433
114.654433
114.654433
114.654433
114.654433
114.654433
114.654433
114.654433
114.654433
114.654433
114.654433
114.654433
114.654433
114.654433
114.654433
114.654433
114.654433
114.654433
114.654433
114.654433
114.654433
114.654433
114.654433
114.654433
114.654433
114.654433
114.654433
114.654433
114.654433
114.654433
114.654433
114.654433
114.654433
114.654433
114.654433
114.654433
114.654433
114.654433
114.654433
114.654433
114.654433
114.654433
114.654433
114.654433
114.654433
114.654433
114.654433
114.654433
114.654433
114.654433
114.654433
114.654433
114.654433
114.654433
114.654433
114.654433
114.654433
114.654433
114.654433
114.654433
114.654433
114.654433
114.654433
114.654433
114.654433
114.654433
114.654433
114.654433
114.654433
114.654433
114.654433
114.654433
114.654433
114.654433
114.654433
114.654433
114.654433
114.654433
114.654433
114.654433
114.654433
114.654433
114.654433
114.654433
114.654433
114.654433
114.654433
114.654433
114.654433
114.654433
114.654433
114.654433
114.654433
114.654433
114.654433
114.654433
114.654433
114.654433
114.654433
114.654433
114.654433
114.654433
114.654433
114.654433
114.654433
114.654433
114.654433
114.654433
114.654433
114.654433
114.654433
114.654433
114.654433
114.654433
114.654433
114.654433
114.654433
114.654433
114.654433
114.654433
114.654433
114.654433
114.654433
114.654433
114.654433
114.654433
114.654433
114.654433
114.654433
114.654433
114.654433
114.654433
114.654433
114.654433
114.654433
114.654433
114.654433
114.654433
114.654433
114.654433
114.654433
114.654433
114.654433
114.654433
114.654433
114.654433
114.654433
114.654433
114.654433
114.654433
114.654433
114.654433
114.654433
114.654433
114.654433
114.654433
114.654433
114.654433
114.654433
114.654433
114.654433
114.654433
114.654433
114.654433
114.654433
114.654433
114.654433
114.654433
114.654433
114.654433
114.654433
114.654433
114.654433
114.654433
114.654433
114.654433
114.654433
114.654433
114.654433
114.654433
114.654433
114.654433
114.654433
114.654433
114.654433
114.654433
114.654433
114.654433
114.654433
114.654433
114.654433
114.654433
114.654433
114.654433
114.654433
114.654433
114.654433
114.654433
114.654433
114.654433
114.654433
114.654433
114.654433
114.654433
114.654433
114.654433
114.654433
114.654433
114.654433
114.654433
114.654433
114.654433
114.654433
114.654433
114.654433
114.654433
114.654433
114.654433
114.654433
114.654433
114.654433
114.654433
114.654433
114.654433
114.654433
114.654433
114.654433
114.654433
114.654433
114.654433
114.654433
114.654433
114.654433
114.654433
114.654433
114.654433
114.654433
114.654433
114.654433
114.654433
114.654433
114.654433
114.654433
114.654433
114.654433
114.654433
114.654433
114.654433
114.654433
114.654433
114.654433
114.654433
114.654433
114.654433
114.654433
114.654433
114.654433
114.654433
114.654433
114.654433
114.654433
114.654433
114.654433
114.654433
114.654433
114.654433
114.654433
114.654433
114.654433
114.654433
114.654433
114.654433
114.654433
114.654433
114.654433
114.654433
114.654433
114.654433
114.654433
114.654433
114.654433
114.654433
114.654433
114.654433
114.654433
114.654433
114.654433
114.654433
114.654433
114.654433
114.654433
114.654433
114.654433
114.654433
114.654433
114.654433
114.654433
114.654433
114.654433
114.654433
114.654433
114.654433
114.654433
114.654433
114.654433
114.654433
114.654433
114.654433
114.654433
114.654433
114.654433
114.654433
114.654433
114.654433
114.654433
114.654433
114.654433
114.654433
114.654433
114.654433
114.654433
114.654433
114.654433
114.654433
114.654433
114.654433
114.654433
114.654433
114.654433
114.654433
114.654433
114.654433
114.654433
114.654433
114.654433
114.654433
114.654433
114.654433
114.654433
114.654433
114.654433
114.654433
114.654433
114.654433
114.654433
114.654433
114.654433
114.654433
114.654433
114.654433
114.654433
114.654433
114.654433
114.654433
114.654433
114.654433
114.654433
114.654433
114.654433
114.654433
114.654433
114.654433
114.654433
114.654433
114.654433
114.654433
114.654433
114.654433
114.654433
114.654433
114.654433
114.654433
114.654433
114.654433
114.654433
114.654433
114.654433
114.654433
114.654433
114.654433
114.654433
114.654433
114.654433
114.654433
114.654433
114.654433
114.654433
114.654433
114.654433
114.654433
114.654433
114.654433
114.654433
114.654433
114.654433
114.654433
114.654433
114.654433
114.654433
114.654433
114.654433
114.654433
114.654433
114.654433
114.654433
114.654433
114.654433
114.654433
114.654433
114.654433
114.654433
114.654433
114.654433
114.654433
114.654433
114.654433
114.654433
114.654433
114.654433
114.654433
114.654433
114.654433
114.654433
114.654433
114.654433
114.654433
114.654433
114.654433
114.654433
114.654433
114.654433
114.654433
114.654433
114.654433
114.654433
114.654433
114.654433
114.654433
114.654433
114.654433
114.654433
114.654433
114.654433
114.654433
114.654433
114.654433
114.654433
114.654433
114.654433
114.654433
114.654433
114.654433
114.654433
114.654433
114.654433
114.654433
114.654433
114.654433
114.654433
114.654433
114.654433
114.654433
114.654433
114.654433
114.654433
114.654433
114.654433
114.654433
114.654433
114.654433
114.654433
114.654433
114.654433
114.654433
114.654433
114.654433
114.654433
114.654433
114.654433
114.654433
114.654433
114.654433
114.654433
114.654433
114.654433
114.654433
114.654433
114.654433
114.654433
114.654433
114.654433
114.654433
114.654433
114.654433
114.654433
114.654433
114.654433
114.654433
114.654433
114.654433
114.654433
114.654433
114.654433
114.654433
114.654433
114.654433
114.654433
114.654433
114.654433
114.654433
114.654433
114.654433
114.654433
114.654433
114.654433
114.654433
114.654433
114.654433
114.654433
114.654433
114.654433
114.654433
114.654433
114.654433
114.654433
114.654433
114.654433
114.654433
114.654433
114.654433
114.654433
114.654433
114.654433
114.654433
114.654433
114.654433
114.654433
114.654433
114.654433
114.654433
114.654433
114.654433
114.654433
114.654433
114.654433
114.654433
114.654433
114.654433
114.654433
114.654433
114.654433
114.654433
114.654433
114.654433
114.654433
114.654433
114.654433
114.654433
114.654433
114.654433
114.654433
114.654433
114.654433
114.654433
114.654433
114.654433
114.654433
114.654433
114.654433
114.654433
114.654433
114.654433
114.654433
114.654433
114.654433
114.654433
114.654433
114.654433
114.654433
114.654433
114.654433
114.654433
114.654433
114.654433
114.654433
114.654433
114.654433
114.654433
114.654433
114.654433
114.654433
114.654433
114.654433
114.654433
114.654433
114.654433
114.654433
114.654433
114.654433
114.654433
114.654433
114.654433
114.654433
114.654433
114.654433
114.654433
114.654433
114.654433
114.654433
114.654433
114.654433
114.654433
114.654433
114.654433
114.654433
114.654433
114.654433
114.654433
114.654433
114.654433
114.654433
114.654433
114.654433
114.654433
114.654433
114.654433
114.654433
114.654433
114.654433
114.654433
114.654433
114.654433
114.654433
114.654433
114.654433
114.654433
114.654433
114.654433
114.654433
114.654433
114.654433
114.654433
114.654433
114.654433
114.654433
114.654433
114.654433
114.654433
114.654433
114.654433
114.654433
114.654433
114.654433
114.654433
114.654433
114.654433
114.654433
114.654433
114.654433
114.654433
114.654433
114.654433
114.654433
114.654433
114.654433
114.654433
114.654433
114.654433
114.654433
114.654433
114.654433
114.654433
114.654433
114.654433
114.654433
114.654433
114.654433
114.654433
114.654433
114.654433
114.654433
114.654433
114.654433
114.654433
114.654433
114.654433
114.654433
114.654433
114.654433
114.654433
114.654433
114.654433
114.654433
114.654433
114.654433
114.654433
114.654433
114.654433
114.654433
114.654433
114.654433
114.654433
114.654433
114.654433
114.654433
114.654433
114.654433
114.654433
114.654433
114.654433
114.654433
114.654433
114.654433
114.654433
114.654433
114.654433
114.654433
114.654433
114.654433
114.654433
114.654433
114.654433
114.654433
114.654433
114.654433
114.654433
114.654433
114.654433
114.654433
114.654433
114.654433
114.654433
114.654433
114.654433
114.654433
114.654433
114.654433
114.654433
114.654433
114.654433
114.654433
114.654433
114.654433
114.654433
114.654433
114.654433
114.654433
114.654433
114.654433
114.654433
114.654433
114.654433
114.654433
114.654433
114.654433
114.654433
114.654433
114.654433
114.654433
114.654433
114.654433
114.654433
114.654433
114.654433
114.654433
114.654433
114.654433
114.654433
114.654433
114.654433
114.654433
114.654433
114.654433
114.654433
114.654433
114.654433
114.654433
114.654433
114.654433
114.654433
114.654433
114.654433
114.654433
114.654433
114.654433
114.654433
114.654433
114.654433
114.654433
114.654433
114.654433
114.654433
114.654433
114.654433
114.654433
114.654433
114.654433
114.654433
114.654433
114.654433
114.654433
114.654433
114.654433
114.654433
114.654433
114.654433
114.654433
114.654433
114.654433
114.654433
114.654433
114.654433
114.654433
114.654433
114.654433
114.654433
114.654433
114.654433
114.654433
114.654433
114.654433
114.654433
114.654433
114.654433
114.654433
114.654433
114.654433
114.654433
114.654433
114.654433
114.654433
114.654433
114.654433
114.654433
114.654433
114.654433
114.654433
114.654433
114.654433
114.654433
114.654433
114.654433
114.654433
114.654433
114.654433
114.654433
114.654433
114.654433
114.654433
114.654433
114.654433
114.654433
114.654433
114.654433
114.654433
114.654433
114.654433
114.654433
114.654433
114.654433
114.654433
114.654433
114.654433
114.654433
114.654433
114.654433
114.654433
114.654433
114.654433
114.654433
114.654433
114.654433
114.654433
114.654433
114.654433
114.654433
114.654433
114.654433
114.654433
114.654433
114.654433
114.654433
114.654433
114.654433
114.654433
114.654433
114.654433
114.654433
114.654433
114.654433
114.654433
114.654433
114.654433
114.654433
114.654433
114.654433
114.654433
114.654433
114.654433
114.654433
114.654433
114.654433
114.654433
114.654433
114.654433
114.654433
114.654433
114.654433
114.654433
114.654433
114.654433
114.654433
114.654433
114.654433
114.654433
114.654433
114.654433
114.654433
114.654433
114.654433
114.654433
114.654433
114.654433
114.654433
114.654433
114.654433
114.654433
114.654433
114.654433
114.654433
114.654433
114.654433
114.654433
114.654433
114.654433
114.654433
114.654433
114.654433
114.654433
114.654433
114.654433
114.654433
114.654433
114.654433
114.654433
114.654433
114.654433
114.654433
114.654433
114.654433
114.654433
114.654433
114.654433
114.654433
114.654433
114.654433
114.654433
114.654433
114.654433
114.654433
114.654433
114.654433
114.654433
114.654433
114.654433
114.654433
114.654433
114.654433
114.654433
114.654433
114.654433
114.654433
114.654433
114.654433
114.654433
114.654433
114.654433
114.654433
114.654433
114.654433
114.654433
114.654433
114.654433
114.654433
114.654433
114.654433
114.654433
114.654433
114.654433
114.654433
114.654433
114.654433
114.654433
114.654433
114.654433
114.654433
114.654433
114.654433
114.654433
114.654433
114.654433
114.654433
114.654433
114.654433
114.654433
114.654433
114.654433
114.654433
114.654433
114.654433
114.654433
114.654433
114.654433
114.654433
114.654433
114.654433
114.654433
114.654433
114.654433
114.654433
114.654433
114.654433
114.654433
114.654433
114.654433
114.654433
114.654433
114.654433
114.654433
114.654433
114.654433
114.654433
114.654433
114.654433
114.654433
114.654433
114.654433
114.654433
114.654433
114.654433
114.654433
114.654433
114.654433
114.654433
114.654433
114.654433
114.654433
114.654433
114.654433
114.654433
114.654433
114.654433
114.654433
114.654433
114.654433
114.654433
114.654433
114.654433
114.654433
114.654433
114.654433
114.654433
114.654433
114.654433
114.654433
114.654433
114.654433
114.654433
114.654433
114.654433
114.654433
114.654433
114.654433
114.654433
114.654433
114.654433
114.654433
114.654433
114.654433
114.654433
114.654433
114.654433
114.654433
114.654433
114.654433
114.654433
114.654433
114.654433
114.654433
114.654433
114.654433
114.654433
114.654433
114.654433
114.654433
114.654433
114.654433
114.654433
114.654433
114.654433
114.654433
114.654433
114.654433
114.654433
114.654433
114.654433
114.654433
114.654433
114.654433
114.654433
114.654433
114.654433
114.654433
114.654433
114.654433
114.654433
114.654433
114.654433
114.654433
114.654433
114.654433
114.654433
114.654433
114.654433
114.654433
114.654433
114.654433
114.654433
114.654433
114.654433
114.654433
114.654433
114.654433
114.654433
114.654433
114.654433
114.654433
114.654433
114.654433
114.654433
114.654433
114.654433
114.654433
114.654433
114.654433
114.654433
114.654433
114.654433
114.654433
114.654433
114.654433
114.654433
114.654433
114.654433
114.654433
114.654433
114.654433
114.654433
114.654433
114.654433
114.654433
114.654433
114.654433
114.654433
114.654433
114.654433
114.654433
114.654433
114.654433
114.654433
114.654433
114.654433
114.654433
114.654433
114.654433
114.654433
114.654433
114.654433
114.654433
114.654433
114.654433
114.654433
114.654433
114.654433
114.654433
114.654433
114.654433
114.654433
114.654433
114.654433
114.654433
114.654433
114.654433
114.654433
114.654433
114.654433
114.654433
114.654433
114.654433
114.654433
114.654433
114.654433
114.654433
114.654433
114.654433
114.654433
114.654433
114.654433
114.654433
114.654433
114.654433
114.654433
114.654433
114.654433
114.654433
114.654433
114.654433
114.654433
114.654433
114.654433
114.654433
114.654433
114.654433
114.654433
114.654433
114.654433
114.654433
114.654433
114.654433
114.654433
114.654433
114.654433
114.654433
114.654433
114.654433
114.654433
114.654433
114.654433
114.654433
114.654433
114.654433
114.654433
114.654433
114.654433
114.654433
114.654433
114.654433
114.654433
114.654433
114.654433
114.654433
114.654433
114.654433
114.654433
114.654433
114.654433
114.654433
114.654433
114.654433
114.654433
114.654433
114.654433
114.654433
114.654433
114.654433
114.654433
114.654433
114.654433
114.654433
114.654433
114.654433
114.654433
114.654433
114.654433
114.654433
114.654433
114.654433
114.654433
114.654433
114.654433
114.654433
114.654433
114.654433
114.654433
114.654433
114.654433
114.654433
114.654433
114.654433
114.654433
114.654433
114.654433
114.654433
114.654433
114.654433
114.654433
114.654433
114.654433
114.654433
114.654433
114.654433
114.654433
114.654433
114.654433
114.654433
114.654433
114.654433
114.654433
114.654433
114.654433
114.654433
114.654433
114.654433
114.654433
114.654433
114.654433
114.654433
114.654433
114.654433
114.654433
114.654433
114.654433
114.654433
114.654433
114.654433
114.654433
114.654433
114.654433
114.654433
114.654433
114.654433
114.654433
114.654433
114.654433
114.654433
114.654433
114.654433
114.654433
114.654433
114.654433
114.654433
114.654433
114.654433
114.654433
114.654433
114.654433
114.654433
114.654433
114.654433
114.654433
114.654433
114.654433
114.654433
114.654433
114.654433
114.654433
114.654433
114.654433
114.654433
114.654433
114.654433
114.654433
114.654433
114.654433
114.654433
114.654433
114.654433
114.654433
114.654433
114.654433
114.654433
114.654433
114.654433
114.654433
114.654433
114.654433
114.654433
114.654433
114.654433
114.654433
114.654433
114.654433
114.654433
114.654433
114.654433
114.654433
114.654433
114.654433
114.654433
114.654433
114.654433
114.654433
114.654433
114.654433
114.654433
114.654433
114.654433
114.654433
114.654433
114.654433
114.654433
114.654433
114.654433
114.654433
114.654433
114.654433
114.654433
114.654433
114.654433
114.654433
114.654433
114.654433
114.654433
114.654433
114.654433
114.654433
114.654433
114.654433
114.654433
114.654433
114.654433
114.654433
114.654433
114.654433
114.654433
114.654433
114.654433
114.654433
114.654433
114.654433
114.654433
114.654433
114.654433
114.654433
114.654433
114.654433
114.654433
114.654433
114.654433
114.654433
114.654433
114.654433
114.654433
114.654433
114.654433
114.654433
114.654433
114.654433
114.654433
114.654433
114.654433
114.654433
114.654433
114.654433
114.654433
114.654433
114.654433
114.654433
114.654433
114.654433
114.654433
114.654433
114.654433
114.654433
114.654433
114.654433
114.654433
114.654433
114.654433
114.654433
114.654433
114.654433
114.654433
114.654433
114.654433
114.654433
114.654433
114.654433
114.654433
114.654433
114.654433
114.654433
114.654433
114.654433
114.654433
114.654433
114.654433
114.654433
114.654433
114.654433
114.654433
114.654433
114.654433
114.654433
114.654433
114.654433
114.654433
114.654433
114.654433
114.654433
114.654433
114.654433
114.654433
114.654433
114.654433
114.654433
114.654433
114.654433
114.654433
114.654433
114.654433
114.654433
114.654433
114.654433
114.654433
114.654433
114.654433
114.654433
114.654433
114.654433
114.654433
114.654433
114.654433
114.654433
114.654433
114.654433
114.654433
114.654433
114.654433
114.654433
114.654433
114.654433
114.654433
114.654433
114.654433
114.654433
114.654433
114.654433
114.654433
114.654433
114.654433
114.654433
114.654433
114.654433
114.654433
114.654433
114.654433
114.654433
114.654433
114.654433
114.654433
114.654433
114.654433
114.654433
114.654433
114.654433
114.654433
114.654433
114.654433
114.654433
114.654433
114.654433
114.654433
114.654433
114.654433
114.654433
114.654433
114.654433
114.654433
114.654433
114.654433
114.654433
114.654433
114.654433
114.654433
114.654433
114.654433
114.654433
114.654433
114.654433
114.654433
114.654433
114.654433
114.654433
114.654433
114.654433
114.654433
114.654433
114.654433
114.654433
114.654433
114.654433
114.654433
114.654433
114.654433
114.654433
114.654433
114.654433
114.654433
114.654433
114.654433
114.654433
114.654433
114.654433
114.654433
114.654433
114.654433
114.654433
114.654433
114.654433
114.654433
114.654433
114.654433
114.654433
114.654433
114.654433
114.654433
114.654433
114.654433
114.654433
114.654433
114.654433
114.654433
114.654433
114.654433
114.654433
114.654433
114.654433
114.654433
114.654433
114.654433
114.654433
114.654433
114.654433
114.654433
114.654433
114.654433
114.654433
114.654433
114.654433
114.654433
114.654433
114.654433
114.654433
114.654433
114.654433
114.654433
114.654433
114.654433
114.654433
114.654433
114.654433
114.654433
114.654433
114.654433
114.654433
114.654433
114.654433
114.654433
114.654433
114.654433
114.654433
114.654433
114.654433
114.654433
114.654433
114.654433
114.654433
114.654433
114.654433
114.654433
114.654433
114.654433
114.654433
114.654433
114.654433
114.654433
114.654433
114.654433
114.654433
114.654433
114.654433
114.654433
114.654433
114.654433
114.654433
114.654433
114.654433
114.654433
114.654433
114.654433
114.654433
114.654433
114.654433
114.654433
114.654433
114.654433
114.654433
114.654433
114.654433
114.654433
114.654433
114.654433
114.654433
114.654433
114.654433
114.654433
114.654433
114.654433
114.654433
114.654433
114.654433
114.654433
114.654433
114.654433
114.654433
114.654433
114.654433
114.654433
114.654433
114.654433
114.654433
114.654433
114.654433
114.654433
114.654433
114.654433
114.654433
114.654433
114.654433
114.654433
114.654433
114.654433
114.654433
114.654433
114.654433
114.654433
114.654433
114.654433
114.654433
114.654433
114.654433
114.654433
114.654433
114.654433
114.654433
114.654433
114.654433
114.654433
114.654433
114.654433
114.654433
114.654433
114.654433
114.654433
114.654433
114.654433
114.654433
114.654433
114.654433
114.654433
114.654433
114.654433
114.654433
114.654433
114.654433
114.654433
114.654433
114.654433
114.654433
114.654433
114.654433
114.654433
114.654433
114.654433
114.654433
114.654433
114.654433
114.654433
114.654433
114.654433
114.654433
114.654433
114.654433
114.654433
114.654433
114.654433
114.654433
114.654433
114.654433
114.654433
114.654433
114.654433
114.654433
114.654433
114.654433
114.654433
114.654433
114.654433
114.654433
114.654433
114.654433
114.654433
114.654433
114.654433
114.654433
114.654433
114.654433
114.654433
114.654433
114.654433
114.654433
114.654433
114.654433
114.654433
114.654433
114.654433
114.654433
114.654433
114.654433
114.654433
114.654433
114.654433
114.654433
114.654433
114.654433
114.654433
114.654433
114.654433
114.654433
114.654433
114.654433
114.654433
114.654433
114.654433
114.654433
114.654433
114.654433
114.654433
114.654433
114.654433
114.654433
114.654433
114.654433
114.654433
114.654433
114.654433
114.654433
114.654433
114.654433
114.654433
114.654433
114.654433
114.654433
114.654433
114.654433
114.654433
114.654433
114.654433
114.654433
114.654433
114.654433
114.654433
114.654433
114.654433
114.654433
114.654433
114.654433
114.654433
114.654433
114.654433
114.654433
114.654433
114.654433
114.654433
114.654433
114.654433
114.654433
114.654433
114.654433
114.654433
114.654433
114.654433
114.654433
114.654433
114.654433
114.654433
114.654433
114.654433
114.654433
114.654433
114.654433
114.654433
114.654433
114.654433
114.654433
114.654433
114.654433
114.654433
114.654433
114.654433
114.654433
114.654433
114.654433
114.654433
114.654433
114.654433
114.654433
114.654433
114.654433
114.654433
114.654433
114.654433
114.654433
114.654433
114.654433
114.654433
114.654433
114.654433
114.654433
114.654433
114.654433
114.654433
114.654433
114.654433
114.654433
114.654433
114.654433
114.654433
114.654433
114.654433
114.654433
114.654433
114.654433
114.654433
114.654433
114.654433
114.654433
114.654433
114.654433
114.654433
114.654433
114.654433
114.654433
114.654433
114.654433
114.654433
114.654433
114.654433
114.654433
114.654433
114.654433
114.654433
114.654433
114.654433
114.654433
114.654433
114.654433
114.654433
114.654433
114.654433
114.654433
114.654433
114.654433
114.654433
114.654433
114.654433
114.654433
114.654433
114.654433
114.654433
114.654433
114.654433
114.654433
114.654433
114.654433
114.654433
114.654433
114.654433
114.654433
114.654433
114.654433
114.654433
114.654433
114.654433
114.654433
114.654433
114.654433
114.654433
114.654433
114.654433
114.654433
114.654433
114.654433
114.654433
114.654433
114.654433
114.654433
114.654433
114.654433
114.654433
114.654433
114.654433
114.654433
114.654433
114.654433
114.654433
114.654433
114.654433
114.654433
114.654433
114.654433
114.654433
114.654433
114.654433
114.654433
114.654433
114.654433
114.654433
114.654433
114.654433
114.654433
114.654433
114.654433
114.654433
114.654433
114.654433
114.654433
114.654433
114.654433
114.654433
114.654433
114.654433
114.654433
114.654433
114.654433
114.654433
114.654433
114.654433
114.654433
114.654433
114.654433
114.654433
114.654433
114.654433
114.654433
114.654433
114.654433
114.654433
114.654433
114.654433
114.654433
114.654433
114.654433
114.654433
114.654433
114.654433
114.654433
114.654433
114.654433
114.654433
114.654433
114.654433
114.654433
114.654433
114.654433
114.654433
114.654433
114.654433
114.654433
114.654433
114.654433
114.654433
114.654433
114.654433
114.654433
114.654433
114.654433
114.654433
114.654433
114.654433
114.654433
114.654433
114.654433
114.654433
114.654433
114.654433
114.654433
114.654433
114.654433
114.654433
114.654433
114.654433
114.654433
114.654433
114.654433
114.654433
114.654433
114.654433
114.654433
114.654433
114.654433
114.654433
114.654433
114.654433
114.654433
114.654433
114.654433
114.654433
114.654433
114.654433
114.654433
114.654433
114.654433
114.654433
114.654433
114.654433
114.654433
114.654433
114.654433
114.654433
114.654433
114.654433
114.654433
114.654433
114.654433
114.654433
114.654433
114.654433
114.654433
114.654433
114.654433
114.654433
114.654433
114.654433
114.654433
114.654433
114.654433
114.654433
114.654433
114.654433
114.654433
114.654433
114.654433
114.654433
114.654433
114.654433
114.654433
114.654433
114.654433
114.654433
114.654433
114.654433
114.654433
114.654433
114.654433
114.654433
114.654433
114.654433
114.654433
114.654433
114.654433
114.654433
114.654433
114.654433
114.654433
114.654433
114.654433
114.654433
114.654433
114.654433
114.654433
114.654433
114.654433
114.654433
114.654433
114.654433
114.654433
114.654433
114.654433
114.654433
114.654433
114.654433
114.654433
114.654433
114.654433
114.654433
114.654433
114.654433
114.654433
114.654433
114.654433
114.654433
114.654433
114.654433
114.654433
114.654433
114.654433
114.654433
114.654433
114.654433
114.654433
114.654433
114.654433
114.654433
114.654433
114.654433
114.654433
114.654433
114.654433
114.654433
114.654433
114.654433
114.654433
114.654433
114.654433
114.654433
114.654433
114.654433
114.654433
114.654433
114.654433
114.654433
114.654433
114.654433
114.654433
114.654433
114.654433
114.654433
114.654433
114.654433
114.654433
114.654433
114.654433
114.654433
114.654433
114.654433
114.654433
114.654433
114.654433
114.654433
114.654433
114.654433
114.654433
114.654433
114.654433
114.654433
114.654433
114.654433
114.654433
114.654433
114.654433
114.654433
114.654433
114.654433
114.654433
114.654433
114.654433
114.654433
114.654433
114.654433
114.654433
114.654433
114.654433
114.654433
114.654433
114.654433
114.654433
114.654433
114.654433
114.654433
114.654433
114.654433
114.654433
114.654433
114.654433
114.654433
114.654433
114.654433
114.654433
114.654433
114.654433
114.654433
114.654433
114.654433
114.654433
114.654433
114.654433
114.654433
114.654433
114.654433
114.654433
114.654433
114.654433
114.654433
114.654433
114.654433
114.654433
114.654433
114.654433
114.654433
114.654433
114.654433
114.654433
114.654433
114.654433
114.654433
114.654433
114.654433
114.654433
114.654433
114.654433
114.654433
114.654433
114.654433
114.654433
114.654433
114.654433
114.654433
114.654433
114.654433
114.654433
114.654433
114.654433
114.654433
114.654433
114.654433
114.654433
114.654433
114.654433
114.654433
114.654433
114.654433
114.654433
114.654433
114.654433
114.654433
114.654433
114.654433
114.654433
114.654433
114.654433
114.654433
114.654433
114.654433
114.654433
114.654433
114.654433
114.654433
114.654433
114.654433
114.654433
114.654433
114.654433
114.654433
114.654433
114.654433
114.654433
114.654433
114.654433
114.654433
114.654433
114.654433
114.654433
114.654433
114.654433
114.654433
114.654433
114.654433
114.654433
114.654433
114.654433
114.654433
114.654433
114.654433
114.654433
114.654433
114.654433
114.654433
114.654433
114.654433
114.654433
114.654433
114.654433
114.654433
114.654433
114.654433
114.654433
114.654433
114.654433
114.654433
114.654433
114.654433
114.654433
114.654433
114.654433
114.654433
114.654433
114.654433
114.654433
114.654433
114.654433
114.654433
114.654433
114.654433
114.654433
114.654433
114.654433
114.654433
114.654433
114.654433
114.654433
114.654433
114.654433
114.654433
114.654433
114.654433
114.654433
114.654433
114.654433
114.654433
114.654433
114.654433
114.654433
114.654433
114.654433
114.654433
114.654433
114.654433
114.654433
114.654433
114.654433
114.654433
114.654433
114.654433
114.654433
114.654433
114.654433
114.654433
114.654433
114.654433
114.654433
114.654433
114.654433
114.654433
114.654433
114.654433
114.654433
114.654433
114.654433
114.654433
114.654433
114.654433
114.654433
114.654433
114.654433
114.654433
114.654433
114.654433
114.654433
114.654433
114.654433
114.654433
114.654433
114.654433
114.654433
114.654433
114.654433
114.654433
114.654433
114.654433
114.654433
114.654433
114.654433
114.654433
114.654433
114.654433
114.654433
114.654433
114.654433
114.654433
114.654433
114.654433
114.654433
114.654433
114.654433
114.654433
114.654433
114.654433
114.654433
114.654433
114.654433
114.654433
114.654433
114.654433
114.654433
114.654433
114.654433
114.654433
114.654433
114.654433
114.654433
114.654433
114.654433
114.654433
114.654433
114.654433
114.654433
114.654433
114.654433
114.654433
114.654433
114.654433
114.654433
114.654433
114.654433
114.654433
114.654433
114.654433
114.654433
114.654433
114.654433
114.654433
114.654433
114.654433
114.654433
114.654433
114.654433
114.654433
114.654433
114.654433
114.654433
114.654433
114.654433
114.654433
114.654433
114.654433
114.654433
114.654433
114.654433
114.654433
114.654433
114.654433
114.654433
114.654433
114.654433
114.654433
114.654433
114.654433
114.654433
114.654433
114.654433
114.654433
114.654433
114.654433
114.654433
114.654433
114.654433
114.654433
114.654433
114.654433
114.654433
114.654433
114.654433
114.654433
114.654433
114.654433
114.654433
114.654433
114.654433
114.654433
114.654433
114.654433
114.654433
114.654433
114.654433
114.654433
114.654433
114.654433
114.654433
114.654433
114.654433
114.654433
114.654433
114.654433
114.654433
114.654433
114.654433
114.654433
114.654433
114.654433
114.654433
114.654433
114.654433
114.654433
114.654433
114.654433
114.654433
114.654433
114.654433
114.654433
114.654433
114.654433
114.654433
114.654433
114.654433
114.654433
114.654433
114.654433
114.654433
114.654433
114.654433
114.654433
114.654433
114.654433
114.654433
114.654433
114.654433
114.654433
114.654433
114.654433
114.654433
114.654433
114.654433
114.654433
114.654433
114.654433
114.654433
114.654433
114.654433
114.654433
114.654433
114.654433
114.654433
114.654433
114.654433
114.654433
114.654433
114.654433
114.654433
114.654433
114.654433
114.654433
114.654433
114.654433
114.654433
114.654433
114.654433
114.654433
114.654433
114.654433
114.654433
114.654433
114.654433
114.654433
114.654433
114.654433
114.654433
114.654433
114.654433
114.654433
114.654433
114.654433
114.654433
114.654433
114.654433
114.654433
114.654433
114.654433
114.654433
114.654433
114.654433
114.654433
114.654433
114.654433
114.654433
114.654433
114.654433
114.654433
114.654433
114.654433
114.654433
114.654433
114.654433
114.654433
114.654433
114.654433
114.654433
114.654433
114.654433
114.654433
114.654433
114.654433
114.654433
114.654433
114.654433
114.654433
114.654433
114.654433
114.654433
114.654433
114.654433
114.654433
114.654433
114.654433
114.654433
114.654433
114.654433
114.654433
114.654433
114.654433
114.654433
114.654433
114.654433
114.654433
114.654433
114.654433
114.654433
114.654433
114.654433
114.654433
114.654433
114.654433
114.654433
114.654433
114.654433
114.654433
114.654433
114.654433
114.654433
114.654433
114.654433
114.654433
114.654433
114.654433
114.654433
114.654433
114.654433
114.654433
114.654433
114.654433
114.654433
114.654433
114.654433
114.654433
114.654433
114.654433
114.654433
114.654433
114.654433
114.654433
114.654433
114.654433
114.654433
114.654433
114.654433
114.654433
114.654433
114.654433
114.654433
114.654433
114.654433
114.654433
114.654433
114.654433
114.654433
114.654433
114.654433
114.654433
114.654433
114.654433
114.654433
114.654433
114.654433
114.654433
114.654433
114.654433
114.654433
114.654433
114.654433
114.654433
114.654433
114.654433
114.654433
114.654433
114.654433
114.654433
114.654433
114.654433
114.654433
114.654433
114.654433
114.654433
114.654433
114.654433
114.654433
114.654433
114.654433
114.654433
114.654433
114.654433
114.654433
114.654433
114.654433
114.654433
114.654433
114.654433
114.654433
114.654433
114.654433
114.654433
114.654433
114.654433
114.654433
114.654433
114.654433
114.654433
114.654433
114.654433
114.654433
114.654433
114.654433
114.654433
114.654433
114.654433
114.654433
114.654433
114.654433
114.654433
114.654433
114.654433
114.654433
114.654433
114.654433
114.654433
114.654433
114.654433
114.654433
114.654433
114.654433
114.654433
114.654433
114.654433
114.654433
114.654433
114.654433
114.654433
114.654433
114.654433
114.654433
114.654433
114.654433
114.654433
114.654433
114.654433
114.654433
114.654433
114.654433
114.654433
114.654433
114.654433
114.654433
114.654433
114.654433
114.654433
114.654433
114.654433
114.654433
114.654433
114.654433
114.654433
114.654433
114.654433
114.654433
114.654433
114.654433
114.654433
114.654433
114.654433
114.654433
114.654433
114.654433
114.654433
114.654433
114.654433
114.654433
114.654433
114.654433
114.654433
114.654433
114.654433
114.654433
114.654433
114.654433
114.654433
114.654433
114.654433
114.654433
114.654433
114.654433
114.654433
114.654433
114.654433
114.654433
114.654433
114.654433
114.654433
114.654433
114.654433
114.654433
114.654433
114.654433
114.654433
114.654433
114.654433
114.654433
114.654433
114.654433
114.654433
114.654433
114.654433
114.654433
114.654433
114.654433
114.654433
114.654433
114.654433
114.654433
114.654433
114.654433
114.654433
114.654433
114.654433
114.654433
114.654433
114.654433
114.654433
114.654433
114.654433
114.654433
114.654433
114.654433
114.654433
114.654433
114.654433
114.654433
114.654433
114.654433
114.654433
114.654433
114.654433
114.654433
114.654433
114.654433
114.654433
114.654433
114.654433
114.654433
114.654433
114.654433
114.654433
114.654433
114.654433
114.654433
114.654433
114.654433
114.654433
114.654433
114.654433
114.654433
114.654433
114.654433
114.654433
114.654433
114.654433
114.654433
114.654433
114.654433
114.654433
114.654433
114.654433
114.654433
114.654433
114.654433
114.654433
114.654433
114.654433
114.654433
114.654433
114.654433
114.654433
114.654433
114.654433
114.654433
114.654433
114.654433
114.654433
114.654433
114.654433
114.654433
114.654433
114.654433
114.654433
114.654433
114.654433
114.654433
114.654433
114.654433
114.654433
114.654433
114.654433
114.654433
114.654433
114.654433
114.654433
114.654433
114.654433
114.654433
114.654433
114.654433
114.654433
114.654433
114.654433
114.654433
114.654433
114.654433
114.654433
114.654433
114.654433
114.654433
114.654433
114.654433
114.654433
114.654433
114.654433
114.654433
114.654433
114.654433
114.654433
114.654433
114.654433
114.654433
114.654433
114.654433
114.654433
114.654433
114.654433
114.654433
114.654433
114.654433
114.654433
114.654433
114.654433
114.654433
114.654433
114.654433
114.654433
114.654433
114.654433
114.654433
114.654433
114.654433
114.654433
114.654433
114.654433
114.654433
114.654433
114.654433
114.654433
114.654433
114.654433
114.654433
114.654433
114.654433
114.654433
114.654433
114.654433
114.654433
114.654433
114.654433
114.654433
114.654433
114.654433
114.654433
114.654433
114.654433
114.654433
114.654433
114.654433
114.654433
114.654433
114.654433
114.654433
114.654433
114.654433
114.654433
114.654433
114.654433
114.654433
114.654433
114.654433
114.654433
114.654433
114.654433
114.654433
114.654433
114.654433
114.654433
114.654433
114.654433
114.654433
114.654433
114.654433
114.654433
114.654433
114.654433
114.654433
114.654433
114.654433
114.654433
114.654433
114.654433
114.654433
114.654433
114.654433
114.654433
114.654433
114.654433
114.654433
114.654433
114.654433
114.654433
114.654433
114.654433
114.654433
114.654433
114.654433
114.654433
114.654433
114.654433
114.654433
114.654433
114.654433
114.654433
114.654433
114.654433
114.654433
114.654433
114.654433
114.654433
114.654433
114.654433
114.654433
114.654433
114.654433
114.654433
114.654433
114.654433
114.654433
114.654433
114.654433
114.654433
114.654433
114.654433
114.654433
114.654433
114.654433
114.654433
114.654433
114.654433
114.654433
114.654433
114.654433
114.654433
114.654433
114.654433
114.654433
114.654433
114.654433
114.654433
114.654433
114.654433
114.654433
114.654433
114.654433
114.654433
114.654433
114.654433
114.654433
114.654433
114.654433
114.654433
114.654433
114.654433
114.654433
114.654433
114.654433
114.654433
114.654433
114.654433
114.654433
114.654433
114.654433
114.654433
114.654433
114.654433
114.654433
114.654433
114.654433
114.654433
114.654433
114.654433
114.654433
114.654433
114.654433
114.654433
114.654433
114.654433
114.654433
114.654433
114.654433
114.654433
114.654433
114.654433
114.654433
114.654433
114.654433
114.654433
114.654433
114.654433
114.654433
114.654433
114.654433
114.654433
114.654433
114.654433
114.654433
114.654433
114.654433
114.654433
114.654433
114.654433
114.654433
114.654433
114.654433
114.654433
114.654433
114.654433
114.654433
114.654433
114.654433
114.654433
114.654433
114.654433
114.654433
114.654433
114.654433
114.654433
114.654433
114.654433
114.654433
114.654433
114.654433
114.654433
114.654433
114.654433
114.654433
114.654433
114.654433
114.654433
114.654433
114.654433
114.654433
114.654433
114.654433
114.654433
114.654433
114.654433
114.654433
114.654433
114.654433
114.654433
114.654433
114.654433
114.654433
114.654433
114.654433
114.654433
114.654433
114.654433
114.654433
114.654433
114.654433
114.654433
114.654433
114.654433
114.654433
114.654433
114.654433
114.654433
114.654433
114.654433
114.654433
114.654433
114.654433
114.654433
114.654433
114.654433
114.654433
114.654433
114.654433
114.654433
114.654433
114.654433
114.654433
114.654433
114.654433
114.654433
114.654433
114.654433
114.654433
114.654433
114.654433
114.654433
114.654433
114.654433
114.654433
114.654433
114.654433
114.654433
114.654433
114.654433
114.654433
114.654433
114.654433
114.654433
114.654433
114.654433
114.654433
114.654433
114.654433
114.654433
114.654433
114.654433
114.654433
114.654433
114.654433
114.654433
114.654433
114.654433
114.654433
114.654433
114.654433
114.654433
114.654433
114.654433
114.654433
114.654433
114.654433
114.654433
114.654433
114.654433
114.654433
114.654433
114.654433
114.654433
114.654433
114.654433
114.654433
114.654433
114.654433
114.654433
114.654433
114.654433
114.654433
114.654433
114.654433
114.654433
114.654433
114.654433
114.654433
114.654433
114.654433
114.654433
114.654433
114.654433
114.654433
114.654433
114.654433
114.654433
114.654433
114.654433
114.654433
114.654433
114.654433
114.654433
114.654433
114.654433
114.654433
114.654433
114.654433
114.654433
114.654433
114.654433
114.654433
114.654433
114.654433
114.654433
114.654433
114.654433
114.654433
114.654433
114.654433
114.654433
114.654433
114.654433
114.654433
114.654433
114.654433
114.654433
114.654433
114.654433
114.654433
114.654433
114.654433
114.654433
114.654433
114.654433
114.654433
114.654433
114.654433
114.654433
114.654433
114.654433
114.654433
114.654433
114.654433
114.654433
114.654433
114.654433
114.654433
114.654433
114.654433
114.654433
114.654433
114.654433
114.654433
114.654433
114.654433
114.654433
114.654433
114.654433
114.654433
114.654433
114.654433
114.654433
114.654433
114.654433
114.654433
114.654433
114.654433
114.654433
114.654433
114.654433
114.654433
114.654433
114.654433
114.654433
114.654433
114.654433
114.654433
114.654433
114.654433
114.654433
114.654433
114.654433
114.654433
114.654433
114.654433
114.654433
114.654433
114.654433
114.654433
114.654433
114.654433
114.654433
114.654433
114.654433
114.654433
114.654433
114.654433
114.654433
114.654433
114.654433
114.654433
114.654433
114.654433
114.654433
114.654433
114.654433
114.654433
114.654433
114.654433
114.654433
114.654433
114.654433
114.654433
114.654433
114.654433
114.654433
114.654433
114.654433
114.654433
114.654433
114.654433
114.654433
114.654433
114.654433
114.654433
114.654433
114.654433
114.654433
114.654433
114.654433
114.654433
114.654433
114.654433
114.654433
114.654433
114.654433
114.654433
114.654433
114.654433
114.654433
114.654433
114.654433
114.654433
114.654433
114.654433
114.654433
114.654433
114.654433
114.654433
114.654433
114.654433
114.654433
114.654433
114.654433
114.654433
114.654433
114.654433
114.654433
114.654433
114.654433
114.654433
114.654433
114.654433
114.654433
114.654433
114.654433
114.654433
114.654433
114.654433
114.654433
114.654433
114.654433
114.654433
114.654433
114.654433
114.654433
114.654433
114.654433
114.654433
114.654433
114.654433
114.654433
114.654433
114.654433
114.654433
114.654433
114.654433
114.654433
114.654433
114.654433
114.654433
114.654433
114.654433
114.654433
114.654433
114.654433
114.654433
114.654433
114.654433
114.654433
114.654433
114.654433
114.654433
114.654433
114.654433
114.654433
114.654433
114.654433
114.654433
114.654433
114.654433
114.654433
114.654433
114.654433
114.654433
114.654433
114.654433
114.654433
114.654433
114.654433
114.654433
114.654433
114.654433
114.654433
114.654433
114.654433
114.654433
114.654433
114.654433
114.654433
114.654433
114.654433
114.654433
114.654433
114.654433
114.654433
114.654433
114.654433
114.654433
114.654433
114.654433
114.654433
114.654433
114.654433
114.654433
114.654433
114.654433
114.654433
114.654433
114.654433
114.654433
114.654433
114.654433
114.654433
114.654433
114.654433
114.654433
114.654433
114.654433
114.654433
114.654433
114.654433
114.654433
114.654433
114.654433
114.654433
114.654433
114.654433
114.654433
114.654433
114.654433
114.654433
114.654433
114.654433
114.654433
114.654433
114.654433
114.654433
114.654433
114.654433
114.654433
114.654433
114.654433
114.654433
114.654433
114.654433
114.654433
114.654433
114.654433
114.654433
114.654433
114.654433
114.654433
114.654433
114.654433
114.654433
114.654433
114.654433
114.654433
114.654433
114.654433
114.654433
114.654433
114.654433
114.654433
114.654433
114.654433
114.654433
114.654433
114.654433
114.654433
114.654433
114.654433
114.654433
114.654433
114.654433
114.654433
114.654433
114.654433
114.654433
114.654433
114.654433
114.654433
114.654433
114.654433
114.654433
114.654433
114.654433
114.654433
114.654433
114.654433
114.654433
114.654433
114.654433
114.654433
114.654433
114.654433
114.654433
114.654433
114.654433
114.654433
114.654433
114.654433
114.654433
114.654433
114.654433
114.654433
114.654433
114.654433
114.654433
114.654433
114.654433
114.654433
114.654433
114.654433
114.654433
114.654433
114.654433
114.654433
114.654433
114.654433
114.654433
114.654433
114.654433
114.654433
114.654433
114.654433
114.654433
114.654433
114.654433
114.654433
114.654433
114.654433
114.654433
114.654433
114.654433
114.654433
114.654433
114.654433
114.654433
114.654433
114.654433
114.654433
114.654433
114.654433
114.654433
114.654433
114.654433
114.654433
114.654433
114.654433
114.654433
114.654433
114.654433
114.654433
114.654433
114.654433
114.654433
114.654433
114.654433
114.654433
114.654433
114.654433
114.654433
114.654433
114.654433
114.654433
114.654433
114.654433
114.654433
114.654433
114.654433
114.654433
114.654433
114.654433
114.654433
114.654433
114.654433
114.654433
114.654433
114.654433
114.654433
114.654433
114.654433
114.654433
114.654433
114.654433
114.654433
114.654433
114.654433
114.654433
114.654433
114.654433
114.654433
114.654433
114.654433
114.654433
114.654433
114.654433
114.654433
114.654433
114.654433
114.654433
114.654433
114.654433
114.654433
114.654433
114.654433
114.654433
114.654433
114.654433
114.654433
114.654433
114.654433
114.654433
114.654433
114.654433
114.654433
114.654433
114.654433
114.654433
114.654433
114.654433
114.654433
114.654433
114.654433
114.654433
114.654433
114.654433
114.654433
114.654433
114.654433
114.654433
114.654433
114.654433
114.654433
114.654433
114.654433
114.654433
114.654433
114.654433
114.654433
114.654433
114.654433
114.654433
114.654433
114.654433
114.654433
114.654433
114.654433
114.654433
114.654433
114.654433
114.654433
114.654433
114.654433
114.654433
114.654433
114.654433
114.654433
114.654433
114.654433
114.654433
114.654433
114.654433
114.654433
114.654433
114.654433
114.654433
114.654433
114.654433
114.654433
114.654433
114.654433
114.654433
114.654433
114.654433
114.654433
114.654433
114.654433
114.654433
114.654433
114.654433
114.654433
114.654433
114.654433
114.654433
114.654433
114.654433
114.654433
114.654433
114.654433
114.654433
114.654433
114.654433
114.654433
114.654433
114.654433
114.654433
114.654433
114.654433
114.654433
114.654433
114.654433
114.654433
114.654433
114.654433
114.654433
114.654433
114.654433
114.654433
114.654433
114.654433
114.654433
114.654433
114.654433
114.654433
114.654433
114.654433
114.654433
114.654433
114.654433
114.654433
114.654433
114.654433
114.654433
114.654433
114.654433
114.654433
114.654433
114.654433
114.654433
114.654433
114.654433
114.654433
114.654433
114.654433
114.654433
114.654433
114.654433
114.654433
114.654433
114.654433
114.654433
114.654433
114.654433
114.654433
114.654433
114.654433
114.654433
114.654433
114.654433
114.654433
114.654433
114.654433
114.654433
114.654433
114.654433
114.654433
114.654433
114.654433
114.654433
114.654433
114.654433
114.654433
114.654433
114.654433
114.654433
114.654433
114.654433
114.654433
114.654433
114.654433
114.654433
114.654433
114.654433
114.654433
114.654433
114.654433
114.654433
114.654433
114.654433
114.654433
114.654433
114.654433
114.654433
114.654433
114.654433
114.654433
114.654433
114.654433
114.654433
114.654433
114.654433
114.654433
114.654433
114.654433
114.654433
114.654433
114.654433
114.654433
114.654433
114.654433
114.654433
114.654433
114.654433
114.654433
114.654433
114.654433
114.654433
114.654433
114.654433
114.654433
114.654433
114.654433
114.654433
114.654433
114.654433
114.654433
114.654433
114.654433
114.654433
114.654433
114.654433
114.654433
114.654433
114.654433
114.654433
114.654433
114.654433
114.654433
114.654433
114.654433
114.654433
114.654433
114.654433
114.654433
114.654433
114.654433
114.654433
114.654433
114.654433
114.654433
114.654433
114.654433
114.654433
114.654433
114.654433
114.654433
114.654433
114.654433
114.654433
114.654433
114.654433
114.654433
114.654433
114.654433
114.654433
114.654433
114.654433
114.654433
114.654433
114.654433
114.654433
114.654433
114.654433
114.654433
114.654433
114.654433
114.654433
114.654433
114.654433
114.654433
114.654433
114.654433
114.654433
114.654433
114.654433
114.654433
114.654433
114.654433
114.654433
114.654433
114.654433
114.654433
114.654433
114.654433
114.654433
114.654433
114.654433
114.654433
114.654433
114.654433
114.654433
114.654433
114.654433
114.654433
114.654433
114.654433
114.654433
114.654433
114.654433
114.654433
114.654433
114.654433
114.654433
114.654433
114.654433
114.654433
114.654433
114.654433
114.654433
114.654433
114.654433
114.654433
114.654433
114.654433
114.654433
114.654433
114.654433
114.654433
114.654433
114.654433
114.654433
114.654433
114.654433
114.654433
114.654433
114.654433
114.654433
114.654433
114.654433
114.654433
114.654433
114.654433
114.654433
114.654433
114.654433
114.654433
114.654433
114.654433
114.654433
114.654433
114.654433
114.654433
114.654433
114.654433
114.654433
114.654433
114.654433
114.654433
114.654433
114.654433
114.654433
114.654433
114.654433
114.654433
114.654433
114.654433
114.654433
114.654433
114.654433
114.654433
114.654433
114.654433
114.654433
114.654433
114.654433
114.654433
114.654433
114.654433
114.654433
114.654433
114.654433
114.654433
114.654433
114.654433
114.654433
114.654433
114.654433
114.654433
114.654433
114.654433
114.654433
114.654433
114.654433
114.654433
114.654433
114.654433
114.654433
114.654433
114.654433
114.654433
114.654433
114.654433
114.654433
114.654433
114.654433
114.654433
114.654433
114.654433
114.654433
114.654433
114.654433
114.654433
114.654433
114.654433
114.654433
114.654433
114.654433
114.654433
114.654433
114.654433
114.654433
114.654433
114.654433
114.654433
114.654433
114.654433
114.654433
114.654433
114.654433
114.654433
114.654433
114.654433
114.654433
114.654433
114.654433
114.654433
114.654433
114.654433
114.654433
114.654433
114.654433
114.654433
114.654433
114.654433
114.654433
114.654433
114.654433
114.654433
114.654433
114.654433
114.654433
114.654433
114.654433
114.654433
114.654433
114.654433
114.654433
114.654433
114.654433
114.654433
114.654433
114.654433
114.654433
114.654433
114.654433
114.654433
114.654433
114.654433
114.654433
114.654433
114.654433
114.654433
114.654433
114.654433
114.654433
114.654433
114.654433
114.654433
114.654433
114.654433
114.654433
114.654433
114.654433
114.654433
114.654433
114.654433
114.654433
114.654433
114.654433
114.654433
114.654433
114.654433
114.654433
114.654433
114.654433
114.654433
114.654433
114.654433
114.654433
114.654433
114.654433
114.654433
114.654433
114.654433
114.654433
114.654433
114.654433
114.654433
114.654433
114.654433
114.654433
114.654433
114.654433
114.654433
114.654433
114.654433
114.654433
114.654433
114.654433
114.654433
114.654433
114.654433
114.654433
114.654433
114.654433
114.654433
114.654433
114.654433
114.654433
114.654433
114.654433
114.654433
114.654433
114.654433
114.654433
114.654433
114.654433
114.654433
114.654433
114.654433
114.654433
114.654433
114.654433
114.654433
114.654433
114.654433
114.654433
114.654433
114.654433
114.654433
114.654433
114.654433
114.654433
114.654433
114.654433
114.654433
114.654433
114.654433
114.654433
114.654433
114.654433
114.654433
114.654433
114.654433
114.654433
114.654433
114.654433
114.654433
114.654433
114.654433
114.654433
114.654433
114.654433
114.654433
114.654433
114.654433
114.654433
114.654433
114.654433
114.654433
114.654433
114.654433
114.654433
114.654433
114.654433
114.654433
114.654433
114.654433
114.654433
114.654433
114.654433
114.654433
114.654433
114.654433
114.654433
114.654433
114.654433
114.654433
114.654433
114.654433
114.654433
114.654433
114.654433
114.654433
114.654433
114.654433
114.654433
114.654433
114.654433
114.654433
114.654433
114.654433
114.654433
114.654433
114.654433
114.654433
114.654433
114.654433
114.654433
114.654433
114.654433
114.654433
114.654433
114.654433
114.654433
114.654433
114.654433
114.654433
114.654433
114.654433
114.654433
114.654433
114.654433
114.654433
114.654433
114.654433
114.654433
114.654433
114.654433
114.654433
114.654433
114.654433
114.654433
114.654433
114.654433
114.654433
114.654433
114.654433
114.654433
114.654433
114.654433
114.654433
114.654433
114.654433
114.654433
114.654433
114.654433
114.654433
114.654433
114.654433
114.654433
114.654433
114.654433
114.654433
114.654433
114.654433
114.654433
114.654433
114.654433
114.654433
114.654433
114.654433
114.654433
114.654433
114.654433
114.654433
114.654433
114.654433
114.654433
114.654433
114.654433
114.654433
114.654433
114.654433
114.654433
114.654433
114.654433
114.654433
114.654433
114.654433
114.654433
114.654433
114.654433
114.654433
114.654433
114.654433
114.654433
114.654433
114.654433
114.654433
114.654433
114.654433
114.654433
114.654433
114.654433
114.654433
114.654433
114.654433
114.654433
114.654433
114.654433
114.654433
114.654433
114.654433
114.654433
114.654433
114.654433
114.654433
114.654433
114.654433
114.654433
114.654433
114.654433
114.654433
114.654433
114.654433
114.654433
114.654433
114.654433
114.654433
114.654433
114.654433
114.654433
114.654433
114.654433
114.654433
114.654433
114.654433
114.654433
114.654433
114.654433
114.654433
114.654433
114.654433
114.654433
114.654433
114.654433
114.654433
114.654433
114.654433
114.654433
114.654433
114.654433
114.654433
114.654433
114.654433
114.654433
114.654433
114.654433
114.654433
114.654433
114.654433
114.654433
114.654433
114.654433
114.654433
114.654433
114.654433
114.654433
114.654433
114.654433
114.654433
114.654433
114.654433
114.654433
114.654433
114.654433
114.654433
114.654433
114.654433
114.654433
114.654433
114.654433
114.654433
114.654433
114.654433
114.654433
114.654433
114.654433
114.654433
114.654433
114.654433
114.654433
114.654433
114.654433
114.654433
114.654433
114.654433
114.654433
114.654433
114.654433
114.654433
114.654433
114.654433
114.654433
114.654433
114.654433
114.654433
114.654433
114.654433
114.654433
114.654433
114.654433
114.654433
114.654433
114.654433
114.654433
114.654433
114.654433
114.654433
114.654433
114.654433
114.654433
114.654433
114.654433
114.654433
114.654433
114.654433
114.654433
114.654433
114.654433
114.654433
114.654433
114.654433
114.654433
114.654433
114.654433
114.654433
114.654433
114.654433
114.654433
114.654433
114.654433
114.654433
114.654433
114.654433
114.654433
114.654433
114.654433
114.654433
114.654433
114.654433
114.654433
114.654433
114.654433
114.654433
114.654433
114.654433
114.654433
114.654433
114.654433
114.654433
114.654433
114.654433
114.654433
114.654433
114.654433
114.654433
114.654433
114.654433
114.654433
114.654433
114.654433
114.654433
114.654433
114.654433
114.654433
114.654433
114.654433
114.654433
114.654433
114.654433
114.654433
114.654433
114.654433
114.654433
114.654433
114.654433
114.654433
114.654433
114.654433
114.654433
114.654433
114.654433
114.654433
114.654433
114.654433
114.654433
114.654433
114.654433
114.654433
114.654433
114.654433
114.654433
114.654433
114.654433
114.654433
114.654433
114.654433
114.654433
114.654433
114.654433
114.654433
114.654433
114.654433
114.654433
114.654433
114.654433
114.654433
114.654433
114.654433
114.654433
114.654433
114.654433
114.654433
114.654433
114.654433
114.654433
114.654433
114.654433
114.654433
114.654433
114.654433
114.654433
114.654433
114.654433
114.654433
114.654433
114.654433
114.654433
114.654433
114.654433
114.654433
114.654433
114.654433
114.654433
114.654433
114.654433
114.654433
114.654433
114.654433
114.654433
114.654433
114.654433
114.654433
114.654433
114.654433
114.654433
114.654433
114.654433
114.654433
114.654433
114.654433
114.654433
114.654433
114.654433
114.654433
114.654433
114.654433
114.654433
114.654433
114.654433
114.654433
114.654433
114.654433
114.654433
114.654433
114.654433
114.654433
114.654433
114.654433
114.654433
114.654433
114.654433
114.654433
114.654433
114.654433
114.654433
114.654433
114.654433
114.654433
114.654433
114.654433
114.654433
114.654433
114.654433
114.654433
114.654433
114.654433
114.654433
114.654433
114.654433
114.654433
114.654433
114.654433
114.654433
114.654433
114.654433
114.654433
114.654433
114.654433
114.654433
114.654433
114.654433
114.654433
114.654433
114.654433
114.654433
114.654433
114.654433
114.654433
114.654433
114.654433
114.654433
114.654433
114.654433
114.654433
114.654433
114.654433
114.654433
114.654433
114.654433
114.654433
114.654433
114.654433
114.654433
114.654433
114.654433
114.654433
114.654433
114.654433
114.654433
114.654433
114.654433
114.654433
114.654433
114.654433
114.654433
114.654433
114.654433
114.654433
114.654433
114.654433
114.654433
114.654433
114.654433
114.654433
114.654433
114.654433
114.654433
114.654433
114.654433
114.654433
114.654433
114.654433
114.654433
114.654433
114.654433
114.654433
114.654433
114.654433
114.654433
114.654433
114.654433
114.654433
114.654433
114.654433
114.654433
114.654433
114.654433
114.654433
114.654433
114.654433
114.654433
114.654433
114.654433
114.654433
114.654433
114.654433
114.654433
114.654433
114.654433
114.654433
114.654433
114.654433
114.654433
114.654433
114.654433
114.654433
114.654433
114.654433
114.654433
114.654433
114.654433
114.654433
114.654433
114.654433
114.654433
114.654433
114.654433
114.654433
114.654433
114.654433
114.654433
114.654433
114.654433
114.654433
114.654433
114.654433
114.654433
114.654433
114.654433
114.654433
114.654433
114.654433
114.654433
114.654433
114.654433
114.654433
114.654433
114.654433
114.654433
114.654433
114.654433
114.654433
114.654433
114.654433
114.654433
114.654433
114.654433
114.654433
114.654433
114.654433
114.654433
114.654433
114.654433
114.654433
114.654433
114.654433
114.654433
114.654433
114.654433
114.654433
114.654433
114.654433
114.654433
114.654433
114.654433
114.654433
114.654433
114.654433
114.654433
114.654433
114.654433
114.654433
114.654433
114.654433
114.654433
114.654433
114.654433
114.654433
114.654433
114.654433
114.654433
114.654433
114.654433
114.654433
114.654433
114.654433
114.654433
114.654433
114.654433
114.654433
114.654433
114.654433
114.654433
114.654433
114.654433
114.654433
114.654433
114.654433
114.654433
114.654433
114.654433
114.654433
114.654433
114.654433
114.654433
114.654433
114.654433
114.654433
114.654433
114.654433
114.654433
114.654433
114.654433
114.654433
114.654433
114.654433
114.654433
114.654433
114.654433
114.654433
114.654433
114.654433
114.654433
114.654433
114.654433
114.654433
114.654433
114.654433
114.654433
114.654433
114.654433
114.654433
114.654433
114.654433
114.654433
114.654433
114.654433
114.654433
114.654433
114.654433
114.654433
114.654433
114.654433
114.654433
114.654433
114.654433
114.654433
114.654433
114.654433
114.654433
114.654433
114.654433
114.654433
114.654433
114.654433
114.654433
114.654433
114.654433
114.654433
114.654433
114.654433
114.654433
114.654433
114.654433
114.654433
114.654433
114.654433
114.654433
114.654433
114.654433
114.654433
114.654433
114.654433
114.654433
114.654433
114.654433
114.654433
114.654433
114.654433
114.654433
114.654433
114.654433
114.654433
114.654433
114.654433
114.654433
114.654433
114.654433
114.654433
114.654433
114.654433
114.654433
114.654433
114.654433
114.654433
114.654433
114.654433
114.654433
114.654433
114.654433
114.654433
114.654433
114.654433
114.654433
114.654433
114.654433
114.654433
114.654433
114.654433
114.654433
114.654433
114.654433
114.654433
114.654433
114.654433
114.654433
114.654433
114.654433
114.654433
114.654433
114.654433
114.654433
114.654433
114.654433
114.654433
114.654433
114.654433
114.654433
114.654433
114.654433
114.654433
114.654433
114.654433
114.654433
114.654433
114.654433
114.654433
114.654433
114.654433
114.654433
114.654433
114.654433
114.654433
114.654433
114.654433
114.654433
114.654433
114.654433
114.654433
114.654433
114.654433
114.654433
114.654433
114.654433
114.654433
114.654433
114.654433
114.654433
114.654433
114.654433
114.654433
114.654433
114.654433
114.654433
114.654433
114.654433
114.654433
114.654433
114.654433
114.654433
114.654433
114.654433
114.654433
114.654433
114.654433
114.654433
114.654433
114.654433
114.654433
114.654433
114.654433
114.654433
114.654433
114.654433
114.654433
114.654433
114.654433
114.654433
114.654433
114.654433
114.654433
114.654433
114.654433
114.654433
114.654433
114.654433
114.654433
114.654433
114.654433
114.654433
114.654433
114.654433
114.654433
114.654433
114.654433
114.654433
114.654433
114.654433
114.654433
114.654433
114.654433
114.654433
114.654433
114.654433
114.654433
114.654433
114.654433
114.654433
114.654433
114.654433
114.654433
114.654433
114.654433
114.654433
114.654433
114.654433
114.654433
114.654433
114.654433
114.654433
114.654433
114.654433
114.654433
114.654433
114.654433
114.654433
114.654433
114.654433
114.654433
114.654433
114.654433
114.654433
114.654433
114.654433
114.654433
114.654433
114.654433
114.654433
114.654433
114.654433
114.654433
114.654433
114.654433
114.654433
114.654433
114.654433
114.654433
114.654433
114.654433
114.654433
114.654433
114.654433
114.654433
114.654433
114.654433
114.654433
114.654433
114.654433
114.654433
114.654433
114.654433
114.654433
114.654433
114.654433
114.654433
114.654433
114.654433
114.654433
114.654433
114.654433
114.654433
114.654433
114.654433
114.654433
114.654433
114.654433
114.654433
114.654433
114.654433
114.654433
114.654433
114.654433
114.654433
114.654433
114.654433
114.654433
114.654433
114.654433
114.654433
114.654433
114.654433
114.654433
114.654433
114.654433
114.654433
114.654433
114.654433
114.654433
114.654433
114.654433
114.654433
114.654433
114.654433
114.654433
114.654433
114.654433
114.654433
114.654433
114.654433
114.654433
114.654433
114.654433
114.654433
114.654433
114.654433
114.654433
114.654433
114.654433
114.654433
114.654433
114.654433
114.654433
114.654433
114.654433
114.654433
114.654433
114.654433
114.654433
114.654433
114.654433
114.654433
114.654433
114.654433
114.654433
114.654433
114.654433
114.654433
114.654433
114.654433
114.654433
114.654433
114.654433
114.654433
114.654433
114.654433
114.654433
114.654433
114.654433
114.654433
114.654433
114.654433
114.654433
114.654433
114.654433
114.654433
114.654433
114.654433
114.654433
114.654433
114.654433
114.654433
114.654433
114.654433
114.654433
114.654433
114.654433
114.654433
114.654433
114.654433
114.654433
114.654433
114.654433
114.654433
114.654433
114.654433
114.654433
114.654433
114.654433
114.654433
114.654433
114.654433
114.654433
114.654433
114.654433
114.654433
114.654433
114.654433
114.654433
114.654433
114.654433
114.654433
114.654433
114.654433
114.654433
114.654433
114.654433
114.654433
114.654433
114.654433
114.654433
114.654433
114.654433
114.654433
114.654433
114.654433
114.654433
114.654433
114.654433
114.654433
114.654433
114.654433
114.654433
114.654433
114.654433
114.654433
114.654433
114.654433
114.654433
114.654433
114.654433
114.654433
114.654433
114.654433
114.654433
114.654433
114.654433
114.654433
114.654433
114.654433
114.654433
114.654433
114.654433
114.654433
114.654433
114.654433
114.654433
114.654433
114.654433
114.654433
114.654433
114.654433
114.654433
114.654433
114.654433
114.654433
114.654433
114.654433
114.654433
114.654433
114.654433
114.654433
114.654433
114.654433
114.654433
114.654433
114.654433
114.654433
114.654433
114.654433
114.654433
114.654433
114.654433
114.654433
114.654433
114.654433
114.654433
114.654433
114.654433
114.654433
114.654433
114.654433
114.654433
114.654433
114.654433
114.654433
114.654433
114.654433
114.654433
114.654433
114.654433
114.654433
114.654433
114.654433
114.654433
114.654433
114.654433
114.654433
114.654433
114.654433
114.654433
114.654433
114.654433
114.654433
114.654433
114.654433
114.654433
114.654433
114.654433
114.654433
114.654433
114.654433
114.654433
114.654433
114.654433
114.654433
114.654433
114.654433
114.654433
114.654433
114.654433
114.654433
114.654433
114.654433
114.654433
114.654433
114.654433
114.654433
114.654433
114.654433
114.654433
114.654433
114.654433
114.654433
114.654433
114.654433
114.654433
114.654433
114.654433
114.654433
114.654433
114.654433
114.654433
114.654433
114.654433
114.654433
114.654433
114.654433
114.654433
114.654433
114.654433
114.654433
114.654433
114.654433
114.654433
114.654433
114.654433
114.654433
114.654433
114.654433
114.654433
114.654433
114.654433
114.654433
114.654433
114.654433
114.654433
114.654433
114.654433
114.654433
114.654433
114.654433
114.654433
114.654433
114.654433
114.654433
114.654433
114.654433
114.654433
114.654433
114.654433
114.654433
114.654433
114.654433
114.654433
114.654433
114.654433
114.654433
114.654433
114.654433
114.654433
114.654433
114.654433
114.654433
114.654433
114.654433
114.654433
114.654433
114.654433
114.654433
114.654433
114.654433
114.654433
114.654433
114.654433
114.654433
114.654433
114.654433
114.654433
114.654433
114.654433
114.654433
114.654433
114.654433
114.654433
114.654433
114.654433
114.654433
114.654433
114.654433
114.654433
114.654433
114.654433
114.654433
114.654433
114.654433
114.654433
114.654433
114.654433
114.654433
114.654433
114.654433
114.654433
114.654433
114.654433
114.654433
114.654433
114.654433
114.654433
114.654433
114.654433
114.654433
114.654433
114.654433
114.654433
114.654433
114.654433
114.654433
114.654433
114.654433
114.654433
114.654433
114.654433
114.654433
114.654433
114.654433
114.654433
114.654433
114.654433
114.654433
114.654433
114.654433
114.654433
114.654433
114.654433
114.654433
114.654433
114.654433
114.654433
114.654433
114.654433
114.654433
114.654433
114.654433
114.654433
114.654433
114.654433
114.654433
114.654433
114.654433
114.654433
114.654433
114.654433
114.654433
114.654433
114.654433
114.654433
114.654433
114.654433
114.654433
114.654433
114.654433
114.654433
114.654433
114.654433
114.654433
114.654433
114.654433
114.654433
114.654433
114.654433
114.654433
114.654433
114.654433
114.654433
114.654433
114.654433
114.654433
114.654433
114.654433
114.654433
114.654433
114.654433
114.654433
114.654433
114.654433
114.654433
114.654433
114.654433
114.654433
114.654433
114.654433
114.654433
114.654433
114.654433
114.654433
114.654433
114.654433
114.654433
114.654433
114.654433
114.654433
114.654433
114.654433
114.654433
114.654433
114.654433
114.654433
114.654433
114.654433
114.654433
114.654433
114.654433
114.654433
114.654433
114.654433
114.654433
114.654433
114.654433
114.654433
114.654433
114.654433
114.654433
114.654433
114.654433
114.654433
114.654433
114.654433
114.654433
114.654433
114.654433
114.654433
114.654433
114.654433
114.654433
114.654433
114.654433
114.654433
114.654433
114.654433
114.654433
114.654433
114.654433
114.654433
114.654433
114.654433
114.654433
114.654433
114.654433
114.654433
114.654433
114.654433
114.654433
114.654433
114.654433
114.654433
114.654433
114.654433
114.654433
114.654433
114.654433
114.654433
114.654433
114.654433
114.654433
114.654433
114.654433
114.654433
114.654433
114.654433
114.654433
114.654433
114.654433
114.654433
114.654433
114.654433
114.654433
114.654433
114.654433
114.654433
114.654433
114.654433
114.654433
114.654433
114.654433
114.654433
114.654433
114.654433
114.654433
114.654433
114.654433
114.654433
114.654433
114.654433
114.654433
114.654433
114.654433
114.654433
114.654433
114.654433
114.654433
114.654433
114.654433
114.654433
114.654433
114.654433
114.654433
114.654433
114.654433
114.654433
114.654433
114.654433
114.654433
114.654433
114.654433
114.654433
114.654433
114.654433
114.654433
114.654433
114.654433
114.654433
114.654433
114.654433
114.654433
114.654433
114.654433
114.654433
114.654433
114.654433
114.654433
114.654433
114.654433
114.654433
114.654433
114.654433
114.654433
114.654433
114.654433
114.654433
114.654433
114.654433
114.654433
114.654433
114.654433
114.654433
114.654433
114.654433
114.654433
114.654433
114.654433
114.654433
114.654433
114.654433
114.654433
114.654433
114.654433
114.654433
114.654433
114.654433
114.654433
114.654433
114.654433
114.654433
114.654433
114.654433
114.654433
114.654433
114.654433
114.654433
114.654433
114.654433
114.654433
114.654433
114.654433
114.654433
114.654433
114.654433
114.654433
114.654433
114.654433
114.654433
114.654433
114.654433
114.654433
114.654433
114.654433
114.654433
114.654433
114.654433
114.654433
114.654433
114.654433
114.654433
114.654433
114.654433
114.654433
114.654433
114.654433
114.654433
114.654433
114.654433
114.654433
114.654433
114.654433
114.654433
114.654433
114.654433
114.654433
114.654433
114.654433
114.654433
114.654433
114.654433
114.654433
114.654433
114.654433
114.654433
114.654433
114.654433
114.654433
114.654433
114.654433
114.654433
114.654433
114.654433
114.654433
114.654433
114.654433
114.654433
114.654433
114.654433
114.654433
114.654433
114.654433
114.654433
114.654433
114.654433
114.654433
114.654433
114.654433
114.654433
114.654433
114.654433
114.654433
114.654433
114.654433
114.654433
114.654433
114.654433
114.654433
114.654433
114.654433
114.654433
114.654433
114.654433
114.654433
114.654433
114.654433
114.654433
114.654433
114.654433
114.654433
114.654433
114.654433
114.654433
114.654433
114.654433
114.654433
114.654433
114.654433
114.654433
114.654433
114.654433
114.654433
114.654433
114.654433
114.654433
114.654433
114.654433
114.654433
114.654433
114.654433
114.654433
114.654433
114.654433
114.654433
114.654433
114.654433
114.654433
114.654433
114.654433
114.654433
114.654433
114.654433
114.654433
114.654433
114.654433
114.654433
114.654433
114.654433
114.654433
114.654433
114.654433
114.654433
114.654433
114.654433
114.654433
114.654433
114.654433
114.654433
114.654433
114.654433
114.654433
114.654433
114.654433
114.654433
114.654433
114.654433
114.654433
114.654433
114.654433
114.654433
114.654433
114.654433
114.654433
114.654433
114.654433
114.654433
114.654433
114.654433
114.654433
114.654433
114.654433
114.654433
114.654433
114.654433
114.654433
114.654433
114.654433
114.654433
114.654433
114.654433
114.654433
114.654433
114.654433
114.654433
114.654433
114.654433
114.654433
114.654433
114.654433
114.654433
114.654433
114.654433
114.654433
114.654433
114.654433
114.654433
114.654433
114.654433
114.654433
114.654433
114.654433
114.654433
114.654433
114.654433
114.654433
114.654433
114.654433
114.654433
114.654433
114.654433
114.654433
114.654433
114.654433
114.654433
114.654433
114.654433
114.654433
114.654433
114.654433
114.654433
114.654433
114.654433
114.654433
114.654433
114.654433
114.654433
114.654433
114.654433
114.654433
114.654433
114.654433
114.654433
114.654433
114.654433
114.654433
114.654433
114.654433
114.654433
114.654433
114.654433
114.654433
114.654433
114.654433
114.654433
114.654433
114.654433
114.654433
114.654433
114.654433
114.654433
114.654433
114.654433
114.654433
114.654433
114.654433
114.654433
114.654433
114.654433
114.654433
114.654433
114.654433
114.654433
114.654433
114.654433
114.654433
114.654433
114.654433
114.654433
114.654433
114.654433
114.654433
114.654433
114.654433
114.654433
114.654433
114.654433
114.654433
114.654433
114.654433
114.654433
114.654433
114.654433
114.654433
114.654433
114.654433
114.654433
114.654433
114.654433
114.654433
114.654433
114.654433
114.654433
114.654433
114.654433
114.654433
114.654433
114.654433
114.654433
114.654433
114.654433
114.654433
114.654433
114.654433
114.654433
114.654433
114.654433
114.654433
114.654433
114.654433
114.654433
114.654433
114.654433
114.654433
114.654433
114.654433
114.654433
114.654433
114.654433
114.654433
114.654433
114.654433
114.654433
114.654433
114.654433
114.654433
114.654433
114.654433
114.654433
114.654433
114.654433
114.654433
114.654433
114.654433
114.654433
114.654433
114.654433
114.654433
114.654433
114.654433
114.654433
114.654433
114.654433
114.654433
114.654433
114.654433
114.654433
114.654433
114.654433
114.654433
114.654433
114.654433
114.654433
114.654433
114.654433
114.654433
114.654433
114.654433
114.654433
114.654433
114.654433
114.654433
114.654433
114.654433
114.654433
114.654433
114.654433
114.654433
114.654433
114.654433
114.654433
114.654433
114.654433
114.654433
114.654433
114.654433
114.654433
114.654433
114.654433
114.654433
114.654433
114.654433
114.654433
114.654433
114.654433
114.654433
114.654433
114.654433
114.654433
114.654433
114.654433
114.654433
114.654433
114.654433
114.654433
114.654433
114.654433
114.654433
114.654433
114.654433
114.654433
114.654433
114.654433
114.654433
114.654433
114.654433
114.654433
114.654433
114.654433
114.654433
114.654433
114.654433
114.654433
114.654433
114.654433
114.654433
114.654433
114.654433
114.654433
114.654433
114.654433
114.654433
114.654433
114.654433
114.654433
114.654433
114.654433
114.654433
114.654433
114.654433
114.654433
114.654433
114.654433
114.654433
114.654433
114.654433
114.654433
114.654433
114.654433
114.654433
114.654433
114.654433
114.654433
114.654433
114.654433
114.654433
114.654433
114.654433
114.654433
114.654433
114.654433
114.654433
114.654433
114.654433
114.654433
114.654433
114.654433
114.654433
114.654433
114.654433
114.654433
114.654433
114.654433
114.654433
114.654433
114.654433
114.654433
114.654433
114.654433
114.654433
114.654433
114.654433
114.654433
114.654433
114.654433
114.654433
114.654433
114.654433
114.654433
114.654433
114.654433
114.654433
114.654433
114.654433
114.654433
114.654433
114.654433
114.654433
114.654433
114.654433
114.654433
114.654433
114.654433
114.654433
114.654433
114.654433
114.654433
114.654433
114.654433
114.654433
114.654433
114.654433
114.654433
114.654433
114.654433
114.654433
114.654433
114.654433
114.654433
114.654433
114.654433
114.654433
114.654433
114.654433
114.654433
114.654433
114.654433
114.654433
114.654433
114.654433
114.654433
114.654433
114.654433
114.654433
114.654433
114.654433
114.654433
114.654433
114.654433
114.654433
114.654433
114.654433
114.654433
114.654433
114.654433
114.654433
114.654433
114.654433
114.654433
114.654433
114.654433
114.654433
114.654433
114.654433
114.654433
114.654433
114.654433
114.654433
114.654433
114.654433
114.654433
114.654433
114.654433
114.654433
114.654433
114.654433
114.654433
114.654433
114.654433
114.654433
114.654433
114.654433
114.654433
114.654433
114.654433
114.654433
114.654433
114.654433
114.654433
114.654433
114.654433
114.654433
114.654433
114.654433
114.654433
114.654433
114.654433
114.654433
114.654433
114.654433
114.654433
114.654433
114.654433
114.654433
114.654433
114.654433
114.654433
114.654433
114.654433
114.654433
114.654433
114.654433
114.654433
114.654433
114.654433
114.654433
114.654433
114.654433
114.654433
114.654433
114.654433
114.654433
114.654433
114.654433
114.654433
114.654433
114.654433
114.654433
114.654433
114.654433
114.654433
114.654433
114.654433
114.654433
114.654433
114.654433
114.654433
114.654433
114.654433
114.654433
114.654433
114.654433
114.654433
114.654433
114.654433
114.654433
114.654433
114.654433
114.654433
114.654433
114.654433
114.654433
114.654433
114.654433
114.654433
114.654433
114.654433
114.654433
114.654433
114.654433
114.654433
114.654433
114.654433
114.654433
114.654433
114.654433
114.654433
114.654433
114.654433
114.654433
114.654433
114.654433
114.654433
114.654433
114.654433
114.654433
114.654433
114.654433
114.654433
114.654433
114.654433
114.654433
114.654433
114.654433
114.654433
114.654433
114.654433
114.654433
114.654433
114.654433
114.654433
114.654433
114.654433
114.654433
114.654433
114.654433
114.654433
114.654433
114.654433
114.654433
114.654433
114.654433
114.654433
114.654433
114.654433
114.654433
114.654433
114.654433
114.654433
114.654433
114.654433
114.654433
114.654433
114.654433
114.654433
114.654433
114.654433
114.654433
114.654433
114.654433
114.654433
114.654433
114.654433
114.654433
114.654433
114.654433
114.654433
114.654433
114.654433
114.654433
114.654433
114.654433
114.654433
114.654433
114.654433
114.654433
114.654433
114.654433
114.654433
114.654433
114.654433
114.654433
114.654433
114.654433
114.654433
114.654433
114.654433
114.654433
114.654433
114.654433
114.654433
114.654433
114.654433
114.654433
114.654433
114.654433
114.654433
114.654433
114.654433
114.654433
114.654433
114.654433
114.654433
114.654433
114.654433
114.654433
114.654433
114.654433
114.654433
114.654433
114.654433
114.654433
114.654433
114.654433
114.654433
114.654433
114.654433
114.654433
114.654433
114.654433
114.654433
114.654433
114.654433
114.654433
114.654433
114.654433
114.654433
114.654433
114.654433
114.654433
114.654433
114.654433
114.654433
114.654433
114.654433
114.654433
114.654433
114.654433
114.654433
114.654433
114.654433
114.654433
114.654433
114.654433
114.654433
114.654433
114.654433
114.654433
114.654433
114.654433
114.654433
114.654433
114.654433
114.654433
114.654433
114.654433
114.654433
114.654433
114.654433
114.654433
114.654433
114.654433
114.654433
114.654433
114.654433
114.654433
114.654433
114.654433
114.654433
114.654433
114.654433
114.654433
114.654433
114.654433
114.654433
114.654433
114.654433
114.654433
114.654433
114.654433
114.654433
114.654433
114.654433
114.654433
114.654433
114.654433
114.654433
114.654433
114.654433
114.654433
114.654433
114.654433
114.654433
114.654433
114.654433
114.654433
114.654433
114.654433
114.654433
114.654433
114.654433
114.654433
114.654433
114.654433
114.654433
114.654433
114.654433
114.654433
114.654433
114.654433
114.654433
114.654433
114.654433
114.654433
114.654433
114.654433
114.654433
114.654433
114.654433
114.654433
114.654433
114.654433
114.654433
114.654433
114.654433
114.654433
114.654433
114.654433
114.654433
114.654433
114.654433
114.654433
114.654433
114.654433
114.654433
114.654433
114.654433
114.654433
114.654433
114.654433
114.654433
114.654433
114.654433
114.654433
114.654433
114.654433
114.654433
114.654433
114.654433
114.654433
114.654433
114.654433
114.654433
114.654433
114.654433
114.654433
114.654433
114.654433
114.654433
114.654433
114.654433
114.654433
114.654433
114.654433
114.654433
114.654433
114.654433
114.654433
114.654433
114.654433
114.654433
114.654433
114.654433
114.654433
114.654433
114.654433
114.654433
114.654433
114.654433
114.654433
114.654433
114.654433
114.654433
114.654433
114.654433
114.654433
114.654433
114.654433
114.654433
114.654433
114.654433
114.654433
114.654433
114.654433
114.654433
114.654433
114.654433
114.654433
114.654433
114.654433
114.654433
114.654433
114.654433
114.654433
114.654433
114.654433
114.654433
114.654433
114.654433
114.654433
114.654433
114.654433
114.654433
114.654433
114.654433
114.654433
114.654433
114.654433
114.654433
114.654433
114.654433
114.654433
114.654433
114.654433
114.654433
114.654433
114.654433
114.654433
114.654433
114.654433
114.654433
114.654433
114.654433
114.654433
114.654433
114.654433
114.654433
114.654433
114.654433
114.654433
114.654433
114.654433
114.654433
114.654433
114.654433
114.654433
114.654433
114.654433
114.654433
114.654433
114.654433
114.654433
114.654433
114.654433
114.654433
114.654433
114.654433
114.654433
114.654433
114.654433
114.654433
114.654433
114.654433
114.654433
114.654433
114.654433
114.654433
114.654433
114.654433
114.654433
114.654433
114.654433
114.654433
114.654433
114.654433
114.654433
114.654433
114.654433
114.654433
114.654433
114.654433
114.654433
114.654433
114.654433
114.654433
114.654433
114.654433
114.654433
114.654433
114.654433
114.654433
114.654433
114.654433
114.654433
114.654433
114.654433
114.654433
114.654433
114.654433
114.654433
114.654433
114.654433
114.654433
114.654433
114.654433
114.654433
114.654433
114.654433
114.654433
114.654433
114.654433
114.654433
114.654433
114.654433
114.654433
114.654433
114.654433
114.654433
114.654433
114.654433
114.654433
114.654433
114.654433
114.654433
114.654433
114.654433
114.654433
114.654433
114.654433
114.654433
114.654433
114.654433
114.654433
114.654433
114.654433
114.654433
114.654433
114.654433
114.654433
114.654433
114.654433
114.654433
114.654433
114.654433
114.654433
114.654433
114.654433
114.654433
114.654433
114.654433
114.654433
114.654433
114.654433
114.654433
114.654433
114.654433
114.654433
114.654433
114.654433
114.654433
114.654433
114.654433
114.654433
114.654433
114.654433
114.654433
114.654433
114.654433
114.654433
114.654433
114.654433
114.654433
114.654433
114.654433
114.654433
114.654433
114.654433
114.654433
114.654433
114.654433
114.654433
114.654433
114.654433
114.654433
114.654433
114.654433
114.654433
114.654433
114.654433
114.654433
114.654433
114.654433
114.654433
114.654433
114.654433
114.654433
114.654433
114.654433
114.654433
114.654433
114.654433
114.654433
114.654433
114.654433
114.654433
114.654433
114.654433
114.654433
114.654433
114.654433
114.654433
114.654433
114.654433
114.654433
114.654433
114.654433
114.654433
114.654433
114.654433
114.654433
114.654433
114.654433
114.654433
114.654433
114.654433
114.654433
114.654433
114.654433
114.654433
114.654433
114.654433
114.654433
114.654433
114.654433
114.654433
114.654433
114.654433
114.654433
114.654433
114.654433
114.654433
114.654433
114.654433
114.654433
114.654433
114.654433
114.654433
114.654433
114.654433
114.654433
114.654433
114.654433
114.654433
114.654433
114.654433
114.654433
114.654433
114.654433
114.654433
114.654433
114.654433
114.654433
114.654433
114.654433
114.654433
114.654433
114.654433
114.654433
114.654433
114.654433
114.654433
114.654433
114.654433
114.654433
114.654433
114.654433
114.654433
114.654433
114.654433
114.654433
114.654433
114.654433
114.654433
114.654433
114.654433
114.654433
114.654433
114.654433
114.654433
114.654433
114.654433
114.654433
114.654433
114.654433
114.654433
114.654433
114.654433
114.654433
114.654433
114.654433
114.654433
114.654433
114.654433
114.654433
114.654433
114.654433
114.654433
114.654433
114.654433
114.654433
114.654433
114.654433
114.654433
114.654433
114.654433
114.654433
114.654433
114.654433
114.654433
114.654433
114.654433
114.654433
114.654433
114.654433
114.654433
114.654433
114.654433
114.654433
114.654433
114.654433
114.654433
114.654433
114.654433
114.654433
114.654433
114.654433
114.654433
114.654433
114.654433
114.654433
114.654433
114.654433
114.654433
114.654433
114.654433
114.654433
114.654433
114.654433
114.654433
114.654433
114.654433
114.654433
114.654433
114.654433
114.654433
114.654433
114.654433
114.654433
114.654433
114.654433
114.654433
114.654433
114.654433
114.654433
114.654433
114.654433
114.654433
114.654433
114.654433
114.654433
114.654433
114.654433
114.654433
114.654433
114.654433
114.654433
114.654433
114.654433
114.654433
114.654433
114.654433
114.654433
114.654433
114.654433
114.654433
114.654433
114.654433
114.654433
114.654433
114.654433
114.654433
114.654433
114.654433
114.654433
114.654433
114.654433
114.654433
114.654433
114.654433
114.654433
114.654433
114.654433
114.654433
114.654433
114.654433
114.654433
114.654433
114.654433
114.654433
114.654433
114.654433
114.654433
114.654433
114.654433
114.654433
114.654433
114.654433
114.654433
114.654433
114.654433
114.654433
114.654433
114.654433
114.654433
114.654433
114.654433
114.654433
114.654433
114.654433
114.654433
114.654433
114.654433
114.654433
114.654433
114.654433
114.654433
114.654433
114.654433
114.654433
114.654433
114.654433
114.654433
114.654433
114.654433
114.654433
114.654433
114.654433
114.654433
114.654433
114.654433
114.654433
114.654433
114.654433
114.654433
114.654433
114.654433
114.654433
114.654433
114.654433
114.654433
114.654433
114.654433
114.654433
114.654433
114.654433
114.654433
114.654433
114.654433
114.654433
114.654433
114.654433
114.654433
114.654433
114.654433
114.654433
114.654433
114.654433
114.654433
114.654433
114.654433
114.654433
114.654433
114.654433
114.654433
114.654433
114.654433
114.654433
114.654433
114.654433
114.654433
114.654433
114.654433
114.654433
114.654433
114.654433
114.654433
114.654433
114.654433
114.654433
114.654433
114.654433
114.654433
114.654433
114.654433
114.654433
114.654433
114.654433
114.654433
114.654433
114.654433
114.654433
114.654433
114.654433
114.654433
114.654433
114.654433
114.654433
114.654433
114.654433
114.654433
114.654433
114.654433
114.654433
114.654433
114.654433
114.654433
114.654433
114.654433
114.654433
114.654433
114.654433
114.654433
114.654433
114.654433
114.654433
114.654433
114.654433
114.654433
114.654433
114.654433
114.654433
114.654433
114.654433
114.654433
114.654433
114.654433
114.654433
114.654433
114.654433
114.654433
114.654433
114.654433
114.654433
114.654433
114.654433
114.654433
114.654433
114.654433
114.654433
114.654433
114.654433
114.654433
114.654433
114.654433
114.654433
114.654433
114.654433
114.654433
114.654433
114.654433
114.654433
114.654433
114.654433
114.654433
114.654433
114.654433
114.654433
114.654433
114.654433
114.654433
114.654433
114.654433
114.654433
114.654433
114.654433
114.654433
114.654433
114.654433
114.654433
114.654433
114.654433
114.654433
114.654433
114.654433
114.654433
114.654433
114.654433
114.654433
114.654433
114.654433
114.654433
114.654433
114.654433
114.654433
114.654433
114.654433
114.654433
114.654433
114.654433
114.654433
114.654433
114.654433
114.654433
114.654433
114.654433
114.654433
114.654433
114.654433
114.654433
114.654433
114.654433
114.654433
114.654433
114.654433
114.654433
114.654433
114.654433
114.654433
114.654433
114.654433
114.654433
114.654433
114.654433
114.654433
114.654433
114.654433
114.654433
114.654433
114.654433
114.654433
114.654433
114.654433
114.654433
114.654433
114.654433
114.654433
114.654433
114.654433
114.654433
114.654433
114.654433
114.654433
114.654433
114.654433
114.654433
114.654433
114.654433
114.654433
114.654433
114.654433
114.654433
114.654433
114.654433
114.654433
114.654433
114.654433
114.654433
114.654433
114.654433
114.654433
114.654433
114.654433
114.654433
114.654433
114.654433
114.654433
114.654433
114.654433
114.654433
114.654433
114.654433
114.654433
114.654433
114.654433
114.654433
114.654433
114.654433
114.654433
114.654433
114.654433
114.654433
114.654433
114.654433
114.654433
114.654433
114.654433
114.654433
114.654433
114.654433
114.654433
114.654433
114.654433
114.654433
114.654433
114.654433
114.654433
114.654433
114.654433
114.654433
114.654433
114.654433
114.654433
114.654433
114.654433
114.654433
114.654433
114.654433
114.654433
114.654433
114.654433
114.654433
114.654433
114.654433
114.654433
114.654433
114.654433
114.654433
114.654433
114.654433
114.654433
114.654433
114.654433
114.654433
114.654433
114.654433
114.654433
114.654433
114.654433
114.654433
114.654433
114.654433
114.654433
114.654433
114.654433
114.654433
114.654433
114.654433
114.654433
114.654433
114.654433
114.654433
114.654433
114.654433
114.654433
114.654433
114.654433
114.654433
114.654433
114.654433
114.654433
114.654433
114.654433
114.654433
114.654433
114.654433
114.654433
114.654433
114.654433
114.654433
114.654433
114.654433
114.654433
114.654433
114.654433
114.654433
114.654433
114.654433
114.654433
114.654433
114.654433
114.654433
114.654433
114.654433
114.654433
114.654433
114.654433
114.654433
114.654433
114.654433
114.654433
114.654433
114.654433
114.654433
114.654433
114.654433
114.654433
114.654433
114.654433
114.654433
114.654433
114.654433
114.654433
114.654433
114.654433
114.654433
114.654433
114.654433
114.654433
114.654433
114.654433
114.654433
114.654433
114.654433
114.654433
114.654433
114.654433
114.654433
114.654433
114.654433
114.654433
114.654433
114.654433
114.654433
114.654433
114.654433
114.654433
114.654433
114.654433
114.654433
114.654433
114.654433
114.654433
114.654433
114.654433
114.654433
114.654433
114.654433
114.654433
114.654433
114.654433
114.654433
114.654433
114.654433
114.654433
114.654433
114.654433
114.654433
114.654433
114.654433
114.654433
114.654433
114.654433
114.654433
114.654433
114.654433
114.654433
114.654433
114.654433
114.654433
114.654433
114.654433
114.654433
114.654433
114.654433
114.654433
114.654433
114.654433
114.654433
114.654433
114.654433
114.654433
114.654433
114.654433
114.654433
114.654433
114.654433
114.654433
114.654433
114.654433
114.654433
114.654433
114.654433
114.654433
114.654433
114.654433
114.654433
114.654433
114.654433
114.654433
114.654433
114.654433
114.654433
114.654433
114.654433
114.654433
114.654433
114.654433
114.654433
114.654433
114.654433
114.654433
114.654433
114.654433
114.654433
114.654433
114.654433
114.654433
114.654433
114.654433
114.654433
114.654433
114.654433
114.654433
114.654433
114.654433
114.654433
114.654433
114.654433
114.654433
114.654433
114.654433
114.654433
114.654433
114.654433
114.654433
114.654433
114.654433
114.654433
114.654433
114.654433
114.654433
114.654433
114.654433
114.654433
114.654433
114.654433
114.654433
114.654433
114.654433
114.654433
114.654433
114.654433
114.654433
114.654433
114.654433
114.654433
114.654433
114.654433
114.654433
114.654433
114.654433
114.654433
114.654433
114.654433
114.654433
114.654433
114.654433
114.654433
114.654433
114.654433
114.654433
114.654433
114.654433
114.654433
114.654433
114.654433
114.654433
114.654433
114.654433
114.654433
114.654433
114.654433
114.654433
114.654433
114.654433
114.654433
114.654433
114.654433
114.654433
114.654433
114.654433
114.654433
114.654433
114.654433
114.654433
114.654433
114.654433
114.654433
114.654433
114.654433
114.654433
114.654433
114.654433
114.654433
114.654433
114.654433
114.654433
114.654433
114.654433
114.654433
114.654433
114.654433
114.654433
114.654433
114.654433
114.654433
114.654433
114.654433
114.654433
114.654433
114.654433
114.654433
114.654433
114.654433
114.654433
114.654433
114.654433
114.654433
114.654433
114.654433
114.654433
114.654433
114.654433
114.654433
114.654433
114.654433
114.654433
114.654433
114.654433
114.654433
114.654433
114.654433
114.654433
114.654433
114.654433
114.654433
114.654433
114.654433
114.654433
114.654433
114.654433
114.654433
114.654433
114.654433
114.654433
114.654433
114.654433
114.654433
114.654433
114.654433
114.654433
114.654433
114.654433
114.654433
114.654433
114.654433
114.654433
114.654433
114.654433
114.654433
114.654433
114.654433
114.654433
114.654433
114.654433
114.654433
114.654433
114.654433
114.654433
114.654433
114.654433
114.654433
114.654433
114.654433
114.654433
114.654433
114.654433
114.654433
114.654433
114.654433
114.654433
114.654433
114.654433
114.654433
114.654433
114.654433
114.654433
114.654433
114.654433
114.654433
114.654433
114.654433
114.654433
114.654433
114.654433
114.654433
114.654433
114.654433
114.654433
114.654433
114.654433
114.654433
114.654433
114.654433
114.654433
114.654433
114.654433
114.654433
114.654433
114.654433
114.654433
114.654433
114.654433
114.654433
114.654433
114.654433
114.654433
114.654433
114.654433
114.654433
114.654433
114.654433
114.654433
114.654433
114.654433
114.654433
114.654433
114.654433
114.654433
114.654433
114.654433
114.654433
114.654433
114.654433
114.654433
114.654433
114.654433
114.654433
114.654433
114.654433
114.654433
114.654433
114.654433
114.654433
114.654433
114.654433
114.654433
114.654433
114.654433
114.654433
114.654433
114.654433
114.654433
114.654433
114.654433
114.654433
114.654433
114.654433
114.654433
114.654433
114.654433
114.654433
114.654433
114.654433
114.654433
114.654433
114.654433
114.654433
114.654433
114.654433
114.654433
114.654433
114.654433
114.654433
114.654433
114.654433
114.654433
114.654433
114.654433
114.654433
114.654433
114.654433
114.654433
114.654433
114.654433
114.654433
114.654433
114.654433
114.654433
114.654433
114.654433
114.654433
114.654433
114.654433
114.654433
114.654433
114.654433
114.654433
114.654433
114.654433
114.654433
114.654433
114.654433
114.654433
114.654433
114.654433
114.654433
114.654433
114.654433
114.654433
114.654433
114.654433
114.654433
114.654433
114.654433
114.654433
114.654433
114.654433
114.654433
114.654433
114.654433
114.654433
114.654433
114.654433
114.654433
114.654433
114.654433
114.654433
114.654433
114.654433
114.654433
114.654433
114.654433
114.654433
114.654433
114.654433
114.654433
114.654433
114.654433
114.654433
114.654433
114.654433
114.654433
114.654433
114.654433
114.654433
114.654433
114.654433
114.654433
114.654433
114.654433
114.654433
114.654433
114.654433
114.654433
114.654433
114.654433
114.654433
114.654433
114.654433
114.654433
114.654433
114.654433
114.654433
114.654433
114.654433
114.654433
114.654433
114.654433
114.654433
114.654433
114.654433
114.654433
114.654433
114.654433
114.654433
114.654433
114.654433
114.654433
114.654433
114.654433
114.654433
114.654433
114.654433
114.654433
114.654433
114.654433
114.654433
114.654433
114.654433
114.654433
114.654433
114.654433
114.654433
114.654433
114.654433
114.654433
114.654433
114.654433
114.654433
114.654433
114.654433
114.654433
114.654433
114.654433
114.654433
114.654433
114.654433
114.654433
114.654433
114.654433
114.654433
114.654433
114.654433
114.654433
114.654433
114.654433
114.654433
114.654433
114.654433
114.654433
114.654433
114.654433
114.654433
114.654433
114.654433
114.654433
114.654433
114.654433
114.654433
114.654433
114.654433
114.654433
114.654433
114.654433
114.654433
114.654433
114.654433
114.654433
114.654433
114.654433
114.654433
114.654433
114.654433
114.654433
114.654433
114.654433
114.654433
114.654433
114.654433
114.654433
114.654433
114.654433
114.654433
114.654433
114.654433
114.654433
114.654433
114.654433
114.654433
114.654433
114.654433
114.654433
114.654433
114.654433
114.654433
114.654433
114.654433
114.654433
114.654433
114.654433
114.654433
114.654433
114.654433
114.654433
114.654433
114.654433
114.654433
114.654433
114.654433
114.654433
114.654433
114.654433
114.654433
114.654433
114.654433
114.654433
114.654433
114.654433
114.654433
114.654433
114.654433
114.654433
114.654433
114.654433
114.654433
114.654433
114.654433
114.654433
114.654433
114.654433
114.654433
114.654433
114.654433
114.654433
114.654433
114.654433
114.654433
114.654433
114.654433
114.654433
114.654433
114.654433
114.654433
114.654433
114.654433
114.654433
114.654433
114.654433
114.654433
114.654433
114.654433
114.654433
114.654433
114.654433
114.654433
114.654433
114.654433
114.654433
114.654433
114.654433
114.654433
114.654433
114.654433
114.654433
114.654433
114.654433
114.654433
114.654433
114.654433
114.654433
114.654433
114.654433
114.654433
114.654433
114.654433
114.654433
114.654433
114.654433
114.654433
114.654433
114.654433
114.654433
114.654433
114.654433
114.654433
114.654433
114.654433
114.654433
114.654433
114.654433
114.654433
114.654433
114.654433
114.654433
114.654433
114.654433
114.654433
114.654433
114.654433
114.654433
114.654433
114.654433
114.654433
114.654433
114.654433
114.654433
114.654433
114.654433
114.654433
114.654433
114.654433
114.654433
114.654433
114.654433
114.654433
114.654433
114.654433
114.654433
114.654433
114.654433
114.654433
114.654433
114.654433
114.654433
114.654433
114.654433
114.654433
114.654433
114.654433
114.654433
114.654433
114.654433
114.654433
114.654433
114.654433
114.654433
114.654433
114.654433
114.654433
114.654433
114.654433
114.654433
114.654433
114.654433
114.654433
114.654433
114.654433
114.654433
114.654433
114.654433
114.654433
114.654433
114.654433
114.654433
114.654433
114.654433
114.654433
114.654433
114.654433
114.654433
114.654433
114.654433
114.654433
114.654433
114.654433
114.654433
114.654433
114.654433
114.654433
114.654433
114.654433
114.654433
114.654433
114.654433
114.654433
114.654433
114.654433
114.654433
114.654433
114.654433
114.654433
114.654433
114.654433
114.654433
114.654433
114.654433
114.654433
114.654433
114.654433
114.654433
114.654433
114.654433
114.654433
114.654433
114.654433
114.654433
114.654433
114.654433
114.654433
114.654433
114.654433
114.654433
114.654433
114.654433
114.654433
114.654433
114.654433
114.654433
114.654433
114.654433
114.654433
114.654433
114.654433
114.654433
114.654433
114.654433
114.654433
114.654433
114.654433
114.654433
114.654433
114.654433
114.654433
114.654433
114.654433
114.654433
114.654433
114.654433
114.654433
114.654433
114.654433
114.654433
114.654433
114.654433
114.654433
114.654433
114.654433
114.654433
114.654433
114.654433
114.654433
114.654433
114.654433
114.654433
114.654433
114.654433
114.654433
114.654433
114.654433
114.654433
114.654433
114.654433
114.654433
114.654433
114.654433
114.654433
114.654433
114.654433
114.654433
114.654433
114.654433
114.654433
114.654433
114.654433
114.654433
114.654433
114.654433
114.654433
114.654433
114.654433
114.654433
114.654433
114.654433
114.654433
114.654433
114.654433
114.654433
114.654433
114.654433
114.654433
114.654433
114.654433
114.654433
114.654433
114.654433
114.654433
114.654433
114.654433
114.654433
114.654433
114.654433
114.654433
114.654433
114.654433
114.654433
114.654433
114.654433
114.654433
114.654433
114.654433
114.654433
114.654433
114.654433
114.654433
114.654433
114.654433
114.654433
114.654433
114.654433
114.654433
114.654433
114.654433
114.654433
114.654433
114.654433
114.654433
114.654433
114.654433
114.654433
114.654433
114.654433
114.654433
114.654433
114.654433
114.654433
114.654433
114.654433
114.654433
114.654433
114.654433
114.654433
114.654433
114.654433
114.654433
114.654433
114.654433
114.654433
114.654433
114.654433
114.654433
114.654433
114.654433
114.654433
114.654433
114.654433
114.654433
114.654433
114.654433
114.654433
114.654433
114.654433
114.654433
114.654433
114.654433
114.654433
114.654433
114.654433
114.654433
114.654433
114.654433
114.654433
114.654433
114.654433
114.654433
114.654433
114.654433
114.654433
114.654433
114.654433
114.654433
114.654433
114.654433
114.654433
114.654433
114.654433
114.654433
114.654433
114.654433
114.654433
114.654433
114.654433
114.654433
114.654433
114.654433
114.654433
114.654433
114.654433
114.654433
114.654433
114.654433
114.654433
114.654433
114.654433
114.654433
114.654433
114.654433
114.654433
114.654433
114.654433
114.654433
114.654433
114.654433
114.654433
114.654433
114.654433
114.654433
114.654433
114.654433
114.654433
114.654433
114.654433
114.654433
114.654433
114.654433
114.654433
114.654433
114.654433
114.654433
114.654433
114.654433
114.654433
114.654433
114.654433
114.654433
114.654433
114.654433
114.654433
114.654433
114.654433
114.654433
114.654433
114.654433
114.654433
114.654433
114.654433
114.654433
114.654433
114.654433
114.654433
114.654433
114.654433
114.654433
114.654433
114.654433
114.654433
114.654433
114.654433
114.654433
114.654433
114.654433
114.654433
114.654433
114.654433
114.654433
114.654433
114.654433
114.654433
114.654433
114.654433
114.654433
114.654433
114.654433
114.654433
114.654433
114.654433
114.654433
114.654433
114.654433
114.654433
114.654433
114.654433
114.654433
114.654433
114.654433
114.654433
114.654433
114.654433
114.654433
114.654433
114.654433
114.654433
114.654433
114.654433
114.654433
114.654433
114.654433
114.654433
114.654433
114.654433
114.654433
114.654433
114.654433
114.654433
114.654433
114.654433
114.654433
114.654433
114.654433
114.654433
114.654433
114.654433
114.654433
114.654433
114.654433
114.654433
114.654433
114.654433
114.654433
114.654433
114.654433
114.654433
114.654433
114.654433
114.654433
114.654433
114.654433
114.654433
114.654433
114.654433
114.654433
114.654433
114.654433
114.654433
114.654433
114.654433
114.654433
114.654433
114.654433
114.654433
114.654433
114.654433
114.654433
114.654433
114.654433
114.654433
114.654433
114.654433
114.654433
114.654433
114.654433
114.654433
114.654433
114.654433
114.654433
114.654433
114.654433
114.654433
114.654433
114.654433
114.654433
114.654433
114.654433
114.654433
114.654433
114.654433
114.654433
114.654433
114.654433
114.654433
114.654433
114.654433
114.654433
114.654433
114.654433
114.654433
114.654433
114.654433
114.654433
114.654433
114.654433
114.654433
114.654433
114.654433
114.654433
114.654433
114.654433
114.654433
114.654433
114.654433
114.654433
114.654433
114.654433
114.654433
114.654433
114.654433
114.654433
114.654433
114.654433
114.654433
114.654433
114.654433
114.654433
114.654433
114.654433
114.654433
114.654433
114.654433
114.654433
114.654433
114.654433
114.654433
114.654433
114.654433
114.654433
114.654433
114.654433
114.654433
114.654433
114.654433
114.654433
114.654433
114.654433
114.654433
114.654433
114.654433
114.654433
114.654433
114.654433
114.654433
114.654433
114.654433
114.654433
114.654433
114.654433
114.654433
114.654433
114.654433
114.654433
114.654433
114.654433
114.654433
114.654433
114.654433
114.654433
114.654433
114.654433
114.654433
114.654433
114.654433
114.654433
114.654433
114.654433
114.654433
114.654433
114.654433
114.654433
114.654433
114.654433
114.654433
114.654433
114.654433
114.654433
114.654433
114.654433
114.654433
114.654433
114.654433
114.654433
114.654433
114.654433
114.654433
114.654433
114.654433
114.654433
114.654433
114.654433
114.654433
114.654433
114.654433
114.654433
114.654433
114.654433
114.654433
114.654433
114.654433
114.654433
114.654433
114.654433
114.654433
114.654433
114.654433
114.654433
114.654433
114.654433
114.654433
114.654433
114.654433
114.654433
114.654433
114.654433
114.654433
114.654433
114.654433
114.654433
114.654433
114.654433
114.654433
114.654433
114.654433
114.654433
114.654433
114.654433
114.654433
114.654433
114.654433
114.654433
114.654433
114.654433
114.654433
114.654433
114.654433
114.654433
114.654433
114.654433
114.654433
114.654433
114.654433
114.654433
114.654433
114.654433
114.654433
114.654433
114.654433
114.654433
114.654433
114.654433
114.654433
114.654433
114.654433
114.654433
114.654433
114.654433
114.654433
114.654433
114.654433
114.654433
114.654433
114.654433
114.654433
114.654433
114.654433
114.654433
114.654433
114.654433
114.654433
114.654433
114.654433
114.654433
114.654433
114.654433
114.654433
114.654433
114.654433
114.654433
114.654433
114.654433
114.654433
114.654433
114.654433
114.654433
114.654433
114.654433
114.654433
114.654433
114.654433
114.654433
114.654433
114.654433
114.654433
114.654433
114.654433
114.654433
114.654433
114.654433
114.654433
114.654433
114.654433
114.654433
114.654433
114.654433
114.654433
114.654433
114.654433
114.654433
114.654433
114.654433
114.654433
114.654433
114.654433
114.654433
114.654433
114.654433
114.654433
114.654433
114.654433
114.654433
114.654433
114.654433
114.654433
114.654433
114.654433
114.654433
114.654433
114.654433
114.654433
114.654433
114.654433
114.654433
114.654433
114.654433
114.654433
114.654433
114.654433
114.654433
114.654433
114.654433
114.654433
114.654433
114.654433
114.654433
114.654433
114.654433
114.654433
114.654433
114.654433
114.654433
114.654433
114.654433
114.654433
114.654433
114.654433
114.654433
114.654433
114.654433
114.654433
114.654433
114.654433
114.654433
114.654433
114.654433
114.654433
114.654433
114.654433
114.654433
114.654433
114.654433
114.654433
114.654433
114.654433
114.654433
114.654433
114.654433
114.654433
114.654433
114.654433
114.654433
114.654433
114.654433
114.654433
114.654433
114.654433
114.654433
114.654433
114.654433
114.654433
114.654433
114.654433
114.654433
114.654433
114.654433
114.654433
114.654433
114.654433
114.654433
114.654433
114.654433
114.654433
114.654433
114.654433
114.654433
114.654433
114.654433
114.654433
114.654433
114.654433
114.654433
114.654433
114.654433
114.654433
114.654433
114.654433
114.654433
114.654433
114.654433
114.654433
114.654433
114.654433
114.654433
114.654433
114.654433
114.654433
114.654433
114.654433
114.654433
114.654433
114.654433
114.654433
114.654433
114.654433
114.654433
114.654433
114.654433
114.654433
114.654433
114.654433
114.654433
114.654433
114.654433
114.654433
114.654433
114.654433
114.654433
114.654433
114.654433
114.654433
114.654433
114.654433
114.654433
114.654433
114.654433
114.654433
114.654433
114.654433
114.654433
114.654433
114.654433
114.654433
114.654433
114.654433
114.654433
114.654433
114.654433
114.654433
114.654433
114.654433
114.654433
114.654433
114.654433
114.654433
114.654433
114.654433
114.654433
114.654433
114.654433
114.654433
114.654433
114.654433
114.654433
114.654433
114.654433
114.654433
114.654433
114.654433
114.654433
114.654433
114.654433
114.654433
114.654433
114.654433
114.654433
114.654433
114.654433
114.654433
114.654433
114.654433
114.654433
114.654433
114.654433
114.654433
114.654433
114.654433
114.654433
114.654433
114.654433
114.654433
114.654433
114.654433
114.654433
114.654433
114.654433
114.654433
114.654433
114.654433
114.654433
114.654433
114.654433
114.654433
114.654433
114.654433
114.654433
114.654433
114.654433
114.654433
114.654433
114.654433
114.654433
114.654433
114.654433
114.654433
114.654433
114.654433
114.654433
114.654433
114.654433
114.654433
114.654433
114.654433
114.654433
114.654433
114.654433
114.654433
114.654433
114.654433
114.654433
114.654433
114.654433
114.654433
114.654433
114.654433
114.654433
114.654433
114.654433
114.654433
114.654433
114.654433
114.654433
114.654433
114.654433
114.654433
114.654433
114.654433
114.654433
114.654433
114.654433
114.654433
114.654433
114.654433
114.654433
114.654433
114.654433
114.654433
114.654433
114.654433
114.654433
114.654433
114.654433
114.654433
114.654433
114.654433
114.654433
114.654433
114.654433
114.654433
114.654433
114.654433
114.654433
114.654433
114.654433
114.654433
114.654433
114.654433
114.654433
114.654433
114.654433
114.654433
114.654433
114.654433
114.654433
114.654433
114.654433
114.654433
114.654433
114.654433
114.654433
114.654433
114.654433
114.654433
114.654433
114.654433
114.654433
114.654433
114.654433
114.654433
114.654433
114.654433
114.654433
114.654433
114.654433
114.654433
114.654433
114.654433
114.654433
114.654433
114.654433
114.654433
114.654433
114.654433
114.654433
114.654433
114.654433
114.654433
114.654433
114.654433
114.654433
114.654433
114.654433
114.654433
114.654433
114.654433
114.654433
114.654433
114.654433
114.654433
114.654433
114.654433
114.654433
114.654433
114.654433
114.654433
114.654433
114.654433
114.654433
114.654433
114.654433
114.654433
114.654433
114.654433
114.654433
114.654433
114.654433
114.654433
114.654433
114.654433
114.654433
114.654433
114.654433
114.654433
114.654433
114.654433
114.654433
114.654433
114.654433
114.654433
114.654433
114.654433
114.654433
114.654433
114.654433
114.654433
114.654433
114.654433
114.654433
114.654433
114.654433
114.654433
114.654433
114.654433
114.654433
114.654433
114.654433
114.654433
114.654433
114.654433
114.654433
114.654433
114.654433
114.654433
114.654433
114.654433
114.654433
114.654433
114.654433
114.654433
114.654433
114.654433
114.654433
114.654433
114.654433
114.654433
114.654433
114.654433
114.654433
114.654433
114.654433
114.654433
114.654433
114.654433
114.654433
114.654433
114.654433
114.654433
114.654433
114.654433
114.654433
114.654433
114.654433
114.654433
114.654433
114.654433
114.654433
114.654433
114.654433
114.654433
114.654433
114.654433
114.654433
114.654433
114.654433
114.654433
114.654433
114.654433
114.654433
114.654433
114.654433
114.654433
114.654433
114.654433
114.654433
114.654433
114.654433
114.654433
114.654433
114.654433
114.654433
114.654433
114.654433
114.654433
114.654433
114.654433
114.654433
114.654433
114.654433
114.654433
114.654433
114.654433
114.654433
114.654433
114.654433
114.654433
114.654433
114.654433
114.654433
114.654433
114.654433
114.654433
114.654433
114.654433
114.654433
114.654433
114.654433
114.654433
114.654433
114.654433
114.654433
114.654433
114.654433
114.654433
114.654433
114.654433
114.654433
114.654433
114.654433
114.654433
114.654433
114.654433
114.654433
114.654433
114.654433
114.654433
114.654433
114.654433
114.654433
114.654433
114.654433
114.654433
114.654433
114.654433
114.654433
114.654433
114.654433
114.654433
114.654433
114.654433
114.654433
114.654433
114.654433
114.654433
114.654433
114.654433
114.654433
114.654433
114.654433
114.654433
114.654433
114.654433
114.654433
114.654433
114.654433
114.654433
114.654433
114.654433
114.654433
114.654433
114.654433
114.654433
114.654433
114.654433
114.654433
114.654433
114.654433
114.654433
114.654433
114.654433
114.654433
114.654433
114.654433
114.654433
114.654433
114.654433
114.654433
114.654433
114.654433
114.654433
114.654433
114.654433
114.654433
114.654433
114.654433
114.654433
114.654433
114.654433
114.654433
114.654433
114.654433
114.654433
114.654433
114.654433
114.654433
114.654433
114.654433
114.654433
114.654433
114.654433
114.654433
114.654433
114.654433
114.654433
114.654433
114.654433
114.654433
114.654433
114.654433
114.654433
114.654433
114.654433
114.654433
114.654433
114.654433
114.654433
114.654433
114.654433
114.654433
114.654433
114.654433
114.654433
114.654433
114.654433
114.654433
114.654433
114.654433
114.654433
114.654433
114.654433
114.654433
114.654433
114.654433
114.654433
114.654433
114.654433
114.654433
114.654433
114.654433
114.654433
114.654433
114.654433
114.654433
114.654433
114.654433
114.654433
114.654433
114.654433
114.654433
114.654433
114.654433
114.654433
114.654433
114.654433
114.654433
114.654433
114.654433
114.654433
114.654433
114.654433
114.654433
114.654433
114.654433
114.654433
114.654433
114.654433
114.654433
114.654433
114.654433
114.654433
114.654433
114.654433
114.654433
114.654433
114.654433
114.654433
114.654433
114.654433
114.654433
114.654433
114.654433
114.654433
114.654433
114.654433
114.654433
114.654433
114.654433
114.654433
114.654433
114.654433
114.654433
114.654433
114.654433
114.654433
114.654433
114.654433
114.654433
114.654433
114.654433
114.654433
114.654433
114.654433
114.654433
114.654433
114.654433
114.654433
114.654433
114.654433
114.654433
114.654433
114.654433
114.654433
114.654433
114.654433
114.654433
114.654433
114.654433
114.654433
114.654433
114.654433
114.654433
114.654433
114.654433
114.654433
114.654433
114.654433
114.654433
114.654433
114.654433
114.654433
114.654433
114.654433
114.654433
114.654433
114.654433
114.654433
114.654433
114.654433
114.654433
114.654433
114.654433
114.654433
114.654433
114.654433
114.654433
114.654433
114.654433
114.654433
114.654433
114.654433
114.654433
114.654433
114.654433
114.654433
114.654433
114.654433
114.654433
114.654433
114.654433
114.654433
114.654433
114.654433
114.654433
114.654433
114.654433
114.654433
114.654433
114.654433
114.654433
114.654433
114.654433
114.654433
114.654433
114.654433
114.654433
114.654433
114.654433
114.654433
114.654433
114.654433
114.654433
114.654433
114.654433
114.654433
114.654433
114.654433
114.654433
114.654433
114.654433
114.654433
114.654433
114.654433
114.654433
114.654433
114.654433
114.654433
114.654433
114.654433
114.654433
114.654433
114.654433
114.654433
114.654433
114.654433
114.654433
114.654433
114.654433
114.654433
114.654433
114.654433
114.654433
114.654433
114.654433
114.654433
114.654433
114.654433
114.654433
114.654433
114.654433
114.654433
114.654433
114.654433
114.654433
114.654433
114.654433
114.654433
114.654433
114.654433
114.654433
114.654433
114.654433
114.654433
114.654433
114.654433
114.654433
114.654433
114.654433
114.654433
114.654433
114.654433
114.654433
114.654433
114.654433
114.654433
114.654433
114.654433
114.654433
114.654433
114.654433
114.654433
114.654433
114.654433
114.654433
114.654433
114.654433
114.654433
114.654433
114.654433
114.654433
114.654433
114.654433
114.654433
114.654433
114.654433
114.654433
114.654433
114.654433
114.654433
114.654433
114.654433
114.654433
114.654433
114.654433
114.654433
114.654433
114.654433
114.654433
114.654433
114.654433
114.654433
114.654433
114.654433
114.654433
114.654433
114.654433
114.654433
114.654433
114.654433
114.654433
114.654433
114.654433
114.654433
114.654433
114.654433
114.654433
114.654433
114.654433
114.654433
114.654433
114.654433
114.654433
114.654433
114.654433
114.654433
114.654433
114.654433
114.654433
114.654433
114.654433
114.654433
114.654433
114.654433
114.654433
114.654433
114.654433
114.654433
114.654433
114.654433
114.654433
114.654433
114.654433
114.654433
114.654433
114.654433
114.654433
114.654433
114.654433
114.654433
114.654433
114.654433
114.654433
114.654433
114.654433
114.654433
114.654433
114.654433
114.654433
114.654433
114.654433
114.654433
114.654433
114.654433
114.654433
114.654433
114.654433
114.654433
114.654433
114.654433
114.654433
114.654433
114.654433
114.654433
114.654433
114.654433
114.654433
114.654433
114.654433
114.654433
114.654433
114.654433
114.654433
114.654433
114.654433
114.654433
114.654433
114.654433
114.654433
114.654433
114.654433
114.654433
114.654433
114.654433
114.654433
114.654433
114.654433
114.654433
114.654433
114.654433
114.654433
114.654433
114.654433
114.654433
114.654433
114.654433
114.654433
114.654433
114.654433
114.654433
114.654433
114.654433
114.654433
114.654433
114.654433
114.654433
114.654433
114.654433
114.654433
114.654433
114.654433
114.654433
114.654433
114.654433
114.654433
114.654433
114.654433
114.654433
114.654433
114.654433
114.654433
114.654433
114.654433
114.654433
114.654433
114.654433
114.654433
114.654433
114.654433
114.654433
114.654433
114.654433
114.654433
114.654433
114.654433
114.654433
114.654433
114.654433
114.654433
114.654433
114.654433
114.654433
114.654433
114.654433
114.654433
114.654433
114.654433
114.654433
114.654433
114.654433
114.654433
114.654433
114.654433
114.654433
114.654433
114.654433
114.654433
114.654433
114.654433
114.654433
114.654433
114.654433
114.654433
114.654433
114.654433
114.654433
114.654433
114.654433
114.654433
114.654433
114.654433
114.654433
114.654433
114.654433
114.654433
114.654433
114.654433
114.654433
114.654433
114.654433
114.654433
114.654433
114.654433
114.654433
114.654433
114.654433
114.654433
114.654433
114.654433
114.654433
114.654433
114.654433
114.654433
114.654433
114.654433
114.654433
114.654433
114.654433
114.654433
114.654433
114.654433
114.654433
114.654433
114.654433
114.654433
114.654433
114.654433
114.654433
114.654433
114.654433
114.654433
114.654433
114.654433
114.654433
114.654433
114.654433
114.654433
114.654433
114.654433
114.654433
114.654433
114.654433
114.654433
114.654433
114.654433
114.654433
114.654433
114.654433
114.654433
114.654433
114.654433
114.654433
114.654433
114.654433
114.654433
114.654433
114.654433
114.654433
114.654433
114.654433
114.654433
114.654433
114.654433
114.654433
114.654433
114.654433
114.654433
114.654433
114.654433
114.654433
114.654433
114.654433
114.654433
114.654433
114.654433
114.654433
114.654433
114.654433
114.654433
114.654433
114.654433
114.654433
114.654433
114.654433
114.654433
114.654433
114.654433
114.654433
114.654433
114.654433
114.654433
114.654433
114.654433
114.654433
114.654433
114.654433
114.654433
114.654433
114.654433
114.654433
114.654433
114.654433
114.654433
114.654433
114.654433
114.654433
114.654433
114.654433
114.654433
114.654433
114.654433
114.654433
114.654433
114.654433
114.654433
114.654433
114.654433
114.654433
114.654433
114.654433
114.654433
114.654433
114.654433
114.654433
114.654433
114.654433
114.654433
114.654433
114.654433
114.654433
114.654433
114.654433
114.654433
114.654433
114.654433
114.654433
114.654433
114.654433
114.654433
114.654433
114.654433
114.654433
114.654433
114.654433
114.654433
114.654433
114.654433
114.654433
114.654433
114.654433
114.654433
114.654433
114.654433
114.654433
114.654433
114.654433
114.654433
114.654433
114.654433
114.654433
114.654433
114.654433
114.654433
114.654433
114.654433
114.654433
114.654433
114.654433
114.654433
114.654433
114.654433
114.654433
114.654433
114.654433
114.654433
114.654433
114.654433
114.654433
114.654433
114.654433
114.654433
114.654433
114.654433
114.654433
114.654433
114.654433
114.654433
114.654433
114.654433
114.654433
114.654433
114.654433
114.654433
114.654433
114.654433
114.654433
114.654433
114.654433
114.654433
114.654433
114.654433
114.654433
114.654433
114.654433
114.654433
114.654433
114.654433
114.654433
114.654433
114.654433
114.654433
114.654433
114.654433
114.654433
114.654433
114.654433
114.654433
114.654433
114.654433
114.654433
114.654433
114.654433
114.654433
114.654433
114.654433
114.654433
114.654433
114.654433
114.654433
114.654433
114.654433
114.654433
114.654433
114.654433
114.654433
114.654433
114.654433
114.654433
114.654433
114.654433
114.654433
114.654433
114.654433
114.654433
114.654433
114.654433
114.654433
114.654433
114.654433
114.654433
114.654433
114.654433
114.654433
114.654433
114.654433
114.654433
114.654433
114.654433
114.654433
114.654433
114.654433
114.654433
114.654433
114.654433
114.654433
114.654433
114.654433
114.654433
114.654433
114.654433
114.654433
114.654433
114.654433
114.654433
114.654433
114.654433
114.654433
114.654433
114.654433
114.654433
114.654433
114.654433
114.654433
114.654433
114.654433
114.654433
114.654433
114.654433
114.654433
114.654433
114.654433
114.654433
114.654433
114.654433
114.654433
114.654433
114.654433
114.654433
114.654433
114.654433
114.654433
114.654433
114.654433
114.654433
114.654433
114.654433
114.654433
114.654433
114.654433
114.654433
114.654433
114.654433
114.654433
114.654433
114.654433
114.654433
114.654433
114.654433
114.654433
114.654433
114.654433
114.654433
114.654433
114.654433
114.654433
114.654433
114.654433
114.654433
114.654433
114.654433
114.654433
114.654433
114.654433
114.654433
114.654433
114.654433
114.654433
114.654433
114.654433
114.654433
114.654433
114.654433
114.654433
114.654433
114.654433
114.654433
114.654433
114.654433
114.654433
114.654433
114.654433
114.654433
114.654433
114.654433
114.654433
114.654433
114.654433
114.654433
114.654433
114.654433
114.654433
114.654433
114.654433
114.654433
114.654433
114.654433
114.654433
114.654433
114.654433
114.654433
114.654433
114.654433
114.654433
114.654433
114.654433
114.654433
114.654433
114.654433
114.654433
114.654433
114.654433
114.654433
114.654433
114.654433
114.654433
114.654433
114.654433
114.654433
114.654433
114.654433
114.654433
114.654433
114.654433
114.654433
114.654433
114.654433
114.654433
114.654433
114.654433
114.654433
114.654433
114.654433
114.654433
114.654433
114.654433
114.654433
114.654433
114.654433
114.654433
114.654433
114.654433
114.654433
114.654433
114.654433
114.654433
114.654433
114.654433
114.654433
114.654433
114.654433
114.654433
114.654433
114.654433
114.654433
114.654433
114.654433
114.654433
114.654433
114.654433
114.654433
114.654433
114.654433
114.654433
114.654433
114.654433
114.654433
114.654433
114.654433
114.654433
114.654433
114.654433
114.654433
114.654433
114.654433
114.654433
114.654433
114.654433
114.654433
114.654433
114.654433
114.654433
114.654433
114.654433
114.654433
114.654433
114.654433
114.654433
114.654433
114.654433
114.654433
114.654433
114.654433
114.654433
114.654433
114.654433
114.654433
114.654433
114.654433
114.654433
114.654433
114.654433
114.654433
114.654433
114.654433
114.654433
114.654433
114.654433
114.654433
114.654433
114.654433
114.654433
114.654433
114.654433
114.654433
114.654433
114.654433
114.654433
114.654433
114.654433
114.654433
114.654433
114.654433
114.654433
114.654433
114.654433
114.654433
114.654433
114.654433
114.654433
114.654433
114.654433
114.654433
114.654433
114.654433
114.654433
114.654433
114.654433
114.654433
114.654433
114.654433
114.654433
114.654433
114.654433
114.654433
114.654433
114.654433
114.654433
114.654433
114.654433
114.654433
114.654433
114.654433
114.654433
114.654433
114.654433
114.654433
114.654433
114.654433
114.654433
114.654433
114.654433
114.654433
114.654433
114.654433
114.654433
114.654433
114.654433
114.654433
114.654433
114.654433
114.654433
114.654433
114.654433
114.654433
114.654433
114.654433
114.654433
114.654433
114.654433
114.654433
114.654433
114.654433
114.654433
114.654433
114.654433
114.654433
114.654433
114.654433
114.654433
114.654433
114.654433
114.654433
114.654433
114.654433
114.654433
114.654433
114.654433
114.654433
114.654433
114.654433
114.654433
114.654433
114.654433
114.654433
114.654433
114.654433
114.654433
114.654433
114.654433
114.654433
114.654433
114.654433
114.654433
114.654433
114.654433
114.654433
114.654433
114.654433
114.654433
114.654433
114.654433
114.654433
114.654433
114.654433
114.654433
114.654433
114.654433
114.654433
114.654433
114.654433
114.654433
114.654433
114.654433
114.654433
114.654433
114.654433
114.654433
114.654433
114.654433
114.654433
114.654433
114.654433
114.654433
114.654433
114.654433
114.654433
114.654433
114.654433
114.654433
114.654433
114.654433
114.654433
114.654433
114.654433
114.654433
114.654433
114.654433
114.654433
114.654433
114.654433
114.654433
114.654433
114.654433
114.654433
114.654433
114.654433
114.654433
114.654433
114.654433
114.654433
114.654433
114.654433
114.654433
114.654433
114.654433
114.654433
114.654433
114.654433
114.654433
114.654433
114.654433
114.654433
114.654433
114.654433
114.654433
114.654433
114.654433
114.654433
114.654433
114.654433
114.654433
114.654433
114.654433
114.654433
114.654433
114.654433
114.654433
114.654433
114.654433
114.654433
114.654433
114.654433
114.654433
114.654433
114.654433
114.654433
114.654433
114.654433
114.654433
114.654433
114.654433
114.654433
114.654433
114.654433
114.654433
114.654433
114.654433
114.654433
114.654433
114.654433
114.654433
114.654433
114.654433
114.654433
114.654433
114.654433
114.654433
114.654433
114.654433
114.654433
114.654433
114.654433
114.654433
114.654433
114.654433
114.654433
114.654433
114.654433
114.654433
114.654433
114.654433
114.654433
114.654433
114.654433
114.654433
114.654433
114.654433
114.654433
114.654433
114.654433
114.654433
114.654433
114.654433
114.654433
114.654433
114.654433
114.654433
114.654433
114.654433
114.654433
114.654433
114.654433
114.654433
114.654433
114.654433
114.654433
114.654433
114.654433
114.654433
114.654433
114.654433
114.654433
114.654433
114.654433
114.654433
114.654433
114.654433
114.654433
114.654433
114.654433
114.654433
114.654433
114.654433
114.654433
114.654433
114.654433
114.654433
114.654433
114.654433
114.654433
114.654433
114.654433
114.654433
114.654433
114.654433
114.654433
114.654433
114.654433
114.654433
114.654433
114.654433
114.654433
114.654433
114.654433
114.654433
114.654433
114.654433
114.654433
114.654433
114.654433
114.654433
114.654433
114.654433
114.654433
114.654433
114.654433
114.654433
114.654433
114.654433
114.654433
114.654433
114.654433
114.654433
114.654433
114.654433
114.654433
114.654433
114.654433
114.654433
114.654433
114.654433
114.654433
114.654433
114.654433
114.654433
114.654433
114.654433
114.654433
114.654433
114.654433
114.654433
114.654433
114.654433
114.654433
114.654433
114.654433
114.654433
114.654433
114.654433
114.654433
114.654433
114.654433
114.654433
114.654433
114.654433
114.654433
114.654433
114.654433
114.654433
114.654433
114.654433
114.654433
114.654433
114.654433
114.654433
114.654433
114.654433
114.654433
114.654433
114.654433
114.654433
114.654433
114.654433
114.654433
114.654433
114.654433
114.654433
114.654433
114.654433
114.654433
114.654433
114.654433
114.654433
114.654433
114.654433
114.654433
114.654433
114.654433
114.654433
114.654433
114.654433
114.654433
114.654433
114.654433
114.654433
114.654433
114.654433
114.654433
114.654433
114.654433
114.654433
114.654433
114.654433
114.654433
114.654433
114.654433
114.654433
114.654433
114.654433
114.654433
114.654433
114.654433
114.654433
114.654433
114.654433
114.654433
114.654433
114.654433
114.654433
114.654433
114.654433
114.654433
114.654433
114.654433
114.654433
114.654433
114.654433
114.654433
114.654433
114.654433
114.654433
114.654433
114.654433
114.654433
114.654433
114.654433
114.654433
114.654433
114.654433
114.654433
114.654433
114.654433
114.654433
114.654433
114.654433
114.654433
114.654433
114.654433
114.654433
114.654433
114.654433
114.654433
114.654433
114.654433
114.654433
114.654433
114.654433
114.654433
114.654433
114.654433
114.654433
114.654433
114.654433
114.654433
114.654433
114.654433
114.654433
114.654433
114.654433
114.654433
114.654433
114.654433
114.654433
114.654433
114.654433
114.654433
114.654433
114.654433
114.654433
114.654433
114.654433
114.654433
114.654433
114.654433
114.654433
114.654433
114.654433
114.654433
114.654433
114.654433
114.654433
114.654433
114.654433
114.654433
114.654433
114.654433
114.654433
114.654433
114.654433
114.654433
114.654433
114.654433
114.654433
114.654433
114.654433
114.654433
114.654433
114.654433
114.654433
114.654433
114.654433
114.654433
114.654433
114.654433
114.654433
114.654433
114.654433
114.654433
114.654433
114.654433
114.654433
114.654433
114.654433
114.654433
114.654433
114.654433
114.654433
114.654433
114.654433
114.654433
114.654433
114.654433
114.654433
114.654433
114.654433
114.654433
114.654433
114.654433
114.654433
114.654433
114.654433
114.654433
114.654433
114.654433
114.654433
114.654433
114.654433
114.654433
114.654433
114.654433
114.654433
114.654433
114.654433
114.654433
114.654433
114.654433
114.654433
114.654433
114.654433
114.654433
114.654433
114.654433
114.654433
114.654433
114.654433
114.654433
114.654433
114.654433
114.654433
114.654433
114.654433
114.654433
114.654433
114.654433
114.654433
114.654433
114.654433
114.654433
114.654433
114.654433
114.654433
114.654433
114.654433
114.654433
114.654433
114.654433
114.654433
114.654433
114.654433
114.654433
114.654433
114.654433
114.654433
114.654433
114.654433
114.654433
114.654433
114.654433
114.654433
114.654433
114.654433
114.654433
114.654433
114.654433
114.654433
114.654433
114.654433
114.654433
114.654433
114.654433
114.654433
114.654433
114.654433
114.654433
114.654433
114.654433
114.654433
114.654433
114.654433
114.654433
114.654433
114.654433
114.654433
114.654433
114.654433
114.654433
114.654433
114.654433
114.654433
114.654433
114.654433
114.654433
114.654433
114.654433
114.654433
114.654433
114.654433
114.654433
114.654433
114.654433
114.654433
114.654433
114.654433
114.654433
114.654433
114.654433
114.654433
114.654433
114.654433
114.654433
114.654433
114.654433
114.654433
114.654433
114.654433
114.654433
114.654433
114.654433
114.654433
114.654433
114.654433
114.654433
114.654433
114.654433
114.654433
114.654433
114.654433
114.654433
114.654433
114.654433
114.654433
114.654433
114.654433
114.654433
114.654433
114.654433
114.654433
114.654433
114.654433
114.654433
114.654433
114.654433
114.654433
114.654433
114.654433
114.654433
114.654433
114.654433
114.654433
114.654433
114.654433
114.654433
114.654433
114.654433
114.654433
114.654433
114.654433
114.654433
114.654433
114.654433
114.654433
114.654433
114.654433
114.654433
114.654433
114.654433
114.654433
114.654433
114.654433
114.654433
114.654433
114.654433
114.654433
114.654433
114.654433
114.654433
114.654433
114.654433
114.654433
114.654433
114.654433
114.654433
114.654433
114.654433
114.654433
114.654433
114.654433
114.654433
114.654433
114.654433
114.654433
114.654433
114.654433
114.654433
114.654433
114.654433
114.654433
114.654433
114.654433
114.654433
114.654433
114.654433
114.654433
114.654433
114.654433
114.654433
114.654433
114.654433
114.654433
114.654433
114.654433
114.654433
114.654433
114.654433
114.654433
114.654433
114.654433
114.654433
114.654433
114.654433
114.654433
114.654433
114.654433
114.654433
114.654433
114.654433
114.654433
114.654433
114.654433
114.654433
114.654433
114.654433
114.654433
114.654433
114.654433
114.654433
114.654433
114.654433
114.654433
114.654433
114.654433
114.654433
114.654433
114.654433
114.654433
114.654433
114.654433
114.654433
114.654433
114.654433
114.654433
114.654433
114.654433
114.654433
114.654433
114.654433
114.654433
114.654433
114.654433
114.654433
114.654433
114.654433
114.654433
114.654433
114.654433
114.654433
114.654433
114.654433
114.654433
114.654433
114.654433
114.654433
114.654433
114.654433
114.654433
114.654433
114.654433
114.654433
114.654433
114.654433
114.654433
114.654433
114.654433
114.654433
114.654433
114.654433
114.654433
114.654433
114.654433
114.654433
114.654433
114.654433
114.654433
114.654433
114.654433
114.654433
114.654433
114.654433
114.654433
114.654433
114.654433
114.654433
114.654433
114.654433
114.654433
114.654433
114.654433
114.654433
114.654433
114.654433
114.654433
114.654433
114.654433
114.654433
114.654433
114.654433
114.654433
114.654433
114.654433
114.654433
114.654433
114.654433
114.654433
114.654433
114.654433
114.654433
114.654433
114.654433
114.654433
114.654433
114.654433
114.654433
114.654433
114.654433
114.654433
114.654433
114.654433
114.654433
114.654433
114.654433
114.654433
114.654433
114.654433
114.654433
114.654433
114.654433
114.654433
114.654433
114.654433
114.654433
114.654433
114.654433
114.654433
114.654433
114.654433
114.654433
114.654433
114.654433
114.654433
114.654433
114.654433
114.654433
114.654433
114.654433
114.654433
114.654433
114.654433
114.654433
114.654433
114.654433
114.654433
114.654433
114.654433
114.654433
114.654433
114.654433
114.654433
114.654433
114.654433
114.654433
114.654433
114.654433
114.654433
114.654433
114.654433
114.654433
114.654433
114.654433
114.654433
114.654433
114.654433
114.654433
114.654433
114.654433
114.654433
114.654433
114.654433
114.654433
114.654433
114.654433
114.654433
114.654433
114.654433
114.654433
114.654433
114.654433
114.654433
114.654433
114.654433
114.654433
114.654433
114.654433
114.654433
114.654433
114.654433
114.654433
114.654433
114.654433
114.654433
114.654433
114.654433
114.654433
114.654433
114.654433
114.654433
114.654433
114.654433
114.654433
114.654433
114.654433
114.654433
114.654433
114.654433
114.654433
114.654433
114.654433
114.654433
114.654433
114.654433
114.654433
114.654433
114.654433
114.654433
114.654433
114.654433
114.654433
114.654433
114.654433
114.654433
114.654433
114.654433
114.654433
114.654433
114.654433
114.654433
114.654433
114.654433
114.654433
114.654433
114.654433
114.654433
114.654433
114.654433
114.654433
114.654433
114.654433
114.654433
114.654433
114.654433
114.654433
114.654433
114.654433
114.654433
114.654433
114.654433
114.654433
114.654433
114.654433
114.654433
114.654433
114.654433
114.654433
114.654433
114.654433
114.654433
114.654433
114.654433
114.654433
114.654433
114.654433
114.654433
114.654433
114.654433
114.654433
114.654433
114.654433
114.654433
114.654433
114.654433
114.654433
114.654433
114.654433
114.654433
114.654433
114.654433
114.654433
114.654433
114.654433
114.654433
114.654433
114.654433
114.654433
114.654433
114.654433
114.654433
114.654433
114.654433
114.654433
114.654433
114.654433
114.654433
114.654433
114.654433
114.654433
114.654433
114.654433
114.654433
114.654433
114.654433
114.654433
114.654433
114.654433
114.654433
114.654433
114.654433
114.654433
114.654433
114.654433
114.654433
114.654433
114.654433
114.654433
114.654433
114.654433
114.654433
114.654433
114.654433
114.654433
114.654433
114.654433
114.654433
114.654433
114.654433
114.654433
114.654433
114.654433
114.654433
114.654433
114.654433
114.654433
114.654433
114.654433
114.654433
114.654433
114.654433
114.654433
114.654433
114.654433
114.654433
114.654433
114.654433
114.654433
114.654433
114.654433
114.654433
114.654433
114.654433
114.654433
114.654433
114.654433
114.654433
114.654433
114.654433
114.654433
114.654433
114.654433
114.654433
114.654433
114.654433
114.654433
114.654433
114.654433
114.654433
114.654433
114.654433
114.654433
114.654433
114.654433
114.654433
114.654433
114.654433
114.654433
114.654433
114.654433
114.654433
114.654433
114.654433
114.654433
114.654433
114.654433
114.654433
114.654433
114.654433
114.654433
114.654433
114.654433
114.654433
114.654433
114.654433
114.654433
114.654433
114.654433
114.654433
114.654433
114.654433
114.654433
114.654433
114.654433
114.654433
114.654433
114.654433
114.654433
114.654433
114.654433
114.654433
114.654433
114.654433
114.654433
114.654433
114.654433
114.654433
114.654433
114.654433
114.654433
114.654433
114.654433
114.654433
114.654433
114.654433
114.654433
114.654433
114.654433
114.654433
114.654433
114.654433
114.654433
114.654433
114.654433
114.654433
114.654433
114.654433
114.654433
114.654433
114.654433
114.654433
114.654433
114.654433
114.654433
114.654433
114.654433
114.654433
114.654433
114.654433
114.654433
114.654433
114.654433
114.654433
114.654433
114.654433
114.654433
114.654433
114.654433
114.654433
114.654433
114.654433
114.654433
114.654433
114.654433
114.654433
114.654433
114.654433
114.654433
114.654433
114.654433
114.654433
114.654433
114.654433
114.654433
114.654433
114.654433
114.654433
114.654433
114.654433
114.654433
114.654433
114.654433
114.654433
114.654433
114.654433
114.654433
114.654433
114.654433
114.654433
114.654433
114.654433
114.654433
114.654433
114.654433
114.654433
114.654433
114.654433
114.654433
114.654433
114.654433
114.654433
114.654433
114.654433
114.654433
114.654433
114.654433
114.654433
114.654433
114.654433
114.654433
114.654433
114.654433
114.654433
114.654433
114.654433
114.654433
114.654433
114.654433
114.654433
114.654433
114.654433
114.654433
114.654433
114.654433
114.654433
114.654433
114.654433
114.654433
114.654433
114.654433
114.654433
114.654433
114.654433
114.654433
114.654433
114.654433
114.654433
114.654433
114.654433
114.654433
114.654433
114.654433
114.654433
114.654433
114.654433
114.654433
114.654433
114.654433
114.654433
114.654433
114.654433
114.654433
114.654433
114.654433
114.654433
114.654433
114.654433
114.654433
114.654433
114.654433
114.654433
114.654433
114.654433
114.654433
114.654433
114.654433
114.654433
114.654433
114.654433
114.654433
114.654433
114.654433
114.654433
114.654433
114.654433
114.654433
114.654433
114.654433
114.654433
114.654433
114.654433
114.654433
114.654433
114.654433
114.654433
114.654433
114.654433
114.654433
114.654433
114.654433
114.654433
114.654433
114.654433
114.654433
114.654433
114.654433
114.654433
114.654433
114.654433
114.654433
114.654433
114.654433
114.654433
114.654433
114.654433
114.654433
114.654433
114.654433
114.654433
114.654433
114.654433
114.654433
114.654433
114.654433
114.654433
114.654433
114.654433
114.654433
114.654433
114.654433
114.654433
114.654433
114.654433
114.654433
114.654433
114.654433
114.654433
114.654433
114.654433
114.654433
114.654433
114.654433
114.654433
114.654433
114.654433
114.654433
114.654433
114.654433
114.654433
114.654433
114.654433
114.654433
114.654433
114.654433
114.654433
114.654433
114.654433
114.654433
114.654433
114.654433
114.654433
114.654433
114.654433
114.654433
114.654433
114.654433
114.654433
114.654433
114.654433
114.654433
114.654433
114.654433
114.654433
114.654433
114.654433
114.654433
114.654433
114.654433
114.654433
114.654433
114.654433
114.654433
114.654433
114.654433
114.654433
114.654433
114.654433
114.654433
114.654433
114.654433
114.654433
114.654433
114.654433
114.654433
114.654433
114.654433
114.654433
114.654433
114.654433
114.654433
114.654433
114.654433
114.654433
114.654433
114.654433
114.654433
114.654433
114.654433
114.654433
114.654433
114.654433
114.654433
114.654433
114.654433
114.654433
114.654433
114.654433
114.654433
114.654433
114.654433
114.654433
114.654433
114.654433
114.654433
114.654433
114.654433
114.654433
114.654433
114.654433
114.654433
114.654433
114.654433
114.654433
114.654433
114.654433
114.654433
114.654433
114.654433
114.654433
114.654433
114.654433
114.654433
114.654433
114.654433
114.654433
114.654433
114.654433
114.654433
114.654433
114.654433
114.654433
114.654433
114.654433
114.654433
114.654433
114.654433
114.654433
114.654433
114.654433
114.654433
114.654433
114.654433
114.654433
114.654433
114.654433
114.654433
114.654433
114.654433
114.654433
114.654433
114.654433
114.654433
114.654433
114.654433
114.654433
114.654433
114.654433
114.654433
114.654433
114.654433
114.654433
114.654433
114.654433
114.654433
114.654433
114.654433
114.654433
114.654433
114.654433
114.654433
114.654433
114.654433
114.654433
114.654433
114.654433
114.654433
114.654433
114.654433
114.654433
114.654433
114.654433
114.654433
114.654433
114.654433
114.654433
114.654433
114.654433
114.654433
114.654433
114.654433
114.654433
114.654433
114.654433
114.654433
114.654433
114.654433
114.654433
114.654433
114.654433
114.654433
114.654433
114.654433
114.654433
114.654433
114.654433
114.654433
114.654433
114.654433
114.654433
114.654433
114.654433
114.654433
114.654433
114.654433
114.654433
114.654433
114.654433
114.654433
114.654433
114.654433
114.654433
114.654433
114.654433
114.654433
114.654433
114.654433
114.654433
114.654433
114.654433
114.654433
114.654433
114.654433
114.654433
114.654433
114.654433
114.654433
114.654433
114.654433
114.654433
114.654433
114.654433
114.654433
114.654433
114.654433
114.654433
114.654433
114.654433
114.654433
114.654433
114.654433
114.654433
114.654433
114.654433
114.654433
114.654433
114.654433
114.654433
114.654433
114.654433
114.654433
114.654433
114.654433
114.654433
114.654433
114.654433
114.654433
114.654433
114.654433
114.654433
114.654433
114.654433
114.654433
114.654433
114.654433
114.654433
114.654433
114.654433
114.654433
114.654433
114.654433
114.654433
114.654433
114.654433
114.654433
114.654433
114.654433
114.654433
114.654433
114.654433
114.654433
114.654433
114.654433
114.654433
114.654433
114.654433
114.654433
114.654433
114.654433
114.654433
114.654433
114.654433
114.654433
114.654433
114.654433
114.654433
114.654433
114.654433
114.654433
114.654433
114.654433
114.654433
114.654433
114.654433
114.654433
114.654433
114.654433
114.654433
114.654433
114.654433
114.654433
114.654433
114.654433
114.654433
114.654433
114.654433
114.654433
114.654433
114.654433
114.654433
114.654433
114.654433
114.654433
114.654433
114.654433
114.654433
114.654433
114.654433
114.654433
114.654433
114.654433
114.654433
114.654433
114.654433
114.654433
114.654433
114.654433
114.654433
114.654433
114.654433
114.654433
114.654433
114.654433
114.654433
114.654433
114.654433
114.654433
114.654433
114.654433
114.654433
114.654433
114.654433
114.654433
114.654433
114.654433
114.654433
114.654433
114.654433
114.654433
114.654433
114.654433
114.654433
114.654433
114.654433
114.654433
114.654433
114.654433
114.654433
114.654433
114.654433
114.654433
114.654433
114.654433
114.654433
114.654433
114.654433
114.654433
114.654433
114.654433
114.654433
114.654433
114.654433
114.654433
114.654433
114.654433
114.654433
114.654433
114.654433
114.654433
114.654433
114.654433
114.654433
114.654433
114.654433
114.654433
114.654433
114.654433
114.654433
114.654433
114.654433
114.654433
114.654433
114.654433
114.654433
114.654433
114.654433
114.654433
114.654433
114.654433
114.654433
114.654433
114.654433
114.654433
114.654433
114.654433
114.654433
114.654433
114.654433
114.654433
114.654433
114.654433
114.654433
114.654433
114.654433
114.654433
114.654433
114.654433
114.654433
114.654433
114.654433
114.654433
114.654433
114.654433
114.654433
114.654433
114.654433
114.654433
114.654433
114.654433
114.654433
114.654433
114.654433
114.654433
114.654433
114.654433
114.654433
114.654433
114.654433
114.654433
114.654433
114.654433
114.654433
114.654433
114.654433
114.654433
114.654433
114.654433
114.654433
114.654433
114.654433
114.654433
114.654433
114.654433
114.654433
114.654433
114.654433
114.654433
114.654433
114.654433
114.654433
114.654433
114.654433
114.654433
114.654433
114.654433
114.654433
114.654433
114.654433
114.654433
114.654433
114.654433
114.654433
114.654433
114.654433
114.654433
114.654433
114.654433
114.654433
114.654433
114.654433
114.654433
114.654433
114.654433
114.654433
114.654433
114.654433
114.654433
114.654433
114.654433
114.654433
114.654433
114.654433
114.654433
114.654433
114.654433
114.654433
114.654433
114.654433
114.654433
114.654433
114.654433
114.654433
114.654433
114.654433
114.654433
114.654433
114.654433
114.654433
114.654433
114.654433
114.654433
114.654433
114.654433
114.654433
114.654433
114.654433
114.654433
114.654433
114.654433
114.654433
114.654433
114.654433
114.654433
114.654433
114.654433
114.654433
114.654433
114.654433
114.654433
114.654433
114.654433
114.654433
114.654433
114.654433
114.654433
114.654433
114.654433
114.654433
114.654433
114.654433
114.654433
114.654433
114.654433
114.654433
114.654433
114.654433
114.654433
114.654433
114.654433
114.654433
114.654433
114.654433
114.654433
114.654433
114.654433
114.654433
114.654433
114.654433
114.654433
114.654433
114.654433
114.654433
114.654433
114.654433
114.654433
114.654433
114.654433
114.654433
114.654433
114.654433
114.654433
114.654433
114.654433
114.654433
114.654433
114.654433
114.654433
114.654433
114.654433
114.654433
114.654433
114.654433
114.654433
114.654433
114.654433
114.654433
114.654433
114.654433
114.654433
114.654433
114.654433
114.654433
114.654433
114.654433
114.654433
114.654433
114.654433
114.654433
114.654433
114.654433
114.654433
114.654433
114.654433
114.654433
114.654433
114.654433
114.654433
114.654433
114.654433
114.654433
114.654433
114.654433
114.654433
114.654433
114.654433
114.654433
114.654433
114.654433
114.654433
114.654433
114.654433
114.654433
114.654433
114.654433
114.654433
114.654433
114.654433
114.654433
114.654433
114.654433
114.654433
114.654433
114.654433
114.654433
114.654433
114.654433
114.654433
114.654433
114.654433
114.654433
114.654433
114.654433
114.654433
114.654433
114.654433
114.654433
114.654433
114.654433
114.654433
114.654433
114.654433
114.654433
114.654433
114.654433
114.654433
114.654433
114.654433
114.654433
114.654433
114.654433
114.654433
114.654433
114.654433
114.654433
114.654433
114.654433
114.654433
114.654433
114.654433
114.654433
114.654433
114.654433
114.654433
114.654433
114.654433
114.654433
114.654433
114.654433
114.654433
114.654433
114.654433
114.654433
114.654433
114.654433
114.654433
114.654433
114.654433
114.654433
114.654433
114.654433
114.654433
114.654433
114.654433
114.654433
114.654433
114.654433
114.654433
114.654433
114.654433
114.654433
114.654433
114.654433
114.654433
114.654433
114.654433
114.654433
114.654433
114.654433
114.654433
114.654433
114.654433
114.654433
114.654433
114.654433
114.654433
114.654433
114.654433
114.654433
114.654433
114.654433
114.654433
114.654433
114.654433
114.654433
114.654433
114.654433
114.654433
114.654433
114.654433
114.654433
114.654433
114.654433
114.654433
114.654433
114.654433
114.654433
114.654433
114.654433
114.654433
114.654433
114.654433
114.654433
114.654433
114.654433
114.654433
114.654433
114.654433
114.654433
114.654433
114.654433
114.654433
114.654433
114.654433
114.654433
114.654433
114.654433
114.654433
114.654433
114.654433
114.654433
114.654433
114.654433
114.654433
114.654433
114.654433
114.654433
114.654433
114.654433
114.654433
114.654433
114.654433
114.654433
114.654433
114.654433
114.654433
114.654433
114.654433
114.654433
114.654433
114.654433
114.654433
114.654433
114.654433
114.654433
114.654433
114.654433
114.654433
114.654433
114.654433
114.654433
114.654433
114.654433
114.654433
114.654433
114.654433
114.654433
114.654433
114.654433
114.654433
114.654433
114.654433
114.654433
114.654433
114.654433
114.654433
114.654433
114.654433
114.654433
114.654433
114.654433
114.654433
114.654433
114.654433
114.654433
114.654433
114.654433
114.654433
114.654433
114.654433
114.654433
114.654433
114.654433
114.654433
114.654433
114.654433
114.654433
114.654433
114.654433
114.654433
114.654433
114.654433
114.654433
114.654433
114.654433
114.654433
114.654433
114.654433
114.654433
114.654433
114.654433
114.654433
114.654433
114.654433
114.654433
114.654433
114.654433
114.654433
114.654433
114.654433
114.654433
114.654433
114.654433
114.654433
114.654433
114.654433
114.654433
114.654433
114.654433
114.654433
114.654433
114.654433
114.654433
114.654433
114.654433
114.654433
114.654433
114.654433
114.654433
114.654433
114.654433
114.654433
114.654433
114.654433
114.654433
114.654433
114.654433
114.654433
114.654433
114.654433
114.654433
114.654433
114.654433
114.654433
114.654433
114.654433
114.654433
114.654433
114.654433
114.654433
114.654433
114.654433
114.654433
114.654433
114.654433
114.654433
114.654433
114.654433
114.654433
114.654433
114.654433
114.654433
114.654433
114.654433
114.654433
114.654433
114.654433
114.654433
114.654433
114.654433
114.654433
114.654433
114.654433
114.654433
114.654433
114.654433
114.654433
114.654433
114.654433
114.654433
114.654433
114.654433
114.654433
114.654433
114.654433
114.654433
114.654433
114.654433
114.654433
114.654433
114.654433
114.654433
114.654433
114.654433
114.654433
114.654433
114.654433
114.654433
114.654433
114.654433
114.654433
114.654433
114.654433
114.654433
114.654433
114.654433
114.654433
114.654433
114.654433
114.654433
114.654433
114.654433
114.654433
114.654433
114.654433
114.654433
114.654433
114.654433
114.654433
114.654433
114.654433
114.654433
114.654433
114.654433
114.654433
114.654433
114.654433
114.654433
114.654433
114.654433
114.654433
114.654433
114.654433
114.654433
114.654433
114.654433
114.654433
114.654433
114.654433
114.654433
114.654433
114.654433
114.654433
114.654433
114.654433
114.654433
114.654433
114.654433
114.654433
114.654433
114.654433
114.654433
114.654433
114.654433
114.654433
114.654433
114.654433
114.654433
114.654433
114.654433
114.654433
114.654433
114.654433
114.654433
114.654433
114.654433
114.654433
114.654433
114.654433
114.654433
114.654433
114.654433
114.654433
114.654433
114.654433
114.654433
114.654433
114.654433
114.654433
114.654433
114.654433
114.654433
114.654433
114.654433
114.654433
114.654433
114.654433
114.654433
114.654433
114.654433
114.654433
114.654433
114.654433
114.654433
114.654433
114.654433
114.654433
114.654433
114.654433
114.654433
114.654433
114.654433
114.654433
114.654433
114.654433
114.654433
114.654433
114.654433
114.654433
114.654433
114.654433
114.654433
114.654433
114.654433
114.654433
114.654433
114.654433
114.654433
114.654433
114.654433
114.654433
114.654433
114.654433
114.654433
114.654433
114.654433
114.654433
114.654433
114.654433
114.654433
114.654433
114.654433
114.654433
114.654433
114.654433
114.654433
114.654433
114.654433
114.654433
114.654433
114.654433
114.654433
114.654433
114.654433
114.654433
114.654433
114.654433
114.654433
114.654433
114.654433
114.654433
114.654433
114.654433
114.654433
114.654433
114.654433
114.654433
114.654433
114.654433
114.654433
114.654433
114.654433
114.654433
114.654433
114.654433
114.654433
114.654433
114.654433
114.654433
114.654433
114.654433
114.654433
114.654433
114.654433
114.654433
114.654433
114.654433
114.654433
114.654433
114.654433
114.654433
114.654433
114.654433
114.654433
114.654433
114.654433
114.654433
114.654433
114.654433
114.654433
114.654433
114.654433
114.654433
114.654433
114.654433
114.654433
114.654433
114.654433
114.654433
114.654433
114.654433
114.654433
114.654433
114.654433
114.654433
114.654433
114.654433
114.654433
114.654433
114.654433
114.654433
114.654433
114.654433
114.654433
114.654433
114.654433
114.654433
114.654433
114.654433
114.654433
114.654433
114.654433
114.654433
114.654433
114.654433
114.654433
114.654433
114.654433
114.654433
114.654433
114.654433
114.654433
114.654433
114.654433
114.654433
114.654433
114.654433
114.654433
114.654433
114.654433
114.654433
114.654433
114.654433
114.654433
114.654433
114.654433
114.654433
114.654433
114.654433
114.654433
114.654433
114.654433
114.654433
114.654433
114.654433
114.654433
114.654433
114.654433
114.654433
114.654433
114.654433
114.654433
114.654433
114.654433
114.654433
114.654433
114.654433
114.654433
114.654433
114.654433
114.654433
114.654433
114.654433
114.654433
114.654433
114.654433
114.654433
114.654433
114.654433
114.654433
114.654433
114.654433
114.654433
114.654433
114.654433
114.654433
114.654433
114.654433
114.654433
114.654433
114.654433
114.654433
114.654433
114.654433
114.654433
114.654433
114.654433
114.654433
114.654433
114.654433
114.654433
114.654433
114.654433
114.654433
114.654433
114.654433
114.654433
114.654433
114.654433
114.654433
114.654433
114.654433
114.654433
114.654433
114.654433
114.654433
114.654433
114.654433
114.654433
114.654433
114.654433
114.654433
114.654433
114.654433
114.654433
114.654433
114.654433
114.654433
114.654433
114.654433
114.654433
114.654433
114.654433
114.654433
114.654433
114.654433
114.654433
114.654433
114.654433
114.654433
114.654433
114.654433
114.654433
114.654433
114.654433
114.654433
114.654433
114.654433
114.654433
114.654433
114.654433
114.654433
114.654433
114.654433
114.654433
114.654433
114.654433
114.654433
114.654433
114.654433
114.654433
114.654433
114.654433
114.654433
114.654433
114.654433
114.654433
114.654433
114.654433
114.654433
114.654433
114.654433
114.654433
114.654433
114.654433
114.654433
114.654433
114.654433
114.654433
114.654433
114.654433
114.654433
114.654433
114.654433
114.654433
114.654433
114.654433
114.654433
114.654433
114.654433
114.654433
114.654433
114.654433
114.654433
114.654433
114.654433
114.654433
114.654433
114.654433
114.654433
114.654433
114.654433
114.654433
114.654433
114.654433
114.654433
114.654433
114.654433
114.654433
114.654433
114.654433
114.654433
114.654433
114.654433
114.654433
114.654433
114.654433
114.654433
114.654433
114.654433
114.654433
114.654433
114.654433
114.654433
114.654433
114.654433
114.654433
114.654433
114.654433
114.654433
114.654433
114.654433
114.654433
114.654433
114.654433
114.654433
114.654433
114.654433
114.654433
114.654433
114.654433
114.654433
114.654433
114.654433
114.654433
114.654433
114.654433
114.654433
114.654433
114.654433
114.654433
114.654433
114.654433
114.654433
114.654433
114.654433
114.654433
114.654433
114.654433
114.654433
114.654433
114.654433
114.654433
114.654433
114.654433
114.654433
114.654433
114.654433
114.654433
114.654433
114.654433
114.654433
114.654433
114.654433
114.654433
114.654433
114.654433
114.654433
114.654433
114.654433
114.654433
114.654433
114.654433
114.654433
114.654433
114.654433
114.654433
114.654433
114.654433
114.654433
114.654433
114.654433
114.654433
114.654433
114.654433
114.654433
114.654433
114.654433
114.654433
114.654433
114.654433
114.654433
114.654433
114.654433
114.654433
114.654433
114.654433
114.654433
114.654433
114.654433
114.654433
114.654433
114.654433
114.654433
114.654433
114.654433
114.654433
114.654433
114.654433
114.654433
114.654433
114.654433
114.654433
114.654433
114.654433
114.654433
114.654433
114.654433
114.654433
114.654433
114.654433
114.654433
114.654433
114.654433
114.654433
114.654433
114.654433
114.654433
114.654433
114.654433
114.654433
114.654433
114.654433
114.654433
114.654433
114.654433
114.654433
114.654433
114.654433
114.654433
114.654433
114.654433
114.654433
114.654433
114.654433
114.654433
114.654433
114.654433
114.654433
114.654433
114.654433
114.654433
114.654433
114.654433
114.654433
114.654433
114.654433
114.654433
114.654433
114.654433
114.654433
114.654433
114.654433
114.654433
114.654433
114.654433
114.654433
114.654433
114.654433
114.654433
114.654433
114.654433
114.654433
114.654433
114.654433
114.654433
114.654433
114.654433
114.654433
114.654433
114.654433
114.654433
114.654433
114.654433
114.654433
114.654433
114.654433
114.654433
114.654433
114.654433
114.654433
114.654433
114.654433
114.654433
114.654433
114.654433
114.654433
114.654433
114.654433
114.654433
114.654433
114.654433
114.654433
114.654433
114.654433
114.654433
114.654433
114.654433
114.654433
114.654433
114.654433
114.654433
114.654433
114.654433
114.654433
114.654433
114.654433
114.654433
114.654433
114.654433
114.654433
114.654433
114.654433
114.654433
114.654433
114.654433
114.654433
114.654433
114.654433
114.654433
114.654433
114.654433
114.654433
114.654433
114.654433
114.654433
114.654433
114.654433
114.654433
114.654433
114.654433
114.654433
114.654433
114.654433
114.654433
114.654433
114.654433
114.654433
114.654433
114.654433
114.654433
114.654433
114.654433
114.654433
114.654433
114.654433
114.654433
114.654433
114.654433
114.654433
114.654433
114.654433
114.654433
114.654433
114.654433
114.654433
114.654433
114.654433
114.654433
114.654433
114.654433
114.654433
114.654433
114.654433
114.654433
114.654433
114.654433
114.654433
114.654433
114.654433
114.654433
114.654433
114.654433
114.654433
114.654433
114.654433
114.654433
114.654433
114.654433
114.654433
114.654433
114.654433
114.654433
114.654433
114.654433
114.654433
114.654433
114.654433
114.654433
114.654433
114.654433
114.654433
114.654433
114.654433
114.654433
114.654433
114.654433
114.654433
114.654433
114.654433
114.654433
114.654433
114.654433
114.654433
114.654433
114.654433
114.654433
114.654433
114.654433
114.654433
114.654433
114.654433
114.654433
114.654433
114.654433
114.654433
114.654433
114.654433
114.654433
114.654433
114.654433
114.654433
114.654433
114.654433
114.654433
114.654433
114.654433
114.654433
114.654433
114.654433
114.654433
114.654433
114.654433
114.654433
114.654433
114.654433
114.654433
114.654433
114.654433
114.654433
114.654433
114.654433
114.654433
114.654433
114.654433
114.654433
114.654433
114.654433
114.654433
114.654433
114.654433
114.654433
114.654433
114.654433
114.654433
114.654433
114.654433
114.654433
114.654433
114.654433
114.654433
114.654433
114.654433
114.654433
114.654433
114.654433
114.654433
114.654433
114.654433
114.654433
114.654433
114.654433
114.654433
114.654433
114.654433
114.654433
114.654433
114.654433
114.654433
114.654433
114.654433
114.654433
114.654433
114.654433
114.654433
114.654433
114.654433
114.654433
114.654433
114.654433
114.654433
114.654433
114.654433
114.654433
114.654433
114.654433
114.654433
114.654433
114.654433
114.654433
114.654433
114.654433
114.654433
114.654433
114.654433
114.654433
114.654433
114.654433
114.654433
114.654433
114.654433
114.654433
114.654433
114.654433
114.654433
114.654433
114.654433
114.654433
114.654433
114.654433
114.654433
114.654433
114.654433
114.654433
114.654433
114.654433
114.654433
114.654433
114.654433
114.654433
114.654433
114.654433
114.654433
114.654433
114.654433
114.654433
114.654433
114.654433
114.654433
114.654433
114.654433
114.654433
114.654433
114.654433
114.654433
114.654433
114.654433
114.654433
114.654433
114.654433
114.654433
114.654433
114.654433
114.654433
114.654433
114.654433
114.654433
114.654433
114.654433
114.654433
114.654433
114.654433
114.654433
114.654433
114.654433
114.654433
114.654433
114.654433
114.654433
114.654433
114.654433
114.654433
114.654433
114.654433
114.654433
114.654433
114.654433
114.654433
114.654433
114.654433
114.654433
114.654433
114.654433
114.654433
114.654433
114.654433
114.654433
114.654433
114.654433
114.654433
114.654433
114.654433
114.654433
114.654433
114.654433
114.654433
114.654433
114.654433
114.654433
114.654433
114.654433
114.654433
114.654433
114.654433
114.654433
114.654433
114.654433
114.654433
114.654433
114.654433
114.654433
114.654433
114.654433
114.654433
114.654433
114.654433
114.654433
114.654433
114.654433
114.654433
114.654433
114.654433
114.654433
114.654433
114.654433
114.654433
114.654433
114.654433
114.654433
114.654433
114.654433
114.654433
114.654433
114.654433
114.654433
114.654433
114.654433
114.654433
114.654433
114.654433
114.654433
114.654433
114.654433
114.654433
114.654433
114.654433
114.654433
114.654433
114.654433
114.654433
114.654433
114.654433
114.654433
114.654433
114.654433
114.654433
114.654433
114.654433
114.654433
114.654433
114.654433
114.654433
114.654433
114.654433
114.654433
114.654433
114.654433
114.654433
114.654433
114.654433
114.654433
114.654433
114.654433
114.654433
114.654433
114.654433
114.654433
114.654433
114.654433
114.654433
114.654433
114.654433
114.654433
114.654433
114.654433
114.654433
114.654433
114.654433
114.654433
114.654433
114.654433
114.654433
114.654433
114.654433
114.654433
114.654433
114.654433
114.654433
114.654433
114.654433
114.654433
114.654433
114.654433
114.654433
114.654433
114.654433
114.654433
114.654433
114.654433
114.654433
114.654433
114.654433
114.654433
114.654433
114.654433
114.654433
114.654433
114.654433
114.654433
114.654433
114.654433
114.654433
114.654433
114.654433
114.654433
114.654433
114.654433
114.654433
114.654433
114.654433
114.654433
114.654433
114.654433
114.654433
114.654433
114.654433
114.654433
114.654433
114.654433
114.654433
114.654433
114.654433
114.654433
114.654433
114.654433
114.654433
114.654433
114.654433
114.654433
114.654433
114.654433
114.654433
114.654433
114.654433
114.654433
114.654433
114.654433
114.654433
114.654433
114.654433
114.654433
114.654433
114.654433
114.654433
114.654433
114.654433
114.654433
114.654433
114.654433
114.654433
114.654433
114.654433
114.654433
114.654433
114.654433
114.654433
114.654433
114.654433
114.654433
114.654433
114.654433
114.654433
114.654433
114.654433
114.654433
114.654433
114.654433
114.654433
114.654433
114.654433
114.654433
114.654433
114.654433
114.654433
114.654433
114.654433
114.654433
114.654433
114.654433
114.654433
114.654433
114.654433
114.654433
114.654433
114.654433
114.654433
114.654433
114.654433
114.654433
114.654433
114.654433
114.654433
114.654433
114.654433
114.654433
114.654433
114.654433
114.654433
114.654433
114.654433
114.654433
114.654433
114.654433
114.654433
114.654433
114.654433
114.654433
114.654433
114.654433
114.654433
114.654433
114.654433
114.654433
114.654433
114.654433
114.654433
114.654433
114.654433
114.654433
114.654433
114.654433
114.654433
114.654433
114.654433
114.654433
114.654433
114.654433
114.654433
114.654433
114.654433
114.654433
114.654433
114.654433
114.654433
114.654433
114.654433
114.654433
114.654433
114.654433
114.654433
114.654433
114.654433
114.654433
114.654433
114.654433
114.654433
114.654433
114.654433
114.654433
114.654433
114.654433
114.654433
114.654433
114.654433
114.654433
114.654433
114.654433
114.654433
114.654433
114.654433
114.654433
114.654433
114.654433
114.654433
114.654433
114.654433
114.654433
114.654433
114.654433
114.654433
114.654433
114.654433
114.654433
114.654433
114.654433
114.654433
114.654433
114.654433
114.654433
114.654433
114.654433
114.654433
114.654433
114.654433
114.654433
114.654433
114.654433
114.654433
114.654433
114.654433
114.654433
114.654433
114.654433
114.654433
114.654433
114.654433
114.654433
114.654433
114.654433
114.654433
114.654433
114.654433
114.654433
114.654433
114.654433
114.654433
114.654433
114.654433
114.654433
114.654433
114.654433
114.654433
114.654433
114.654433
114.654433
114.654433
114.654433
114.654433
114.654433
114.654433
114.654433
114.654433
114.654433
114.654433
114.654433
114.654433
114.654433
114.654433
114.654433
114.654433
114.654433
114.654433
114.654433
114.654433
114.654433
114.654433
114.654433
114.654433
114.654433
114.654433
114.654433
114.654433
114.654433
114.654433
114.654433
114.654433
114.654433
114.654433
114.654433
114.654433
114.654433
114.654433
114.654433
114.654433
114.654433
114.654433
114.654433
114.654433
114.654433
114.654433
114.654433
114.654433
114.654433
114.654433
114.654433
114.654433
114.654433
114.654433
114.654433
114.654433
114.654433
114.654433
114.654433
114.654433
114.654433
114.654433
114.654433
114.654433
114.654433
114.654433
114.654433
114.654433
114.654433
114.654433
114.654433
114.654433
114.654433
114.654433
114.654433
114.654433
114.654433
114.654433
114.654433
114.654433
114.654433
114.654433
114.654433
114.654433
114.654433
114.654433
114.654433
114.654433
114.654433
114.654433
114.654433
114.654433
114.654433
114.654433
114.654433
114.654433
114.654433
114.654433
114.654433
114.654433
114.654433
114.654433
114.654433
114.654433
114.654433
114.654433
114.654433
114.654433
114.654433
114.654433
114.654433
114.654433
114.654433
114.654433
114.654433
114.654433
114.654433
114.654433
114.654433
114.654433
114.654433
114.654433
114.654433
114.654433
114.654433
114.654433
114.654433
114.654433
114.654433
114.654433
114.654433
114.654433
114.654433
114.654433
114.654433
114.654433
114.654433
114.654433
114.654433
114.654433
114.654433
114.654433
114.654433
114.654433
114.654433
114.654433
114.654433
114.654433
114.654433
114.654433
114.654433
114.654433
114.654433
114.654433
114.654433
114.654433
114.654433
114.654433
114.654433
114.654433
114.654433
114.654433
114.654433
114.654433
114.654433
114.654433
114.654433
114.654433
114.654433
114.654433
114.654433
114.654433
114.654433
114.654433
114.654433
114.654433
114.654433
114.654433
114.654433
114.654433
114.654433
114.654433
114.654433
114.654433
114.654433
114.654433
114.654433
114.654433
114.654433
114.654433
114.654433
114.654433
114.654433
114.654433
114.654433
114.654433
114.654433
114.654433
114.654433
114.654433
114.654433
114.654433
114.654433
114.654433
114.654433
114.654433
114.654433
114.654433
114.654433
114.654433
114.654433
114.654433
114.654433
114.654433
114.654433
114.654433
114.654433
114.654433
114.654433
114.654433
114.654433
114.654433
114.654433
114.654433
114.654433
114.654433
114.654433
114.654433
114.654433
114.654433
114.654433
114.654433
114.654433
114.654433
114.654433
114.654433
114.654433
114.654433
114.654433
114.654433
114.654433
114.654433
114.654433
114.654433
114.654433
114.654433
114.654433
114.654433
114.654433
114.654433
114.654433
114.654433
114.654433
114.654433
114.654433
114.654433
114.654433
114.654433
114.654433
114.654433
114.654433
114.654433
114.654433
114.654433
114.654433
114.654433
114.654433
114.654433
114.654433
114.654433
114.654433
114.654433
114.654433
114.654433
114.654433
114.654433
114.654433
114.654433
114.654433
114.654433
114.654433
114.654433
114.654433
114.654433
114.654433
114.654433
114.654433
114.654433
114.654433
114.654433
114.654433
114.654433
114.654433
114.654433
114.654433
114.654433
114.654433
114.654433
114.654433
114.654433
114.654433
114.654433
114.654433
114.654433
114.654433
114.654433
114.654433
114.654433
114.654433
114.654433
114.654433
114.654433
114.654433
114.654433
114.654433
114.654433
114.654433
114.654433
114.654433
114.654433
114.654433
114.654433
114.654433
114.654433
114.654433
114.654433
114.654433
114.654433
114.654433
114.654433
114.654433
114.654433
114.654433
114.654433
114.654433
114.654433
114.654433
114.654433
114.654433
114.654433
114.654433
114.654433
114.654433
114.654433
114.654433
114.654433
114.654433
114.654433
114.654433
114.654433
114.654433
114.654433
114.654433
114.654433
114.654433
114.654433
114.654433
114.654433
114.654433
114.654433
114.654433
114.654433
114.654433
114.654433
114.654433
114.654433
114.654433
114.654433
114.654433
114.654433
114.654433
114.654433
114.654433
114.654433
114.654433
114.654433
114.654433
114.654433
114.654433
114.654433
114.654433
114.654433
114.654433
114.654433
114.654433
114.654433
114.654433
114.654433
114.654433
114.654433
114.654433
114.654433
114.654433
114.654433
114.654433
114.654433
114.654433
114.654433
114.654433
114.654433
114.654433
114.654433
114.654433
114.654433
114.654433
114.654433
114.654433
114.654433
114.654433
114.654433
114.654433
114.654433
114.654433
114.654433
114.654433
114.654433
114.654433
114.654433
114.654433
114.654433
114.654433
114.654433
114.654433
114.654433
114.654433
114.654433
114.654433
114.654433
114.654433
114.654433
114.654433
114.654433
114.654433
114.654433
114.654433
114.654433
114.654433
114.654433
114.654433
114.654433
114.654433
114.654433
114.654433
114.654433
114.654433
114.654433
114.654433
114.654433
114.654433
114.654433
114.654433
114.654433
114.654433
114.654433
114.654433
114.654433
114.654433
114.654433
114.654433
114.654433
114.654433
114.654433
114.654433
114.654433
114.654433
114.654433
114.654433
114.654433
114.654433
114.654433
114.654433
114.654433
114.654433
114.654433
114.654433
114.654433
114.654433
114.654433
114.654433
114.654433
114.654433
114.654433
114.654433
114.654433
114.654433
114.654433
114.654433
114.654433
114.654433
114.654433
114.654433
114.654433
114.654433
114.654433
114.654433
114.654433
114.654433
114.654433
114.654433
114.654433
114.654433
114.654433
114.654433
114.654433
114.654433
114.654433
114.654433
114.654433
114.654433
114.654433
114.654433
114.654433
114.654433
114.654433
114.654433
114.654433
114.654433
114.654433
114.654433
114.654433
114.654433
114.654433
114.654433
114.654433
114.654433
114.654433
114.654433
114.654433
114.654433
114.654433
114.654433
114.654433
114.654433
114.654433
114.654433
114.654433
114.654433
114.654433
114.654433
114.654433
114.654433
114.654433
114.654433
114.654433
114.654433
114.654433
114.654433
114.654433
114.654433
114.654433
114.654433
114.654433
114.654433
114.654433
114.654433
114.654433
114.654433
114.654433
114.654433
114.654433
114.654433
114.654433
114.654433
114.654433
114.654433
114.654433
114.654433
114.654433
114.654433
114.654433
114.654433
114.654433
114.654433
114.654433
114.654433
114.654433
114.654433
114.654433
114.654433
114.654433
114.654433
114.654433
114.654433
114.654433
114.654433
114.654433
114.654433
114.654433
114.654433
114.654433
114.654433
114.654433
114.654433
114.654433
114.654433
114.654433
114.654433
114.654433
114.654433
114.654433
114.654433
114.654433
114.654433
114.654433
114.654433
114.654433
114.654433
114.654433
114.654433
114.654433
114.654433
114.654433
114.654433
114.654433
114.654433
114.654433
114.654433
114.654433
114.654433
114.654433
114.654433
114.654433
114.654433
114.654433
114.654433
114.654433
114.654433
114.654433
114.654433
114.654433
114.654433
114.654433
114.654433
114.654433
114.654433
114.654433
114.654433
114.654433
114.654433
114.654433
114.654433
114.654433
114.654433
114.654433
114.654433
114.654433
114.654433
114.654433
114.654433
114.654433
114.654433
114.654433
114.654433
114.654433
114.654433
114.654433
114.654433
114.654433
114.654433
114.654433
114.654433
114.654433
114.654433
114.654433
114.654433
114.654433
114.654433
114.654433
114.654433
114.654433
114.654433
114.654433
114.654433
114.654433
114.654433
114.654433
114.654433
114.654433
114.654433
114.654433
114.654433
114.654433
114.654433
114.654433
114.654433
114.654433
114.654433
114.654433
114.654433
114.654433
114.654433
114.654433
114.654433
114.654433
114.654433
114.654433
114.654433
114.654433
114.654433
114.654433
114.654433
114.654433
114.654433
114.654433
114.654433
114.654433
114.654433
114.654433
114.654433
114.654433
114.654433
114.654433
114.654433
114.654433
114.654433
114.654433
114.654433
114.654433
114.654433
114.654433
114.654433
114.654433
114.654433
114.654433
114.654433
114.654433
114.654433
114.654433
114.654433
114.654433
114.654433
114.654433
114.654433
114.654433
114.654433
114.654433
114.654433
114.654433
114.654433
114.654433
114.654433
114.654433
114.654433
114.654433
114.654433
114.654433
114.654433
114.654433
114.654433
114.654433
114.654433
114.654433
114.654433
114.654433
114.654433
114.654433
114.654433
114.654433
114.654433
114.654433
114.654433
114.654433
114.654433
114.654433
114.654433
114.654433
114.654433
114.654433
114.654433
114.654433
114.654433
114.654433
114.654433
114.654433
114.654433
114.654433
114.654433
114.654433
114.654433
114.654433
114.654433
114.654433
114.654433
114.654433
114.654433
114.654433
114.654433
114.654433
114.654433
114.654433
114.654433
114.654433
114.654433
114.654433
114.654433
114.654433
114.654433
114.654433
114.654433
114.654433
114.654433
114.654433
114.654433
114.654433
114.654433
114.654433
114.654433
114.654433
114.654433
114.654433
114.654433
114.654433
114.654433
114.654433
114.654433
114.654433
114.654433
114.654433
114.654433
114.654433
114.654433
114.654433
114.654433
114.654433
114.654433
114.654433
114.654433
114.654433
114.654433
114.654433
114.654433
114.654433
114.654433
114.654433
114.654433
114.654433
114.654433
114.654433
114.654433
114.654433
114.654433
114.654433
114.654433
114.654433
114.654433
114.654433
114.654433
114.654433
114.654433
114.654433
114.654433
114.654433
114.654433
114.654433
114.654433
114.654433
114.654433
114.654433
114.654433
114.654433
114.654433
114.654433
114.654433
114.654433
114.654433
114.654433
114.654433
114.654433
114.654433
114.654433
114.654433
114.654433
114.654433
114.654433
114.654433
114.654433
114.654433
114.654433
114.654433
114.654433
114.654433
114.654433
114.654433
114.654433
114.654433
114.654433
114.654433
114.654433
114.654433
114.654433
114.654433
114.654433
114.654433
114.654433
114.654433
114.654433
114.654433
114.654433
114.654433
114.654433
114.654433
114.654433
114.654433
114.654433
114.654433
114.654433
114.654433
114.654433
114.654433
114.654433
114.654433
114.654433
114.654433
114.654433
114.654433
114.654433
114.654433
114.654433
114.654433
114.654433
114.654433
114.654433
114.654433
114.654433
114.654433
114.654433
114.654433
114.654433
114.654433
114.654433
114.654433
114.654433
114.654433
114.654433
114.654433
114.654433
114.654433
114.654433
114.654433
114.654433
114.654433
114.654433
114.654433
114.654433
114.654433
114.654433
114.654433
114.654433
114.654433
114.654433
114.654433
114.654433
114.654433
114.654433
114.654433
114.654433
114.654433
114.654433
114.654433
114.654433
114.654433
114.654433
114.654433
114.654433
114.654433
114.654433
114.654433
114.654433
114.654433
114.654433
114.654433
114.654433
114.654433
114.654433
114.654433
114.654433
114.654433
114.654433
114.654433
114.654433
114.654433
114.654433
114.654433
114.654433
114.654433
114.654433
114.654433
114.654433
114.654433
114.654433
114.654433
114.654433
114.654433
114.654433
114.654433
114.654433
114.654433
114.654433
114.654433
114.654433
114.654433
114.654433
114.654433
114.654433
114.654433
114.654433
114.654433
114.654433
114.654433
114.654433
114.654433
114.654433
114.654433
114.654433
114.654433
114.654433
114.654433
114.654433
114.654433
114.654433
114.654433
114.654433
114.654433
114.654433
114.654433
114.654433
114.654433
114.654433
114.654433
114.654433
114.654433
114.654433
114.654433
114.654433
114.654433
114.654433
114.654433
114.654433
114.654433
114.654433
114.654433
114.654433
114.654433
114.654433
114.654433
114.654433
114.654433
114.654433
114.654433
114.654433
114.654433
114.654433
114.654433
114.654433
114.654433
114.654433
114.654433
114.654433
114.654433
114.654433
114.654433
114.654433
114.654433
114.654433
114.654433
114.654433
114.654433
114.654433
114.654433
114.654433
114.654433
114.654433
114.654433
114.654433
114.654433
114.654433
114.654433
114.654433
114.654433
114.654433
114.654433
114.654433
114.654433
114.654433
114.654433
114.654433
114.654433
114.654433
114.654433
114.654433
114.654433
114.654433
114.654433
114.654433
114.654433
114.654433
114.654433
114.654433
114.654433
114.654433
114.654433
114.654433
114.654433
114.654433
114.654433
114.654433
114.654433
114.654433
114.654433
114.654433
114.654433
114.654433
114.654433
114.654433
114.654433
114.654433
114.654433
114.654433
114.654433
114.654433
114.654433
114.654433
114.654433
114.654433
114.654433
114.654433
114.654433
114.654433
114.654433
114.654433
114.654433
114.654433
114.654433
114.654433
114.654433
114.654433
114.654433
114.654433
114.654433
114.654433
114.654433
114.654433
114.654433
114.654433
114.654433
114.654433
114.654433
114.654433
114.654433
114.654433
114.654433
114.654433
114.654433
114.654433
114.654433
114.654433
114.654433
114.654433
114.654433
114.654433
114.654433
114.654433
114.654433
114.654433
114.654433
114.654433
114.654433
114.654433
114.654433
114.654433
114.654433
114.654433
114.654433
114.654433
114.654433
114.654433
114.654433
114.654433
114.654433
114.654433
114.654433
114.654433
114.654433
114.654433
114.654433
114.654433
114.654433
114.654433
114.654433
114.654433
114.654433
114.654433
114.654433
114.654433
114.654433
114.654433
114.654433
114.654433
114.654433
114.654433
114.654433
114.654433
114.654433
114.654433
114.654433
114.654433
114.654433
114.654433
114.654433
114.654433
114.654433
114.654433
114.654433
114.654433
114.654433
114.654433
114.654433
114.654433
114.654433
114.654433
114.654433
114.654433
114.654433
114.654433
114.654433
114.654433
114.654433
114.654433
114.654433
114.654433
114.654433
114.654433
114.654433
114.654433
114.654433
114.654433
114.654433
114.654433
114.654433
114.654433
114.654433
114.654433
114.654433
114.654433
114.654433
114.654433
114.654433
114.654433
114.654433
114.654433
114.654433
114.654433
114.654433
114.654433
114.654433
114.654433
114.654433
114.654433
114.654433
114.654433
114.654433
114.654433
114.654433
114.654433
114.654433
114.654433
114.654433
114.654433
114.654433
114.654433
114.654433
114.654433
114.654433
114.654433
114.654433
114.654433
114.654433
114.654433
114.654433
114.654433
114.654433
114.654433
114.654433
114.654433
114.654433
114.654433
114.654433
114.654433
114.654433
114.654433
114.654433
114.654433
114.654433
114.654433
114.654433
114.654433
114.654433
114.654433
114.654433
114.654433
114.654433
114.654433
114.654433
114.654433
114.654433
114.654433
114.654433
114.654433
114.654433
114.654433
114.654433
114.654433
114.654433
114.654433
114.654433
114.654433
114.654433
114.654433
114.654433
114.654433
114.654433
114.654433
114.654433
114.654433
114.654433
114.654433
114.654433
114.654433
114.654433
114.654433
114.654433
114.654433
114.654433
114.654433
114.654433
114.654433
114.654433
114.654433
114.654433
114.654433
114.654433
114.654433
114.654433
114.654433
114.654433
114.654433
114.654433
114.654433
114.654433
114.654433
114.654433
114.654433
114.654433
114.654433
114.654433
114.654433
114.654433
114.654433
114.654433
114.654433
114.654433
114.654433
114.654433
114.654433
114.654433
114.654433
114.654433
114.654433
114.654433
114.654433
114.654433
114.654433
114.654433
114.654433
114.654433
114.654433
114.654433
114.654433
114.654433
114.654433
114.654433
114.654433
114.654433
114.654433
114.654433
114.654433
114.654433
114.654433
114.654433
114.654433
114.654433
114.654433
114.654433
114.654433
114.654433
114.654433
114.654433
114.654433
114.654433
114.654433
114.654433
114.654433
114.654433
114.654433
114.654433
114.654433
114.654433
114.654433
114.654433
114.654433
114.654433
114.654433
114.654433
114.654433
114.654433
114.654433
114.654433
114.654433
114.654433
114.654433
114.654433
114.654433
114.654433
114.654433
114.654433
114.654433
114.654433
114.654433
114.654433
114.654433
114.654433
114.654433
114.654433
114.654433
114.654433
114.654433
114.654433
114.654433
114.654433
114.654433
114.654433
114.654433
114.654433
114.654433
114.654433
114.654433
114.654433
114.654433
114.654433
114.654433
114.654433
114.654433
114.654433
114.654433
114.654433
114.654433
114.654433
114.654433
114.654433
114.654433
114.654433
114.654433
114.654433
114.654433
114.654433
114.654433
114.654433
114.654433
114.654433
114.654433
114.654433
114.654433
114.654433
114.654433
114.654433
114.654433
114.654433
114.654433
114.654433
114.654433
114.654433
114.654433
114.654433
114.654433
114.654433
114.654433
114.654433
114.654433
114.654433
114.654433
114.654433
114.654433
114.654433
114.654433
114.654433
114.654433
114.654433
114.654433
114.654433
114.654433
114.654433
114.654433
114.654433
114.654433
114.654433
114.654433
114.654433
114.654433
114.654433
114.654433
114.654433
114.654433
114.654433
114.654433
114.654433
114.654433
114.654433
114.654433
114.654433
114.654433
114.654433
114.654433
114.654433
114.654433
114.654433
114.654433
114.654433
114.654433
114.654433
114.654433
114.654433
114.654433
114.654433
114.654433
114.654433
114.654433
114.654433
114.654433
114.654433
114.654433
114.654433
114.654433
114.654433
114.654433
114.654433
114.654433
114.654433
114.654433
114.654433
114.654433
114.654433
114.654433
114.654433
114.654433
114.654433
114.654433
114.654433
114.654433
114.654433
114.654433
114.654433
114.654433
114.654433
114.654433
114.654433
114.654433
114.654433
114.654433
114.654433
114.654433
114.654433
114.654433
114.654433
114.654433
114.654433
114.654433
114.654433
114.654433
114.654433
114.654433
114.654433
114.654433
114.654433
114.654433
114.654433
114.654433
114.654433
114.654433
114.654433
114.654433
114.654433
114.654433
114.654433
114.654433
114.654433
114.654433
114.654433
114.654433
114.654433
114.654433
114.654433
114.654433
114.654433
114.654433
114.654433
114.654433
114.654433
114.654433
114.654433
114.654433
114.654433
114.654433
114.654433
114.654433
114.654433
114.654433
114.654433
114.654433
114.654433
114.654433
114.654433
114.654433
114.654433
114.654433
114.654433
114.654433
114.654433
114.654433
114.654433
114.654433
114.654433
114.654433
114.654433
114.654433
114.654433
114.654433
114.654433
114.654433
114.654433
114.654433
114.654433
114.654433
114.654433
114.654433
114.654433
114.654433
114.654433
114.654433
114.654433
114.654433
114.654433
114.654433
114.654433
114.654433
114.654433
114.654433
114.654433
114.654433
114.654433
114.654433
114.654433
114.654433
114.654433
114.654433
114.654433
114.654433
114.654433
114.654433
114.654433
114.654433
114.654433
114.654433
114.654433
114.654433
114.654433
114.654433
114.654433
114.654433
114.654433
114.654433
114.654433
114.654433
114.654433
114.654433
114.654433
114.654433
114.654433
114.654433
114.654433
114.654433
114.654433
114.654433
114.654433
114.654433
114.654433
114.654433
114.654433
114.654433
114.654433
114.654433
114.654433
114.654433
114.654433
114.654433
114.654433
114.654433
114.654433
114.654433
114.654433
114.654433
114.654433
114.654433
114.654433
114.654433
114.654433
114.654433
114.654433
114.654433
114.654433
114.654433
114.654433
114.654433
114.654433
114.654433
114.654433
114.654433
114.654433
114.654433
114.654433
114.654433
114.654433
114.654433
114.654433
114.654433
114.654433
114.654433
114.654433
114.654433
114.654433
114.654433
114.654433
114.654433
114.654433
114.654433
114.654433
114.654433
114.654433
114.654433
114.654433
114.654433
114.654433
114.654433
114.654433
114.654433
114.654433
114.654433
114.654433
114.654433
114.654433
114.654433
114.654433
114.654433
114.654433
114.654433
114.654433
114.654433
114.654433
114.654433
114.654433
114.654433
114.654433
114.654433
114.654433
114.654433
114.654433
114.654433
114.654433
114.654433
114.654433
114.654433
114.654433
114.654433
114.654433
114.654433
114.654433
114.654433
114.654433
114.654433
114.654433
114.654433
114.654433
114.654433
114.654433
114.654433
114.654433
114.654433
114.654433
114.654433
114.654433
114.654433
114.654433
114.654433
114.654433
114.654433
114.654433
114.654433
114.654433
114.654433
114.654433
114.654433
114.654433
114.654433
114.654433
114.654433
114.654433
114.654433
114.654433
114.654433
114.654433
114.654433
114.654433
114.654433
114.654433
114.654433
114.654433
114.654433
114.654433
114.654433
114.654433
114.654433
114.654433
114.654433
114.654433
114.654433
114.654433
114.654433
114.654433
114.654433
114.654433
114.654433
114.654433
114.654433
114.654433
114.654433
114.654433
114.654433
114.654433
114.654433
114.654433
114.654433
114.654433
114.654433
114.654433
114.654433
114.654433
114.654433
114.654433
114.654433
114.654433
114.654433
114.654433
114.654433
114.654433
114.654433
114.654433
114.654433
114.654433
114.654433
114.654433
114.654433
114.654433
114.654433
114.654433
114.654433
114.654433
114.654433
114.654433
114.654433
114.654433
114.654433
114.654433
114.654433
114.654433
114.654433
114.654433
114.654433
114.654433
114.654433
114.654433
114.654433
114.654433
114.654433
114.654433
114.654433
114.654433
114.654433
114.654433
114.654433
114.654433
114.654433
114.654433
114.654433
114.654433
114.654433
114.654433
114.654433
114.654433
114.654433
114.654433
114.654433
114.654433
114.654433
114.654433
114.654433
114.654433
114.654433
114.654433
114.654433
114.654433
114.654433
114.654433
114.654433
114.654433
114.654433
114.654433
114.654433
114.654433
114.654433
114.654433
114.654433
114.654433
114.654433
114.654433
114.654433
114.654433
114.654433
114.654433
114.654433
114.654433
114.654433
114.654433
114.654433
114.654433
114.654433
114.654433
114.654433
114.654433
114.654433
114.654433
114.654433
114.654433
114.654433
114.654433
114.654433
114.654433
114.654433
114.654433
114.654433
114.654433
114.654433
114.654433
114.654433
114.654433
114.654433
114.654433
114.654433
114.654433
114.654433
114.654433
114.654433
114.654433
114.654433
114.654433
114.654433
114.654433
114.654433
114.654433
114.654433
114.654433
114.654433
114.654433
114.654433
114.654433
114.654433
114.654433
114.654433
114.654433
114.654433
114.654433
114.654433
114.654433
114.654433
114.654433
114.654433
114.654433
114.654433
114.654433
114.654433
114.654433
114.654433
114.654433
114.654433
114.654433
114.654433
114.654433
114.654433
114.654433
114.654433
114.654433
114.654433
114.654433
114.654433
114.654433
114.654433
114.654433
114.654433
114.654433
114.654433
114.654433
114.654433
114.654433
114.654433
114.654433
114.654433
114.654433
114.654433
114.654433
114.654433
114.654433
114.654433
114.654433
114.654433
114.654433
114.654433
114.654433
114.654433
114.654433
114.654433
114.654433
114.654433
114.654433
114.654433
114.654433
114.654433
114.654433
114.654433
114.654433
114.654433
114.654433
114.654433
114.654433
114.654433
114.654433
114.654433
114.654433
114.654433
114.654433
114.654433
114.654433
114.654433
114.654433
114.654433
114.654433
114.654433
114.654433
114.654433
114.654433
114.654433
114.654433
114.654433
114.654433
114.654433
114.654433
114.654433
114.654433
114.654433
114.654433
114.654433
114.654433
114.654433
114.654433
114.654433
114.654433
114.654433
114.654433
114.654433
114.654433
114.654433
114.654433
114.654433
114.654433
114.654433
114.654433
114.654433
114.654433
114.654433
114.654433
114.654433
114.654433
114.654433
114.654433
114.654433
114.654433
114.654433
114.654433
114.654433
114.654433
114.654433
114.654433
114.654433
114.654433
114.654433
114.654433
114.654433
114.654433
114.654433
114.654433
114.654433
114.654433
114.654433
114.654433
114.654433
114.654433
114.654433
114.654433
114.654433
114.654433
114.654433
114.654433
114.654433
114.654433
114.654433
114.654433
114.654433
114.654433
114.654433
114.654433
114.654433
114.654433
114.654433
114.654433
114.654433
114.654433
114.654433
114.654433
114.654433
114.654433
114.654433
114.654433
114.654433
114.654433
114.654433
114.654433
114.654433
114.654433
114.654433
114.654433
114.654433
114.654433
114.654433
114.654433
114.654433
114.654433
114.654433
114.654433
114.654433
114.654433
114.654433
114.654433
114.654433
114.654433
114.654433
114.654433
114.654433
114.654433
114.654433
114.654433
114.654433
114.654433
114.654433
114.654433
114.654433
114.654433
114.654433
114.654433
114.654433
114.654433
114.654433
114.654433
114.654433
114.654433
114.654433
114.654433
114.654433
114.654433
114.654433
114.654433
114.654433
114.654433
114.654433
114.654433
114.654433
114.654433
114.654433
114.654433
114.654433
114.654433
114.654433
114.654433
114.654433
114.654433
114.654433
114.654433
114.654433
114.654433
114.654433
114.654433
114.654433
114.654433
114.654433
114.654433
114.654433
114.654433
114.654433
114.654433
114.654433
114.654433
114.654433
114.654433
114.654433
114.654433
114.654433
114.654433
114.654433
114.654433
114.654433
114.654433
114.654433
114.654433
114.654433
114.654433
114.654433
114.654433
114.654433
114.654433
114.654433
114.654433
114.654433
114.654433
114.654433
114.654433
114.654433
114.654433
114.654433
114.654433
114.654433
114.654433
114.654433
114.654433
114.654433
114.654433
114.654433
114.654433
114.654433
114.654433
114.654433
114.654433
114.654433
114.654433
114.654433
114.654433
114.654433
114.654433
114.654433
114.654433
114.654433
114.654433
114.654433
114.654433
114.654433
114.654433
114.654433
114.654433
114.654433
114.654433
114.654433
114.654433
114.654433
114.654433
114.654433
114.654433
114.654433
114.654433
114.654433
114.654433
114.654433
114.654433
114.654433
114.654433
114.654433
114.654433
114.654433
114.654433
114.654433
114.654433
114.654433
114.654433
114.654433
114.654433
114.654433
114.654433
114.654433
114.654433
114.654433
114.654433
114.654433
114.654433
114.654433
114.654433
114.654433
114.654433
114.654433
114.654433
114.654433
114.654433
114.654433
114.654433
114.654433
114.654433
114.654433
114.654433
114.654433
114.654433
114.654433
114.654433
114.654433
114.654433
114.654433
114.654433
114.654433
114.654433
114.654433
114.654433
114.654433
114.654433
114.654433
114.654433
114.654433
114.654433
114.654433
114.654433
114.654433
114.654433
114.654433
114.654433
114.654433
114.654433
114.654433
114.654433
114.654433
114.654433
114.654433
114.654433
114.654433
114.654433
114.654433
114.654433
114.654433
114.654433
114.654433
114.654433
114.654433
114.654433
114.654433
114.654433
114.654433
114.654433
114.654433
114.654433
114.654433
114.654433
114.654433
114.654433
114.654433
114.654433
114.654433
114.654433
114.654433
114.654433
114.654433
114.654433
114.654433
114.654433
114.654433
114.654433
114.654433
114.654433
114.654433
114.654433
114.654433
114.654433
114.654433
114.654433
114.654433
114.654433
114.654433
114.654433
114.654433
114.654433
114.654433
114.654433
114.654433
114.654433
114.654433
114.654433
114.654433
114.654433
114.654433
114.654433
114.654433
114.654433
114.654433
114.654433
114.654433
114.654433
114.654433
114.654433
114.654433
114.654433
114.654433
114.654433
114.654433
114.654433
114.654433
114.654433
114.654433
114.654433
114.654433
114.654433
114.654433
114.654433
114.654433
114.654433
114.654433
114.654433
114.654433
114.654433
114.654433
114.654433
114.654433
114.654433
114.654433
114.654433
114.654433
114.654433
114.654433
114.654433
114.654433
114.654433
114.654433
114.654433
114.654433
114.654433
114.654433
114.654433
114.654433
114.654433
114.654433
114.654433
114.654433
114.654433
114.654433
114.654433
114.654433
114.654433
114.654433
114.654433
114.654433
114.654433
114.654433
114.654433
114.654433
114.654433
114.654433
114.654433
114.654433
114.654433
114.654433
114.654433
114.654433
114.654433
114.654433
114.654433
114.654433
114.654433
114.654433
114.654433
114.654433
114.654433
114.654433
114.654433
114.654433
114.654433
114.654433
114.654433
114.654433
114.654433
114.654433
114.654433
114.654433
114.654433
114.654433
114.654433
114.654433
114.654433
114.654433
114.654433
114.654433
114.654433
114.654433
114.654433
114.654433
114.654433
114.654433
114.654433
114.654433
114.654433
114.654433
114.654433
114.654433
114.654433
114.654433
114.654433
114.654433
114.654433
114.654433
114.654433
114.654433
114.654433
114.654433
114.654433
114.654433
114.654433
114.654433
114.654433
114.654433
114.654433
114.654433
114.654433
114.654433
114.654433
114.654433
114.654433
114.654433
114.654433
114.654433
114.654433
114.654433
114.654433
114.654433
114.654433
114.654433
114.654433
114.654433
114.654433
114.654433
114.654433
114.654433
114.654433
114.654433
114.654433
114.654433
114.654433
114.654433
114.654433
114.654433
114.654433
114.654433
114.654433
114.654433
114.654433
114.654433
114.654433
114.654433
114.654433
114.654433
114.654433
114.654433
114.654433
114.654433
114.654433
114.654433
114.654433
114.654433
114.654433
114.654433
114.654433
114.654433
114.654433
114.654433
114.654433
114.654433
114.654433
114.654433
114.654433
114.654433
114.654433
114.654433
114.654433
114.654433
114.654433
114.654433
114.654433
114.654433
114.654433
114.654433
114.654433
114.654433
114.654433
114.654433
114.654433
114.654433
114.654433
114.654433
114.654433
114.654433
114.654433
114.654433
114.654433
114.654433
114.654433
114.654433
114.654433
114.654433
114.654433
114.654433
114.654433
114.654433
114.654433
114.654433
114.654433
114.654433
114.654433
114.654433
114.654433
114.654433
114.654433
114.654433
114.654433
114.654433
114.654433
114.654433
114.654433
114.654433
114.654433
114.654433
114.654433
114.654433
114.654433
114.654433
114.654433
114.654433
114.654433
114.654433
114.654433
114.654433
114.654433
114.654433
114.654433
114.654433
114.654433
114.654433
114.654433
114.654433
114.654433
114.654433
114.654433
114.654433
114.654433
114.654433
114.654433
114.654433
114.654433
114.654433
114.654433
114.654433
114.654433
114.654433
114.654433
114.654433
114.654433
114.654433
114.654433
114.654433
114.654433
114.654433
114.654433
114.654433
114.654433
114.654433
114.654433
114.654433
114.654433
114.654433
114.654433
114.654433
114.654433
114.654433
114.654433
114.654433
114.654433
114.654433
114.654433
114.654433
114.654433
114.654433
114.654433
114.654433
114.654433
114.654433
114.654433
114.654433
114.654433
114.654433
114.654433
114.654433
114.654433
114.654433
114.654433
114.654433
114.654433
114.654433
114.654433
114.654433
114.654433
114.654433
114.654433
114.654433
114.654433
114.654433
114.654433
114.654433
114.654433
114.654433
114.654433
114.654433
114.654433
114.654433
114.654433
114.654433
114.654433
114.654433
114.654433
114.654433
114.654433
114.654433
114.654433
114.654433
114.654433
114.654433
114.654433
114.654433
114.654433
114.654433
114.654433
114.654433
114.654433
114.654433
114.654433
114.654433
114.654433
114.654433
114.654433
114.654433
114.654433
114.654433
114.654433
114.654433
114.654433
114.654433
114.654433
114.654433
114.654433
114.654433
114.654433
114.654433
114.654433
114.654433
114.654433
114.654433
114.654433
114.654433
114.654433
114.654433
114.654433
114.654433
114.654433
114.654433
114.654433
114.654433
114.654433
114.654433
114.654433
114.654433
114.654433
114.654433
114.654433
114.654433
114.654433
114.654433
114.654433
114.654433
114.654433
114.654433
114.654433
114.654433
114.654433
114.654433
114.654433
114.654433
114.654433
114.654433
114.654433
114.654433
114.654433
114.654433
114.654433
114.654433
114.654433
114.654433
114.654433
114.654433
114.654433
114.654433
114.654433
114.654433
114.654433
114.654433
114.654433
114.654433
114.654433
114.654433
114.654433
114.654433
114.654433
114.654433
114.654433
114.654433
114.654433
114.654433
114.654433
114.654433
114.654433
114.654433
114.654433
114.654433
114.654433
114.654433
114.654433
114.654433
114.654433
114.654433
114.654433
114.654433
114.654433
114.654433
114.654433
114.654433
114.654433
114.654433
114.654433
114.654433
114.654433
114.654433
114.654433
114.654433
114.654433
114.654433
114.654433
114.654433
114.654433
114.654433
114.654433
114.654433
114.654433
114.654433
114.654433
114.654433
114.654433
114.654433
114.654433
114.654433
114.654433
114.654433
114.654433
114.654433
114.654433
114.654433
114.654433
114.654433
114.654433
114.654433
114.654433
114.654433
114.654433
114.654433
114.654433
114.654433
114.654433
114.654433
114.654433
114.654433
114.654433
114.654433
114.654433
114.654433
114.654433
114.654433
114.654433
114.654433
114.654433
114.654433
114.654433
114.654433
114.654433
114.654433
114.654433
114.654433
114.654433
114.654433
114.654433
114.654433
114.654433
114.654433
114.654433
114.654433
114.654433
114.654433
114.654433
114.654433
114.654433
114.654433
114.654433
114.654433
114.654433
114.654433
114.654433
114.654433
114.654433
114.654433
114.654433
114.654433
114.654433
114.654433
114.654433
114.654433
114.654433
114.654433
114.654433
114.654433
114.654433
114.654433
114.654433
114.654433
114.654433
114.654433
114.654433
114.654433
114.654433
114.654433
114.654433
114.654433
114.654433
114.654433
114.654433
114.654433
114.654433
114.654433
114.654433
114.654433
114.654433
114.654433
114.654433
114.654433
114.654433
114.654433
114.654433
114.654433
114.654433
114.654433
114.654433
114.654433
114.654433
114.654433
114.654433
114.654433
114.654433
114.654433
114.654433
114.654433
114.654433
114.654433
114.654433
114.654433
114.654433
114.654433
114.654433
114.654433
114.654433
114.654433
114.654433
114.654433
114.654433
114.654433
114.654433
114.654433
114.654433
114.654433
114.654433
114.654433
114.654433
114.654433
114.654433
114.654433
114.654433
114.654433
114.654433
114.654433
114.654433
114.654433
114.654433
114.654433
114.654433
114.654433
114.654433
114.654433
114.654433
114.654433
114.654433
114.654433
114.654433
114.654433
114.654433
114.654433
114.654433
114.654433
114.654433
114.654433
114.654433
114.654433
114.654433
114.654433
114.654433
114.654433
114.654433
114.654433
114.654433
114.654433
114.654433
114.654433
114.654433
114.654433
114.654433
114.654433
114.654433
114.654433
114.654433
114.654433
114.654433
114.654433
114.654433
114.654433
114.654433
114.654433
114.654433
114.654433
114.654433
114.654433
114.654433
114.654433
114.654433
114.654433
114.654433
114.654433
114.654433
114.654433
114.654433
114.654433
114.654433
114.654433
114.654433
114.654433
114.654433
114.654433
114.654433
114.654433
114.654433
114.654433
114.654433
114.654433
114.654433
114.654433
114.654433
114.654433
114.654433
114.654433
114.654433
114.654433
114.654433
114.654433
114.654433
114.654433
114.654433
114.654433
114.654433
114.654433
114.654433
114.654433
114.654433
114.654433
114.654433
114.654433
114.654433
114.654433
114.654433
114.654433
114.654433
114.654433
114.654433
114.654433
114.654433
114.654433
114.654433
114.654433
114.654433
114.654433
114.654433
114.654433
114.654433
114.654433
114.654433
114.654433
114.654433
114.654433
114.654433
114.654433
114.654433
114.654433
114.654433
114.654433
114.654433
114.654433
114.654433
114.654433
114.654433
114.654433
114.654433
114.654433
114.654433
114.654433
114.654433
114.654433
114.654433
114.654433
114.654433
114.654433
114.654433
114.654433
114.654433
114.654433
114.654433
114.654433
114.654433
114.654433
114.654433
114.654433
114.654433
114.654433
114.654433
114.654433
114.654433
114.654433
114.654433
114.654433
114.654433
114.654433
114.654433
114.654433
114.654433
114.654433
114.654433
114.654433
114.654433
114.654433
114.654433
114.654433
114.654433
114.654433
114.654433
114.654433
114.654433
114.654433
114.654433
114.654433
114.654433
114.654433
114.654433
114.654433
114.654433
114.654433
114.654433
114.654433
114.654433
114.654433
114.654433
114.654433
114.654433
114.654433
114.654433
114.654433
114.654433
114.654433
114.654433
114.654433
114.654433
114.654433
114.654433
114.654433
114.654433
114.654433
114.654433
114.654433
114.654433
114.654433
114.654433
114.654433
114.654433
114.654433
114.654433
114.654433
114.654433
114.654433
114.654433
114.654433
114.654433
114.654433
114.654433
114.654433
114.654433
114.654433
114.654433
114.654433
114.654433
114.654433
114.654433
114.654433
114.654433
114.654433
114.654433
114.654433
114.654433
114.654433
114.654433
114.654433
114.654433
114.654433
114.654433
114.654433
114.654433
114.654433
114.654433
114.654433
114.654433
114.654433
114.654433
114.654433
114.654433
114.654433
114.654433
114.654433
114.654433
114.654433
114.654433
114.654433
114.654433
114.654433
114.654433
114.654433
114.654433
114.654433
114.654433
114.654433
114.654433
114.654433
114.654433
114.654433
114.654433
114.654433
114.654433
114.654433
114.654433
114.654433
114.654433
114.654433
114.654433
114.654433
114.654433
114.654433
114.654433
114.654433
114.654433
114.654433
114.654433
114.654433
114.654433
114.654433
114.654433
114.654433
114.654433
114.654433
114.654433
114.654433
114.654433
114.654433
114.654433
114.654433
114.654433
114.654433
114.654433
114.654433
114.654433
114.654433
114.654433
114.654433
114.654433
114.654433
114.654433
114.654433
114.654433
114.654433
114.654433
114.654433
114.654433
114.654433
114.654433
114.654433
114.654433
114.654433
114.654433
114.654433
114.654433
114.654433
114.654433
114.654433
114.654433
114.654433
114.654433
114.654433
114.654433
114.654433
114.654433
114.654433
114.654433
114.654433
114.654433
114.654433
114.654433
114.654433
114.654433
114.654433
114.654433
114.654433
114.654433
114.654433
114.654433
114.654433
114.654433
114.654433
114.654433
114.654433
114.654433
114.654433
114.654433
114.654433
114.654433
114.654433
114.654433
114.654433
114.654433
114.654433
114.654433
114.654433
114.654433
114.654433
114.654433
114.654433
114.654433
114.654433
114.654433
114.654433
114.654433
114.654433
114.654433
114.654433
114.654433
114.654433
114.654433
114.654433
114.654433
114.654433
114.654433
114.654433
114.654433
114.654433
114.654433
114.654433
114.654433
114.654433
114.654433
114.654433
114.654433
114.654433
114.654433
114.654433
114.654433
114.654433
114.654433
114.654433
114.654433
114.654433
114.654433
114.654433
114.654433
114.654433
114.654433
114.654433
114.654433
114.654433
114.654433
114.654433
114.654433
114.654433
114.654433
114.654433
114.654433
114.654433
114.654433
114.654433
114.654433
114.654433
114.654433
114.654433
114.654433
114.654433
114.654433
114.654433
114.654433
114.654433
114.654433
114.654433
114.654433
114.654433
114.654433
114.654433
114.654433
114.654433
114.654433
114.654433
114.654433
114.654433
114.654433
114.654433
114.654433
114.654433
114.654433
114.654433
114.654433
114.654433
114.654433
114.654433
114.654433
114.654433
114.654433
114.654433
114.654433
114.654433
114.654433
114.654433
114.654433
114.654433
114.654433
114.654433
114.654433
114.654433
114.654433
114.654433
114.654433
114.654433
114.654433
114.654433
114.654433
114.654433
114.654433
114.654433
114.654433
114.654433
114.654433
114.654433
114.654433
114.654433
114.654433
114.654433
114.654433
114.654433
114.654433
114.654433
114.654433
114.654433
114.654433
114.654433
114.654433
114.654433
114.654433
114.654433
114.654433
114.654433
114.654433
114.654433
114.654433
114.654433
114.654433
114.654433
114.654433
114.654433
114.654433
114.654433
114.654433
114.654433
114.654433
114.654433
114.654433
114.654433
114.654433
114.654433
114.654433
114.654433
114.654433
114.654433
114.654433
114.654433
114.654433
114.654433
114.654433
114.654433
114.654433
114.654433
114.654433
114.654433
114.654433
114.654433
114.654433
114.654433
114.654433
114.654433
114.654433
114.654433
114.654433
114.654433
114.654433
114.654433
114.654433
114.654433
114.654433
114.654433
114.654433
114.654433
114.654433
114.654433
114.654433
114.654433
114.654433
114.654433
114.654433
114.654433
114.654433
114.654433
114.654433
114.654433
114.654433
114.654433
114.654433
114.654433
114.654433
114.654433
114.654433
114.654433
114.654433
114.654433
114.654433
114.654433
114.654433
114.654433
114.654433
114.654433
114.654433
114.654433
114.654433
114.654433
114.654433
114.654433
114.654433
114.654433
114.654433
114.654433
114.654433
114.654433
114.654433
114.654433
114.654433
114.654433
114.654433
114.654433
114.654433
114.654433
114.654433
114.654433
114.654433
114.654433
114.654433
114.654433
114.654433
114.654433
114.654433
114.654433
114.654433
114.654433
114.654433
114.654433
114.654433
114.654433
114.654433
114.654433
114.654433
114.654433
114.654433
114.654433
114.654433
114.654433
114.654433
114.654433
114.654433
114.654433
114.654433
114.654433
114.654433
114.654433
114.654433
114.654433
114.654433
114.654433
114.654433
114.654433
114.654433
114.654433
114.654433
114.654433
114.654433
114.654433
114.654433
114.654433
114.654433
114.654433
114.654433
114.654433
114.654433
114.654433
114.654433
114.654433
114.654433
114.654433
114.654433
114.654433
114.654433
114.654433
114.654433
114.654433
114.654433
114.654433
114.654433
114.654433
114.654433
114.654433
114.654433
114.654433
114.654433
114.654433
114.654433
114.654433
114.654433
114.654433
114.654433
114.654433
114.654433
114.654433
114.654433
114.654433
114.654433
114.654433
114.654433
114.654433
114.654433
114.654433
114.654433
114.654433
114.654433
114.654433
114.654433
114.654433
114.654433
114.654433
114.654433
114.654433
114.654433
114.654433
114.654433
114.654433
114.654433
114.654433
114.654433
114.654433
114.654433
114.654433
114.654433
114.654433
114.654433
114.654433
114.654433
114.654433
114.654433
114.654433
114.654433
114.654433
114.654433
114.654433
114.654433
114.654433
114.654433
114.654433
114.654433
114.654433
114.654433
114.654433
114.654433
114.654433
114.654433
114.654433
114.654433
114.654433
114.654433
114.654433
114.654433
114.654433
114.654433
114.654433
114.654433
114.654433
114.654433
114.654433
114.654433
114.654433
114.654433
114.654433
114.654433
114.654433
114.654433
114.654433
114.654433
114.654433
114.654433
114.654433
114.654433
114.654433
114.654433
114.654433
114.654433
114.654433
114.654433
114.654433
114.654433
114.654433
114.654433
114.654433
114.654433
114.654433
114.654433
114.654433
114.654433
114.654433
114.654433
114.654433
114.654433
114.654433
114.654433
114.654433
114.654433
114.654433
114.654433
114.654433
114.654433
114.654433
114.654433
114.654433
114.654433
114.654433
114.654433
114.654433
114.654433
114.654433
114.654433
114.654433
114.654433
114.654433
114.654433
114.654433
114.654433
114.654433
114.654433
114.654433
114.654433
114.654433
114.654433
114.654433
114.654433
114.654433
114.654433
114.654433
114.654433
114.654433
114.654433
114.654433
114.654433
114.654433
114.654433
114.654433
114.654433
114.654433
114.654433
114.654433
114.654433
114.654433
114.654433
114.654433
114.654433
114.654433
114.654433
114.654433
114.654433
114.654433
114.654433
114.654433
114.654433
114.654433
114.654433
114.654433
114.654433
114.654433
114.654433
114.654433
114.654433
114.654433
114.654433
114.654433
114.654433
114.654433
114.654433
114.654433
114.654433
114.654433
114.654433
114.654433
114.654433
114.654433
114.654433
114.654433
114.654433
114.654433
114.654433
114.654433
114.654433
114.654433
114.654433
114.654433
114.654433
114.654433
114.654433
114.654433
114.654433
114.654433
114.654433
114.654433
114.654433
114.654433
114.654433
114.654433
114.654433
114.654433
114.654433
114.654433
114.654433
114.654433
114.654433
114.654433
114.654433
114.654433
114.654433
114.654433
114.654433
114.654433
114.654433
114.654433
114.654433
114.654433
114.654433
114.654433
114.654433
114.654433
114.654433
114.654433
114.654433
114.654433
114.654433
114.654433
114.654433
114.654433
114.654433
114.654433
114.654433
114.654433
114.654433
114.654433
114.654433
114.654433
114.654433
114.654433
114.654433
114.654433
114.654433
114.654433
114.654433
114.654433
114.654433
114.654433
114.654433
114.654433
114.654433
114.654433
114.654433
114.654433
114.654433
114.654433
114.654433
114.654433
114.654433
114.654433
114.654433
114.654433
114.654433
114.654433
114.654433
114.654433
114.654433
114.654433
114.654433
114.654433
114.654433
114.654433
114.654433
114.654433
114.654433
114.654433
114.654433
114.654433
114.654433
114.654433
114.654433
114.654433
114.654433
114.654433
114.654433
114.654433
114.654433
114.654433
114.654433
114.654433
114.654433
114.654433
114.654433
114.654433
114.654433
114.654433
114.654433
114.654433
114.654433
114.654433
114.654433
114.654433
114.654433
114.654433
114.654433
114.654433
114.654433
114.654433
114.654433
114.654433
114.654433
114.654433
114.654433
114.654433
114.654433
114.654433
114.654433
114.654433
114.654433
114.654433
114.654433
114.654433
114.654433
114.654433
114.654433
114.654433
114.654433
114.654433
114.654433
114.654433
114.654433
114.654433
114.654433
114.654433
114.654433
114.654433
114.654433
114.654433
114.654433
114.654433
114.654433
114.654433
114.654433
114.654433
114.654433
114.654433
114.654433
114.654433
114.654433
114.654433
114.654433
114.654433
114.654433
114.654433
114.654433
114.654433
114.654433
114.654433
114.654433
114.654433
114.654433
114.654433
114.654433
114.654433
114.654433
114.654433
114.654433
114.654433
114.654433
114.654433
114.654433
114.654433
114.654433
114.654433
114.654433
114.654433
114.654433
114.654433
114.654433
114.654433
114.654433
114.654433
114.654433
114.654433
114.654433
114.654433
114.654433
114.654433
114.654433
114.654433
114.654433
114.654433
114.654433
114.654433
114.654433
114.654433
114.654433
114.654433
114.654433
114.654433
114.654433
114.654433
114.654433
114.654433
114.654433
114.654433
114.654433
114.654433
114.654433
114.654433
114.654433
114.654433
114.654433
114.654433
114.654433
114.654433
114.654433
114.654433
114.654433
114.654433
114.654433
114.654433
114.654433
114.654433
114.654433
114.654433
114.654433
114.654433
114.654433
114.654433
114.654433
114.654433
114.654433
114.654433
114.654433
114.654433
114.654433
114.654433
114.654433
114.654433
114.654433
114.654433
114.654433
114.654433
114.654433
114.654433
114.654433
114.654433
114.654433
114.654433
114.654433
114.654433
114.654433
114.654433
114.654433
114.654433
114.654433
114.654433
114.654433
114.654433
114.654433
114.654433
114.654433
114.654433
114.654433
114.654433
114.654433
114.654433
114.654433
114.654433
114.654433
114.654433
114.654433
114.654433
114.654433
114.654433
114.654433
114.654433
114.654433
114.654433
114.654433
114.654433
114.654433
114.654433
114.654433
114.654433
114.654433
114.654433
114.654433
114.654433
114.654433
114.654433
114.654433
114.654433
114.654433
114.654433
114.654433
114.654433
114.654433
114.654433
114.654433
114.654433
114.654433
114.654433
114.654433
114.654433
114.654433
114.654433
114.654433
114.654433
114.654433
114.654433
114.654433
114.654433
114.654433
114.654433
114.654433
114.654433
114.654433
114.654433
114.654433
114.654433
114.654433
114.654433
114.654433
114.654433
114.654433
114.654433
114.654433
114.654433
114.654433
114.654433
114.654433
114.654433
114.654433
114.654433
114.654433
114.654433
114.654433
114.654433
114.654433
114.654433
114.654433
114.654433
114.654433
114.654433
114.654433
114.654433
114.654433
114.654433
114.654433
114.654433
114.654433
114.654433
114.654433
114.654433
114.654433
114.654433
114.654433
114.654433
114.654433
114.654433
114.654433
114.654433
114.654433
114.654433
114.654433
114.654433
114.654433
114.654433
114.654433
114.654433
114.654433
114.654433
114.654433
114.654433
114.654433
114.654433
114.654433
114.654433
114.654433
114.654433
114.654433
114.654433
114.654433
114.654433
114.654433
114.654433
114.654433
114.654433
114.654433
114.654433
114.654433
114.654433
114.654433
114.654433
114.654433
114.654433
114.654433
114.654433
114.654433
114.654433
114.654433
114.654433
114.654433
114.654433
114.654433
114.654433
114.654433
114.654433
114.654433
114.654433
114.654433
114.654433
114.654433
114.654433
114.654433
114.654433
114.654433
114.654433
114.654433
114.654433
114.654433
114.654433
114.654433
114.654433
114.654433
114.654433
114.654433
114.654433
114.654433
114.654433
114.654433
114.654433
114.654433
114.654433
114.654433
114.654433
114.654433
114.654433
114.654433
114.654433
114.654433
114.654433
114.654433
114.654433
114.654433
114.654433
114.654433
114.654433
114.654433
114.654433
114.654433
114.654433
114.654433
114.654433
114.654433
114.654433
114.654433
114.654433
114.654433
114.654433
114.654433
114.654433
114.654433
114.654433
114.654433
114.654433
114.654433
114.654433
114.654433
114.654433
114.654433
114.654433
114.654433
114.654433
114.654433
114.654433
114.654433
114.654433
114.654433
114.654433
114.654433
114.654433
114.654433
114.654433
114.654433
114.654433
114.654433
114.654433
114.654433
114.654433
114.654433
114.654433
114.654433
114.654433
114.654433
114.654433
114.654433
114.654433
114.654433
114.654433
114.654433
114.654433
114.654433
114.654433
114.654433
114.654433
114.654433
114.654433
114.654433
114.654433
114.654433
114.654433
114.654433
114.654433
114.654433
114.654433
114.654433
114.654433
114.654433
114.654433
114.654433
114.654433
114.654433
114.654433
114.654433
114.654433
114.654433
114.654433
114.654433
114.654433
114.654433
114.654433
114.654433
114.654433
114.654433
114.654433
114.654433
114.654433
114.654433
114.654433
114.654433
114.654433
114.654433
114.654433
114.654433
114.654433
114.654433
114.654433
114.654433
114.654433
114.654433
114.654433
114.654433
114.654433
114.654433
114.654433
114.654433
114.654433
114.654433
114.654433
114.654433
114.654433
114.654433
114.654433
114.654433
114.654433
114.654433
114.654433
114.654433
114.654433
114.654433
114.654433
114.654433
114.654433
114.654433
114.654433
114.654433
114.654433
114.654433
114.654433
114.654433
114.654433
114.654433
114.654433
114.654433
114.654433
114.654433
114.654433
114.654433
114.654433
114.654433
114.654433
114.654433
114.654433
114.654433
114.654433
114.654433
114.654433
114.654433
114.654433
114.654433
114.654433
114.654433
114.654433
114.654433
114.654433
114.654433
114.654433
114.654433
114.654433
114.654433
114.654433
114.654433
114.654433
114.654433
114.654433
114.654433
114.654433
114.654433
114.654433
114.654433
114.654433
114.654433
114.654433
114.654433
114.654433
114.654433
114.654433
114.654433
114.654433
114.654433
114.654433
114.654433
114.654433
114.654433
114.654433
114.654433
114.654433
114.654433
114.654433
114.654433
114.654433
114.654433
114.654433
114.654433
114.654433
114.654433
114.654433
114.654433
114.654433
114.654433
114.654433
114.654433
114.654433
114.654433
114.654433
114.654433
114.654433
114.654433
114.654433
114.654433
114.654433
114.654433
114.654433
114.654433
114.654433
114.654433
114.654433
114.654433
114.654433
114.654433
114.654433
114.654433
114.654433
114.654433
114.654433
114.654433
114.654433
114.654433
114.654433
114.654433
114.654433
114.654433
114.654433
114.654433
114.654433
114.654433
114.654433
114.654433
114.654433
114.654433
114.654433
114.654433
114.654433
114.654433
114.654433
114.654433
114.654433
114.654433
114.654433
114.654433
114.654433
114.654433
114.654433
114.654433
114.654433
114.654433
114.654433
114.654433
114.654433
114.654433
114.654433
114.654433
114.654433
114.654433
114.654433
114.654433
114.654433
114.654433
114.654433
114.654433
114.654433
114.654433
114.654433
114.654433
114.654433
114.654433
114.654433
114.654433
114.654433
114.654433
114.654433
114.654433
114.654433
114.654433
114.654433
114.654433
114.654433
114.654433
114.654433
114.654433
114.654433
114.654433
114.654433
114.654433
114.654433
114.654433
114.654433
114.654433
114.654433
114.654433
114.654433
114.654433
114.654433
114.654433
114.654433
114.654433
114.654433
114.654433
114.654433
114.654433
114.654433
114.654433
114.654433
114.654433
114.654433
114.654433
114.654433
114.654433
114.654433
114.654433
114.654433
114.654433
114.654433
114.654433
114.654433
114.654433
114.654433
114.654433
114.654433
114.654433
114.654433
114.654433
114.654433
114.654433
114.654433
114.654433
114.654433
114.654433
114.654433
114.654433
114.654433
114.654433
114.654433
114.654433
114.654433
114.654433
114.654433
114.654433
114.654433
114.654433
114.654433
114.654433
114.654433
114.654433
114.654433
114.654433
114.654433
114.654433
114.654433
114.654433
114.654433
114.654433
114.654433
114.654433
114.654433
114.654433
114.654433
114.654433
114.654433
114.654433
114.654433
114.654433
114.654433
114.654433
114.654433
114.654433
114.654433
114.654433
114.654433
114.654433
114.654433
114.654433
114.654433
114.654433
114.654433
114.654433
114.654433
114.654433
114.654433
114.654433
114.654433
114.654433
114.654433
114.654433
114.654433
114.654433
114.654433
114.654433
114.654433
114.654433
114.654433
114.654433
114.654433
114.654433
114.654433
114.654433
114.654433
114.654433
114.654433
114.654433
114.654433
114.654433
114.654433
114.654433
114.654433
114.654433
114.654433
114.654433
114.654433
114.654433
114.654433
114.654433
114.654433
114.654433
114.654433
114.654433
114.654433
114.654433
114.654433
114.654433
114.654433
114.654433
114.654433
114.654433
114.654433
114.654433
114.654433
114.654433
114.654433
114.654433
114.654433
114.654433
114.654433
114.654433
114.654433
114.654433
114.654433
114.654433
114.654433
114.654433
114.654433
114.654433
114.654433
114.654433
114.654433
114.654433
114.654433
114.654433
114.654433
114.654433
114.654433
114.654433
114.654433
114.654433
114.654433
114.654433
114.654433
114.654433
114.654433
114.654433
114.654433
114.654433
114.654433
114.654433
114.654433
114.654433
114.654433
114.654433
114.654433
114.654433
114.654433
114.654433
114.654433
114.654433
114.654433
114.654433
114.654433
114.654433
114.654433
114.654433
114.654433
114.654433
114.654433
114.654433
114.654433
114.654433
114.654433
114.654433
114.654433
114.654433
114.654433
114.654433
114.654433
114.654433
114.654433
114.654433
114.654433
114.654433
114.654433
114.654433
114.654433
114.654433
114.654433
114.654433
114.654433
114.654433
114.654433
114.654433
114.654433
114.654433
114.654433
114.654433
114.654433
114.654433
114.654433
114.654433
114.654433
114.654433
114.654433
114.654433
114.654433
114.654433
114.654433
114.654433
114.654433
114.654433
114.654433
114.654433
114.654433
114.654433
114.654433
114.654433
114.654433
114.654433
114.654433
114.654433
114.654433
114.654433
114.654433
114.654433
114.654433
114.654433
114.654433
114.654433
114.654433
114.654433
114.654433
114.654433
114.654433
114.654433
114.654433
114.654433
114.654433
114.654433
114.654433
114.654433
114.654433
114.654433
114.654433
114.654433
114.654433
114.654433
114.654433
114.654433
114.654433
114.654433
114.654433
114.654433
114.654433
114.654433
114.654433
114.654433
114.654433
114.654433
114.654433
114.654433
114.654433
114.654433
114.654433
114.654433
114.654433
114.654433
114.654433
114.654433
114.654433
114.654433
114.654433
114.654433
114.654433
114.654433
114.654433
114.654433
114.654433
114.654433
114.654433
114.654433
114.654433
114.654433
114.654433
114.654433
114.654433
114.654433
114.654433
114.654433
114.654433
114.654433
114.654433
114.654433
114.654433
114.654433
114.654433
114.654433
114.654433
114.654433
114.654433
114.654433
114.654433
114.654433
114.654433
114.654433
114.654433
114.654433
114.654433
114.654433
114.654433
114.654433
114.654433
114.654433
114.654433
114.654433
114.654433
114.654433
114.654433
114.654433
114.654433
114.654433
114.654433
114.654433
114.654433
114.654433
114.654433
114.654433
114.654433
114.654433
114.654433
114.654433
114.654433
114.654433
114.654433
114.654433
114.654433
114.654433
114.654433
114.654433
114.654433
114.654433
114.654433
114.654433
114.654433
114.654433
114.654433
114.654433
114.654433
114.654433
114.654433
114.654433
114.654433
114.654433
114.654433
114.654433
114.654433
114.654433
114.654433
114.654433
114.654433
114.654433
114.654433
114.654433
114.654433
114.654433
114.654433
114.654433
114.654433
114.654433
114.654433
114.654433
114.654433
114.654433
114.654433
114.654433
114.654433
114.654433
114.654433
114.654433
114.654433
114.654433
114.654433
114.654433
114.654433
114.654433
114.654433
114.654433
114.654433
114.654433
114.654433
114.654433
114.654433
114.654433
114.654433
114.654433
114.654433
114.654433
114.654433
114.654433
114.654433
114.654433
114.654433
114.654433
114.654433
114.654433
114.654433
114.654433
114.654433
114.654433
114.654433
114.654433
114.654433
114.654433
114.654433
114.654433
114.654433
114.654433
114.654433
114.654433
114.654433
114.654433
114.654433
114.654433
114.654433
114.654433
114.654433
114.654433
114.654433
114.654433
114.654433
114.654433
114.654433
114.654433
114.654433
114.654433
114.654433
114.654433
114.654433
114.654433
114.654433
114.654433
114.654433
114.654433
114.654433
114.654433
114.654433
114.654433
114.654433
114.654433
114.654433
114.654433
114.654433
114.654433
114.654433
114.654433
114.654433
114.654433
114.654433
114.654433
114.654433
114.654433
114.654433
114.654433
114.654433
114.654433
114.654433
114.654433
114.654433
114.654433
114.654433
114.654433
114.654433
114.654433
114.654433
114.654433
114.654433
114.654433
114.654433
114.654433
114.654433
114.654433
114.654433
114.654433
114.654433
114.654433
114.654433
114.654433
114.654433
114.654433
114.654433
114.654433
114.654433
114.654433
114.654433
114.654433
114.654433
114.654433
114.654433
114.654433
114.654433
114.654433
114.654433
114.654433
114.654433
114.654433
114.654433
114.654433
114.654433
114.654433
114.654433
114.654433
114.654433
114.654433
114.654433
114.654433
114.654433
114.654433
114.654433
114.654433
114.654433
114.654433
114.654433
114.654433
114.654433
114.654433
114.654433
114.654433
114.654433
114.654433
114.654433
114.654433
114.654433
114.654433
114.654433
114.654433
114.654433
114.654433
114.654433
114.654433
114.654433
114.654433
114.654433
114.654433
114.654433
114.654433
114.654433
114.654433
114.654433
114.654433
114.654433
114.654433
114.654433
114.654433
114.654433
114.654433
114.654433
114.654433
114.654433
114.654433
114.654433
114.654433
114.654433
114.654433
114.654433
114.654433
114.654433
114.654433
114.654433
114.654433
114.654433
114.654433
114.654433
114.654433
114.654433
114.654433
114.654433
114.654433
114.654433
114.654433
114.654433
114.654433
114.654433
114.654433
114.654433
114.654433
114.654433
114.654433
114.654433
114.654433
114.654433
114.654433
114.654433
114.654433
114.654433
114.654433
114.654433
114.654433
114.654433
114.654433
114.654433
114.654433
114.654433
114.654433
114.654433
114.654433
114.654433
114.654433
114.654433
114.654433
114.654433
114.654433
114.654433
114.654433
114.654433
114.654433
114.654433
114.654433
114.654433
114.654433
114.654433
114.654433
114.654433
114.654433
114.654433
114.654433
114.654433
114.654433
114.654433
114.654433
114.654433
114.654433
114.654433
114.654433
114.654433
114.654433
114.654433
114.654433
114.654433
114.654433
114.654433
114.654433
114.654433
114.654433
114.654433
114.654433
114.654433
114.654433
114.654433
114.654433
114.654433
114.654433
114.654433
114.654433
114.654433
114.654433
114.654433
114.654433
114.654433
114.654433
114.654433
114.654433
114.654433
114.654433
114.654433
114.654433
114.654433
114.654433
114.654433
114.654433
114.654433
114.654433
114.654433
114.654433
114.654433
114.654433
114.654433
114.654433
114.654433
114.654433
114.654433
114.654433
114.654433
114.654433
114.654433
114.654433
114.654433
114.654433
114.654433
114.654433
114.654433
114.654433
114.654433
114.654433
114.654433
114.654433
114.654433
114.654433
114.654433
114.654433
114.654433
114.654433
114.654433
114.654433
114.654433
114.654433
114.654433
114.654433
114.654433
114.654433
114.654433
114.654433
114.654433
114.654433
114.654433
114.654433
114.654433
114.654433
114.654433
114.654433
114.654433
114.654433
114.654433
114.654433
114.654433
114.654433
114.654433
114.654433
114.654433
114.654433
114.654433
114.654433
114.654433
114.654433
114.654433
114.654433
114.654433
114.654433
114.654433
114.654433
114.654433
114.654433
114.654433
114.654433
114.654433
114.654433
114.654433
114.654433
114.654433
114.654433
114.654433
114.654433
114.654433
114.654433
114.654433
114.654433
114.654433
114.654433
114.654433
114.654433
114.654433
114.654433
114.654433
114.654433
114.654433
114.654433
114.654433
114.654433
114.654433
114.654433
114.654433
114.654433
114.654433
114.654433
114.654433
114.654433
114.654433
114.654433
114.654433
114.654433
114.654433
114.654433
114.654433
114.654433
114.654433
114.654433
114.654433
114.654433
114.654433
114.654433
114.654433
114.654433
114.654433
114.654433
114.654433
114.654433
114.654433
114.654433
114.654433
114.654433
114.654433
114.654433
114.654433
114.654433
114.654433
114.654433
114.654433
114.654433
114.654433
114.654433
114.654433
114.654433
114.654433
114.654433
114.654433
114.654433
114.654433
114.654433
114.654433
114.654433
114.654433
114.654433
114.654433
114.654433
114.654433
114.654433
114.654433
114.654433
114.654433
114.654433
114.654433
114.654433
114.654433
114.654433
114.654433
114.654433
114.654433
114.654433
114.654433
114.654433
114.654433
114.654433
114.654433
114.654433
114.654433
114.654433
114.654433
114.654433
114.654433
114.654433
114.654433
114.654433
114.654433
114.654433
114.654433
114.654433
114.654433
114.654433
114.654433
114.654433
114.654433
114.654433
114.654433
114.654433
114.654433
114.654433
114.654433
114.654433
114.654433
114.654433
114.654433
114.654433
114.654433
114.654433
114.654433
114.654433
114.654433
114.654433
114.654433
114.654433
114.654433
114.654433
114.654433
114.654433
114.654433
114.654433
114.654433
114.654433
114.654433
114.654433
114.654433
114.654433
114.654433
114.654433
114.654433
114.654433
114.654433
114.654433
114.654433
114.654433
114.654433
114.654433
114.654433
114.654433
114.654433
114.654433
114.654433
114.654433
114.654433
114.654433
114.654433
114.654433
114.654433
114.654433
114.654433
114.654433
114.654433
114.654433
114.654433
114.654433
114.654433
114.654433
114.654433
114.654433
114.654433
114.654433
114.654433
114.654433
114.654433
114.654433
114.654433
114.654433
114.654433
114.654433
114.654433
114.654433
114.654433
114.654433
114.654433
114.654433
114.654433
114.654433
114.654433
114.654433
114.654433
114.654433
114.654433
114.654433
114.654433
114.654433
114.654433
114.654433
114.654433
114.654433
114.654433
114.654433
114.654433
114.654433
114.654433
114.654433
114.654433
114.654433
114.654433
114.654433
114.654433
114.654433
114.654433
114.654433
114.654433
114.654433
114.654433
114.654433
114.654433
114.654433
114.654433
114.654433
114.654433
114.654433
114.654433
114.654433
114.654433
114.654433
114.654433
114.654433
114.654433
114.654433
114.654433
114.654433
114.654433
114.654433
114.654433
114.654433
114.654433
114.654433
114.654433
114.654433
114.654433
114.654433
114.654433
114.654433
114.654433
114.654433
114.654433
114.654433
114.654433
114.654433
114.654433
114.654433
114.654433
114.654433
114.654433
114.654433
114.654433
114.654433
114.654433
114.654433
114.654433
114.654433
114.654433
114.654433
114.654433
114.654433
114.654433
114.654433
114.654433
114.654433
114.654433
114.654433
114.654433
114.654433
114.654433
114.654433
114.654433
114.654433
114.654433
114.654433
114.654433
114.654433
114.654433
114.654433
114.654433
114.654433
114.654433
114.654433
114.654433
114.654433
114.654433
114.654433
114.654433
114.654433
114.654433
114.654433
114.654433
114.654433
114.654433
114.654433
114.654433
114.654433
114.654433
114.654433
114.654433
114.654433
114.654433
114.654433
114.654433
114.654433
114.654433
114.654433
114.654433
114.654433
114.654433
114.654433
114.654433
114.654433
114.654433
114.654433
114.654433
114.654433
114.654433
114.654433
114.654433
114.654433
114.654433
114.654433
114.654433
114.654433
114.654433
114.654433
114.654433
114.654433
114.654433
114.654433
114.654433
114.654433
114.654433
114.654433
114.654433
114.654433
114.654433
114.654433
114.654433
114.654433
114.654433
114.654433
114.654433
114.654433
114.654433
114.654433
114.654433
114.654433
114.654433
114.654433
114.654433
114.654433
114.654433
114.654433
114.654433
114.654433
114.654433
114.654433
114.654433
114.654433
114.654433
114.654433
114.654433
114.654433
114.654433
114.654433
114.654433
114.654433
114.654433
114.654433
114.654433
114.654433
114.654433
114.654433
114.654433
114.654433
114.654433
114.654433
114.654433
114.654433
114.654433
114.654433
114.654433
114.654433
114.654433
114.654433
114.654433
114.654433
114.654433
114.654433
114.654433
114.654433
114.654433
114.654433
114.654433
114.654433
114.654433
114.654433
114.654433
114.654433
114.654433
114.654433
114.654433
114.654433
114.654433
114.654433
114.654433
114.654433
114.654433
114.654433
114.654433
114.654433
114.654433
114.654433
114.654433
114.654433
114.654433
114.654433
114.654433
114.654433
114.654433
114.654433
114.654433
114.654433
114.654433
114.654433
114.654433
114.654433
114.654433
114.654433
114.654433
114.654433
114.654433
114.654433
114.654433
114.654433
114.654433
114.654433
114.654433
114.654433
114.654433
114.654433
114.654433
114.654433
114.654433
114.654433
114.654433
114.654433
114.654433
114.654433
114.654433
114.654433
114.654433
114.654433
114.654433
114.654433
114.654433
114.654433
114.654433
114.654433
114.654433
114.654433
114.654433
114.654433
114.654433
114.654433
114.654433
114.654433
114.654433
114.654433
114.654433
114.654433
114.654433
114.654433
114.654433
114.654433
114.654433
114.654433
114.654433
114.654433
114.654433
114.654433
114.654433
114.654433
114.654433
114.654433
114.654433
114.654433
114.654433
114.654433
114.654433
114.654433
114.654433
114.654433
114.654433
114.654433
114.654433
114.654433
114.654433
114.654433
114.654433
114.654433
114.654433
114.654433
114.654433
114.654433
114.654433
114.654433
114.654433
114.654433
114.654433
114.654433
114.654433
114.654433
114.654433
114.654433
114.654433
114.654433
114.654433
114.654433
114.654433
114.654433
114.654433
114.654433
114.654433
114.654433
114.654433
114.654433
114.654433
114.654433
114.654433
114.654433
114.654433
114.654433
114.654433
114.654433
114.654433
114.654433
114.654433
114.654433
114.654433
114.654433
114.654433
114.654433
114.654433
114.654433
114.654433
114.654433
114.654433
114.654433
114.654433
114.654433
114.654433
114.654433
114.654433
114.654433
114.654433
114.654433
114.654433
114.654433
114.654433
114.654433
114.654433
114.654433
114.654433
114.654433
114.654433
114.654433
114.654433
114.654433
114.654433
114.654433
114.654433
114.654433
114.654433
114.654433
114.654433
114.654433
114.654433
114.654433
114.654433
114.654433
114.654433
114.654433
114.654433
114.654433
114.654433
114.654433
114.654433
114.654433
114.654433
114.654433
114.654433
114.654433
114.654433
114.654433
114.654433
114.654433
114.654433
114.654433
114.654433
114.654433
114.654433
114.654433
114.654433
114.654433
114.654433
114.654433
114.654433
114.654433
114.654433
114.654433
114.654433
114.654433
114.654433
114.654433
114.654433
114.654433
114.654433
114.654433
114.654433
114.654433
114.654433
114.654433
114.654433
114.654433
114.654433
114.654433
114.654433
114.654433
114.654433
114.654433
114.654433
114.654433
114.654433
114.654433
114.654433
114.654433
114.654433
114.654433
114.654433
114.654433
114.654433
114.654433
114.654433
114.654433
114.654433
114.654433
114.654433
114.654433
114.654433
114.654433
114.654433
114.654433
114.654433
114.654433
114.654433
114.654433
114.654433
114.654433
114.654433
114.654433
114.654433
114.654433
114.654433
114.654433
114.654433
114.654433
114.654433
114.654433
114.654433
114.654433
114.654433
114.654433
114.654433
114.654433
114.654433
114.654433
114.654433
114.654433
114.654433
114.654433
114.654433
114.654433
114.654433
114.654433
114.654433
114.654433
114.654433
114.654433
114.654433
114.654433
114.654433
114.654433
114.654433
114.654433
114.654433
114.654433
114.654433
114.654433
114.654433
114.654433
114.654433
114.654433
114.654433
114.654433
114.654433
114.654433
114.654433
114.654433
114.654433
114.654433
114.654433
114.654433
114.654433
114.654433
114.654433
114.654433
114.654433
114.654433
114.654433
114.654433
114.654433
114.654433
114.654433
114.654433
114.654433
114.654433
114.654433
114.654433
114.654433
114.654433
114.654433
114.654433
114.654433
114.654433
114.654433
114.654433
114.654433
114.654433
114.654433
114.654433
114.654433
114.654433
114.654433
114.654433
114.654433
114.654433
114.654433
114.654433
114.654433
114.654433
114.654433
114.654433
114.654433
114.654433
114.654433
114.654433
114.654433
114.654433
114.654433
114.654433
114.654433
114.654433
114.654433
114.654433
114.654433
114.654433
114.654433
114.654433
114.654433
114.654433
114.654433
114.654433
114.654433
114.654433
114.654433
114.654433
114.654433
114.654433
114.654433
114.654433
114.654433
114.654433
114.654433
114.654433
114.654433
114.654433
114.654433
114.654433
114.654433
114.654433
114.654433
114.654433
114.654433
114.654433
114.654433
114.654433
114.654433
114.654433
114.654433
114.654433
114.654433
114.654433
114.654433
114.654433
114.654433
114.654433
114.654433
114.654433
114.654433
114.654433
114.654433
114.654433
114.654433
114.654433
114.654433
114.654433
114.654433
114.654433
114.654433
114.654433
114.654433
114.654433
114.654433
114.654433
114.654433
114.654433
114.654433
114.654433
114.654433
114.654433
114.654433
114.654433
114.654433
114.654433
114.654433
114.654433
114.654433
114.654433
114.654433
114.654433
114.654433
114.654433
114.654433
114.654433
114.654433
114.654433
114.654433
114.654433
114.654433
114.654433
114.654433
114.654433
114.654433
114.654433
114.654433
114.654433
114.654433
114.654433
114.654433
114.654433
114.654433
114.654433
114.654433
114.654433
114.654433
114.654433
114.654433
114.654433
114.654433
114.654433
114.654433
114.654433
114.654433
114.654433
114.654433
114.654433
114.654433
114.654433
114.654433
114.654433
114.654433
114.654433
114.654433
114.654433
114.654433
114.654433
114.654433
114.654433
114.654433
114.654433
114.654433
114.654433
114.654433
114.654433
114.654433
114.654433
114.654433
114.654433
114.654433
114.654433
114.654433
114.654433
114.654433
114.654433
114.654433
114.654433
114.654433
114.654433
114.654433
114.654433
114.654433
114.654433
114.654433
114.654433
114.654433
114.654433
114.654433
114.654433
114.654433
114.654433
114.654433
114.654433
114.654433
114.654433
114.654433
114.654433
114.654433
114.654433
114.654433
114.654433
114.654433
114.654433
114.654433
114.654433
114.654433
114.654433
114.654433
114.654433
114.654433
114.654433
114.654433
114.654433
114.654433
114.654433
114.654433
114.654433
114.654433
114.654433
114.654433
114.654433
114.654433
114.654433
114.654433
114.654433
114.654433
114.654433
114.654433
114.654433
114.654433
114.654433
114.654433
114.654433
114.654433
114.654433
114.654433
114.654433
114.654433
114.654433
114.654433
114.654433
114.654433
114.654433
114.654433
114.654433
114.654433
114.654433
114.654433
114.654433
114.654433
114.654433
114.654433
114.654433
114.654433
114.654433
114.654433
114.654433
114.654433
114.654433
114.654433
114.654433
114.654433
114.654433
114.654433
114.654433
114.654433
114.654433
114.654433
114.654433
114.654433
114.654433
114.654433
114.654433
114.654433
114.654433
114.654433
114.654433
114.654433
114.654433
114.654433
114.654433
114.654433
114.654433
114.654433
114.654433
114.654433
114.654433
114.654433
114.654433
114.654433
114.654433
114.654433
114.654433
114.654433
114.654433
114.654433
114.654433
114.654433
114.654433
114.654433
114.654433
114.654433
114.654433
114.654433
114.654433
114.654433
114.654433
114.654433
114.654433
114.654433
114.654433
114.654433
114.654433
114.654433
114.654433
114.654433
114.654433
114.654433
114.654433
114.654433
114.654433
114.654433
114.654433
114.654433
114.654433
114.654433
114.654433
114.654433
114.654433
114.654433
114.654433
114.654433
114.654433
114.654433
114.654433
114.654433
114.654433
114.654433
114.654433
114.654433
114.654433
114.654433
114.654433
114.654433
114.654433
114.654433
114.654433
114.654433
114.654433
114.654433
114.654433
114.654433
114.654433
114.654433
114.654433
114.654433
114.654433
114.654433
114.654433
114.654433
114.654433
114.654433
114.654433
114.654433
114.654433
114.654433
114.654433
114.654433
114.654433
114.654433
114.654433
114.654433
114.654433
114.654433
114.654433
114.654433
114.654433
114.654433
114.654433
114.654433
114.654433
114.654433
114.654433
114.654433
114.654433
114.654433
114.654433
114.654433
114.654433
114.654433
114.654433
114.654433
114.654433
114.654433
114.654433
114.654433
114.654433
114.654433
114.654433
114.654433
114.654433
114.654433
114.654433
114.654433
114.654433
114.654433
114.654433
114.654433
114.654433
114.654433
114.654433
114.654433
114.654433
114.654433
114.654433
114.654433
114.654433
114.654433
114.654433
114.654433
114.654433
114.654433
114.654433
114.654433
114.654433
114.654433
114.654433
114.654433
114.654433
114.654433
114.654433
114.654433
114.654433
114.654433
114.654433
114.654433
114.654433
114.654433
114.654433
114.654433
114.654433
114.654433
114.654433
114.654433
114.654433
114.654433
114.654433
114.654433
114.654433
114.654433
114.654433
114.654433
114.654433
114.654433
114.654433
114.654433
114.654433
114.654433
114.654433
114.654433
114.654433
114.654433
114.654433
114.654433
114.654433
114.654433
114.654433
114.654433
114.654433
114.654433
114.654433
114.654433
114.654433
114.654433
114.654433
114.654433
114.654433
114.654433
114.654433
114.654433
114.654433
114.654433
114.654433
114.654433
114.654433
114.654433
114.654433
114.654433
114.654433
114.654433
114.654433
114.654433
114.654433
114.654433
114.654433
114.654433
114.654433
114.654433
114.654433
114.654433
114.654433
114.654433
114.654433
114.654433
114.654433
114.654433
114.654433
114.654433
114.654433
114.654433
114.654433
114.654433
114.654433
114.654433
114.654433
114.654433
114.654433
114.654433
114.654433
114.654433
114.654433
114.654433
114.654433
114.654433
114.654433
114.654433
114.654433
114.654433
114.654433
114.654433
114.654433
114.654433
114.654433
114.654433
114.654433
114.654433
114.654433
114.654433
114.654433
114.654433
114.654433
114.654433
114.654433
114.654433
114.654433
114.654433
114.654433
114.654433
114.654433
114.654433
114.654433
114.654433
114.654433
114.654433
114.654433
114.654433
114.654433
114.654433
114.654433
114.654433
114.654433
114.654433
114.654433
114.654433
114.654433
114.654433
114.654433
114.654433
114.654433
114.654433
114.654433
114.654433
114.654433
114.654433
114.654433
114.654433
114.654433
114.654433
114.654433
114.654433
114.654433
114.654433
114.654433
114.654433
114.654433
114.654433
114.654433
114.654433
114.654433
114.654433
114.654433
114.654433
114.654433
114.654433
114.654433
114.654433
114.654433
114.654433
114.654433
114.654433
114.654433
114.654433
114.654433
114.654433
114.654433
114.654433
114.654433
114.654433
114.654433
114.654433
114.654433
114.654433
114.654433
114.654433
114.654433
114.654433
114.654433
114.654433
114.654433
114.654433
114.654433
114.654433
114.654433
114.654433
114.654433
114.654433
114.654433
114.654433
114.654433
114.654433
114.654433
114.654433
114.654433
114.654433
114.654433
114.654433
114.654433
114.654433
114.654433
114.654433
114.654433
114.654433
114.654433
114.654433
114.654433
114.654433
114.654433
114.654433
114.654433
114.654433
114.654433
114.654433
114.654433
114.654433
114.654433
114.654433
114.654433
114.654433
114.654433
114.654433
114.654433
114.654433
114.654433
114.654433
114.654433
114.654433
114.654433
114.654433
114.654433
114.654433
114.654433
114.654433
114.654433
114.654433
114.654433
114.654433
114.654433
114.654433
114.654433
114.654433
114.654433
114.654433
114.654433
114.654433
114.654433
114.654433
114.654433
114.654433
114.654433
114.654433
114.654433
114.654433
114.654433
114.654433
114.654433
114.654433
114.654433
114.654433
114.654433
114.654433
114.654433
114.654433
114.654433
114.654433
114.654433
114.654433
114.654433
114.654433
114.654433
114.654433
114.654433
114.654433
114.654433
114.654433
114.654433
114.654433
114.654433
114.654433
114.654433
114.654433
114.654433
114.654433
114.654433
114.654433
114.654433
114.654433
114.654433
114.654433
114.654433
114.654433
114.654433
114.654433
114.654433
114.654433
114.654433
114.654433
114.654433
114.654433
114.654433
114.654433
114.654433
114.654433
114.654433
114.654433
114.654433
114.654433
114.654433
114.654433
114.654433
114.654433
114.654433
114.654433
114.654433
114.654433
114.654433
114.654433
114.654433
114.654433
114.654433
114.654433
114.654433
114.654433
114.654433
114.654433
114.654433
114.654433
114.654433
114.654433
114.654433
114.654433
114.654433
114.654433
114.654433
114.654433
114.654433
114.654433
114.654433
114.654433
114.654433
114.654433
114.654433
114.654433
114.654433
114.654433
114.654433
114.654433
114.654433
114.654433
114.654433
114.654433
114.654433
114.654433
114.654433
114.654433
114.654433
114.654433
114.654433
114.654433
114.654433
114.654433
114.654433
114.654433
114.654433
114.654433
114.654433
114.654433
114.654433
114.654433
114.654433
114.654433
114.654433
114.654433
114.654433
114.654433
114.654433
114.654433
114.654433
114.654433
114.654433
114.654433
114.654433
114.654433
114.654433
114.654433
114.654433
114.654433
114.654433
114.654433
114.654433
114.654433
114.654433
114.654433
114.654433
114.654433
114.654433
114.654433
114.654433
114.654433
114.654433
114.654433
114.654433
114.654433
114.654433
114.654433
114.654433
114.654433
114.654433
114.654433
114.654433
114.654433
114.654433
114.654433
114.654433
114.654433
114.654433
114.654433
114.654433
114.654433
114.654433
114.654433
114.654433
114.654433
114.654433
114.654433
114.654433
114.654433
114.654433
114.654433
114.654433
114.654433
114.654433
114.654433
114.654433
114.654433
114.654433
114.654433
114.654433
114.654433
114.654433
114.654433
114.654433
114.654433
114.654433
114.654433
114.654433
114.654433
114.654433
114.654433
114.654433
114.654433
114.654433
114.654433
114.654433
114.654433
114.654433
114.654433
114.654433
114.654433
114.654433
114.654433
114.654433
114.654433
114.654433
114.654433
114.654433
114.654433
114.654433
114.654433
114.654433
114.654433
114.654433
114.654433
114.654433
114.654433
114.654433
114.654433
114.654433
114.654433
114.654433
114.654433
114.654433
114.654433
114.654433
114.654433
114.654433
114.654433
114.654433
114.654433
114.654433
114.654433
114.654433
114.654433
114.654433
114.654433
114.654433
114.654433
114.654433
114.654433
114.654433
114.654433
114.654433
114.654433
114.654433
114.654433
114.654433
114.654433
114.654433
114.654433
114.654433
114.654433
114.654433
114.654433
114.654433
114.654433
114.654433
114.654433
114.654433
114.654433
114.654433
114.654433
114.654433
114.654433
114.654433
114.654433
114.654433
114.654433
114.654433
114.654433
114.654433
114.654433
114.654433
114.654433
114.654433
114.654433
114.654433
114.654433
114.654433
114.654433
114.654433
114.654433
114.654433
114.654433
114.654433
114.654433
114.654433
114.654433
114.654433
114.654433
114.654433
114.654433
114.654433
114.654433
114.654433
114.654433
114.654433
114.654433
114.654433
114.654433
114.654433
114.654433
114.654433
114.654433
114.654433
114.654433
114.654433
114.654433
114.654433
114.654433
114.654433
114.654433
114.654433
114.654433
114.654433
114.654433
114.654433
114.654433
114.654433
114.654433
114.654433
114.654433
114.654433
114.654433
114.654433
114.654433
114.654433
114.654433
114.654433
114.654433
114.654433
114.654433
114.654433
114.654433
114.654433
114.654433
114.654433
114.654433
114.654433
114.654433
114.654433
114.654433
114.654433
114.654433
114.654433
114.654433
114.654433
114.654433
114.654433
114.654433
114.654433
114.654433
114.654433
114.654433
114.654433
114.654433
114.654433
114.654433
114.654433
114.654433
114.654433
114.654433
114.654433
114.654433
114.654433
114.654433
114.654433
114.654433
114.654433
114.654433
114.654433
114.654433
114.654433
114.654433
114.654433
114.654433
114.654433
114.654433
114.654433
114.654433
114.654433
114.654433
114.654433
114.654433
114.654433
114.654433
114.654433
114.654433
114.654433
114.654433
114.654433
114.654433
114.654433
114.654433
114.654433
114.654433
114.654433
114.654433
114.654433
114.654433
114.654433
114.654433
114.654433
114.654433
114.654433
114.654433
114.654433
114.654433
114.654433
114.654433
114.654433
114.654433
114.654433
114.654433
114.654433
114.654433
114.654433
114.654433
114.654433
114.654433
114.654433
114.654433
114.654433
114.654433
114.654433
114.654433
114.654433
114.654433
114.654433
114.654433
114.654433
114.654433
114.654433
114.654433
114.654433
114.654433
114.654433
114.654433
114.654433
114.654433
114.654433
114.654433
114.654433
114.654433
114.654433
114.654433
114.654433
114.654433
114.654433
114.654433
114.654433
114.654433
114.654433
114.654433
114.654433
114.654433
114.654433
114.654433
114.654433
114.654433
114.654433
114.654433
114.654433
114.654433
114.654433
114.654433
114.654433
114.654433
114.654433
114.654433
114.654433
114.654433
114.654433
114.654433
114.654433
114.654433
114.654433
114.654433
114.654433
114.654433
114.654433
114.654433
114.654433
114.654433
114.654433
114.654433
114.654433
114.654433
114.654433
114.654433
114.654433
114.654433
114.654433
114.654433
114.654433
114.654433
114.654433
114.654433
114.654433
114.654433
114.654433
114.654433
114.654433
114.654433
114.654433
114.654433
114.654433
114.654433
114.654433
114.654433
114.654433
114.654433
114.654433
114.654433
114.654433
114.654433
114.654433
114.654433
114.654433
114.654433
114.654433
114.654433
114.654433
114.654433
114.654433
114.654433
114.654433
114.654433
114.654433
114.654433
114.654433
114.654433
114.654433
114.654433
114.654433
114.654433
114.654433
114.654433
114.654433
114.654433
114.654433
114.654433
114.654433
114.654433
114.654433
114.654433
114.654433
114.654433
114.654433
114.654433
114.654433
114.654433
114.654433
114.654433
114.654433
114.654433
114.654433
114.654433
114.654433
114.654433
114.654433
114.654433
114.654433
114.654433
114.654433
114.654433
114.654433
114.654433
114.654433
114.654433
114.654433
114.654433
114.654433
114.654433
114.654433
114.654433
114.654433
114.654433
114.654433
114.654433
114.654433
114.654433
114.654433
114.654433
114.654433
114.654433
114.654433
114.654433
114.654433
114.654433
114.654433
114.654433
114.654433
114.654433
114.654433
114.654433
114.654433
114.654433
114.654433
114.654433
114.654433
114.654433
114.654433
114.654433
114.654433
114.654433
114.654433
114.654433
114.654433
114.654433
114.654433
114.654433
114.654433
114.654433
114.654433
114.654433
114.654433
114.654433
114.654433
114.654433
114.654433
114.654433
114.654433
114.654433
114.654433
114.654433
114.654433
114.654433
114.654433
114.654433
114.654433
114.654433
114.654433
114.654433
114.654433
114.654433
114.654433
114.654433
114.654433
114.654433
114.654433
114.654433
114.654433
114.654433
114.654433
114.654433
114.654433
114.654433
114.654433
114.654433
114.654433
114.654433
114.654433
114.654433
114.654433
114.654433
114.654433
114.654433
114.654433
114.654433
114.654433
114.654433
114.654433
114.654433
114.654433
114.654433
114.654433
114.654433
114.654433
114.654433
114.654433
114.654433
114.654433
114.654433
114.654433
114.654433
114.654433
114.654433
114.654433
114.654433
114.654433
114.654433
114.654433
114.654433
114.654433
114.654433
114.654433
114.654433
114.654433
114.654433
114.654433
114.654433
114.654433
114.654433
114.654433
114.654433
114.654433
114.654433
114.654433
114.654433
114.654433
114.654433
114.654433
114.654433
114.654433
114.654433
114.654433
114.654433
114.654433
114.654433
114.654433
114.654433
114.654433
114.654433
114.654433
114.654433
114.654433
114.654433
114.654433
114.654433
114.654433
114.654433
114.654433
114.654433
114.654433
114.654433
114.654433
114.654433
114.654433
114.654433
114.654433
114.654433
114.654433
114.654433
114.654433
114.654433
114.654433
114.654433
114.654433
114.654433
114.654433
114.654433
114.654433
114.654433
114.654433
114.654433
114.654433
114.654433
114.654433
114.654433
114.654433
114.654433
114.654433
114.654433
114.654433
114.654433
114.654433
114.654433
114.654433
114.654433
114.654433
114.654433
114.654433
114.654433
114.654433
114.654433
114.654433
114.654433
114.654433
114.654433
114.654433
114.654433
114.654433
114.654433
114.654433
114.654433
114.654433
114.654433
114.654433
114.654433
114.654433
114.654433
114.654433
114.654433
114.654433
114.654433
114.654433
114.654433
114.654433
114.654433
114.654433
114.654433
114.654433
114.654433
114.654433
114.654433
114.654433
114.654433
114.654433
114.654433
114.654433
114.654433
114.654433
114.654433
114.654433
114.654433
114.654433
114.654433
114.654433
114.654433
114.654433
114.654433
114.654433
114.654433
114.654433
114.654433
114.654433
114.654433
114.654433
114.654433
114.654433
114.654433
114.654433
114.654433
114.654433
114.654433
114.654433
114.654433
114.654433
114.654433
114.654433
114.654433
114.654433
114.654433
114.654433
114.654433
114.654433
114.654433
114.654433
114.654433
114.654433
114.654433
114.654433
114.654433
114.654433
114.654433
114.654433
114.654433
114.654433
114.654433
114.654433
114.654433
114.654433
114.654433
114.654433
114.654433
114.654433
114.654433
114.654433
114.654433
114.654433
114.654433
114.654433
114.654433
114.654433
114.654433
114.654433
114.654433
114.654433
114.654433
114.654433
114.654433
114.654433
114.654433
114.654433
114.654433
114.654433
114.654433
114.654433
114.654433
114.654433
114.654433
114.654433
114.654433
114.654433
114.654433
114.654433
114.654433
114.654433
114.654433
114.654433
114.654433
114.654433
114.654433
114.654433
114.654433
114.654433
114.654433
114.654433
114.654433
114.654433
114.654433
114.654433
114.654433
114.654433
114.654433
114.654433
114.654433
114.654433
114.654433
114.654433
114.654433
114.654433
114.654433
114.654433
114.654433
114.654433
114.654433
114.654433
114.654433
114.654433
114.654433
114.654433
114.654433
114.654433
114.654433
114.654433
114.654433
114.654433
114.654433
114.654433
114.654433
114.654433
114.654433
114.654433
114.654433
114.654433
114.654433
114.654433
114.654433
114.654433
114.654433
114.654433
114.654433
114.654433
114.654433
114.654433
114.654433
114.654433
114.654433
114.654433
114.654433
114.654433
114.654433
114.654433
114.654433
114.654433
114.654433
114.654433
114.654433
114.654433
114.654433
114.654433
114.654433
114.654433
114.654433
114.654433
114.654433
114.654433
114.654433
114.654433
114.654433
114.654433
114.654433
114.654433
114.654433
114.654433
114.654433
114.654433
114.654433
114.654433
114.654433
114.654433
114.654433
114.654433
114.654433
114.654433
114.654433
114.654433
114.654433
114.654433
114.654433
114.654433
114.654433
114.654433
114.654433
114.654433
114.654433
114.654433
114.654433
114.654433
114.654433
114.654433
114.654433
114.654433
114.654433
114.654433
114.654433
114.654433
114.654433
114.654433
114.654433
114.654433
114.654433
114.654433
114.654433
114.654433
114.654433
114.654433
114.654433
114.654433
114.654433
114.654433
114.654433
114.654433
114.654433
114.654433
114.654433
114.654433
114.654433
114.654433
114.654433
114.654433
114.654433
114.654433
114.654433
114.654433
114.654433
114.654433
114.654433
114.654433
114.654433
114.654433
114.654433
114.654433
114.654433
114.654433
114.654433
114.654433
114.654433
114.654433
114.654433
114.654433
114.654433
114.654433
114.654433
114.654433
114.654433
114.654433
114.654433
114.654433
114.654433
114.654433
114.654433
114.654433
114.654433
114.654433
114.654433
114.654433
114.654433
114.654433
114.654433
114.654433
114.654433
114.654433
114.654433
114.654433
114.654433
114.654433
114.654433
114.654433
114.654433
114.654433
114.654433
114.654433
114.654433
114.654433
114.654433
114.654433
114.654433
114.654433
114.654433
114.654433
114.654433
114.654433
114.654433
114.654433
114.654433
114.654433
114.654433
114.654433
114.654433
114.654433
114.654433
114.654433
114.654433
114.654433
114.654433
114.654433
114.654433
114.654433
114.654433
114.654433
114.654433
114.654433
114.654433
114.654433
114.654433
114.654433
114.654433
114.654433
114.654433
114.654433
114.654433
114.654433
114.654433
114.654433
114.654433
114.654433
114.654433
114.654433
114.654433
114.654433
114.654433
114.654433
114.654433
114.654433
114.654433
114.654433
114.654433
114.654433
114.654433
114.654433
114.654433
114.654433
114.654433
114.654433
114.654433
114.654433
114.654433
114.654433
114.654433
114.654433
114.654433
114.654433
114.654433
114.654433
114.654433
114.654433
114.654433
114.654433
114.654433
114.654433
114.654433
114.654433
114.654433
114.654433
114.654433
114.654433
114.654433
114.654433
114.654433
114.654433
114.654433
114.654433
114.654433
114.654433
114.654433
114.654433
114.654433
114.654433
114.654433
114.654433
114.654433
114.654433
114.654433
114.654433
114.654433
114.654433
114.654433
114.654433
114.654433
114.654433
114.654433
114.654433
114.654433
114.654433
114.654433
114.654433
114.654433
114.654433
114.654433
114.654433
114.654433
114.654433
114.654433
114.654433
114.654433
114.654433
114.654433
114.654433
114.654433
114.654433
114.654433
114.654433
114.654433
114.654433
114.654433
114.654433
114.654433
114.654433
114.654433
114.654433
114.654433
114.654433
114.654433
114.654433
114.654433
114.654433
114.654433
114.654433
114.654433
114.654433
114.654433
114.654433
114.654433
114.654433
114.654433
114.654433
114.654433
114.654433
114.654433
114.654433
114.654433
114.654433
114.654433
114.654433
114.654433
114.654433
114.654433
114.654433
114.654433
114.654433
114.654433
114.654433
114.654433
114.654433
114.654433
114.654433
114.654433
114.654433
114.654433
114.654433
114.654433
114.654433
114.654433
114.654433
114.654433
114.654433
114.654433
114.654433
114.654433
114.654433
114.654433
114.654433
114.654433
114.654433
114.654433
114.654433
114.654433
114.654433
114.654433
114.654433
114.654433
114.654433
114.654433
114.654433
114.654433
114.654433
114.654433
114.654433
114.654433
114.654433
114.654433
114.654433
114.654433
114.654433
114.654433
114.654433
114.654433
114.654433
114.654433
114.654433
114.654433
114.654433
114.654433
114.654433
114.654433
114.654433
114.654433
114.654433
114.654433
114.654433
114.654433
114.654433
114.654433
114.654433
114.654433
114.654433
114.654433
114.654433
114.654433
114.654433
114.654433
114.654433
114.654433
114.654433
114.654433
114.654433
114.654433
114.654433
114.654433
114.654433
114.654433
114.654433
114.654433
114.654433
114.654433
114.654433
114.654433
114.654433
114.654433
114.654433
114.654433
114.654433
114.654433
114.654433
114.654433
114.654433
114.654433
114.654433
114.654433
114.654433
114.654433
114.654433
114.654433
114.654433
114.654433
114.654433
114.654433
114.654433
114.654433
114.654433
114.654433
114.654433
114.654433
114.654433
114.654433
114.654433
114.654433
114.654433
114.654433
114.654433
114.654433
114.654433
114.654433
114.654433
114.654433
114.654433
114.654433
114.654433
114.654433
114.654433
114.654433
114.654433
114.654433
114.654433
114.654433
114.654433
114.654433
114.654433
114.654433
114.654433
114.654433
114.654433
114.654433
114.654433
114.654433
114.654433
114.654433
114.654433
114.654433
114.654433
114.654433
114.654433
114.654433
114.654433
114.654433
114.654433
114.654433
114.654433
114.654433
114.654433
114.654433
114.654433
114.654433
114.654433
114.654433
114.654433
114.654433
114.654433
114.654433
114.654433
114.654433
114.654433
114.654433
114.654433
114.654433
114.654433
114.654433
114.654433
114.654433
114.654433
114.654433
114.654433
114.654433
114.654433
114.654433
114.654433
114.654433
114.654433
114.654433
114.654433
114.654433
114.654433
114.654433
114.654433
114.654433
114.654433
114.654433
114.654433
114.654433
114.654433
114.654433
114.654433
114.654433
114.654433
114.654433
114.654433
114.654433
114.654433
114.654433
114.654433
114.654433
114.654433
114.654433
114.654433
114.654433
114.654433
114.654433
114.654433
114.654433
114.654433
114.654433
114.654433
114.654433
114.654433
114.654433
114.654433
114.654433
114.654433
114.654433
114.654433
114.654433
114.654433
114.654433
114.654433
114.654433
114.654433
114.654433
114.654433
114.654433
114.654433
114.654433
114.654433
114.654433
114.654433
114.654433
114.654433
114.654433
114.654433
114.654433
114.654433
114.654433
114.654433
114.654433
114.654433
114.654433
114.654433
114.654433
114.654433
114.654433
114.654433
114.654433
114.654433
114.654433
114.654433
114.654433
114.654433
114.654433
114.654433
114.654433
114.654433
114.654433
114.654433
114.654433
114.654433
114.654433
114.654433
114.654433
114.654433
114.654433
114.654433
114.654433
114.654433
114.654433
114.654433
114.654433
114.654433
114.654433
114.654433
114.654433
114.654433
114.654433
114.654433
114.654433
114.654433
114.654433
114.654433
114.654433
114.654433
114.654433
114.654433
114.654433
114.654433
114.654433
114.654433
114.654433
114.654433
114.654433
114.654433
114.654433
114.654433
114.654433
114.654433
114.654433
114.654433
114.654433
114.654433
114.654433
114.654433
114.654433
114.654433
114.654433
114.654433
114.654433
114.654433
114.654433
114.654433
114.654433
114.654433
114.654433
114.654433
114.654433
114.654433
114.654433
114.654433
114.654433
114.654433
114.654433
114.654433
114.654433
114.654433
114.654433
114.654433
114.654433
114.654433
114.654433
114.654433
114.654433
114.654433
114.654433
114.654433
114.654433
114.654433
114.654433
114.654433
114.654433
114.654433
114.654433
114.654433
114.654433
114.654433
114.654433
114.654433
114.654433
114.654433
114.654433
114.654433
114.654433
114.654433
114.654433
114.654433
114.654433
114.654433
114.654433
114.654433
114.654433
114.654433
114.654433
114.654433
114.654433
114.654433
114.654433
114.654433
114.654433
114.654433
114.654433
114.654433
114.654433
114.654433
114.654433
114.654433
114.654433
114.654433
114.654433
114.654433
114.654433
114.654433
114.654433
114.654433
114.654433
114.654433
114.654433
114.654433
114.654433
114.654433
114.654433
114.654433
114.654433
114.654433
114.654433
114.654433
114.654433
114.654433
114.654433
114.654433
114.654433
114.654433
114.654433
114.654433
114.654433
114.654433
114.654433
114.654433
114.654433
114.654433
114.654433
114.654433
114.654433
114.654433
114.654433
114.654433
114.654433
114.654433
114.654433
114.654433
114.654433
114.654433
114.654433
114.654433
114.654433
114.654433
114.654433
114.654433
114.654433
114.654433
114.654433
114.654433
114.654433
114.654433
114.654433
114.654433
114.654433
114.654433
114.654433
114.654433
114.654433
114.654433
114.654433
114.654433
114.654433
114.654433
114.654433
114.654433
114.654433
114.654433
114.654433
114.654433
114.654433
114.654433
114.654433
114.654433
114.654433
114.654433
114.654433
114.654433
114.654433
114.654433
114.654433
114.654433
114.654433
114.654433
114.654433
114.654433
114.654433
114.654433
114.654433
114.654433
114.654433
114.654433
114.654433
114.654433
114.654433
114.654433
114.654433
114.654433
114.654433
114.654433
114.654433
114.654433
114.654433
114.654433
114.654433
114.654433
114.654433
114.654433
114.654433
114.654433
114.654433
114.654433
114.654433
114.654433
114.654433
114.654433
114.654433
114.654433
114.654433
114.654433
114.654433
114.654433
114.654433
114.654433
114.654433
114.654433
114.654433
114.654433
114.654433
114.654433
114.654433
114.654433
114.654433
114.654433
114.654433
114.654433
114.654433
114.654433
114.654433
114.654433
114.654433
114.654433
114.654433
114.654433
114.654433
114.654433
114.654433
114.654433
114.654433
114.654433
114.654433
114.654433
114.654433
114.654433
114.654433
114.654433
114.654433
114.654433
114.654433
114.654433
114.654433
114.654433
114.654433
114.654433
114.654433
114.654433
114.654433
114.654433
114.654433
114.654433
114.654433
114.654433
114.654433
114.654433
114.654433
114.654433
114.654433
114.654433
114.654433
114.654433
114.654433
114.654433
114.654433
114.654433
114.654433
114.654433
114.654433
114.654433
114.654433
114.654433
114.654433
114.654433
114.654433
114.654433
114.654433
114.654433
114.654433
114.654433
114.654433
114.654433
114.654433
114.654433
114.654433
114.654433
114.654433
114.654433
114.654433
114.654433
114.654433
114.654433
114.654433
114.654433
114.654433
114.654433
114.654433
114.654433
114.654433
114.654433
114.654433
114.654433
114.654433
114.654433
114.654433
114.654433
114.654433
114.654433
114.654433
114.654433
114.654433
114.654433
114.654433
114.654433
114.654433
114.654433
114.654433
114.654433
114.654433
114.654433
114.654433
114.654433
114.654433
114.654433
114.654433
114.654433
114.654433
114.654433
114.654433
114.654433
114.654433
114.654433
114.654433
114.654433
114.654433
114.654433
114.654433
114.654433
114.654433
114.654433
114.654433
114.654433
114.654433
114.654433
114.654433
114.654433
114.654433
114.654433
114.654433
114.654433
114.654433
114.654433
114.654433
114.654433
114.654433
114.654433
114.654433
114.654433
114.654433
114.654433
114.654433
114.654433
114.654433
114.654433
114.654433
114.654433
114.654433
114.654433
114.654433
114.654433
114.654433
114.654433
114.654433
114.654433
114.654433
114.654433
114.654433
114.654433
114.654433
114.654433
114.654433
114.654433
114.654433
114.654433
114.654433
114.654433
114.654433
114.654433
114.654433
114.654433
114.654433
114.654433
114.654433
114.654433
114.654433
114.654433
114.654433
114.654433
114.654433
114.654433
114.654433
114.654433
114.654433
114.654433
114.654433
114.654433
114.654433
114.654433
114.654433
114.654433
114.654433
114.654433
114.654433
114.654433
114.654433
114.654433
114.654433
114.654433
114.654433
114.654433
114.654433
114.654433
114.654433
114.654433
114.654433
114.654433
114.654433
114.654433
114.654433
114.654433
114.654433
114.654433
114.654433
114.654433
114.654433
114.654433
114.654433
114.654433
114.654433
114.654433
114.654433
114.654433
114.654433
114.654433
114.654433
114.654433
114.654433
114.654433
114.654433
114.654433
114.654433
114.654433
114.654433
114.654433
114.654433
114.654433
114.654433
114.654433
114.654433
114.654433
114.654433
114.654433
114.654433
114.654433
114.654433
114.654433
114.654433
114.654433
114.654433
114.654433
114.654433
114.654433
114.654433
114.654433
114.654433
114.654433
114.654433
114.654433
114.654433
114.654433
114.654433
114.654433
114.654433
114.654433
114.654433
114.654433
114.654433
114.654433
114.654433
114.654433
114.654433
114.654433
114.654433
114.654433
114.654433
114.654433
114.654433
114.654433
114.654433
114.654433
114.654433
114.654433
114.654433
114.654433
114.654433
114.654433
114.654433
114.654433
114.654433
114.654433
114.654433
114.654433
114.654433
114.654433
114.654433
114.654433
114.654433
114.654433
114.654433
114.654433
114.654433
114.654433
114.654433
114.654433
114.654433
114.654433
114.654433
114.654433
114.654433
114.654433
114.654433
114.654433
114.654433
114.654433
114.654433
114.654433
114.654433
114.654433
114.654433
114.654433
114.654433
114.654433
114.654433
114.654433
114.654433
114.654433
114.654433
114.654433
114.654433
114.654433
114.654433
114.654433
114.654433
114.654433
114.654433
114.654433
114.654433
114.654433
114.654433
114.654433
114.654433
114.654433
114.654433
114.654433
114.654433
114.654433
114.654433
114.654433
114.654433
114.654433
114.654433
114.654433
114.654433
114.654433
114.654433
114.654433
114.654433
114.654433
114.654433
114.654433
114.654433
114.654433
114.654433
114.654433
114.654433
114.654433
114.654433
114.654433
114.654433
114.654433
114.654433
114.654433
114.654433
114.654433
114.654433
114.654433
114.654433
114.654433
114.654433
114.654433
114.654433
114.654433
114.654433
114.654433
114.654433
114.654433
114.654433
114.654433
114.654433
114.654433
114.654433
114.654433
114.654433
114.654433
114.654433
114.654433
114.654433
114.654433
114.654433
114.654433
114.654433
114.654433
114.654433
114.654433
114.654433
114.654433
114.654433
114.654433
114.654433
114.654433
114.654433
114.654433
114.654433
114.654433
114.654433
114.654433
114.654433
114.654433
114.654433
114.654433
114.654433
114.654433
114.654433
114.654433
114.654433
114.654433
114.654433
114.654433
114.654433
114.654433
114.654433
114.654433
114.654433
114.654433
114.654433
114.654433
114.654433
114.654433
114.654433
114.654433
114.654433
114.654433
114.654433
114.654433
114.654433
114.654433
114.654433
114.654433
114.654433
114.654433
114.654433
114.654433
114.654433
114.654433
114.654433
114.654433
114.654433
114.654433
114.654433
114.654433
114.654433
114.654433
114.654433
114.654433
114.654433
114.654433
114.654433
114.654433
114.654433
114.654433
114.654433
114.654433
114.654433
114.654433
114.654433
114.654433
114.654433
114.654433
114.654433
114.654433
114.654433
114.654433
114.654433
114.654433
114.654433
114.654433
114.654433
114.654433
114.654433
114.654433
114.654433
114.654433
114.654433
114.654433
114.654433
114.654433
114.654433
114.654433
114.654433
114.654433
114.654433
114.654433
114.654433
114.654433
114.654433
114.654433
114.654433
114.654433
114.654433
114.654433
114.654433
114.654433
114.654433
114.654433
114.654433
114.654433
114.654433
114.654433
114.654433
114.654433
114.654433
114.654433
114.654433
114.654433
114.654433
114.654433
114.654433
114.654433
114.654433
114.654433
114.654433
114.654433
114.654433
114.654433
114.654433
114.654433
114.654433
114.654433
114.654433
114.654433
114.654433
114.654433
114.654433
114.654433
114.654433
114.654433
114.654433
114.654433
114.654433
114.654433
114.654433
114.654433
114.654433
114.654433
114.654433
114.654433
114.654433
114.654433
114.654433
114.654433
114.654433
114.654433
114.654433
114.654433
114.654433
114.654433
114.654433
114.654433
114.654433
114.654433
114.654433
114.654433
114.654433
114.654433
114.654433
114.654433
114.654433
114.654433
114.654433
114.654433
114.654433
114.654433
114.654433
114.654433
114.654433
114.654433
114.654433
114.654433
114.654433
114.654433
114.654433
114.654433
114.654433
114.654433
114.654433
114.654433
114.654433
114.654433
114.654433
114.654433
114.654433
114.654433
114.654433
114.654433
114.654433
114.654433
114.654433
114.654433
114.654433
114.654433
114.654433
114.654433
114.654433
114.654433
114.654433
114.654433
114.654433
114.654433
114.654433
114.654433
114.654433
114.654433
114.654433
114.654433
114.654433
114.654433
114.654433
114.654433
114.654433
114.654433
114.654433
114.654433
114.654433
114.654433
114.654433
114.654433
114.654433
114.654433
114.654433
114.654433
114.654433
114.654433
114.654433
114.654433
114.654433
114.654433
114.654433
114.654433
114.654433
114.654433
114.654433
114.654433
114.654433
114.654433
114.654433
114.654433
114.654433
114.654433
114.654433
114.654433
114.654433
114.654433
114.654433
114.654433
114.654433
114.654433
114.654433
114.654433
114.654433
114.654433
114.654433
114.654433
114.654433
114.654433
114.654433
114.654433
114.654433
114.654433
114.654433
114.654433
114.654433
114.654433
114.654433
114.654433
114.654433
114.654433
114.654433
114.654433
114.654433
114.654433
114.654433
114.654433
114.654433
114.654433
114.654433
114.654433
114.654433
114.654433
114.654433
114.654433
114.654433
114.654433
114.654433
114.654433
114.654433
114.654433
114.654433
114.654433
114.654433
114.654433
114.654433
114.654433
114.654433
114.654433
114.654433
114.654433
114.654433
114.654433
114.654433
114.654433
114.654433
114.654433
114.654433
114.654433
114.654433
114.654433
114.654433
114.654433
114.654433
114.654433
114.654433
114.654433
114.654433
114.654433
114.654433
114.654433
114.654433
114.654433
114.654433
114.654433
114.654433
114.654433
114.654433
114.654433
114.654433
114.654433
114.654433
114.654433
114.654433
114.654433
114.654433
114.654433
114.654433
114.654433
114.654433
114.654433
114.654433
114.654433
114.654433
114.654433
114.654433
114.654433
114.654433
114.654433
114.654433
114.654433
114.654433
114.654433
114.654433
114.654433
114.654433
114.654433
114.654433
114.654433
114.654433
114.654433
114.654433
114.654433
114.654433
114.654433
114.654433
114.654433
114.654433
114.654433
114.654433
114.654433
114.654433
114.654433
114.654433
114.654433
114.654433
114.654433
114.654433
114.654433
114.654433
114.654433
114.654433
114.654433
114.654433
114.654433
114.654433
114.654433
114.654433
114.654433
114.654433
114.654433
114.654433
114.654433
114.654433
114.654433
114.654433
114.654433
114.654433
114.654433
114.654433
114.654433
114.654433
114.654433
114.654433
114.654433
114.654433
114.654433
114.654433
114.654433
114.654433
114.654433
114.654433
114.654433
114.654433
114.654433
114.654433
114.654433
114.654433
114.654433
114.654433
114.654433
114.654433
114.654433
114.654433
114.654433
114.654433
114.654433
114.654433
114.654433
114.654433
114.654433
114.654433
114.654433
114.654433
114.654433
114.654433
114.654433
114.654433
114.654433
114.654433
114.654433
114.654433
114.654433
114.654433
114.654433
114.654433
114.654433
114.654433
114.654433
114.654433
114.654433
114.654433
114.654433
114.654433
114.654433
114.654433
114.654433
114.654433
114.654433
114.654433
114.654433
114.654433
114.654433
114.654433
114.654433
114.654433
114.654433
114.654433
114.654433
114.654433
114.654433
114.654433
114.654433
114.654433
114.654433
114.654433
114.654433
114.654433
114.654433
114.654433
114.654433
114.654433
114.654433
114.654433
114.654433
114.654433
114.654433
114.654433
114.654433
114.654433
114.654433
114.654433
114.654433
114.654433
114.654433
114.654433
114.654433
114.654433
114.654433
114.654433
114.654433
114.654433
114.654433
114.654433
114.654433
114.654433
114.654433
114.654433
114.654433
114.654433
114.654433
114.654433
114.654433
114.654433
114.654433
114.654433
114.654433
114.654433
114.654433
114.654433
114.654433
114.654433
114.654433
114.654433
114.654433
114.654433
114.654433
114.654433
114.654433
114.654433
114.654433
114.654433
114.654433
114.654433
114.654433
114.654433
114.654433
114.654433
114.654433
114.654433
114.654433
114.654433
114.654433
114.654433
114.654433
114.654433
114.654433
114.654433
114.654433
114.654433
114.654433
114.654433
114.654433
114.654433
114.654433
114.654433
114.654433
114.654433
114.654433
114.654433
114.654433
114.654433
114.654433
114.654433
114.654433
114.654433
114.654433
114.654433
114.654433
114.654433
114.654433
114.654433
114.654433
114.654433
114.654433
114.654433
114.654433
114.654433
114.654433
114.654433
114.654433
114.654433
114.654433
114.654433
114.654433
114.654433
114.654433
114.654433
114.654433
114.654433
114.654433
114.654433
114.654433
114.654433
114.654433
114.654433
114.654433
114.654433
114.654433
114.654433
114.654433
114.654433
114.654433
114.654433
114.654433
114.654433
114.654433
114.654433
114.654433
114.654433
114.654433
114.654433
114.654433
114.654433
114.654433
114.654433
114.654433
114.654433
114.654433
114.654433
114.654433
114.654433
114.654433
114.654433
114.654433
114.654433
114.654433
114.654433
114.654433
114.654433
114.654433
114.654433
114.654433
114.654433
114.654433
114.654433
114.654433
114.654433
114.654433
114.654433
114.654433
114.654433
114.654433
114.654433
114.654433
114.654433
114.654433
114.654433
114.654433
114.654433
114.654433
114.654433
114.654433
114.654433
114.654433
114.654433
114.654433
114.654433
114.654433
114.654433
114.654433
114.654433
114.654433
114.654433
114.654433
114.654433
114.654433
114.654433
114.654433
114.654433
114.654433
114.654433
114.654433
114.654433
114.654433
114.654433
114.654433
114.654433
114.654433
114.654433
114.654433
114.654433
114.654433
114.654433
114.654433
114.654433
114.654433
114.654433
114.654433
114.654433
114.654433
114.654433
114.654433
114.654433
114.654433
114.654433
114.654433
114.654433
114.654433
114.654433
114.654433
114.654433
114.654433
114.654433
114.654433
114.654433
114.654433
114.654433
114.654433
114.654433
114.654433
114.654433
114.654433
114.654433
114.654433
114.654433
114.654433
114.654433
114.654433
114.654433
114.654433
114.654433
114.654433
114.654433
114.654433
114.654433
114.654433
114.654433
114.654433
114.654433
114.654433
114.654433
114.654433
114.654433
114.654433
114.654433
114.654433
114.654433
114.654433
114.654433
114.654433
114.654433
114.654433
114.654433
114.654433
114.654433
114.654433
114.654433
114.654433
114.654433
114.654433
114.654433
114.654433
114.654433
114.654433
114.654433
114.654433
114.654433
114.654433
114.654433
114.654433
114.654433
114.654433
114.654433
114.654433
114.654433
114.654433
114.654433
114.654433
114.654433
114.654433
114.654433
114.654433
114.654433
114.654433
114.654433
114.654433
114.654433
114.654433
114.654433
114.654433
114.654433
114.654433
114.654433
114.654433
114.654433
114.654433
114.654433
114.654433
114.654433
114.654433
114.654433
114.654433
114.654433
114.654433
114.654433
114.654433
114.654433
114.654433
114.654433
114.654433
114.654433
114.654433
114.654433
114.654433
114.654433
114.654433
114.654433
114.654433
114.654433
114.654433
114.654433
114.654433
114.654433
114.654433
114.654433
114.654433
114.654433
114.654433
114.654433
114.654433
114.654433
114.654433
114.654433
114.654433
114.654433
114.654433
114.654433
114.654433
114.654433
114.654433
114.654433
114.654433
114.654433
114.654433
114.654433
114.654433
114.654433
114.654433
114.654433
114.654433
114.654433
114.654433
114.654433
114.654433
114.654433
114.654433
114.654433
114.654433
114.654433
114.654433
114.654433
114.654433
114.654433
114.654433
114.654433
114.654433
114.654433
114.654433
114.654433
114.654433
114.654433
114.654433
114.654433
114.654433
114.654433
114.654433
114.654433
114.654433
114.654433
114.654433
114.654433
114.654433
114.654433
114.654433
114.654433
114.654433
114.654433
114.654433
114.654433
114.654433
114.654433
114.654433
114.654433
114.654433
114.654433
114.654433
114.654433
114.654433
114.654433
114.654433
114.654433
114.654433
114.654433
114.654433
114.654433
114.654433
114.654433
114.654433
114.654433
114.654433
114.654433
114.654433
114.654433
114.654433
114.654433
114.654433
114.654433
114.654433
114.654433
114.654433
114.654433
114.654433
114.654433
114.654433
114.654433
114.654433
114.654433
114.654433
114.654433
114.654433
114.654433
114.654433
114.654433
114.654433
114.654433
114.654433
114.654433
114.654433
114.654433
114.654433
114.654433
114.654433
114.654433
114.654433
114.654433
114.654433
114.654433
114.654433
114.654433
114.654433
114.654433
114.654433
114.654433
114.654433
114.654433
114.654433
114.654433
114.654433
114.654433
114.654433
114.654433
114.654433
114.654433
114.654433
114.654433
114.654433
114.654433
114.654433
114.654433
114.654433
114.654433
114.654433
114.654433
114.654433
114.654433
114.654433
114.654433
114.654433
114.654433
114.654433
114.654433
114.654433
114.654433
114.654433
114.654433
114.654433
114.654433
114.654433
114.654433
114.654433
114.654433
114.654433
114.654433
114.654433
114.654433
114.654433
114.654433
114.654433
114.654433
114.654433
114.654433
114.654433
114.654433
114.654433
114.654433
114.654433
114.654433
114.654433
114.654433
114.654433
114.654433
114.654433
114.654433
114.654433
114.654433
114.654433
114.654433
114.654433
114.654433
114.654433
114.654433
114.654433
114.654433
114.654433
114.654433
114.654433
114.654433
114.654433
114.654433
114.654433
114.654433
114.654433
114.654433
114.654433
114.654433
114.654433
114.654433
114.654433
114.654433
114.654433
114.654433
114.654433
114.654433
114.654433
114.654433
114.654433
114.654433
114.654433
114.654433
114.654433
114.654433
114.654433
114.654433
114.654433
114.654433
114.654433
114.654433
114.654433
114.654433
114.654433
114.654433
114.654433
114.654433
114.654433
114.654433
114.654433
114.654433
114.654433
114.654433
114.654433
114.654433
114.654433
114.654433
114.654433
114.654433
114.654433
114.654433
114.654433
114.654433
114.654433
114.654433
114.654433
114.654433
114.654433
114.654433
114.654433
114.654433
114.654433
114.654433
114.654433
114.654433
114.654433
114.654433
114.654433
114.654433
114.654433
114.654433
114.654433
114.654433
114.654433
114.654433
114.654433
114.654433
114.654433
114.654433
114.654433
114.654433
114.654433
114.654433
114.654433
114.654433
114.654433
114.654433
114.654433
114.654433
114.654433
114.654433
114.654433
114.654433
114.654433
114.654433
114.654433
114.654433
114.654433
114.654433
114.654433
114.654433
114.654433
114.654433
114.654433
114.654433
114.654433
114.654433
114.654433
114.654433
114.654433
114.654433
114.654433
114.654433
114.654433
114.654433
114.654433
114.654433
114.654433
114.654433
114.654433
114.654433
114.654433
114.654433
114.654433
114.654433
114.654433
114.654433
114.654433
114.654433
114.654433
114.654433
114.654433
114.654433
114.654433
114.654433
114.654433
114.654433
114.654433
114.654433
114.654433
114.654433
114.654433
114.654433
114.654433
114.654433
114.654433
114.654433
114.654433
114.654433
114.654433
114.654433
114.654433
114.654433
114.654433
114.654433
114.654433
114.654433
114.654433
114.654433
114.654433
114.654433
114.654433
114.654433
114.654433
114.654433
114.654433
114.654433
114.654433
114.654433
114.654433
114.654433
114.654433
114.654433
114.654433
114.654433
114.654433
114.654433
114.654433
114.654433
114.654433
114.654433
114.654433
114.654433
114.654433
114.654433
114.654433
114.654433
114.654433
114.654433
114.654433
114.654433
114.654433
114.654433
114.654433
114.654433
114.654433
114.654433
114.654433
114.654433
114.654433
114.654433
114.654433
114.654433
114.654433
114.654433
114.654433
114.654433
114.654433
114.654433
114.654433
114.654433
114.654433
114.654433
114.654433
114.654433
114.654433
114.654433
114.654433
114.654433
114.654433
114.654433
114.654433
114.654433
114.654433
114.654433
114.654433
114.654433
114.654433
114.654433
114.654433
114.654433
114.654433
114.654433
114.654433
114.654433
114.654433
114.654433
114.654433
114.654433
114.654433
114.654433
114.654433
114.654433
114.654433
114.654433
114.654433
114.654433
114.654433
114.654433
114.654433
114.654433
114.654433
114.654433
114.654433
114.654433
114.654433
114.654433
114.654433
114.654433
114.654433
114.654433
114.654433
114.654433
114.654433
114.654433
114.654433
114.654433
114.654433
114.654433
114.654433
114.654433
114.654433
114.654433
114.654433
114.654433
114.654433
114.654433
114.654433
114.654433
114.654433
114.654433
114.654433
114.654433
114.654433
114.654433
114.654433
114.654433
114.654433
114.654433
114.654433
114.654433
114.654433
114.654433
114.654433
114.654433
114.654433
114.654433
114.654433
114.654433
114.654433
114.654433
114.654433
114.654433
114.654433
114.654433
114.654433
114.654433
114.654433
114.654433
114.654433
114.654433
114.654433
114.654433
114.654433
114.654433
114.654433
114.654433
114.654433
114.654433
114.654433
114.654433
114.654433
114.654433
114.654433
114.654433
114.654433
114.654433
114.654433
114.654433
114.654433
114.654433
114.654433
114.654433
114.654433
114.654433
114.654433
114.654433
114.654433
114.654433
114.654433
114.654433
114.654433
114.654433
114.654433
114.654433
114.654433
114.654433
114.654433
114.654433
114.654433
114.654433
114.654433
114.654433
114.654433
114.654433
114.654433
114.654433
114.654433
114.654433
114.654433
114.654433
114.654433
114.654433
114.654433
114.654433
114.654433
114.654433
114.654433
114.654433
114.654433
114.654433
114.654433
114.654433
114.654433
114.654433
114.654433
114.654433
114.654433
114.654433
114.654433
114.654433
114.654433
114.654433
114.654433
114.654433
114.654433
114.654433
114.654433
114.654433
114.654433
114.654433
114.654433
114.654433
114.654433
114.654433
114.654433
114.654433
114.654433
114.654433
114.654433
114.654433
114.654433
114.654433
114.654433
114.654433
114.654433
114.654433
114.654433
114.654433
114.654433
114.654433
114.654433
114.654433
114.654433
114.654433
114.654433
114.654433
114.654433
114.654433
114.654433
114.654433
114.654433
114.654433
114.654433
114.654433
114.654433
114.654433
114.654433
114.654433
114.654433
114.654433
114.654433
114.654433
114.654433
114.654433
114.654433
114.654433
114.654433
114.654433
114.654433
114.654433
114.654433
114.654433
114.654433
114.654433
114.654433
114.654433
114.654433
114.654433
114.654433
114.654433
114.654433
114.654433
114.654433
114.654433
114.654433
114.654433
114.654433
114.654433
114.654433
114.654433
114.654433
114.654433
114.654433
114.654433
114.654433
114.654433
114.654433
114.654433
114.654433
114.654433
114.654433
114.654433
114.654433
114.654433
114.654433
114.654433
114.654433
114.654433
114.654433
114.654433
114.654433
114.654433
114.654433
114.654433
114.654433
114.654433
114.654433
114.654433
114.654433
114.654433
114.654433
114.654433
114.654433
114.654433
114.654433
114.654433
114.654433
114.654433
114.654433
114.654433
114.654433
114.654433
114.654433
114.654433
114.654433
114.654433
114.654433
114.654433
114.654433
114.654433
114.654433
114.654433
114.654433
114.654433
114.654433
114.654433
114.654433
114.654433
114.654433
114.654433
114.654433
114.654433
114.654433
114.654433
114.654433
114.654433
114.654433
114.654433
114.654433
114.654433
114.654433
114.654433
114.654433
114.654433
114.654433
114.654433
114.654433
114.654433
114.654433
114.654433
114.654433
114.654433
114.654433
114.654433
114.654433
114.654433
114.654433
114.654433
114.654433
114.654433
114.654433
114.654433
114.654433
114.654433
114.654433
114.654433
114.654433
114.654433
114.654433
114.654433
114.654433
114.654433
114.654433
114.654433
114.654433
114.654433
114.654433
114.654433
114.654433
114.654433
114.654433
114.654433
114.654433
114.654433
114.654433
114.654433
114.654433
114.654433
114.654433
114.654433
114.654433
114.654433
114.654433
114.654433
114.654433
114.654433
114.654433
114.654433
114.654433
114.654433
114.654433
114.654433
114.654433
114.654433
114.654433
114.654433
114.654433
114.654433
114.654433
114.654433
114.654433
114.654433
114.654433
114.654433
114.654433
114.654433
114.654433
114.654433
114.654433
114.654433
114.654433
114.654433
114.654433
114.654433
114.654433
114.654433
114.654433
114.654433
114.654433
114.654433
114.654433
114.654433
114.654433
114.654433
114.654433
114.654433
114.654433
114.654433
114.654433
114.654433
114.654433
114.654433
114.654433
114.654433
114.654433
114.654433
114.654433
114.654433
114.654433
114.654433
114.654433
114.654433
114.654433
114.654433
114.654433
114.654433
114.654433
114.654433
114.654433
114.654433
114.654433
114.654433
114.654433
114.654433
114.654433
114.654433
114.654433
114.654433
114.654433
114.654433
114.654433
114.654433
114.654433
114.654433
114.654433
114.654433
114.654433
114.654433
114.654433
114.654433
114.654433
114.654433
114.654433
114.654433
114.654433
114.654433
114.654433
114.654433
114.654433
114.654433
114.654433
114.654433
114.654433
114.654433
114.654433
114.654433
114.654433
114.654433
114.654433
114.654433
114.654433
114.654433
114.654433
114.654433
114.654433
114.654433
114.654433
114.654433
114.654433
114.654433
114.654433
114.654433
114.654433
114.654433
114.654433
114.654433
114.654433
114.654433
114.654433
114.654433
114.654433
114.654433
114.654433
114.654433
114.654433
114.654433
114.654433
114.654433
114.654433
114.654433
114.654433
114.654433
114.654433
114.654433
114.654433
114.654433
114.654433
114.654433
114.654433
114.654433
114.654433
114.654433
114.654433
114.654433
114.654433
114.654433
114.654433
114.654433
114.654433
114.654433
114.654433
114.654433
114.654433
114.654433
114.654433
114.654433
114.654433
114.654433
114.654433
114.654433
114.654433
114.654433
114.654433
114.654433
114.654433
114.654433
114.654433
114.654433
114.654433
114.654433
114.654433
114.654433
114.654433
114.654433
114.654433
114.654433
114.654433
114.654433
114.654433
114.654433
114.654433
114.654433
114.654433
114.654433
114.654433
114.654433
114.654433
114.654433
114.654433
114.654433
114.654433
114.654433
114.654433
114.654433
114.654433
114.654433
114.654433
114.654433
114.654433
114.654433
114.654433
114.654433
114.654433
114.654433
114.654433
114.654433
114.654433
114.654433
114.654433
114.654433
114.654433
114.654433
114.654433
114.654433
114.654433
114.654433
114.654433
114.654433
114.654433
114.654433
114.654433
114.654433
114.654433
114.654433
114.654433
114.654433
114.654433
114.654433
114.654433
114.654433
114.654433
114.654433
114.654433
114.654433
114.654433
114.654433
114.654433
114.654433
114.654433
114.654433
114.654433
114.654433
114.654433
114.654433
114.654433
114.654433
114.654433
114.654433
114.654433
114.654433
114.654433
114.654433
114.654433
114.654433
114.654433
114.654433
114.654433
114.654433
114.654433
114.654433
114.654433
114.654433
114.654433
114.654433
114.654433
114.654433
114.654433
114.654433
114.654433
114.654433
114.654433
114.654433
114.654433
114.654433
114.654433
114.654433
114.654433
114.654433
114.654433
114.654433
114.654433
114.654433
114.654433
114.654433
114.654433
114.654433
114.654433
114.654433
114.654433
114.654433
114.654433
114.654433
114.654433
114.654433
114.654433
114.654433
114.654433
114.654433
114.654433
114.654433
114.654433
114.654433
114.654433
114.654433
114.654433
114.654433
114.654433
114.654433
114.654433
114.654433
114.654433
114.654433
114.654433
114.654433
114.654433
114.654433
114.654433
114.654433
114.654433
114.654433
114.654433
114.654433
114.654433
114.654433
114.654433
114.654433
114.654433
114.654433
114.654433
114.654433
114.654433
114.654433
114.654433
114.654433
114.654433
114.654433
114.654433
114.654433
114.654433
114.654433
114.654433
114.654433
114.654433
114.654433
114.654433
114.654433
114.654433
114.654433
114.654433
114.654433
114.654433
114.654433
114.654433
114.654433
114.654433
114.654433
114.654433
114.654433
114.654433
114.654433
114.654433
114.654433
114.654433
114.654433
114.654433
114.654433
114.654433
114.654433
114.654433
114.654433
114.654433
114.654433
114.654433
114.654433
114.654433
114.654433
114.654433
114.654433
114.654433
114.654433
114.654433
114.654433
114.654433
114.654433
114.654433
114.654433
114.654433
114.654433
114.654433
114.654433
114.654433
114.654433
114.654433
114.654433
114.654433
114.654433
114.654433
114.654433
114.654433
114.654433
114.654433
114.654433
114.654433
114.654433
114.654433
114.654433
114.654433
114.654433
114.654433
114.654433
114.654433
114.654433
114.654433
114.654433
114.654433
114.654433
114.654433
114.654433
114.654433
114.654433
114.654433
114.654433
114.654433
114.654433
114.654433
114.654433
114.654433
114.654433
114.654433
114.654433
114.654433
114.654433
114.654433
114.654433
114.654433
114.654433
114.654433
114.654433
114.654433
114.654433
114.654433
114.654433
114.654433
114.654433
114.654433
114.654433
114.654433
114.654433
114.654433
114.654433
114.654433
114.654433
114.654433
114.654433
114.654433
114.654433
114.654433
114.654433
114.654433
114.654433
114.654433
114.654433
114.654433
114.654433
114.654433
114.654433
114.654433
114.654433
114.654433
114.654433
114.654433
114.654433
114.654433
114.654433
114.654433
114.654433
114.654433
114.654433
114.654433
114.654433
114.654433
114.654433
114.654433
114.654433
114.654433
114.654433
114.654433
114.654433
114.654433
114.654433
114.654433
114.654433
114.654433
114.654433
114.654433
114.654433
114.654433
114.654433
114.654433
114.654433
114.654433
114.654433
114.654433
114.654433
114.654433
114.654433
114.654433
114.654433
114.654433
114.654433
114.654433
114.654433
114.654433
114.654433
114.654433
114.654433
114.654433
114.654433
114.654433
114.654433
114.654433
114.654433
114.654433
114.654433
114.654433
114.654433
114.654433
114.654433
114.654433
114.654433
114.654433
114.654433
114.654433
114.654433
114.654433
114.654433
114.654433
114.654433
114.654433
114.654433
114.654433
114.654433
114.654433
114.654433
114.654433
114.654433
114.654433
114.654433
114.654433
114.654433
114.654433
114.654433
114.654433
114.654433
114.654433
114.654433
114.654433
114.654433
114.654433
114.654433
114.654433
114.654433
114.654433
114.654433
114.654433
114.654433
114.654433
114.654433
114.654433
114.654433
114.654433
114.654433
114.654433
114.654433
114.654433
114.654433
114.654433
114.654433
114.654433
114.654433
114.654433
114.654433
114.654433
114.654433
114.654433
114.654433
114.654433
114.654433
114.654433
114.654433
114.654433
114.654433
114.654433
114.654433
114.654433
114.654433
114.654433
114.654433
114.654433
114.654433
114.654433
114.654433
114.654433
114.654433
114.654433
114.654433
114.654433
114.654433
114.654433
114.654433
114.654433
114.654433
114.654433
114.654433
114.654433
114.654433
114.654433
114.654433
114.654433
114.654433
114.654433
114.654433
114.654433
114.654433
114.654433
114.654433
114.654433
114.654433
114.654433
114.654433
114.654433
114.654433
114.654433
114.654433
114.654433
114.654433
114.654433
114.654433
114.654433
114.654433
114.654433
114.654433
114.654433
114.654433
114.654433
114.654433
114.654433
114.654433
114.654433
114.654433
114.654433
114.654433
114.654433
114.654433
114.654433
114.654433
114.654433
114.654433
114.654433
114.654433
114.654433
114.654433
114.654433
114.654433
114.654433
114.654433
114.654433
114.654433
114.654433
114.654433
114.654433
114.654433
114.654433
114.654433
114.654433
114.654433
114.654433
114.654433
114.654433
114.654433
114.654433
114.654433
114.654433
114.654433
114.654433
114.654433
114.654433
114.654433
114.654433
114.654433
114.654433
114.654433
114.654433
114.654433
114.654433
114.654433
114.654433
114.654433
114.654433
114.654433
114.654433
114.654433
114.654433
114.654433
114.654433
114.654433
114.654433
114.654433
114.654433
114.654433
114.654433
114.654433
114.654433
114.654433
114.654433
114.654433
114.654433
114.654433
114.654433
114.654433
114.654433
114.654433
114.654433
114.654433
114.654433
114.654433
114.654433
114.654433
114.654433
114.654433
114.654433
114.654433
114.654433
114.654433
114.654433
114.654433
114.654433
114.654433
114.654433
114.654433
114.654433
114.654433
114.654433
114.654433
114.654433
114.654433
114.654433
114.654433
114.654433
114.654433
114.654433
114.654433
114.654433
114.654433
114.654433
114.654433
114.654433
114.654433
114.654433
114.654433
114.654433
114.654433
114.654433
114.654433
114.654433
114.654433
114.654433
114.654433
114.654433
114.654433
114.654433
114.654433
114.654433
114.654433
114.654433
114.654433
114.654433
114.654433
114.654433
114.654433
114.654433
114.654433
114.654433
114.654433
114.654433
114.654433
114.654433
114.654433
114.654433
114.654433
114.654433
114.654433
114.654433
114.654433
114.654433
114.654433
114.654433
114.654433
114.654433
114.654433
114.654433
114.654433
114.654433
114.654433
114.654433
114.654433
114.654433
114.654433
114.654433
114.654433
114.654433
114.654433
114.654433
114.654433
114.654433
114.654433
114.654433
114.654433
114.654433
114.654433
114.654433
114.654433
114.654433
114.654433
114.654433
114.654433
114.654433
114.654433
114.654433
114.654433
114.654433
114.654433
114.654433
114.654433
114.654433
114.654433
114.654433
114.654433
114.654433
114.654433
114.654433
114.654433
114.654433
114.654433
114.654433
114.654433
114.654433
114.654433
114.654433
114.654433
114.654433
114.654433
114.654433
114.654433
114.654433
114.654433
114.654433
114.654433
114.654433
114.654433
114.654433
114.654433
114.654433
114.654433
114.654433
114.654433
114.654433
114.654433
114.654433
114.654433
114.654433
114.654433
114.654433
114.654433
114.654433
114.654433
114.654433
114.654433
114.654433
114.654433
114.654433
114.654433
114.654433
114.654433
114.654433
114.654433
114.654433
114.654433
114.654433
114.654433
114.654433
114.654433
114.654433
114.654433
114.654433
114.654433
114.654433
114.654433
114.654433
114.654433
114.654433
114.654433
114.654433
114.654433
114.654433
114.654433
114.654433
114.654433
114.654433
114.654433
114.654433
114.654433
114.654433
114.654433
114.654433
114.654433
114.654433
114.654433
114.654433
114.654433
114.654433
114.654433
114.654433
114.654433
114.654433
114.654433
114.654433
114.654433
114.654433
114.654433
114.654433
114.654433
114.654433
114.654433
114.654433
114.654433
114.654433
114.654433
114.654433
114.654433
114.654433
114.654433
114.654433
114.654433
114.654433
114.654433
114.654433
114.654433
114.654433
114.654433
114.654433
114.654433
114.654433
114.654433
114.654433
114.654433
114.654433
114.654433
114.654433
114.654433
114.654433
114.654433
114.654433
114.654433
114.654433
114.654433
114.654433
114.654433
114.654433
114.654433
114.654433
114.654433
114.654433
114.654433
114.654433
114.654433
114.654433
114.654433
114.654433
114.654433
114.654433
114.654433
114.654433
114.654433
114.654433
114.654433
114.654433
114.654433
114.654433
114.654433
114.654433
114.654433
114.654433
114.654433
114.654433
114.654433
114.654433
114.654433
114.654433
114.654433
114.654433
114.654433
114.654433
114.654433
114.654433
114.654433
114.654433
114.654433
114.654433
114.654433
114.654433
114.654433
114.654433
114.654433
114.654433
114.654433
114.654433
114.654433
114.654433
114.654433
114.654433
114.654433
114.654433
114.654433
114.654433
114.654433
114.654433
114.654433
114.654433
114.654433
114.654433
114.654433
114.654433
114.654433
114.654433
114.654433
114.654433
114.654433
114.654433
114.654433
114.654433
114.654433
114.654433
114.654433
114.654433
114.654433
114.654433
114.654433
114.654433
114.654433
114.654433
114.654433
114.654433
114.654433
114.654433
114.654433
114.654433
114.654433
114.654433
114.654433
114.654433
114.654433
114.654433
114.654433
114.654433
114.654433
114.654433
114.654433
114.654433
114.654433
114.654433
114.654433
114.654433
114.654433
114.654433
114.654433
114.654433
114.654433
114.654433
114.654433
114.654433
114.654433
114.654433
114.654433
114.654433
114.654433
114.654433
114.654433
114.654433
114.654433
114.654433
114.654433
114.654433
114.654433
114.654433
114.654433
114.654433
114.654433
114.654433
114.654433
114.654433
114.654433
114.654433
114.654433
114.654433
114.654433
114.654433
114.654433
114.654433
114.654433
114.654433
114.654433
114.654433
114.654433
114.654433
114.654433
114.654433
114.654433
114.654433
114.654433
114.654433
114.654433
114.654433
114.654433
114.654433
114.654433
114.654433
114.654433
114.654433
114.654433
114.654433
114.654433
114.654433
114.654433
114.654433
114.654433
114.654433
114.654433
114.654433
114.654433
114.654433
114.654433
114.654433
114.654433
114.654433
114.654433
114.654433
114.654433
114.654433
114.654433
114.654433
114.654433
114.654433
114.654433
114.654433
114.654433
114.654433
114.654433
114.654433
114.654433
114.654433
114.654433
114.654433
114.654433
114.654433
114.654433
114.654433
114.654433
114.654433
114.654433
114.654433
114.654433
114.654433
114.654433
114.654433
114.654433
114.654433
114.654433
114.654433
114.654433
114.654433
114.654433
114.654433
114.654433
114.654433
114.654433
114.654433
114.654433
114.654433
114.654433
114.654433
114.654433
114.654433
114.654433
114.654433
114.654433
114.654433
114.654433
114.654433
114.654433
114.654433
114.654433
114.654433
114.654433
114.654433
114.654433
114.654433
114.654433
114.654433
114.654433
114.654433
114.654433
114.654433
114.654433
114.654433
114.654433
114.654433
114.654433
114.654433
114.654433
114.654433
114.654433
114.654433
114.654433
114.654433
114.654433
114.654433
114.654433
114.654433
114.654433
114.654433
114.654433
114.654433
114.654433
114.654433
114.654433
114.654433
114.654433
114.654433
114.654433
114.654433
114.654433
114.654433
114.654433
114.654433
114.654433
114.654433
114.654433
114.654433
114.654433
114.654433
114.654433
114.654433
114.654433
114.654433
114.654433
114.654433
114.654433
114.654433
114.654433
114.654433
114.654433
114.654433
114.654433
114.654433
114.654433
114.654433
114.654433
114.654433
114.654433
114.654433
114.654433
114.654433
114.654433
114.654433
114.654433
114.654433
114.654433
114.654433
114.654433
114.654433
114.654433
114.654433
114.654433
114.654433
114.654433
114.654433
114.654433
114.654433
114.654433
114.654433
114.654433
114.654433
114.654433
114.654433
114.654433
114.654433
114.654433
114.654433
114.654433
114.654433
114.654433
114.654433
114.654433
114.654433
114.654433
114.654433
114.654433
114.654433
114.654433
114.654433
114.654433
114.654433
114.654433
114.654433
114.654433
114.654433
114.654433
114.654433
114.654433
114.654433
114.654433
114.654433
114.654433
114.654433
114.654433
114.654433
114.654433
114.654433
114.654433
114.654433
114.654433
114.654433
114.654433
114.654433
114.654433
114.654433
114.654433
114.654433
114.654433
114.654433
114.654433
114.654433
114.654433
114.654433
114.654433
114.654433
114.654433
114.654433
114.654433
114.654433
114.654433
114.654433
114.654433
114.654433
114.654433
114.654433
114.654433
114.654433
114.654433
114.654433
114.654433
114.654433
114.654433
114.654433
114.654433
114.654433
114.654433
114.654433
114.654433
114.654433
114.654433
114.654433
114.654433
114.654433
114.654433
114.654433
114.654433
114.654433
114.654433
114.654433
114.654433
114.654433
114.654433
114.654433
114.654433
114.654433
114.654433
114.654433
114.654433
114.654433
114.654433
114.654433
114.654433
114.654433
114.654433
114.654433
114.654433
114.654433
114.654433
114.654433
114.654433
114.654433
114.654433
114.654433
114.654433
114.654433
114.654433
114.654433
114.654433
114.654433
114.654433
114.654433
114.654433
114.654433
114.654433
114.654433
114.654433
114.654433
114.654433
114.654433
114.654433
114.654433
114.654433
114.654433
114.654433
114.654433
114.654433
114.654433
114.654433
114.654433
114.654433
114.654433
114.654433
114.654433
114.654433
114.654433
114.654433
114.654433
114.654433
114.654433
114.654433
114.654433
114.654433
114.654433
114.654433
114.654433
114.654433
114.654433
114.654433
114.654433
114.654433
114.654433
114.654433
114.654433
114.654433
114.654433
114.654433
114.654433
114.654433
114.654433
114.654433
114.654433
114.654433
114.654433
114.654433
114.654433
114.654433
114.654433
114.654433
114.654433
114.654433
114.654433
114.654433
114.654433
114.654433
114.654433
114.654433
114.654433
114.654433
114.654433
114.654433
114.654433
114.654433
114.654433
114.654433
114.654433
114.654433
114.654433
114.654433
114.654433
114.654433
114.654433
114.654433
114.654433
114.654433
114.654433
114.654433
114.654433
114.654433
114.654433
114.654433
114.654433
114.654433
114.654433
114.654433
114.654433
114.654433
114.654433
114.654433
114.654433
114.654433
114.654433
114.654433
114.654433
114.654433
114.654433
114.654433
114.654433
114.654433
114.654433
114.654433
114.654433
114.654433
114.654433
114.654433
114.654433
114.654433
114.654433
114.654433
114.654433
114.654433
114.654433
114.654433
114.654433
114.654433
114.654433
114.654433
114.654433
114.654433
114.654433
114.654433
114.654433
114.654433
114.654433
114.654433
114.654433
114.654433
114.654433
114.654433
114.654433
114.654433
114.654433
114.654433
114.654433
114.654433
114.654433
114.654433
114.654433
114.654433
114.654433
114.654433
114.654433
114.654433
114.654433
114.654433
114.654433
114.654433
114.654433
114.654433
114.654433
114.654433
114.654433
114.654433
114.654433
114.654433
114.654433
114.654433
114.654433
114.654433
114.654433
114.654433
114.654433
114.654433
114.654433
114.654433
114.654433
114.654433
114.654433
114.654433
114.654433
114.654433
114.654433
114.654433
114.654433
114.654433
114.654433
114.654433
114.654433
114.654433
114.654433
114.654433
114.654433
114.654433
114.654433
114.654433
114.654433
114.654433
114.654433
114.654433
114.654433
114.654433
114.654433
114.654433
114.654433
114.654433
114.654433
114.654433
114.654433
114.654433
114.654433
114.654433
114.654433
114.654433
114.654433
114.654433
114.654433
114.654433
114.654433
114.654433
114.654433
114.654433
114.654433
114.654433
114.654433
114.654433
114.654433
114.654433
114.654433
114.654433
114.654433
114.654433
114.654433
114.654433
114.654433
114.654433
114.654433
114.654433
114.654433
114.654433
114.654433
114.654433
114.654433
114.654433
114.654433
114.654433
114.654433
114.654433
114.654433
114.654433
114.654433
114.654433
114.654433
114.654433
114.654433
114.654433
114.654433
114.654433
114.654433
114.654433
114.654433
114.654433
114.654433
114.654433
114.654433
114.654433
114.654433
114.654433
114.654433
114.654433
114.654433
114.654433
114.654433
114.654433
114.654433
114.654433
114.654433
114.654433
114.654433
114.654433
114.654433
114.654433
114.654433
114.654433
114.654433
114.654433
114.654433
114.654433
114.654433
114.654433
114.654433
114.654433
114.654433
114.654433
114.654433
114.654433
114.654433
114.654433
114.654433
114.654433
114.654433
114.654433
114.654433
114.654433
114.654433
114.654433
114.654433
114.654433
114.654433
114.654433
114.654433
114.654433
114.654433
114.654433
114.654433
114.654433
114.654433
114.654433
114.654433
114.654433
114.654433
114.654433
114.654433
114.654433
114.654433
114.654433
114.654433
114.654433
114.654433
114.654433
114.654433
114.654433
114.654433
114.654433
114.654433
114.654433
114.654433
114.654433
114.654433
114.654433
114.654433
114.654433
114.654433
114.654433
114.654433
114.654433
114.654433
114.654433
114.654433
114.654433
114.654433
114.654433
114.654433
114.654433
114.654433
114.654433
114.654433
114.654433
114.654433
114.654433
114.654433
114.654433
114.654433
114.654433
114.654433
114.654433
114.654433
114.654433
114.654433
114.654433
114.654433
114.654433
114.654433
114.654433
114.654433
114.654433
114.654433
114.654433
114.654433
114.654433
114.654433
114.654433
114.654433
114.654433
114.654433
114.654433
114.654433
114.654433
114.654433
114.654433
114.654433
114.654433
114.654433
114.654433
114.654433
114.654433
114.654433
114.654433
114.654433
114.654433
114.654433
114.654433
114.654433
114.654433
114.654433
114.654433
114.654433
114.654433
114.654433
114.654433
114.654433
114.654433
114.654433
114.654433
114.654433
114.654433
114.654433
114.654433
114.654433
114.654433
114.654433
114.654433
114.654433
114.654433
114.654433
114.654433
114.654433
114.654433
114.654433
114.654433
114.654433
114.654433
114.654433
114.654433
114.654433
114.654433
114.654433
114.654433
114.654433
114.654433
114.654433
114.654433
114.654433
114.654433
114.654433
114.654433
114.654433
114.654433
114.654433
114.654433
114.654433
114.654433
114.654433
114.654433
114.654433
114.654433
114.654433
114.654433
114.654433
114.654433
114.654433
114.654433
114.654433
114.654433
114.654433
114.654433
114.654433
114.654433
114.654433
114.654433
114.654433
114.654433
114.654433
114.654433
114.654433
114.654433
114.654433
114.654433
114.654433
114.654433
114.654433
114.654433
114.654433
114.654433
114.654433
114.654433
114.654433
114.654433
114.654433
114.654433
114.654433
114.654433
114.654433
114.654433
114.654433
114.654433
114.654433
114.654433
114.654433
114.654433
114.654433
114.654433
114.654433
114.654433
114.654433
114.654433
114.654433
114.654433
114.654433
114.654433
114.654433
114.654433
114.654433
114.654433
114.654433
114.654433
114.654433
114.654433
114.654433
114.654433
114.654433
114.654433
114.654433
114.654433
114.654433
114.654433
114.654433
114.654433
114.654433
114.654433
114.654433
114.654433
114.654433
114.654433
114.654433
114.654433
114.654433
114.654433
114.654433
114.654433
114.654433
114.654433
114.654433
114.654433
114.654433
114.654433
114.654433
114.654433
114.654433
114.654433
114.654433
114.654433
114.654433
114.654433
114.654433
114.654433
114.654433
114.654433
114.654433
114.654433
114.654433
114.654433
114.654433
114.654433
114.654433
114.654433
114.654433
114.654433
114.654433
114.654433
114.654433
114.654433
114.654433
114.654433
114.654433
114.654433
114.654433
114.654433
114.654433
114.654433
114.654433
114.654433
114.654433
114.654433
114.654433
114.654433
114.654433
114.654433
114.654433
114.654433
114.654433
114.654433
114.654433
114.654433
114.654433
114.654433
114.654433
114.654433
114.654433
114.654433
114.654433
114.654433
114.654433
114.654433
114.654433
114.654433
114.654433
114.654433
114.654433
114.654433
114.654433
114.654433
114.654433
114.654433
114.654433
114.654433
114.654433
114.654433
114.654433
114.654433
114.654433
114.654433
114.654433
114.654433
114.654433
114.654433
114.654433
114.654433
114.654433
114.654433
114.654433
114.654433
114.654433
114.654433
114.654433
114.654433
114.654433
114.654433
114.654433
114.654433
114.654433
114.654433
114.654433
114.654433
114.654433
114.654433
114.654433
114.654433
114.654433
114.654433
114.654433
114.654433
114.654433
114.654433
114.654433
114.654433
114.654433
114.654433
114.654433
114.654433
114.654433
114.654433
114.654433
114.654433
114.654433
114.654433
114.654433
114.654433
114.654433
114.654433
114.654433
114.654433
114.654433
114.654433
114.654433
114.654433
114.654433
114.654433
114.654433
114.654433
114.654433
114.654433
114.654433
114.654433
114.654433
114.654433
114.654433
114.654433
114.654433
114.654433
114.654433
114.654433
114.654433
114.654433
114.654433
114.654433
114.654433
114.654433
114.654433
114.654433
114.654433
114.654433
114.654433
114.654433
114.654433
114.654433
114.654433
114.654433
114.654433
114.654433
114.654433
114.654433
114.654433
114.654433
114.654433
114.654433
114.654433
114.654433
114.654433
114.654433
114.654433
114.654433
114.654433
114.654433
114.654433
114.654433
114.654433
114.654433
114.654433
114.654433
114.654433
114.654433
114.654433
114.654433
114.654433
114.654433
114.654433
114.654433
114.654433
114.654433
114.654433
114.654433
114.654433
114.654433
114.654433
114.654433
114.654433
114.654433
114.654433
114.654433
114.654433
114.654433
114.654433
114.654433
114.654433
114.654433
114.654433
114.654433
114.654433
114.654433
114.654433
114.654433
114.654433
114.654433
114.654433
114.654433
114.654433
114.654433
114.654433
114.654433
114.654433
114.654433
114.654433
114.654433
114.654433
114.654433
114.654433
114.654433
114.654433
114.654433
114.654433
114.654433
114.654433
114.654433
114.654433
114.654433
114.654433
114.654433
114.654433
114.654433
114.654433
114.654433
114.654433
114.654433
114.654433
114.654433
114.654433
114.654433
114.654433
114.654433
114.654433
114.654433
114.654433
114.654433
114.654433
114.654433
114.654433
114.654433
114.654433
114.654433
114.654433
114.654433
114.654433
114.654433
114.654433
114.654433
114.654433
114.654433
114.654433
114.654433
114.654433
114.654433
114.654433
114.654433
114.654433
114.654433
114.654433
114.654433
114.654433
114.654433
114.654433
114.654433
114.654433
114.654433
114.654433
114.654433
114.654433
114.654433
114.654433
114.654433
114.654433
114.654433
114.654433
114.654433
114.654433
114.654433
114.654433
114.654433
114.654433
114.654433
114.654433
114.654433
114.654433
114.654433
114.654433
114.654433
114.654433
114.654433
114.654433
114.654433
114.654433
114.654433
114.654433
114.654433
114.654433
114.654433
114.654433
114.654433
114.654433
114.654433
114.654433
114.654433
114.654433
114.654433
114.654433
114.654433
114.654433
114.654433
114.654433
114.654433
114.654433
114.654433
114.654433
114.654433
114.654433
114.654433
114.654433
114.654433
114.654433
114.654433
114.654433
114.654433
114.654433
114.654433
114.654433
114.654433
114.654433
114.654433
114.654433
114.654433
114.654433
114.654433
114.654433
114.654433
114.654433
114.654433
114.654433
114.654433
114.654433
114.654433
114.654433
114.654433
114.654433
114.654433
114.654433
114.654433
114.654433
114.654433
114.654433
114.654433
114.654433
114.654433
114.654433
114.654433
114.654433
114.654433
114.654433
114.654433
114.654433
114.654433
114.654433
114.654433
114.654433
114.654433
114.654433
114.654433
114.654433
114.654433
114.654433
114.654433
114.654433
114.654433
114.654433
114.654433
114.654433
114.654433
114.654433
114.654433
114.654433
114.654433
114.654433
114.654433
114.654433
114.654433
114.654433
114.654433
114.654433
114.654433
114.654433
114.654433
114.654433
114.654433
114.654433
114.654433
114.654433
114.654433
114.654433
114.654433
114.654433
114.654433
114.654433
114.654433
114.654433
114.654433
114.654433
114.654433
114.654433
114.654433
114.654433
114.654433
114.654433
114.654433
114.654433
114.654433
114.654433
114.654433
114.654433
114.654433
114.654433
114.654433
114.654433
114.654433
114.654433
114.654433
114.654433
114.654433
114.654433
114.654433
114.654433
114.654433
114.654433
114.654433
114.654433
114.654433
114.654433
114.654433
114.654433
114.654433
114.654433
114.654433
114.654433
114.654433
114.654433
114.654433
114.654433
114.654433
114.654433
114.654433
114.654433
114.654433
114.654433
114.654433
114.654433
114.654433
114.654433
114.654433
114.654433
114.654433
114.654433
114.654433
114.654433
114.654433
114.654433
114.654433
114.654433
114.654433
114.654433
114.654433
114.654433
114.654433
114.654433
114.654433
114.654433
114.654433
114.654433
114.654433
114.654433
114.654433
114.654433
114.654433
114.654433
114.654433
114.654433
114.654433
114.654433
114.654433
114.654433
114.654433
114.654433
114.654433
114.654433
114.654433
114.654433
114.654433
114.654433
114.654433
114.654433
114.654433
114.654433
114.654433
114.654433
114.654433
114.654433
114.654433
114.654433
114.654433
114.654433
114.654433
114.654433
114.654433
114.654433
114.654433
114.654433
114.654433
114.654433
114.654433
114.654433
114.654433
114.654433
114.654433
114.654433
114.654433
114.654433
114.654433
114.654433
114.654433
114.654433
114.654433
114.654433
114.654433
114.654433
114.654433
114.654433
114.654433
114.654433
114.654433
114.654433
114.654433
114.654433
114.654433
114.654433
114.654433
114.654433
114.654433
114.654433
114.654433
114.654433
114.654433
114.654433
114.654433
114.654433
114.654433
114.654433
114.654433
114.654433
114.654433
114.654433
114.654433
114.654433
114.654433
114.654433
114.654433
114.654433
114.654433
114.654433
114.654433
114.654433
114.654433
114.654433
114.654433
114.654433
114.654433
114.654433
114.654433
114.654433
114.654433
114.654433
114.654433
114.654433
114.654433
114.654433
114.654433
114.654433
114.654433
114.654433
114.654433
114.654433
114.654433
114.654433
114.654433
114.654433
114.654433
114.654433
114.654433
114.654433
114.654433
114.654433
114.654433
114.654433
114.654433
114.654433
114.654433
114.654433
114.654433
114.654433
114.654433
114.654433
114.654433
114.654433
114.654433
114.654433
114.654433
114.654433
114.654433
114.654433
114.654433
114.654433
114.654433
114.654433
114.654433
114.654433
114.654433
114.654433
114.654433
114.654433
114.654433
114.654433
114.654433
114.654433
114.654433
114.654433
114.654433
114.654433
114.654433
114.654433
114.654433
114.654433
114.654433
114.654433
114.654433
114.654433
114.654433
114.654433
114.654433
114.654433
114.654433
114.654433
114.654433
114.654433
114.654433
114.654433
114.654433
114.654433
114.654433
114.654433
114.654433
114.654433
114.654433
114.654433
114.654433
114.654433
114.654433
114.654433
114.654433
114.654433
114.654433
114.654433
114.654433
114.654433
114.654433
114.654433
114.654433
114.654433
114.654433
114.654433
114.654433
114.654433
114.654433
114.654433
114.654433
114.654433
114.654433
114.654433
114.654433
114.654433
114.654433
114.654433
114.654433
114.654433
114.654433
114.654433
114.654433
114.654433
114.654433
114.654433
114.654433
114.654433
114.654433
114.654433
114.654433
114.654433
114.654433
114.654433
114.654433
114.654433
114.654433
114.654433
114.654433
114.654433
114.654433
114.654433
114.654433
114.654433
114.654433
114.654433
114.654433
114.654433
114.654433
114.654433
114.654433
114.654433
114.654433
114.654433
114.654433
114.654433
114.654433
114.654433
114.654433
114.654433
114.654433
114.654433
114.654433
114.654433
114.654433
114.654433
114.654433
114.654433
114.654433
114.654433
114.654433
114.654433
114.654433
114.654433
114.654433
114.654433
114.654433
114.654433
114.654433
114.654433
114.654433
114.654433
114.654433
114.654433
114.654433
114.654433
114.654433
114.654433
114.654433
114.654433
114.654433
114.654433
114.654433
114.654433
114.654433
114.654433
114.654433
114.654433
114.654433
114.654433
114.654433
114.654433
114.654433
114.654433
114.654433
114.654433
114.654433
114.654433
114.654433
114.654433
114.654433
114.654433
114.654433
114.654433
114.654433
114.654433
114.654433
114.654433
114.654433
114.654433
114.654433
114.654433
114.654433
114.654433
114.654433
114.654433
114.654433
114.654433
114.654433
114.654433
114.654433
114.654433
114.654433
114.654433
114.654433
114.654433
114.654433
114.654433
114.654433
114.654433
114.654433
114.654433
114.654433
114.654433
114.654433
114.654433
114.654433
114.654433
114.654433
114.654433
114.654433
114.654433
114.654433
114.654433
114.654433
114.654433
114.654433
114.654433
114.654433
114.654433
114.654433
114.654433
114.654433
114.654433
114.654433
114.654433
114.654433
114.654433
114.654433
114.654433
114.654433
114.654433
114.654433
114.654433
114.654433
114.654433
114.654433
114.654433
114.654433
114.654433
114.654433
114.654433
114.654433
114.654433
114.654433
114.654433
114.654433
114.654433
114.654433
114.654433
114.654433
114.654433
114.654433
114.654433
114.654433
114.654433
114.654433
114.654433
114.654433
114.654433
114.654433
114.654433
114.654433
114.654433
114.654433
114.654433
114.654433
114.654433
114.654433
114.654433
114.654433
114.654433
114.654433
114.654433
114.654433
114.654433
114.654433
114.654433
114.654433
114.654433
114.654433
114.654433
114.654433
114.654433
114.654433
114.654433
114.654433
114.654433
114.654433
114.654433
114.654433
114.654433
114.654433
114.654433
114.654433
114.654433
114.654433
114.654433
114.654433
114.654433
114.654433
114.654433
114.654433
114.654433
114.654433
114.654433
114.654433
114.654433
114.654433
114.654433
114.654433
114.654433
114.654433
114.654433
114.654433
114.654433
114.654433
114.654433
114.654433
114.654433
114.654433
114.654433
114.654433
114.654433
114.654433
114.654433
114.654433
114.654433
114.654433
114.654433
114.654433
114.654433
114.654433
114.654433
114.654433
114.654433
114.654433
114.654433
114.654433
114.654433
114.654433
114.654433
114.654433
114.654433
114.654433
114.654433
114.654433
114.654433
114.654433
114.654433
114.654433
114.654433
114.654433
114.654433
114.654433
114.654433
114.654433
114.654433
114.654433
114.654433
114.654433
114.654433
114.654433
114.654433
114.654433
114.654433
114.654433
114.654433
114.654433
114.654433
114.654433
114.654433
114.654433
114.654433
114.654433
114.654433
114.654433
114.654433
114.654433
114.654433
114.654433
114.654433
114.654433
114.654433
114.654433
114.654433
114.654433
114.654433
114.654433
114.654433
114.654433
114.654433
114.654433
114.654433
114.654433
114.654433
114.654433
114.654433
114.654433
114.654433
114.654433
114.654433
114.654433
114.654433
114.654433
114.654433
114.654433
114.654433
114.654433
114.654433
114.654433
114.654433
114.654433
114.654433
114.654433
114.654433
114.654433
114.654433
114.654433
114.654433
114.654433
114.654433
114.654433
114.654433
114.654433
114.654433
114.654433
114.654433
114.654433
114.654433
114.654433
114.654433
114.654433
114.654433
114.654433
114.654433
114.654433
114.654433
114.654433
114.654433
114.654433
114.654433
114.654433
114.654433
114.654433
114.654433
114.654433
114.654433
114.654433
114.654433
114.654433
114.654433
114.654433
114.654433
114.654433
114.654433
114.654433
114.654433
114.654433
114.654433
114.654433
114.654433
114.654433
114.654433
114.654433
114.654433
114.654433
114.654433
114.654433
114.654433
114.654433
114.654433
114.654433
114.654433
114.654433
114.654433
114.654433
114.654433
114.654433
114.654433
114.654433
114.654433
114.654433
114.654433
114.654433
114.654433
114.654433
114.654433
114.654433
114.654433
114.654433
114.654433
114.654433
114.654433
114.654433
114.654433
114.654433
114.654433
114.654433
114.654433
114.654433
114.654433
114.654433
114.654433
114.654433
114.654433
114.654433
114.654433
114.654433
114.654433
114.654433
114.654433
114.654433
114.654433
114.654433
114.654433
114.654433
114.654433
114.654433
114.654433
114.654433
114.654433
114.654433
114.654433
114.654433
114.654433
114.654433
114.654433
114.654433
114.654433
114.654433
114.654433
114.654433
114.654433
114.654433
114.654433
114.654433
114.654433
114.654433
114.654433
114.654433
114.654433
114.654433
114.654433
114.654433
114.654433
114.654433
114.654433
114.654433
114.654433
114.654433
114.654433
114.654433
114.654433
114.654433
114.654433
114.654433
114.654433
114.654433
114.654433
114.654433
114.654433
114.654433
114.654433
114.654433
114.654433
114.654433
114.654433
114.654433
114.654433
114.654433
114.654433
114.654433
114.654433
114.654433
114.654433
114.654433
114.654433
114.654433
114.654433
114.654433
114.654433
114.654433
114.654433
114.654433
114.654433
114.654433
114.654433
114.654433
114.654433
114.654433
114.654433
114.654433
114.654433
114.654433
114.654433
114.654433
114.654433
114.654433
114.654433
114.654433
114.654433
114.654433
114.654433
114.654433
114.654433
114.654433
114.654433
114.654433
114.654433
114.654433
114.654433
114.654433
114.654433
114.654433
114.654433
114.654433
114.654433
114.654433
114.654433
114.654433
114.654433
114.654433
114.654433
114.654433
114.654433
114.654433
114.654433
114.654433
114.654433
114.654433
114.654433
114.654433
114.654433
114.654433
114.654433
114.654433
114.654433
114.654433
114.654433
114.654433
114.654433
114.654433
114.654433
114.654433
114.654433
114.654433
114.654433
114.654433
114.654433
114.654433
114.654433
114.654433
114.654433
114.654433
114.654433
114.654433
114.654433
114.654433
114.654433
114.654433
114.654433
114.654433
114.654433
114.654433
114.654433
114.654433
114.654433
114.654433
114.654433
114.654433
114.654433
114.654433
114.654433
114.654433
114.654433
114.654433
114.654433
114.654433
114.654433
114.654433
114.654433
114.654433
114.654433
114.654433
114.654433
114.654433
114.654433
114.654433
114.654433
114.654433
114.654433
114.654433
114.654433
114.654433
114.654433
114.654433
114.654433
114.654433
114.654433
114.654433
114.654433
114.654433
114.654433
114.654433
114.654433
114.654433
114.654433
114.654433
114.654433
114.654433
114.654433
114.654433
114.654433
114.654433
114.654433
114.654433
114.654433
114.654433
114.654433
114.654433
114.654433
114.654433
114.654433
114.654433
114.654433
114.654433
114.654433
114.654433
114.654433
114.654433
114.654433
114.654433
114.654433
114.654433
114.654433
114.654433
114.654433
114.654433
114.654433
114.654433
114.654433
114.654433
114.654433
114.654433
114.654433
114.654433
114.654433
114.654433
114.654433
114.654433
114.654433
114.654433
114.654433
114.654433
114.654433
114.654433
114.654433
114.654433
114.654433
114.654433
114.654433
114.654433
114.654433
114.654433
114.654433
114.654433
114.654433
114.654433
114.654433
114.654433
114.654433
114.654433
114.654433
114.654433
114.654433
114.654433
114.654433
114.654433
114.654433
114.654433
114.654433
114.654433
114.654433
114.654433
114.654433
114.654433
114.654433
114.654433
114.654433
114.654433
114.654433
114.654433
114.654433
114.654433
114.654433
114.654433
114.654433
114.654433
114.654433
114.654433
114.654433
114.654433
114.654433
114.654433
114.654433
114.654433
114.654433
114.654433
114.654433
114.654433
114.654433
114.654433
114.654433
114.654433
114.654433
114.654433
114.654433
114.654433
114.654433
114.654433
114.654433
114.654433
114.654433
114.654433
114.654433
114.654433
114.654433
114.654433
114.654433
114.654433
114.654433
114.654433
114.654433
114.654433
114.654433
114.654433
114.654433
114.654433
114.654433
114.654433
114.654433
114.654433
114.654433
114.654433
114.654433
114.654433
114.654433
114.654433
114.654433
114.654433
114.654433
114.654433
114.654433
114.654433
114.654433
114.654433
114.654433
114.654433
114.654433
114.654433
114.654433
114.654433
114.654433
114.654433
114.654433
114.654433
114.654433
114.654433
114.654433
114.654433
114.654433
114.654433
114.654433
114.654433
114.654433
114.654433
114.654433
114.654433
114.654433
114.654433
114.654433
114.654433
114.654433
114.654433
114.654433
114.654433
114.654433
114.654433
114.654433
114.654433
114.654433
114.654433
114.654433
114.654433
114.654433
114.654433
114.654433
114.654433
114.654433
114.654433
114.654433
114.654433
114.654433
114.654433
114.654433
114.654433
114.654433
114.654433
114.654433
114.654433
114.654433
114.654433
114.654433
114.654433
114.654433
114.654433
114.654433
114.654433
114.654433
114.654433
114.654433
114.654433
114.654433
114.654433
114.654433
114.654433
114.654433
114.654433
114.654433
114.654433
114.654433
114.654433
114.654433
114.654433
114.654433
114.654433
114.654433
114.654433
114.654433
114.654433
114.654433
114.654433
114.654433
114.654433
114.654433
114.654433
114.654433
114.654433
114.654433
114.654433
114.654433
114.654433
114.654433
114.654433
114.654433
114.654433
114.654433
114.654433
114.654433
114.654433
114.654433
114.654433
114.654433
114.654433
114.654433
114.654433
114.654433
114.654433
114.654433
114.654433
114.654433
114.654433
114.654433
114.654433
114.654433
114.654433
114.654433
114.654433
114.654433
114.654433
114.654433
114.654433
114.654433
114.654433
114.654433
114.654433
114.654433
114.654433
114.654433
114.654433
114.654433
114.654433
114.654433
114.654433
114.654433
114.654433
114.654433
114.654433
114.654433
114.654433
114.654433
114.654433
114.654433
114.654433
114.654433
114.654433
114.654433
114.654433
114.654433
114.654433
114.654433
114.654433
114.654433
114.654433
114.654433
114.654433
114.654433
114.654433
114.654433
114.654433
114.654433
114.654433
114.654433
114.654433
114.654433
114.654433
114.654433
114.654433
114.654433
114.654433
114.654433
114.654433
114.654433
114.654433
114.654433
114.654433
114.654433
114.654433
114.654433
114.654433
114.654433
114.654433
114.654433
114.654433
114.654433
114.654433
114.654433
114.654433
114.654433
114.654433
114.654433
114.654433
114.654433
114.654433
114.654433
114.654433
114.654433
114.654433
114.654433
114.654433
114.654433
114.654433
114.654433
114.654433
114.654433
114.654433
114.654433
114.654433
114.654433
114.654433
114.654433
114.654433
114.654433
114.654433
114.654433
114.654433
114.654433
114.654433
114.654433
114.654433
114.654433
114.654433
114.654433
114.654433
114.654433
114.654433
114.654433
114.654433
114.654433
114.654433
114.654433
114.654433
114.654433
114.654433
114.654433
114.654433
114.654433
114.654433
114.654433
114.654433
114.654433
114.654433
114.654433
114.654433
114.654433
114.654433
114.654433
114.654433
114.654433
114.654433
114.654433
114.654433
114.654433
114.654433
114.654433
114.654433
114.654433
114.654433
114.654433
114.654433
114.654433
114.654433
114.654433
114.654433
114.654433
114.654433
114.654433
114.654433
114.654433
114.654433
114.654433
114.654433
114.654433
114.654433
114.654433
114.654433
114.654433
114.654433
114.654433
114.654433
114.654433
114.654433
114.654433
114.654433
114.654433
114.654433
114.654433
114.654433
114.654433
114.654433
114.654433
114.654433
114.654433
114.654433
114.654433
114.654433
114.654433
114.654433
114.654433
114.654433
114.654433
114.654433
114.654433
114.654433
114.654433
114.654433
114.654433
114.654433
114.654433
114.654433
114.654433
114.654433
114.654433
114.654433
114.654433
114.654433
114.654433
114.654433
114.654433
114.654433
114.654433
114.654433
114.654433
114.654433
114.654433
114.654433
114.654433
114.654433
114.654433
114.654433
114.654433
114.654433
114.654433
114.654433
114.654433
114.654433
114.654433
114.654433
114.654433
114.654433
114.654433
114.654433
114.654433
114.654433
114.654433
114.654433
114.654433
114.654433
114.654433
114.654433
114.654433
114.654433
114.654433
114.654433
114.654433
114.654433
114.654433
114.654433
114.654433
114.654433
114.654433
114.654433
114.654433
114.654433
114.654433
114.654433
114.654433
114.654433
114.654433
114.654433
114.654433
114.654433
114.654433
114.654433
114.654433
114.654433
114.654433
114.654433
114.654433
114.654433
114.654433
114.654433
114.654433
114.654433
114.654433
114.654433
114.654433
114.654433
114.654433
114.654433
114.654433
114.654433
114.654433
114.654433
114.654433
114.654433
114.654433
114.654433
114.654433
114.654433
114.654433
114.654433
114.654433
114.654433
114.654433
114.654433
114.654433
114.654433
114.654433
114.654433
114.654433
114.654433
114.654433
114.654433
114.654433
114.654433
114.654433
114.654433
114.654433
114.654433
114.654433
114.654433
114.654433
114.654433
114.654433
114.654433
114.654433
114.654433
114.654433
114.654433
114.654433
114.654433
114.654433
114.654433
114.654433
114.654433
114.654433
114.654433
114.654433
114.654433
114.654433
114.654433
114.654433
114.654433
114.654433
114.654433
114.654433
114.654433
114.654433
114.654433
114.654433
114.654433
114.654433
114.654433
114.654433
114.654433
114.654433
114.654433
114.654433
114.654433
114.654433
114.654433
114.654433
114.654433
114.654433
114.654433
114.654433
114.654433
114.654433
114.654433
114.654433
114.654433
114.654433
114.654433
114.654433
114.654433
114.654433
114.654433
114.654433
114.654433
114.654433
114.654433
114.654433
114.654433
114.654433
114.654433
114.654433
114.654433
114.654433
114.654433
114.654433
114.654433
114.654433
114.654433
114.654433
114.654433
114.654433
114.654433
114.654433
114.654433
114.654433
114.654433
114.654433
114.654433
114.654433
114.654433
114.654433
114.654433
114.654433
114.654433
114.654433
114.654433
114.654433
114.654433
114.654433
114.654433
114.654433
114.654433
114.654433
114.654433
114.654433
114.654433
114.654433
114.654433
114.654433
114.654433
114.654433
114.654433
114.654433
114.654433
114.654433
114.654433
114.654433
114.654433
114.654433
114.654433
114.654433
114.654433
114.654433
114.654433
114.654433
114.654433
114.654433
114.654433
114.654433
114.654433
114.654433
114.654433
114.654433
114.654433
114.654433
114.654433
114.654433
114.654433
114.654433
114.654433
114.654433
114.654433
114.654433
114.654433
114.654433
114.654433
114.654433
114.654433
114.654433
114.654433
114.654433
114.654433
114.654433
114.654433
114.654433
114.654433
114.654433
114.654433
114.654433
114.654433
114.654433
114.654433
114.654433
114.654433
114.654433
114.654433
114.654433
114.654433
114.654433
114.654433
114.654433
114.654433
114.654433
114.654433
114.654433
114.654433
114.654433
114.654433
114.654433
114.654433
114.654433
114.654433
114.654433
114.654433
114.654433
114.654433
114.654433
114.654433
114.654433
114.654433
114.654433
114.654433
114.654433
114.654433
114.654433
114.654433
114.654433
114.654433
114.654433
114.654433
114.654433
114.654433
114.654433
114.654433
114.654433
114.654433
114.654433
114.654433
114.654433
114.654433
114.654433
114.654433
114.654433
114.654433
114.654433
114.654433
114.654433
114.654433
114.654433
114.654433
114.654433
114.654433
114.654433
114.654433
114.654433
114.654433
114.654433
114.654433
114.654433
114.654433
114.654433
114.654433
114.654433
114.654433
114.654433
114.654433
114.654433
114.654433
114.654433
114.654433
114.654433
114.654433
114.654433
114.654433
114.654433
114.654433
114.654433
114.654433
114.654433
114.654433
114.654433
114.654433
114.654433
114.654433
114.654433
114.654433
114.654433
114.654433
114.654433
114.654433
114.654433
114.654433
114.654433
114.654433
114.654433
114.654433
114.654433
114.654433
114.654433
114.654433
114.654433
114.654433
114.654433
114.654433
114.654433
114.654433
114.654433
114.654433
114.654433
114.654433
114.654433
114.654433
114.654433
114.654433
114.654433
114.654433
114.654433
114.654433
114.654433
114.654433
114.654433
114.654433
114.654433
114.654433
114.654433
114.654433
114.654433
114.654433
114.654433
114.654433
114.654433
114.654433
114.654433
114.654433
114.654433
114.654433
114.654433
114.654433
114.654433
114.654433
114.654433
114.654433
114.654433
114.654433
114.654433
114.654433
114.654433
114.654433
114.654433
114.654433
114.654433
114.654433
114.654433
114.654433
114.654433
114.654433
114.654433
114.654433
114.654433
114.654433
114.654433
114.654433
114.654433
114.654433
114.654433
114.654433
114.654433
114.654433
114.654433
114.654433
114.654433
114.654433
114.654433
114.654433
114.654433
114.654433
114.654433
114.654433
114.654433
114.654433
114.654433
114.654433
114.654433
114.654433
114.654433
114.654433
114.654433
114.654433
114.654433
114.654433
114.654433
114.654433
114.654433
114.654433
114.654433
114.654433
114.654433
114.654433
114.654433
114.654433
114.654433
114.654433
114.654433
114.654433
114.654433
114.654433
114.654433
114.654433
114.654433
114.654433
114.654433
114.654433
114.654433
114.654433
114.654433
114.654433
114.654433
114.654433
114.654433
114.654433
114.654433
114.654433
114.654433
114.654433
114.654433
114.654433
114.654433
114.654433
114.654433
114.654433
114.654433
114.654433
114.654433
114.654433
114.654433
114.654433
114.654433
114.654433
114.654433
114.654433
114.654433
114.654433
114.654433
114.654433
114.654433
114.654433
114.654433
114.654433
114.654433
114.654433
114.654433
114.654433
114.654433
114.654433
114.654433
114.654433
114.654433
114.654433
114.654433
114.654433
114.654433
114.654433
114.654433
114.654433
114.654433
114.654433
114.654433
114.654433
114.654433
114.654433
114.654433
114.654433
114.654433
114.654433
114.654433
114.654433
114.654433
114.654433
114.654433
114.654433
114.654433
114.654433
114.654433
114.654433
114.654433
114.654433
114.654433
114.654433
114.654433
114.654433
114.654433
114.654433
114.654433
114.654433
114.654433
114.654433
114.654433
114.654433
114.654433
114.654433
114.654433
114.654433
114.654433
114.654433
114.654433
114.654433
114.654433
114.654433
114.654433
114.654433
114.654433
114.654433
114.654433
114.654433
114.654433
114.654433
114.654433
114.654433
114.654433
114.654433
114.654433
114.654433
114.654433
114.654433
114.654433
114.654433
114.654433
114.654433
114.654433
114.654433
114.654433
114.654433
114.654433
114.654433
114.654433
114.654433
114.654433
114.654433
114.654433
114.654433
114.654433
114.654433
114.654433
114.654433
114.654433
114.654433
114.654433
114.654433
114.654433
114.654433
114.654433
114.654433
114.654433
114.654433
114.654433
114.654433
114.654433
114.654433
114.654433
114.654433
114.654433
114.654433
114.654433
114.654433
114.654433
114.654433
114.654433
114.654433
114.654433
114.654433
114.654433
114.654433
114.654433
114.654433
114.654433
114.654433
114.654433
114.654433
114.654433
114.654433
114.654433
114.654433
114.654433
114.654433
114.654433
114.654433
114.654433
114.654433
114.654433
114.654433
114.654433
114.654433
114.654433
114.654433
114.654433
114.654433
114.654433
114.654433
114.654433
114.654433
114.654433
114.654433
114.654433
114.654433
114.654433
114.654433
114.654433
114.654433
114.654433
114.654433
114.654433
114.654433
114.654433
114.654433
114.654433
114.654433
114.654433
114.654433
114.654433
114.654433
114.654433
114.654433
114.654433
114.654433
114.654433
114.654433
114.654433
114.654433
114.654433
114.654433
114.654433
114.654433
114.654433
114.654433
114.654433
114.654433
114.654433
114.654433
114.654433
114.654433
114.654433
114.654433
114.654433
114.654433
114.654433
114.654433
114.654433
114.654433
114.654433
114.654433
114.654433
114.654433
114.654433
114.654433
114.654433
114.654433
114.654433
114.654433
114.654433
114.654433
114.654433
114.654433
114.654433
114.654433
114.654433
114.654433
114.654433
114.654433
114.654433
114.654433
114.654433
114.654433
114.654433
114.654433
114.654433
114.654433
114.654433
114.654433
114.654433
114.654433
114.654433
114.654433
114.654433
114.654433
114.654433
114.654433
114.654433
114.654433
114.654433
114.654433
114.654433
114.654433
114.654433
114.654433
114.654433
114.654433
114.654433
114.654433
114.654433
114.654433
114.654433
114.654433
114.654433
114.654433
114.654433
114.654433
114.654433
114.654433
114.654433
114.654433
114.654433
114.654433
114.654433
114.654433
114.654433
114.654433
114.654433
114.654433
114.654433
114.654433
114.654433
114.654433
114.654433
114.654433
114.654433
114.654433
114.654433
114.654433
114.654433
114.654433
114.654433
114.654433
114.654433
114.654433
114.654433
114.654433
114.654433
114.654433
114.654433
114.654433
114.654433
114.654433
114.654433
114.654433
114.654433
114.654433
114.654433
114.654433
114.654433
114.654433
114.654433
114.654433
114.654433
114.654433
114.654433
114.654433
114.654433
114.654433
114.654433
114.654433
114.654433
114.654433
114.654433
114.654433
114.654433
114.654433
114.654433
114.654433
114.654433
114.654433
114.654433
114.654433
114.654433
114.654433
114.654433
114.654433
114.654433
114.654433
114.654433
114.654433
114.654433
114.654433
114.654433
114.654433
114.654433
114.654433
114.654433
114.654433
114.654433
114.654433
114.654433
114.654433
114.654433
114.654433
114.654433
114.654433
114.654433
114.654433
114.654433
114.654433
114.654433
114.654433
114.654433
114.654433
114.654433
114.654433
114.654433
114.654433
114.654433
114.654433
114.654433
114.654433
114.654433
114.654433
114.654433
114.654433
114.654433
114.654433
114.654433
114.654433
114.654433
114.654433
114.654433
114.654433
114.654433
114.654433
114.654433
114.654433
114.654433
114.654433
114.654433
114.654433
114.654433
114.654433
114.654433
114.654433
114.654433
114.654433
114.654433
114.654433
114.654433
114.654433
114.654433
114.654433
114.654433
114.654433
114.654433
114.654433
114.654433
114.654433
114.654433
114.654433
114.654433
114.654433
114.654433
114.654433
114.654433
114.654433
114.654433
114.654433
114.654433
114.654433
114.654433
114.654433
114.654433
114.654433
114.654433
114.654433
114.654433
114.654433
114.654433
114.654433
114.654433
114.654433
114.654433
114.654433
114.654433
114.654433
114.654433
114.654433
114.654433
114.654433
114.654433
114.654433
114.654433
114.654433
114.654433
114.654433
114.654433
114.654433
114.654433
114.654433
114.654433
114.654433
114.654433
114.654433
114.654433
114.654433
114.654433
114.654433
114.654433
114.654433
114.654433
114.654433
114.654433
114.654433
114.654433
114.654433
114.654433
114.654433
114.654433
114.654433
114.654433
114.654433
114.654433
114.654433
114.654433
114.654433
114.654433
114.654433
114.654433
114.654433
114.654433
114.654433
114.654433
114.654433
114.654433
114.654433
114.654433
114.654433
114.654433
114.654433
114.654433
114.654433
114.654433
114.654433
114.654433
114.654433
114.654433
114.654433
114.654433
114.654433
114.654433
114.654433
114.654433
114.654433
114.654433
114.654433
114.654433
114.654433
114.654433
114.654433
114.654433
114.654433
114.654433
114.654433
114.654433
114.654433
114.654433
114.654433
114.654433
114.654433
114.654433
114.654433
114.654433
114.654433
114.654433
114.654433
114.654433
114.654433
114.654433
114.654433
114.654433
114.654433
114.654433
114.654433
114.654433
114.654433
114.654433
114.654433
114.654433
114.654433
114.654433
114.654433
114.654433
114.654433
114.654433
114.654433
114.654433
114.654433
114.654433
114.654433
114.654433
114.654433
114.654433
114.654433
114.654433
114.654433
114.654433
114.654433
114.654433
114.654433
114.654433
114.654433
114.654433
114.654433
114.654433
114.654433
114.654433
114.654433
114.654433
114.654433
114.654433
114.654433
114.654433
114.654433
114.654433
114.654433
114.654433
114.654433
114.654433
114.654433
114.654433
114.654433
114.654433
114.654433
114.654433
114.654433
114.654433
114.654433
114.654433
114.654433
114.654433
114.654433
114.654433
114.654433
114.654433
114.654433
114.654433
114.654433
114.654433
114.654433
114.654433
114.654433
114.654433
114.654433
114.654433
114.654433
114.654433
114.654433
114.654433
114.654433
114.654433
114.654433
114.654433
114.654433
114.654433
114.654433
114.654433
114.654433
114.654433
114.654433
114.654433
114.654433
114.654433
114.654433
114.654433
114.654433
114.654433
114.654433
114.654433
114.654433
114.654433
114.654433
114.654433
114.654433
114.654433
114.654433
114.654433
114.654433
114.654433
114.654433
114.654433
114.654433
114.654433
114.654433
114.654433
114.654433
114.654433
114.654433
114.654433
114.654433
114.654433
114.654433
114.654433
114.654433
114.654433
114.654433
114.654433
114.654433
114.654433
114.654433
114.654433
114.654433
114.654433
114.654433
114.654433
114.654433
114.654433
114.654433
114.654433
114.654433
114.654433
114.654433
114.654433
114.654433
114.654433
114.654433
114.654433
114.654433
114.654433
114.654433
114.654433
114.654433
114.654433
114.654433
114.654433
114.654433
114.654433
114.654433
114.654433
114.654433
114.654433
114.654433
114.654433
114.654433
114.654433
114.654433
114.654433
114.654433
114.654433
114.654433
114.654433
114.654433
114.654433
114.654433
114.654433
114.654433
114.654433
114.654433
114.654433
114.654433
114.654433
114.654433
114.654433
114.654433
114.654433
114.654433
114.654433
114.654433
114.654433
114.654433
114.654433
114.654433
114.654433
114.654433
114.654433
114.654433
114.654433
114.654433
114.654433
114.654433
114.654433
114.654433
114.654433
114.654433
114.654433
114.654433
114.654433
114.654433
114.654433
114.654433
114.654433
114.654433
114.654433
114.654433
114.654433
114.654433
114.654433
114.654433
114.654433
114.654433
114.654433
114.654433
114.654433
114.654433
114.654433
114.654433
114.654433
114.654433
114.654433
114.654433
114.654433
114.654433
114.654433
114.654433
114.654433
114.654433
114.654433
114.654433
114.654433
114.654433
114.654433
114.654433
114.654433
114.654433
114.654433
114.654433
114.654433
114.654433
114.654433
114.654433
114.654433
114.654433
114.654433
114.654433
114.654433
114.654433
114.654433
114.654433
114.654433
114.654433
114.654433
114.654433
114.654433
114.654433
114.654433
114.654433
114.654433
114.654433
114.654433
114.654433
114.654433
114.654433
114.654433
114.654433
114.654433
114.654433
114.654433
114.654433
114.654433
114.654433
114.654433
114.654433
114.654433
114.654433
114.654433
114.654433
114.654433
114.654433
114.654433
114.654433
114.654433
114.654433
114.654433
114.654433
114.654433
114.654433
114.654433
114.654433
114.654433
114.654433
114.654433
114.654433
114.654433
114.654433
114.654433
114.654433
114.654433
114.654433
114.654433
114.654433
114.654433
114.654433
114.654433
114.654433
114.654433
114.654433
114.654433
114.654433
114.654433
114.654433
114.654433
114.654433
114.654433
114.654433
114.654433
114.654433
114.654433
114.654433
114.654433
114.654433
114.654433
114.654433
114.654433
114.654433
114.654433
114.654433
114.654433
114.654433
114.654433
114.654433
114.654433
114.654433
114.654433
114.654433
114.654433
114.654433
114.654433
114.654433
114.654433
114.654433
114.654433
114.654433
114.654433
114.654433
114.654433
114.654433
114.654433
114.654433
114.654433
114.654433
114.654433
114.654433
114.654433
114.654433
114.654433
114.654433
114.654433
114.654433
114.654433
114.654433
114.654433
114.654433
114.654433
114.654433
114.654433
114.654433
114.654433
114.654433
114.654433
114.654433
114.654433
114.654433
114.654433
114.654433
114.654433
114.654433
114.654433
114.654433
114.654433
114.654433
114.654433
114.654433
114.654433
114.654433
114.654433
114.654433
114.654433
114.654433
114.654433
114.654433
114.654433
114.654433
114.654433
114.654433
114.654433
114.654433
114.654433
114.654433
114.654433
114.654433
114.654433
114.654433
114.654433
114.654433
114.654433
114.654433
114.654433
114.654433
114.654433
114.654433
114.654433
114.654433
114.654433
114.654433
114.654433
114.654433
114.654433
114.654433
114.654433
114.654433
114.654433
114.654433
114.654433
114.654433
114.654433
114.654433
114.654433
114.654433
114.654433
114.654433
114.654433
114.654433
114.654433
114.654433
114.654433
114.654433
114.654433
114.654433
114.654433
114.654433
114.654433
114.654433
114.654433
114.654433
114.654433
114.654433
114.654433
114.654433
114.654433
114.654433
114.654433
114.654433
114.654433
114.654433
114.654433
114.654433
114.654433
114.654433
114.654433
114.654433
114.654433
114.654433
114.654433
114.654433
114.654433
114.654433
114.654433
114.654433
114.654433
114.654433
114.654433
114.654433
114.654433
114.654433
114.654433
114.654433
114.654433
114.654433
114.654433
114.654433
114.654433
114.654433
114.654433
114.654433
114.654433
114.654433
114.654433
114.654433
114.654433
114.654433
114.654433
114.654433
114.654433
114.654433
114.654433
114.654433
114.654433
114.654433
114.654433
114.654433
114.654433
114.654433
114.654433
114.654433
114.654433
114.654433
114.654433
114.654433
114.654433
114.654433
114.654433
114.654433
114.654433
114.654433
114.654433
114.654433
114.654433
114.654433
114.654433
114.654433
114.654433
114.654433
114.654433
114.654433
114.654433
114.654433
114.654433
114.654433
114.654433
114.654433
114.654433
114.654433
114.654433
114.654433
114.654433
114.654433
114.654433
114.654433
114.654433
114.654433
114.654433
114.654433
114.654433
114.654433
114.654433
114.654433
114.654433
114.654433
114.654433
114.654433
114.654433
114.654433
114.654433
114.654433
114.654433
114.654433
114.654433
114.654433
114.654433
114.654433
114.654433
114.654433
114.654433
114.654433
114.654433
114.654433
114.654433
114.654433
114.654433
114.654433
114.654433
114.654433
114.654433
114.654433
114.654433
114.654433
114.654433
114.654433
114.654433
114.654433
114.654433
114.654433
114.654433
114.654433
114.654433
114.654433
114.654433
114.654433
114.654433
114.654433
114.654433
114.654433
114.654433
114.654433
114.654433
114.654433
114.654433
114.654433
114.654433
114.654433
114.654433
114.654433
114.654433
114.654433
114.654433
114.654433
114.654433
114.654433
114.654433
114.654433
114.654433
114.654433
114.654433
114.654433
114.654433
114.654433
114.654433
114.654433
114.654433
114.654433
114.654433
114.654433
114.654433
114.654433
114.654433
114.654433
114.654433
114.654433
114.654433
114.654433
114.654433
114.654433
114.654433
114.654433
114.654433
114.654433
114.654433
114.654433
114.654433
114.654433
114.654433
114.654433
114.654433
114.654433
114.654433
114.654433
114.654433
114.654433
114.654433
114.654433
114.654433
114.654433
114.654433
114.654433
114.654433
114.654433
114.654433
114.654433
114.654433
114.654433
114.654433
114.654433
114.654433
114.654433
114.654433
114.654433
114.654433
114.654433
114.654433
114.654433
114.654433
114.654433
114.654433
114.654433
114.654433
114.654433
114.654433
114.654433
114.654433
114.654433
114.654433
114.654433
114.654433
114.654433
114.654433
114.654433
114.654433
114.654433
114.654433
114.654433
114.654433
114.654433
114.654433
114.654433
114.654433
114.654433
114.654433
114.654433
114.654433
114.654433
114.654433
114.654433
114.654433
114.654433
114.654433
114.654433
114.654433
114.654433
114.654433
114.654433
114.654433
114.654433
114.654433
114.654433
114.654433
114.654433
114.654433
114.654433
114.654433
114.654433
114.654433
114.654433
114.654433
114.654433
114.654433
114.654433
114.654433
114.654433
114.654433
114.654433
114.654433
114.654433
114.654433
114.654433
114.654433
114.654433
114.654433
114.654433
114.654433
114.654433
114.654433
114.654433
114.654433
114.654433
114.654433
114.654433
114.654433
114.654433
114.654433
114.654433
114.654433
114.654433
114.654433
114.654433
114.654433
114.654433
114.654433
114.654433
114.654433
114.654433
114.654433
114.654433
114.654433
114.654433
114.654433
114.654433
114.654433
114.654433
114.654433
114.654433
114.654433
114.654433
114.654433
114.654433
114.654433
114.654433
114.654433
114.654433
114.654433
114.654433
114.654433
114.654433
114.654433
114.654433
114.654433
114.654433
114.654433
114.654433
114.654433
114.654433
114.654433
114.654433
114.654433
114.654433
114.654433
114.654433
114.654433
114.654433
114.654433
114.654433
114.654433
114.654433
114.654433
114.654433
114.654433
114.654433
114.654433
114.654433
114.654433
114.654433
114.654433
114.654433
114.654433
114.654433
114.654433
114.654433
114.654433
114.654433
114.654433
114.654433
114.654433
114.654433
114.654433
114.654433
114.654433
114.654433
114.654433
114.654433
114.654433
114.654433
114.654433
114.654433
114.654433
114.654433
114.654433
114.654433
114.654433
114.654433
114.654433
114.654433
114.654433
114.654433
114.654433
114.654433
114.654433
114.654433
114.654433
114.654433
114.654433
114.654433
114.654433
114.654433
114.654433
114.654433
114.654433
114.654433
114.654433
114.654433
114.654433
114.654433
114.654433
114.654433
114.654433
114.654433
114.654433
114.654433
114.654433
114.654433
114.654433
114.654433
114.654433
114.654433
114.654433
114.654433
114.654433
114.654433
114.654433
114.654433
114.654433
114.654433
114.654433
114.654433
114.654433
114.654433
114.654433
114.654433
114.654433
114.654433
114.654433
114.654433
114.654433
114.654433
114.654433
114.654433
114.654433
114.654433
114.654433
114.654433
114.654433
114.654433
114.654433
114.654433
114.654433
114.654433
114.654433
114.654433
114.654433
114.654433
114.654433
114.654433
114.654433
114.654433
114.654433
114.654433
114.654433
114.654433
114.654433
114.654433
114.654433
114.654433
114.654433
114.654433
114.654433
114.654433
114.654433
114.654433
114.654433
114.654433
114.654433
114.654433
114.654433
114.654433
114.654433
114.654433
114.654433
114.654433
114.654433
114.654433
114.654433
114.654433
114.654433
114.654433
114.654433
114.654433
114.654433
114.654433
114.654433
114.654433
114.654433
114.654433
114.654433
114.654433
114.654433
114.654433
114.654433
114.654433
114.654433
114.654433
114.654433
114.654433
114.654433
114.654433
114.654433
114.654433
114.654433
114.654433
114.654433
114.654433
114.654433
114.654433
114.654433
114.654433
114.654433
114.654433
114.654433
114.654433
114.654433
114.654433
114.654433
114.654433
114.654433
114.654433
114.654433
114.654433
114.654433
114.654433
114.654433
114.654433
114.654433
114.654433
114.654433
114.654433
114.654433
114.654433
114.654433
114.654433
114.654433
114.654433
114.654433
114.654433
114.654433
114.654433
114.654433
114.654433
114.654433
114.654433
114.654433
114.654433
114.654433
114.654433
114.654433
114.654433
114.654433
114.654433
114.654433
114.654433
114.654433
114.654433
114.654433
114.654433
114.654433
114.654433
114.654433
114.654433
114.654433
114.654433
114.654433
114.654433
114.654433
114.654433
114.654433
114.654433
114.654433
114.654433
114.654433
114.654433
114.654433
114.654433
114.654433
114.654433
114.654433
114.654433
114.654433
114.654433
114.654433
114.654433
114.654433
114.654433
114.654433
114.654433
114.654433
114.654433
114.654433
114.654433
114.654433
114.654433
114.654433
114.654433
114.654433
114.654433
114.654433
114.654433
114.654433
114.654433
114.654433
114.654433
114.654433
114.654433
114.654433
114.654433
114.654433
114.654433
114.654433
114.654433
114.654433
114.654433
114.654433
114.654433
114.654433
114.654433
114.654433
114.654433
114.654433
114.654433
114.654433
114.654433
114.654433
114.654433
114.654433
114.654433
114.654433
114.654433
114.654433
114.654433
114.654433
114.654433
114.654433
114.654433
114.654433
114.654433
114.654433
114.654433
114.654433
114.654433
114.654433
114.654433
114.654433
114.654433
114.654433
114.654433
114.654433
114.654433
114.654433
114.654433
114.654433
114.654433
114.654433
114.654433
114.654433
114.654433
114.654433
114.654433
114.654433
114.654433
114.654433
114.654433
114.654433
114.654433
114.654433
114.654433
114.654433
114.654433
114.654433
114.654433
114.654433
114.654433
114.654433
114.654433
114.654433
114.654433
114.654433
114.654433
114.654433
114.654433
114.654433
114.654433
114.654433
114.654433
114.654433
114.654433
114.654433
114.654433
114.654433
114.654433
114.654433
114.654433
114.654433
114.654433
114.654433
114.654433
114.654433
114.654433
114.654433
114.654433
114.654433
114.654433
114.654433
114.654433
114.654433
114.654433
114.654433
114.654433
114.654433
114.654433
114.654433
114.654433
114.654433
114.654433
114.654433
114.654433
114.654433
114.654433
114.654433
114.654433
114.654433
114.654433
114.654433
114.654433
114.654433
114.654433
114.654433
114.654433
114.654433
114.654433
114.654433
114.654433
114.654433
114.654433
114.654433
114.654433
114.654433
114.654433
114.654433
114.654433
114.654433
114.654433
114.654433
114.654433
114.654433
114.654433
114.654433
114.654433
114.654433
114.654433
114.654433
114.654433
114.654433
114.654433
114.654433
114.654433
114.654433
114.654433
114.654433
114.654433
114.654433
114.654433
114.654433
114.654433
114.654433
114.654433
114.654433
114.654433
114.654433
114.654433
114.654433
114.654433
114.654433
114.654433
114.654433
114.654433
114.654433
114.654433
114.654433
114.654433
114.654433
114.654433
114.654433
114.654433
114.654433
114.654433
114.654433
114.654433
114.654433
114.654433
114.654433
114.654433
114.654433
114.654433
114.654433
114.654433
114.654433
114.654433
114.654433
114.654433
114.654433
114.654433
114.654433
114.654433
114.654433
114.654433
114.654433
114.654433
114.654433
114.654433
114.654433
114.654433
114.654433
114.654433
114.654433
114.654433
114.654433
114.654433
114.654433
114.654433
114.654433
114.654433
114.654433
114.654433
114.654433
114.654433
114.654433
114.654433
114.654433
114.654433
114.654433
114.654433
114.654433
114.654433
114.654433
114.654433
114.654433
114.654433
114.654433
114.654433
114.654433
114.654433
114.654433
114.654433
114.654433
114.654433
114.654433
114.654433
114.654433
114.654433
114.654433
114.654433
114.654433
114.654433
114.654433
114.654433
114.654433
114.654433
114.654433
114.654433
114.654433
114.654433
114.654433
114.654433
114.654433
114.654433
114.654433
114.654433
114.654433
114.654433
114.654433
114.654433
114.654433
114.654433
114.654433
114.654433
114.654433
114.654433
114.654433
114.654433
114.654433
114.654433
114.654433
114.654433
114.654433
114.654433
114.654433
114.654433
114.654433
114.654433
114.654433
114.654433
114.654433
114.654433
114.654433
114.654433
114.654433
114.654433
114.654433
114.654433
114.654433
114.654433
114.654433
114.654433
114.654433
114.654433
114.654433
114.654433
114.654433
114.654433
114.654433
114.654433
114.654433
114.654433
114.654433
114.654433
114.654433
114.654433
114.654433
114.654433
114.654433
114.654433
114.654433
114.654433
114.654433
114.654433
114.654433
114.654433
114.654433
114.654433
114.654433
114.654433
114.654433
114.654433
114.654433
114.654433
114.654433
114.654433
114.654433
114.654433
114.654433
114.654433
114.654433
114.654433
114.654433
114.654433
114.654433
114.654433
114.654433
114.654433
114.654433
114.654433
114.654433
114.654433
114.654433
114.654433
114.654433
114.654433
114.654433
114.654433
114.654433
114.654433
114.654433
114.654433
114.654433
114.654433
114.654433
114.654433
114.654433
114.654433
114.654433
114.654433
114.654433
114.654433
114.654433
114.654433
114.654433
114.654433
114.654433
114.654433
114.654433
114.654433
114.654433
114.654433
114.654433
114.654433
114.654433
114.654433
114.654433
114.654433
114.654433
114.654433
114.654433
114.654433
114.654433
114.654433
114.654433
114.654433
114.654433
114.654433
114.654433
114.654433
114.654433
114.654433
114.654433
114.654433
114.654433
114.654433
114.654433
114.654433
114.654433
114.654433
114.654433
114.654433
114.654433
114.654433
114.654433
114.654433
114.654433
114.654433
114.654433
114.654433
114.654433
114.654433
114.654433
114.654433
114.654433
114.654433
114.654433
114.654433
114.654433
114.654433
114.654433
114.654433
114.654433
114.654433
114.654433
114.654433
114.654433
114.654433
114.654433
114.654433
114.654433
114.654433
114.654433
114.654433
114.654433
114.654433
114.654433
114.654433
114.654433
114.654433
114.654433
114.654433
114.654433
114.654433
114.654433
114.654433
114.654433
114.654433
114.654433
114.654433
114.654433
114.654433
114.654433
114.654433
114.654433
114.654433
114.654433
114.654433
114.654433
114.654433
114.654433
114.654433
114.654433
114.654433
114.654433
114.654433
114.654433
114.654433
114.654433
114.654433
114.654433
114.654433
114.654433
114.654433
114.654433
114.654433
114.654433
114.654433
114.654433
114.654433
114.654433
114.654433
114.654433
114.654433
114.654433
114.654433
114.654433
114.654433
114.654433
114.654433
114.654433
114.654433
114.654433
114.654433
114.654433
114.654433
114.654433
114.654433
114.654433
114.654433
114.654433
114.654433
114.654433
114.654433
114.654433
114.654433
114.654433
114.654433
114.654433
114.654433
114.654433
114.654433
114.654433
114.654433
114.654433
114.654433
114.654433
114.654433
114.654433
114.654433
114.654433
114.654433
114.654433
114.654433
114.654433
114.654433
114.654433
114.654433
114.654433
114.654433
114.654433
114.654433
114.654433
114.654433
114.654433
114.654433
114.654433
114.654433
114.654433
114.654433
114.654433
114.654433
114.654433
114.654433
114.654433
114.654433
114.654433
114.654433
114.654433
114.654433
114.654433
114.654433
114.654433
114.654433
114.654433
114.654433
114.654433
114.654433
114.654433
114.654433
114.654433
114.654433
114.654433
114.654433
114.654433
114.654433
114.654433
114.654433
114.654433
114.654433
114.654433
114.654433
114.654433
114.654433
114.654433
114.654433
114.654433
114.654433
114.654433
114.654433
114.654433
114.654433
114.654433
114.654433
114.654433
114.654433
114.654433
114.654433
114.654433
114.654433
114.654433
114.654433
114.654433
114.654433
114.654433
114.654433
114.654433
114.654433
114.654433
114.654433
114.654433
114.654433
114.654433
114.654433
114.654433
114.654433
114.654433
114.654433
114.654433
114.654433
114.654433
114.654433
114.654433
114.654433
114.654433
114.654433
114.654433
114.654433
114.654433
114.654433
114.654433
114.654433
114.654433
114.654433
114.654433
114.654433
114.654433
114.654433
114.654433
114.654433
114.654433
114.654433
114.654433
114.654433
114.654433
114.654433
114.654433
114.654433
114.654433
114.654433
114.654433
114.654433
114.654433
114.654433
114.654433
114.654433
114.654433
114.654433
114.654433
114.654433
114.654433
114.654433
114.654433
114.654433
114.654433
114.654433
114.654433
114.654433
114.654433
114.654433
114.654433
114.654433
114.654433
114.654433
114.654433
114.654433
114.654433
114.654433
114.654433
114.654433
114.654433
114.654433
114.654433
114.654433
114.654433
114.654433
114.654433
114.654433
114.654433
114.654433
114.654433
114.654433
114.654433
114.654433
114.654433
114.654433
114.654433
114.654433
114.654433
114.654433
114.654433
114.654433
114.654433
114.654433
114.654433
114.654433
114.654433
114.654433
114.654433
114.654433
114.654433
114.654433
114.654433
114.654433
114.654433
114.654433
114.654433
114.654433
114.654433
114.654433
114.654433
114.654433
114.654433
114.654433
114.654433
114.654433
114.654433
114.654433
114.654433
114.654433
114.654433
114.654433
114.654433
114.654433
114.654433
114.654433
114.654433
114.654433
114.654433
114.654433
114.654433
114.654433
114.654433
114.654433
114.654433
114.654433
114.654433
114.654433
114.654433
114.654433
114.654433
114.654433
114.654433
114.654433
114.654433
114.654433
114.654433
114.654433
114.654433
114.654433
114.654433
114.654433
114.654433
114.654433
114.654433
114.654433
114.654433
114.654433
114.654433
114.654433
114.654433
114.654433
114.654433
114.654433
114.654433
114.654433
114.654433
114.654433
114.654433
114.654433
114.654433
114.654433
114.654433
114.654433
114.654433
114.654433
114.654433
114.654433
114.654433
114.654433
114.654433
114.654433
114.654433
114.654433
114.654433
114.654433
114.654433
114.654433
114.654433
114.654433
114.654433
114.654433
114.654433
114.654433
114.654433
114.654433
114.654433
114.654433
114.654433
114.654433
114.654433
114.654433
114.654433
114.654433
114.654433
114.654433
114.654433
114.654433
114.654433
114.654433
114.654433
114.654433
114.654433
114.654433
114.654433
114.654433
114.654433
114.654433
114.654433
114.654433
114.654433
114.654433
114.654433
114.654433
114.654433
114.654433
114.654433
114.654433
114.654433
114.654433
114.654433
114.654433
114.654433
114.654433
114.654433
114.654433
114.654433
114.654433
114.654433
114.654433
114.654433
114.654433
114.654433
114.654433
114.654433
114.654433
114.654433
114.654433
114.654433
114.654433
114.654433
114.654433
114.654433
114.654433
114.654433
114.654433
114.654433
114.654433
114.654433
114.654433
114.654433
114.654433
114.654433
114.654433
114.654433
114.654433
114.654433
114.654433
114.654433
114.654433
114.654433
114.654433
114.654433
114.654433
114.654433
114.654433
114.654433
114.654433
114.654433
114.654433
114.654433
114.654433
114.654433
114.654433
114.654433
114.654433
114.654433
114.654433
114.654433
114.654433
114.654433
114.654433
114.654433
114.654433
114.654433
114.654433
114.654433
114.654433
114.654433
114.654433
114.654433
114.654433
114.654433
114.654433
114.654433
114.654433
114.654433
114.654433
114.654433
114.654433
114.654433
114.654433
114.654433
114.654433
114.654433
114.654433
114.654433
114.654433
114.654433
114.654433
114.654433
114.654433
114.654433
114.654433
114.654433
114.654433
114.654433
114.654433
114.654433
114.654433
114.654433
114.654433
114.654433
114.654433
114.654433
114.654433
114.654433
114.654433
114.654433
114.654433
114.654433
114.654433
114.654433
114.654433
114.654433
114.654433
114.654433
114.654433
114.654433
114.654433
114.654433
114.654433
114.654433
114.654433
114.654433
114.654433
114.654433
114.654433
114.654433
114.654433
114.654433
114.654433
114.654433
114.654433
114.654433
114.654433
114.654433
114.654433
114.654433
114.654433
114.654433
114.654433
114.654433
114.654433
114.654433
114.654433
114.654433
114.654433
114.654433
114.654433
114.654433
114.654433
114.654433
114.654433
114.654433
114.654433
114.654433
114.654433
114.654433
114.654433
114.654433
114.654433
114.654433
114.654433
114.654433
114.654433
114.654433
114.654433
114.654433
114.654433
114.654433
114.654433
114.654433
114.654433
114.654433
114.654433
114.654433
114.654433
114.654433
114.654433
114.654433
114.654433
114.654433
114.654433
114.654433
114.654433
114.654433
114.654433
114.654433
114.654433
114.654433
114.654433
114.654433
114.654433
114.654433
114.654433
114.654433
114.654433
114.654433
114.654433
114.654433
114.654433
114.654433
114.654433
114.654433
114.654433
114.654433
114.654433
114.654433
114.654433
114.654433
114.654433
114.654433
114.654433
114.654433
114.654433
114.654433
114.654433
114.654433
114.654433
114.654433
114.654433
114.654433
114.654433
114.654433
114.654433
114.654433
114.654433
114.654433
114.654433
114.654433
114.654433
114.654433
114.654433
114.654433
114.654433
114.654433
114.654433
114.654433
114.654433
114.654433
114.654433
114.654433
114.654433
114.654433
114.654433
114.654433
114.654433
114.654433
114.654433
114.654433
114.654433
114.654433
114.654433
114.654433
114.654433
114.654433
114.654433
114.654433
114.654433
114.654433
114.654433
114.654433
114.654433
114.654433
114.654433
114.654433
114.654433
114.654433
114.654433
114.654433
114.654433
114.654433
114.654433
114.654433
114.654433
114.654433
114.654433
114.654433
114.654433
114.654433
114.654433
114.654433
114.654433
114.654433
114.654433
114.654433
114.654433
114.654433
114.654433
114.654433
114.654433
114.654433
114.654433
114.654433
114.654433
114.654433
114.654433
114.654433
114.654433
114.654433
114.654433
114.654433
114.654433
114.654433
114.654433
114.654433
114.654433
114.654433
114.654433
114.654433
114.654433
114.654433
114.654433
114.654433
114.654433
114.654433
114.654433
114.654433
114.654433
114.654433
114.654433
114.654433
114.654433
114.654433
114.654433
114.654433
114.654433
114.654433
114.654433
114.654433
114.654433
114.654433
114.654433
114.654433
114.654433
114.654433
114.654433
114.654433
114.654433
114.654433
114.654433
114.654433
114.654433
114.654433
114.654433
114.654433
114.654433
114.654433
114.654433
114.654433
114.654433
114.654433
114.654433
114.654433
114.654433
114.654433
114.654433
114.654433
114.654433
114.654433
114.654433
114.654433
114.654433
114.654433
114.654433
114.654433
114.654433
114.654433
114.654433
114.654433
114.654433
114.654433
114.654433
114.654433
114.654433
114.654433
114.654433
114.654433
114.654433
114.654433
114.654433
114.654433
114.654433
114.654433
114.654433
114.654433
114.654433
114.654433
114.654433
114.654433
114.654433
114.654433
114.654433
114.654433
114.654433
114.654433
114.654433
114.654433
114.654433
114.654433
114.654433
114.654433
114.654433
114.654433
114.654433
114.654433
114.654433
114.654433
114.654433
114.654433
114.654433
114.654433
114.654433
114.654433
114.654433
114.654433
114.654433
114.654433
114.654433
114.654433
114.654433
114.654433
114.654433
114.654433
114.654433
114.654433
114.654433
114.654433
114.654433
114.654433
114.654433
114.654433
114.654433
114.654433
114.654433
114.654433
114.654433
114.654433
114.654433
114.654433
114.654433
114.654433
114.654433
114.654433
114.654433
114.654433
114.654433
114.654433
114.654433
114.654433
114.654433
114.654433
114.654433
114.654433
114.654433
114.654433
114.654433
114.654433
114.654433
114.654433
114.654433
114.654433
114.654433
114.654433
114.654433
114.654433
114.654433
114.654433
114.654433
114.654433
114.654433
114.654433
114.654433
114.654433
114.654433
114.654433
114.654433
114.654433
114.654433
114.654433
114.654433
114.654433
114.654433
114.654433
114.654433
114.654433
114.654433
114.654433
114.654433
114.654433
114.654433
114.654433
114.654433
114.654433
114.654433
114.654433
114.654433
114.654433
114.654433
114.654433
114.654433
114.654433
114.654433
114.654433
114.654433
114.654433
114.654433
114.654433
114.654433
114.654433
114.654433
114.654433
114.654433
114.654433
114.654433
114.654433
114.654433
114.654433
114.654433
114.654433
114.654433
114.654433
114.654433
114.654433
114.654433
114.654433
114.654433
114.654433
114.654433
114.654433
114.654433
114.654433
114.654433
114.654433
114.654433
114.654433
114.654433
114.654433
114.654433
114.654433
114.654433
114.654433
114.654433
114.654433
114.654433
114.654433
114.654433
114.654433
114.654433
114.654433
114.654433
114.654433
114.654433
114.654433
114.654433
114.654433
114.654433
114.654433
114.654433
114.654433
114.654433
114.654433
114.654433
114.654433
114.654433
114.654433
114.654433
114.654433
114.654433
114.654433
114.654433
114.654433
114.654433
114.654433
114.654433
114.654433
114.654433
114.654433
114.654433
114.654433
114.654433
114.654433
114.654433
114.654433
114.654433
114.654433
114.654433
114.654433
114.654433
114.654433
114.654433
114.654433
114.654433
114.654433
114.654433
114.654433
114.654433
114.654433
114.654433
114.654433
114.654433
114.654433
114.654433
114.654433
114.654433
114.654433
114.654433
114.654433
114.654433
114.654433
114.654433
114.654433
114.654433
114.654433
114.654433
114.654433
114.654433
114.654433
114.654433
114.654433
114.654433
114.654433
114.654433
114.654433
114.654433
114.654433
114.654433
114.654433
114.654433
114.654433
114.654433
114.654433
114.654433
114.654433
114.654433
114.654433
114.654433
114.654433
114.654433
114.654433
114.654433
114.654433
114.654433
114.654433
114.654433
114.654433
114.654433
114.654433
114.654433
114.654433
114.654433
114.654433
114.654433
114.654433
114.654433
114.654433
114.654433
114.654433
114.654433
114.654433
114.654433
114.654433
114.654433
114.654433
114.654433
114.654433
114.654433
114.654433
114.654433
114.654433
114.654433
114.654433
114.654433
114.654433
114.654433
114.654433
114.654433
114.654433
114.654433
114.654433
114.654433
114.654433
114.654433
114.654433
114.654433
114.654433
114.654433
114.654433
114.654433
114.654433
114.654433
114.654433
114.654433
114.654433
114.654433
114.654433
114.654433
114.654433
114.654433
114.654433
114.654433
114.654433
114.654433
114.654433
114.654433
114.654433
114.654433
114.654433
114.654433
114.654433
114.654433
114.654433
114.654433
114.654433
114.654433
114.654433
114.654433
114.654433
114.654433
114.654433
114.654433
114.654433
114.654433
114.654433
114.654433
114.654433
114.654433
114.654433
114.654433
114.654433
114.654433
114.654433
114.654433
114.654433
114.654433
114.654433
114.654433
114.654433
114.654433
114.654433
114.654433
114.654433
114.654433
114.654433
114.654433
114.654433
114.654433
114.654433
114.654433
114.654433
114.654433
114.654433
114.654433
114.654433
114.654433
114.654433
114.654433
114.654433
114.654433
114.654433
114.654433
114.654433
114.654433
114.654433
114.654433
114.654433
114.654433
114.654433
114.654433
114.654433
114.654433
114.654433
114.654433
114.654433
114.654433
114.654433
114.654433
114.654433
114.654433
114.654433
114.654433
114.654433
114.654433
114.654433
114.654433
114.654433
114.654433
114.654433
114.654433
114.654433
114.654433
114.654433
114.654433
114.654433
114.654433
114.654433
114.654433
114.654433
114.654433
114.654433
114.654433
114.654433
114.654433
114.654433
114.654433
114.654433
114.654433
114.654433
114.654433
114.654433
114.654433
114.654433
114.654433
114.654433
114.654433
114.654433
114.654433
114.654433
114.654433
114.654433
114.654433
114.654433
114.654433
114.654433
114.654433
114.654433
114.654433
114.654433
114.654433
114.654433
114.654433
114.654433
114.654433
114.654433
114.654433
114.654433
114.654433
114.654433
114.654433
114.654433
114.654433
114.654433
114.654433
114.654433
114.654433
114.654433
114.654433
114.654433
114.654433
114.654433
114.654433
114.654433
114.654433
114.654433
114.654433
114.654433
114.654433
114.654433
114.654433
114.654433
114.654433
114.654433
114.654433
114.654433
114.654433
114.654433
114.654433
114.654433
114.654433
114.654433
114.654433
114.654433
114.654433
114.654433
114.654433
114.654433
114.654433
114.654433
114.654433
114.654433
114.654433
114.654433
114.654433
114.654433
114.654433
114.654433
114.654433
114.654433
114.654433
114.654433
114.654433
114.654433
114.654433
114.654433
114.654433
114.654433
114.654433
114.654433
114.654433
114.654433
114.654433
114.654433
114.654433
114.654433
114.654433
114.654433
114.654433
114.654433
114.654433
114.654433
114.654433
114.654433
114.654433
114.654433
114.654433
114.654433
114.654433
114.654433
114.654433
114.654433
114.654433
114.654433
114.654433
114.654433
114.654433
114.654433
114.654433
114.654433
114.654433
114.654433
114.654433
114.654433
114.654433
114.654433
114.654433
114.654433
114.654433
114.654433
114.654433
114.654433
114.654433
114.654433
114.654433
114.654433
114.654433
114.654433
114.654433
114.654433
114.654433
114.654433
114.654433
114.654433
114.654433
114.654433
114.654433
114.654433
114.654433
114.654433
114.654433
114.654433
114.654433
114.654433
114.654433
114.654433
114.654433
114.654433
114.654433
114.654433
114.654433
114.654433
114.654433
114.654433
114.654433
114.654433
114.654433
114.654433
114.654433
114.654433
114.654433
114.654433
114.654433
114.654433
114.654433
114.654433
114.654433
114.654433
114.654433
114.654433
114.654433
114.654433
114.654433
114.654433
114.654433
114.654433
114.654433
114.654433
114.654433
114.654433
114.654433
114.654433
114.654433
114.654433
114.654433
114.654433
114.654433
114.654433
114.654433
114.654433
114.654433
114.654433
114.654433
114.654433
114.654433
114.654433
114.654433
114.654433
114.654433
114.654433
114.654433
114.654433
114.654433
114.654433
114.654433
114.654433
114.654433
114.654433
114.654433
114.654433
114.654433
114.654433
114.654433
114.654433
114.654433
114.654433
114.654433
114.654433
114.654433
114.654433
114.654433
114.654433
114.654433
114.654433
114.654433
114.654433
114.654433
114.654433
114.654433
114.654433
114.654433
114.654433
114.654433
114.654433
114.654433
114.654433
114.654433
114.654433
114.654433
114.654433
114.654433
114.654433
114.654433
114.654433
114.654433
114.654433
114.654433
114.654433
114.654433
114.654433
114.654433
114.654433
114.654433
114.654433
114.654433
114.654433
114.654433
114.654433
114.654433
114.654433
114.654433
114.654433
114.654433
114.654433
114.654433
114.654433
114.654433
114.654433
114.654433
114.654433
114.654433
114.654433
114.654433
114.654433
114.654433
114.654433
114.654433
114.654433
114.654433
114.654433
114.654433
114.654433
114.654433
114.654433
114.654433
114.654433
114.654433
114.654433
114.654433
114.654433
114.654433
114.654433
114.654433
114.654433
114.654433
114.654433
114.654433
114.654433
114.654433
114.654433
114.654433
114.654433
114.654433
114.654433
114.654433
114.654433
114.654433
114.654433
114.654433
114.654433
114.654433
114.654433
114.654433
114.654433
114.654433
114.654433
114.654433
114.654433
114.654433
114.654433
114.654433
114.654433
114.654433
114.654433
114.654433
114.654433
114.654433
114.654433
114.654433
114.654433
114.654433
114.654433
114.654433
114.654433
114.654433
114.654433
114.654433
114.654433
114.654433
114.654433
114.654433
114.654433
114.654433
114.654433
114.654433
114.654433
114.654433
114.654433
114.654433
114.654433
114.654433
114.654433
114.654433
114.654433
114.654433
114.654433
114.654433
114.654433
114.654433
114.654433
114.654433
114.654433
114.654433
114.654433
114.654433
114.654433
114.654433
114.654433
114.654433
114.654433
114.654433
114.654433
114.654433
114.654433
114.654433
114.654433
114.654433
114.654433
114.654433
114.654433
114.654433
114.654433
114.654433
114.654433
114.654433
114.654433
114.654433
114.654433
114.654433
114.654433
114.654433
114.654433
114.654433
114.654433
114.654433
114.654433
114.654433
114.654433
114.654433
114.654433
114.654433
114.654433
114.654433
114.654433
114.654433
114.654433
114.654433
114.654433
114.654433
114.654433
114.654433
114.654433
114.654433
114.654433
114.654433
114.654433
114.654433
114.654433
114.654433
114.654433
114.654433
114.654433
114.654433
114.654433
114.654433
114.654433
114.654433
114.654433
114.654433
114.654433
114.654433
114.654433
114.654433
114.654433
114.654433
114.654433
114.654433
114.654433
114.654433
114.654433
114.654433
114.654433
114.654433
114.654433
114.654433
114.654433
114.654433
114.654433
114.654433
114.654433
114.654433
114.654433
114.654433
114.654433
114.654433
114.654433
114.654433
114.654433
114.654433
114.654433
114.654433
114.654433
114.654433
114.654433
114.654433
114.654433
114.654433
114.654433
114.654433
114.654433
114.654433
114.654433
114.654433
114.654433
114.654433
114.654433
114.654433
114.654433
114.654433
114.654433
114.654433
114.654433
114.654433
114.654433
114.654433
114.654433
114.654433
114.654433
114.654433
114.654433
114.654433
114.654433
114.654433
114.654433
114.654433
114.654433
114.654433
114.654433
114.654433
114.654433
114.654433
114.654433
114.654433
114.654433
114.654433
114.654433
114.654433
114.654433
114.654433
114.654433
114.654433
114.654433
114.654433
114.654433
114.654433
114.654433
114.654433
114.654433
114.654433
114.654433
114.654433
114.654433
114.654433
114.654433
114.654433
114.654433
114.654433
114.654433
114.654433
114.654433
114.654433
114.654433
114.654433
114.654433
114.654433
114.654433
114.654433
114.654433
114.654433
114.654433
114.654433
114.654433
114.654433
114.654433
114.654433
114.654433
114.654433
114.654433
114.654433
114.654433
114.654433
114.654433
114.654433
114.654433
114.654433
114.654433
114.654433
114.654433
114.654433
114.654433
114.654433
114.654433
114.654433
114.654433
114.654433
114.654433
114.654433
114.654433
114.654433
114.654433
114.654433
114.654433
114.654433
114.654433
114.654433
114.654433
114.654433
114.654433
114.654433
114.654433
114.654433
114.654433
114.654433
114.654433
114.654433
114.654433
114.654433
114.654433
114.654433
114.654433
114.654433
114.654433
114.654433
114.654433
114.654433
114.654433
114.654433
114.654433
114.654433
114.654433
114.654433
114.654433
114.654433
114.654433
114.654433
114.654433
114.654433
114.654433
114.654433
114.654433
114.654433
114.654433
114.654433
114.654433
114.654433
114.654433
114.654433
114.654433
114.654433
114.654433
114.654433
114.654433
114.654433
114.654433
114.654433
114.654433
114.654433
114.654433
114.654433
114.654433
114.654433
114.654433
114.654433
114.654433
114.654433
114.654433
114.654433
114.654433
114.654433
114.654433
114.654433
114.654433
114.654433
114.654433
114.654433
114.654433
114.654433
114.654433
114.654433
114.654433
114.654433
114.654433
114.654433
114.654433
114.654433
114.654433
114.654433
114.654433
114.654433
114.654433
114.654433
114.654433
114.654433
114.654433
114.654433
114.654433
114.654433
114.654433
114.654433
114.654433
114.654433
114.654433
114.654433
114.654433
114.654433
114.654433
114.654433
114.654433
114.654433
114.654433
114.654433
114.654433
114.654433
114.654433
114.654433
114.654433
114.654433
114.654433
114.654433
114.654433
114.654433
114.654433
114.654433
114.654433
114.654433
114.654433
114.654433
114.654433
114.654433
114.654433
114.654433
114.654433
114.654433
114.654433
114.654433
114.654433
114.654433
114.654433
114.654433
114.654433
114.654433
114.654433
114.654433
114.654433
114.654433
114.654433
114.654433
114.654433
114.654433
114.654433
114.654433
114.654433
114.654433
114.654433
114.654433
114.654433
114.654433
114.654433
114.654433
114.654433
114.654433
114.654433
114.654433
114.654433
114.654433
114.654433
114.654433
114.654433
114.654433
114.654433
114.654433
114.654433
114.654433
114.654433
114.654433
114.654433
114.654433
114.654433
114.654433
114.654433
114.654433
114.654433
114.654433
114.654433
114.654433
114.654433
114.654433
114.654433
114.654433
114.654433
114.654433
114.654433
114.654433
114.654433
114.654433
114.654433
114.654433
114.654433
114.654433
114.654433
114.654433
114.654433
114.654433
114.654433
114.654433
114.654433
114.654433
114.654433
114.654433
114.654433
114.654433
114.654433
114.654433
114.654433
114.654433
114.654433
114.654433
114.654433
114.654433
114.654433
114.654433
114.654433
114.654433
114.654433
114.654433
114.654433
114.654433
114.654433
114.654433
114.654433
114.654433
114.654433
114.654433
114.654433
114.654433
114.654433
114.654433
114.654433
114.654433
114.654433
114.654433
114.654433
114.654433
114.654433
114.654433
114.654433
114.654433
114.654433
114.654433
114.654433
114.654433
114.654433
114.654433
114.654433
114.654433
114.654433
114.654433
114.654433
114.654433
114.654433
114.654433
114.654433
114.654433
114.654433
114.654433
114.654433
114.654433
114.654433
114.654433
114.654433
114.654433
114.654433
114.654433
114.654433
114.654433
114.654433
114.654433
114.654433
114.654433
114.654433
114.654433
114.654433
114.654433
114.654433
114.654433
114.654433
114.654433
114.654433
114.654433
114.654433
114.654433
114.654433
114.654433
114.654433
114.654433
114.654433
114.654433
114.654433
114.654433
114.654433
114.654433
114.654433
114.654433
114.654433
114.654433
114.654433
114.654433
114.654433
114.654433
114.654433
114.654433
114.654433
114.654433
114.654433
114.654433
114.654433
114.654433
114.654433
114.654433
114.654433
114.654433
114.654433
114.654433
114.654433
114.654433
114.654433
114.654433
114.654433
114.654433
114.654433
114.654433
114.654433
114.654433
114.654433
114.654433
114.654433
114.654433
114.654433
114.654433
114.654433
114.654433
114.654433
114.654433
114.654433
114.654433
114.654433
114.654433
114.654433
114.654433
114.654433
114.654433
114.654433
114.654433
114.654433
114.654433
114.654433
114.654433
114.654433
114.654433
114.654433
114.654433
114.654433
114.654433
114.654433
114.654433
114.654433
114.654433
114.654433
114.654433
114.654433
114.654433
114.654433
114.654433
114.654433
114.654433
114.654433
114.654433
114.654433
114.654433
114.654433
114.654433
114.654433
114.654433
114.654433
114.654433
114.654433
114.654433
114.654433
114.654433
114.654433
114.654433
114.654433
114.654433
114.654433
114.654433
114.654433
114.654433
114.654433
114.654433
114.654433
114.654433
114.654433
114.654433
114.654433
114.654433
114.654433
114.654433
114.654433
114.654433
114.654433
114.654433
114.654433
114.654433
114.654433
114.654433
114.654433
114.654433
114.654433
114.654433
114.654433
114.654433
114.654433
114.654433
114.654433
114.654433
114.654433
114.654433
114.654433
114.654433
114.654433
114.654433
114.654433
114.654433
114.654433
114.654433
114.654433
114.654433
114.654433
114.654433
114.654433
114.654433
114.654433
114.654433
114.654433
114.654433
114.654433
114.654433
114.654433
114.654433
114.654433
114.654433
114.654433
114.654433
114.654433
114.654433
114.654433
114.654433
114.654433
114.654433
114.654433
114.654433
114.654433
114.654433
114.654433
114.654433
114.654433
114.654433
114.654433
114.654433
114.654433
114.654433
114.654433
114.654433
114.654433
114.654433
114.654433
114.654433
114.654433
114.654433
114.654433
114.654433
114.654433
114.654433
114.654433
114.654433
114.654433
114.654433
114.654433
114.654433
114.654433
114.654433
114.654433
114.654433
114.654433
114.654433
114.654433
114.654433
114.654433
114.654433
114.654433
114.654433
114.654433
114.654433
114.654433
114.654433
114.654433
114.654433
114.654433
114.654433
114.654433
114.654433
114.654433
114.654433
114.654433
114.654433
114.654433
114.654433
114.654433
114.654433
114.654433
114.654433
114.654433
114.654433
114.654433
114.654433
114.654433
114.654433
114.654433
114.654433
114.654433
114.654433
114.654433
114.654433
114.654433
114.654433
114.654433
114.654433
114.654433
114.654433
114.654433
114.654433
114.654433
114.654433
114.654433
114.654433
114.654433
114.654433
114.654433
114.654433
114.654433
114.654433
114.654433
114.654433
114.654433
114.654433
114.654433
114.654433
114.654433
114.654433
114.654433
114.654433
114.654433
114.654433
114.654433
114.654433
114.654433
114.654433
114.654433
114.654433
114.654433
114.654433
114.654433
114.654433
114.654433
114.654433
114.654433
114.654433
114.654433
114.654433
114.654433
114.654433
114.654433
114.654433
114.654433
114.654433
114.654433
114.654433
114.654433
114.654433
114.654433
114.654433
114.654433
114.654433
114.654433
114.654433
114.654433
114.654433
114.654433
114.654433
114.654433
114.654433
114.654433
114.654433
114.654433
114.654433
114.654433
114.654433
114.654433
114.654433
114.654433
114.654433
114.654433
114.654433
114.654433
114.654433
114.654433
114.654433
114.654433
114.654433
114.654433
114.654433
114.654433
114.654433
114.654433
114.654433
114.654433
114.654433
114.654433
114.654433
114.654433
114.654433
114.654433
114.654433
114.654433
114.654433
114.654433
114.654433
114.654433
114.654433
114.654433
114.654433
114.654433
114.654433
114.654433
114.654433
114.654433
114.654433
114.654433
114.654433
114.654433
114.654433
114.654433
114.654433
114.654433
114.654433
114.654433
114.654433
114.654433
114.654433
114.654433
114.654433
114.654433
114.654433
114.654433
114.654433
114.654433
114.654433
114.654433
114.654433
114.654433
114.654433
114.654433
114.654433
114.654433
114.654433
114.654433
114.654433
114.654433
114.654433
114.654433
114.654433
114.654433
114.654433
114.654433
114.654433
114.654433
114.654433
114.654433
114.654433
114.654433
114.654433
114.654433
114.654433
114.654433
114.654433
114.654433
114.654433
114.654433
114.654433
114.654433
114.654433
114.654433
114.654433
114.654433
114.654433
114.654433
114.654433
114.654433
114.654433
114.654433
114.654433
114.654433
114.654433
114.654433
114.654433
114.654433
114.654433
114.654433
114.654433
114.654433
114.654433
114.654433
114.654433
114.654433
114.654433
114.654433
114.654433
114.654433
114.654433
114.654433
114.654433
114.654433
114.654433
114.654433
114.654433
114.654433
114.654433
114.654433
114.654433
114.654433
114.654433
114.654433
114.654433
114.654433
114.654433
114.654433
114.654433
114.654433
114.654433
114.654433
114.654433
114.654433
114.654433
114.654433
114.654433
114.654433
114.654433
114.654433
114.654433
114.654433
114.654433
114.654433
114.654433
114.654433
114.654433
114.654433
114.654433
114.654433
114.654433
114.654433
114.654433
114.654433
114.654433
114.654433
114.654433
114.654433
114.654433
114.654433
114.654433
114.654433
114.654433
114.654433
114.654433
114.654433
114.654433
114.654433
114.654433
114.654433
114.654433
114.654433
114.654433
114.654433
114.654433
114.654433
114.654433
114.654433
114.654433
114.654433
114.654433
114.654433
114.654433
114.654433
114.654433
114.654433
114.654433
114.654433
114.654433
114.654433
114.654433
114.654433
114.654433
114.654433
114.654433
114.654433
114.654433
114.654433
114.654433
114.654433
114.654433
114.654433
114.654433
114.654433
114.654433
114.654433
114.654433
114.654433
114.654433
114.654433
114.654433
114.654433
114.654433
114.654433
114.654433
114.654433
114.654433
114.654433
114.654433
114.654433
114.654433
114.654433
114.654433
114.654433
114.654433
114.654433
114.654433
114.654433
114.654433
114.654433
114.654433
114.654433
114.654433
114.654433
114.654433
114.654433
114.654433
114.654433
114.654433
114.654433
114.654433
114.654433
114.654433
114.654433
114.654433
114.654433
114.654433
114.654433
114.654433
114.654433
114.654433
114.654433
114.654433
114.654433
114.654433
114.654433
114.654433
114.654433
114.654433
114.654433
114.654433
114.654433
114.654433
114.654433
114.654433
114.654433
114.654433
114.654433
114.654433
114.654433
114.654433
114.654433
114.654433
114.654433
114.654433
114.654433
114.654433
114.654433
114.654433
114.654433
114.654433
114.654433
114.654433
114.654433
114.654433
114.654433
114.654433
114.654433
114.654433
114.654433
114.654433
114.654433
114.654433
114.654433
114.654433
114.654433
114.654433
114.654433
114.654433
114.654433
114.654433
114.654433
114.654433
114.654433
114.654433
114.654433
114.654433
114.654433
114.654433
114.654433
114.654433
114.654433
114.654433
114.654433
114.654433
114.654433
114.654433
114.654433
114.654433
114.654433
114.654433
114.654433
114.654433
114.654433
114.654433
114.654433
114.654433
114.654433
114.654433
114.654433
114.654433
114.654433
114.654433
114.654433
114.654433
114.654433
114.654433
114.654433
114.654433
114.654433
114.654433
114.654433
114.654433
114.654433
114.654433
114.654433
114.654433
114.654433
114.654433
114.654433
114.654433
114.654433
114.654433
114.654433
114.654433
114.654433
114.654433
114.654433
114.654433
114.654433
114.654433
114.654433
114.654433
114.654433
114.654433
114.654433
114.654433
114.654433
114.654433
114.654433
114.654433
114.654433
114.654433
114.654433
114.654433
114.654433
114.654433
114.654433
114.654433
114.654433
114.654433
114.654433
114.654433
114.654433
114.654433
114.654433
114.654433
114.654433
114.654433
114.654433
114.654433
114.654433
114.654433
114.654433
114.654433
114.654433
114.654433
114.654433
114.654433
114.654433
114.654433
114.654433
114.654433
114.654433
114.654433
114.654433
114.654433
114.654433
114.654433
114.654433
114.654433
114.654433
114.654433
114.654433
114.654433
114.654433
114.654433
114.654433
114.654433
114.654433
114.654433
114.654433
114.654433
114.654433
114.654433
114.654433
114.654433
114.654433
114.654433
114.654433
114.654433
114.654433
114.654433
114.654433
114.654433
114.654433
114.654433
114.654433
114.654433
114.654433
114.654433
114.654433
114.654433
114.654433
114.654433
114.654433
114.654433
114.654433
114.654433
114.654433
114.654433
114.654433
114.654433
114.654433
114.654433
114.654433
114.654433
114.654433
114.654433
114.654433
114.654433
114.654433
114.654433
114.654433
114.654433
114.654433
114.654433
114.654433
114.654433
114.654433
114.654433
114.654433
114.654433
114.654433
114.654433
114.654433
114.654433
114.654433
114.654433
114.654433
114.654433
114.654433
114.654433
114.654433
114.654433
114.654433
114.654433
114.654433
114.654433
114.654433
114.654433
114.654433
114.654433
114.654433
114.654433
114.654433
114.654433
114.654433
114.654433
114.654433
114.654433
114.654433
114.654433
114.654433
114.654433
114.654433
114.654433
114.654433
114.654433
114.654433
114.654433
114.654433
114.654433
114.654433
114.654433
114.654433
114.654433
114.654433
114.654433
114.654433
114.654433
114.654433
114.654433
114.654433
114.654433
114.654433
114.654433
114.654433
114.654433
114.654433
114.654433
114.654433
114.654433
114.654433
114.654433
114.654433
114.654433
114.654433
114.654433
114.654433
114.654433
114.654433
114.654433
114.654433
114.654433
114.654433
114.654433
114.654433
114.654433
114.654433
114.654433
114.654433
114.654433
114.654433
114.654433
114.654433
114.654433
114.654433
114.654433
114.654433
114.654433
114.654433
114.654433
114.654433
114.654433
114.654433
114.654433
114.654433
114.654433
114.654433
114.654433
114.654433
114.654433
114.654433
114.654433
114.654433
114.654433
114.654433
114.654433
114.654433
114.654433
114.654433
114.654433
114.654433
114.654433
114.654433
114.654433
114.654433
114.654433
114.654433
114.654433
114.654433
114.654433
114.654433
114.654433
114.654433
114.654433
114.654433
114.654433
114.654433
114.654433
114.654433
114.654433
114.654433
114.654433
114.654433
114.654433
114.654433
114.654433
114.654433
114.654433
114.654433
114.654433
114.654433
114.654433
114.654433
114.654433
114.654433
114.654433
114.654433
114.654433
114.654433
114.654433
114.654433
114.654433
114.654433
114.654433
114.654433
114.654433
114.654433
114.654433
114.654433
114.654433
114.654433
114.654433
114.654433
114.654433
114.654433
114.654433
114.654433
114.654433
114.654433
114.654433
114.654433
114.654433
114.654433
114.654433
114.654433
114.654433
114.654433
114.654433
114.654433
114.654433
114.654433
114.654433
114.654433
114.654433
114.654433
114.654433
114.654433
114.654433
114.654433
114.654433
114.654433
114.654433
114.654433
114.654433
114.654433
114.654433
114.654433
114.654433
114.654433
114.654433
114.654433
114.654433
114.654433
114.654433
114.654433
114.654433
114.654433
114.654433
114.654433
114.654433
114.654433
114.654433
114.654433
114.654433
114.654433
114.654433
114.654433
114.654433
114.654433
114.654433
114.654433
114.654433
114.654433
114.654433
114.654433
114.654433
114.654433
114.654433
114.654433
114.654433
114.654433
114.654433
114.654433
114.654433
114.654433
114.654433
114.654433
114.654433
114.654433
114.654433
114.654433
114.654433
114.654433
114.654433
114.654433
114.654433
114.654433
114.654433
114.654433
114.654433
114.654433
114.654433
114.654433
114.654433
114.654433
114.654433
114.654433
114.654433
114.654433
114.654433
114.654433
114.654433
114.654433
114.654433
114.654433
114.654433
114.654433
114.654433
114.654433
114.654433
114.654433
114.654433
114.654433
114.654433
114.654433
114.654433
114.654433
114.654433
114.654433
114.654433
114.654433
114.654433
114.654433
114.654433
114.654433
114.654433
114.654433
114.654433
114.654433
114.654433
114.654433
114.654433
114.654433
114.654433
114.654433
114.654433
114.654433
114.654433
114.654433
114.654433
114.654433
114.654433
114.654433
114.654433
114.654433
114.654433
114.654433
114.654433
114.654433
114.654433
114.654433
114.654433
114.654433
114.654433
114.654433
114.654433
114.654433
114.654433
114.654433
114.654433
114.654433
114.654433
114.654433
114.654433
114.654433
114.654433
114.654433
114.654433
114.654433
114.654433
114.654433
114.654433
114.654433
114.654433
114.654433
114.654433
114.654433
114.654433
114.654433
114.654433
114.654433
114.654433
114.654433
114.654433
114.654433
114.654433
114.654433
114.654433
114.654433
114.654433
114.654433
114.654433
114.654433
114.654433
114.654433
114.654433
114.654433
114.654433
114.654433
114.654433
114.654433
114.654433
114.654433
114.654433
114.654433
114.654433
114.654433
114.654433
114.654433
114.654433
114.654433
114.654433
114.654433
114.654433
114.654433
114.654433
114.654433
114.654433
114.654433
114.654433
114.654433
114.654433
114.654433
114.654433
114.654433
114.654433
114.654433
114.654433
114.654433
114.654433
114.654433
114.654433
114.654433
114.654433
114.654433
114.654433
114.654433
114.654433
114.654433
114.654433
114.654433
114.654433
114.654433
114.654433
114.654433
114.654433
114.654433
114.654433
114.654433
114.654433
114.654433
114.654433
114.654433
114.654433
114.654433
114.654433
114.654433
114.654433
114.654433
114.654433
114.654433
114.654433
114.654433
114.654433
114.654433
114.654433
114.654433
114.654433
114.654433
114.654433
114.654433
114.654433
114.654433
114.654433
114.654433
114.654433
114.654433
114.654433
114.654433
114.654433
114.654433
114.654433
114.654433
114.654433
114.654433
114.654433
114.654433
114.654433
114.654433
114.654433
114.654433
114.654433
114.654433
114.654433
114.654433
114.654433
114.654433
114.654433
114.654433
114.654433
114.654433
114.654433
114.654433
114.654433
114.654433
114.654433
114.654433
114.654433
114.654433
114.654433
114.654433
114.654433
114.654433
114.654433
114.654433
114.654433
114.654433
114.654433
114.654433
114.654433
114.654433
114.654433
114.654433
114.654433
114.654433
114.654433
114.654433
114.654433
114.654433
114.654433
114.654433
114.654433
114.654433
114.654433
114.654433
114.654433
114.654433
114.654433
114.654433
114.654433
114.654433
114.654433
114.654433
114.654433
114.654433
114.654433
114.654433
114.654433
114.654433
114.654433
114.654433
114.654433
114.654433
114.654433
114.654433
114.654433
114.654433
114.654433
114.654433
114.654433
114.654433
114.654433
114.654433
114.654433
114.654433
114.654433
114.654433
114.654433
114.654433
114.654433
114.654433
114.654433
114.654433
114.654433
114.654433
114.654433
114.654433
114.654433
114.654433
114.654433
114.654433
114.654433
114.654433
114.654433
114.654433
114.654433
114.654433
114.654433
114.654433
114.654433
114.654433
114.654433
114.654433
114.654433
114.654433
114.654433
114.654433
114.654433
114.654433
114.654433
114.654433
114.654433
114.654433
114.654433
114.654433
114.654433
114.654433
114.654433
114.654433
114.654433
114.654433
114.654433
114.654433
114.654433
114.654433
114.654433
114.654433
114.654433
114.654433
114.654433
114.654433
114.654433
114.654433
114.654433
114.654433
114.654433
114.654433
114.654433
114.654433
114.654433
114.654433
114.654433
114.654433
114.654433
114.654433
114.654433
114.654433
114.654433
114.654433
114.654433
114.654433
114.654433
114.654433
114.654433
114.654433
114.654433
114.654433
114.654433
114.654433
114.654433
114.654433
114.654433
114.654433
114.654433
114.654433
114.654433
114.654433
114.654433
114.654433
114.654433
114.654433
114.654433
114.654433
114.654433
114.654433
114.654433
114.654433
114.654433
114.654433
114.654433
114.654433
114.654433
114.654433
114.654433
114.654433
114.654433
114.654433
114.654433
114.654433
114.654433
114.654433
114.654433
114.654433
114.654433
114.654433
114.654433
114.654433
114.654433
114.654433
114.654433
114.654433
114.654433
114.654433
114.654433
114.654433
114.654433
114.654433
114.654433
114.654433
114.654433
114.654433
114.654433
114.654433
114.654433
114.654433
114.654433
114.654433
114.654433
114.654433
114.654433
114.654433
114.654433
114.654433
114.654433
114.654433
114.654433
114.654433
114.654433
114.654433
114.654433
114.654433
114.654433
114.654433
114.654433
114.654433
114.654433
114.654433
114.654433
114.654433
114.654433
114.654433
114.654433
114.654433
114.654433
114.654433
114.654433
114.654433
114.654433
114.654433
114.654433
114.654433
114.654433
114.654433
114.654433
114.654433
114.654433
114.654433
114.654433
114.654433
114.654433
114.654433
114.654433
114.654433
114.654433
114.654433
114.654433
114.654433
114.654433
114.654433
114.654433
114.654433
114.654433
114.654433
114.654433
114.654433
114.654433
114.654433
114.654433
114.654433
114.654433
114.654433
114.654433
114.654433
114.654433
114.654433
114.654433
114.654433
114.654433
114.654433
114.654433
114.654433
114.654433
114.654433
114.654433
114.654433
114.654433
114.654433
114.654433
114.654433
114.654433
114.654433
114.654433
114.654433
114.654433
114.654433
114.654433
114.654433
114.654433
114.654433
114.654433
114.654433
114.654433
114.654433
114.654433
114.654433
114.654433
114.654433
114.654433
114.654433
114.654433
114.654433
114.654433
114.654433
114.654433
114.654433
114.654433
114.654433
114.654433
114.654433
114.654433
114.654433
114.654433
114.654433
114.654433
114.654433
114.654433
114.654433
114.654433
114.654433
114.654433
114.654433
114.654433
114.654433
114.654433
114.654433
114.654433
114.654433
114.654433
114.654433
114.654433
114.654433
114.654433
114.654433
114.654433
114.654433
114.654433
114.654433
114.654433
114.654433
114.654433
114.654433
114.654433
114.654433
114.654433
114.654433
114.654433
114.654433
114.654433
114.654433
114.654433
114.654433
114.654433
114.654433
114.654433
114.654433
114.654433
114.654433
114.654433
114.654433
114.654433
114.654433
114.654433
114.654433
114.654433
114.654433
114.654433
114.654433
114.654433
114.654433
114.654433
114.654433
114.654433
114.654433
114.654433
114.654433
114.654433
114.654433
114.654433
114.654433
114.654433
114.654433
114.654433
114.654433
114.654433
114.654433
114.654433
114.654433
114.654433
114.654433
114.654433
114.654433
114.654433
114.654433
114.654433
114.654433
114.654433
114.654433
114.654433
114.654433
114.654433
114.654433
114.654433
114.654433
114.654433
114.654433
114.654433
114.654433
114.654433
114.654433
114.654433
114.654433
114.654433
114.654433
114.654433
114.654433
114.654433
114.654433
114.654433
114.654433
114.654433
114.654433
114.654433
114.654433
114.654433
114.654433
114.654433
114.654433
114.654433
114.654433
114.654433
114.654433
114.654433
114.654433
114.654433
114.654433
114.654433
114.654433
114.654433
114.654433
114.654433
114.654433
114.654433
114.654433
114.654433
114.654433
114.654433
114.654433
114.654433
114.654433
114.654433
114.654433
114.654433
114.654433
114.654433
114.654433
114.654433
114.654433
114.654433
114.654433
114.654433
114.654433
114.654433
114.654433
114.654433
114.654433
114.654433
114.654433
114.654433
114.654433
114.654433
114.654433
114.654433
114.654433
114.654433
114.654433
114.654433
114.654433
114.654433
114.654433
114.654433
114.654433
114.654433
114.654433
114.654433
114.654433
114.654433
114.654433
114.654433
114.654433
114.654433
114.654433
114.654433
114.654433
114.654433
114.654433
114.654433
114.654433
114.654433
114.654433
114.654433
114.654433
114.654433
114.654433
114.654433
114.654433
114.654433
114.654433
114.654433
114.654433
114.654433
114.654433
114.654433
114.654433
114.654433
114.654433
114.654433
114.654433
114.654433
114.654433
114.654433
114.654433
114.654433
114.654433
114.654433
114.654433
114.654433
114.654433
114.654433
114.654433
114.654433
114.654433
114.654433
114.654433
114.654433
114.654433
114.654433
114.654433
114.654433
114.654433
114.654433
114.654433
114.654433
114.654433
114.654433
114.654433
114.654433
114.654433
114.654433
114.654433
114.654433
114.654433
114.654433
114.654433
114.654433
114.654433
114.654433
114.654433
114.654433
114.654433
114.654433
114.654433
114.654433
114.654433
114.654433
114.654433
114.654433
114.654433
114.654433
114.654433
114.654433
114.654433
114.654433
114.654433
114.654433
114.654433
114.654433
114.654433
114.654433
114.654433
114.654433
114.654433
114.654433
114.654433
114.654433
114.654433
114.654433
114.654433
114.654433
114.654433
114.654433
114.654433
114.654433
114.654433
114.654433
114.654433
114.654433
114.654433
114.654433
114.654433
114.654433
114.654433
114.654433
114.654433
114.654433
114.654433
114.654433
114.654433
114.654433
114.654433
114.654433
114.654433
114.654433
114.654433
114.654433
114.654433
114.654433
114.654433
114.654433
114.654433
114.654433
114.654433
114.654433
114.654433
114.654433
114.654433
114.654433
114.654433
114.654433
114.654433
114.654433
114.654433
114.654433
114.654433
114.654433
114.654433
114.654433
114.654433
114.654433
114.654433
114.654433
114.654433
114.654433
114.654433
114.654433
114.654433
114.654433
114.654433
114.654433
114.654433
114.654433
114.654433
114.654433
114.654433
114.654433
114.654433
114.654433
114.654433
114.654433
114.654433
114.654433
114.654433
114.654433
114.654433
114.654433
114.654433
114.654433
114.654433
114.654433
114.654433
114.654433
114.654433
114.654433
114.654433
114.654433
114.654433
114.654433
114.654433
114.654433
114.654433
114.654433
114.654433
114.654433
114.654433
114.654433
114.654433
114.654433
114.654433
114.654433
114.654433
114.654433
114.654433
114.654433
114.654433
114.654433
114.654433
114.654433
114.654433
114.654433
114.654433
114.654433
114.654433
114.654433
114.654433
114.654433
114.654433
114.654433
114.654433
114.654433
114.654433
114.654433
114.654433
114.654433
114.654433
114.654433
114.654433
114.654433
114.654433
114.654433
114.654433
114.654433
114.654433
114.654433
114.654433
114.654433
114.654433
114.654433
114.654433
114.654433
114.654433
114.654433
114.654433
114.654433
114.654433
114.654433
114.654433
114.654433
114.654433
114.654433
114.654433
114.654433
114.654433
114.654433
114.654433
114.654433
114.654433
114.654433
114.654433
114.654433
114.654433
114.654433
114.654433
114.654433
114.654433
114.654433
114.654433
114.654433
114.654433
114.654433
114.654433
114.654433
114.654433
114.654433
114.654433
114.654433
114.654433
114.654433
114.654433
114.654433
114.654433
114.654433
114.654433
114.654433
114.654433
114.654433
114.654433
114.654433
114.654433
114.654433
114.654433
114.654433
114.654433
114.654433
114.654433
114.654433
114.654433
114.654433
114.654433
114.654433
114.654433
114.654433
114.654433
114.654433
114.654433
114.654433
114.654433
114.654433
114.654433
114.654433
114.654433
114.654433
114.654433
114.654433
114.654433
114.654433
114.654433
114.654433
114.654433
114.654433
114.654433
114.654433
114.654433
114.654433
114.654433
114.654433
114.654433
114.654433
114.654433
114.654433
114.654433
114.654433
114.654433
114.654433
114.654433
114.654433
114.654433
114.654433
114.654433
114.654433
114.654433
114.654433
114.654433
114.654433
114.654433
114.654433
114.654433
114.654433
114.654433
114.654433
114.654433
114.654433
114.654433
114.654433
114.654433
114.654433
114.654433
114.654433
114.654433
114.654433
114.654433
114.654433
114.654433
114.654433
114.654433
114.654433
114.654433
114.654433
114.654433
114.654433
114.654433
114.654433
114.654433
114.654433
114.654433
114.654433
114.654433
114.654433
114.654433
114.654433
114.654433
114.654433
114.654433
114.654433
114.654433
114.654433
114.654433
114.654433
114.654433
114.654433
114.654433
114.654433
114.654433
114.654433
114.654433
114.654433
114.654433
114.654433
114.654433
114.654433
114.654433
114.654433
114.654433
114.654433
114.654433
114.654433
114.654433
114.654433
114.654433
114.654433
114.654433
114.654433
114.654433
114.654433
114.654433
114.654433
114.654433
114.654433
114.654433
114.654433
114.654433
114.654433
114.654433
114.654433
114.654433
114.654433
114.654433
114.654433
114.654433
114.654433
114.654433
114.654433
114.654433
114.654433
114.654433
114.654433
114.654433
114.654433
114.654433
114.654433
114.654433
114.654433
114.654433
114.654433
114.654433
114.654433
114.654433
114.654433
114.654433
114.654433
114.654433
114.654433
114.654433
114.654433
114.654433
114.654433
114.654433
114.654433
114.654433
114.654433
114.654433
114.654433
114.654433
114.654433
114.654433
114.654433
114.654433
114.654433
114.654433
114.654433
114.654433
114.654433
114.654433
114.654433
114.654433
114.654433
114.654433
114.654433
114.654433
114.654433
114.654433
114.654433
114.654433
114.654433
114.654433
114.654433
114.654433
114.654433
114.654433
114.654433
114.654433
114.654433
114.654433
114.654433
114.654433
114.654433
114.654433
114.654433
114.654433
114.654433
114.654433
114.654433
114.654433
114.654433
114.654433
114.654433
114.654433
114.654433
114.654433
114.654433
114.654433
114.654433
114.654433
114.654433
114.654433
114.654433
114.654433
114.654433
114.654433
114.654433
114.654433
114.654433
114.654433
114.654433
114.654433
114.654433
114.654433
114.654433
114.654433
114.654433
114.654433
114.654433
114.654433
114.654433
114.654433
114.654433
114.654433
114.654433
114.654433
114.654433
114.654433
114.654433
114.654433
114.654433
114.654433
114.654433
114.654433
114.654433
114.654433
114.654433
114.654433
114.654433
114.654433
114.654433
114.654433
114.654433
114.654433
114.654433
114.654433
114.654433
114.654433
114.654433
114.654433
114.654433
114.654433
114.654433
114.654433
114.654433
114.654433
114.654433
114.654433
114.654433
114.654433
114.654433
114.654433
114.654433
114.654433
114.654433
114.654433
114.654433
114.654433
114.654433
114.654433
114.654433
114.654433
114.654433
114.654433
114.654433
114.654433
114.654433
114.654433
114.654433
114.654433
114.654433
114.654433
114.654433
114.654433
114.654433
114.654433
114.654433
114.654433
114.654433
114.654433
114.654433
114.654433
114.654433
114.654433
114.654433
114.654433
114.654433
114.654433
114.654433
114.654433
114.654433
114.654433
114.654433
114.654433
114.654433
114.654433
114.654433
114.654433
114.654433
114.654433
114.654433
114.654433
114.654433
114.654433
114.654433
114.654433
114.654433
114.654433
114.654433
114.654433
114.654433
114.654433
114.654433
114.654433
114.654433
114.654433
114.654433
114.654433
114.654433
114.654433
114.654433
114.654433
114.654433
114.654433
114.654433
114.654433
114.654433
114.654433
114.654433
114.654433
114.654433
114.654433
114.654433
114.654433
114.654433
114.654433
114.654433
114.654433
114.654433
114.654433
114.654433
114.654433
114.654433
114.654433
114.654433
114.654433
114.654433
114.654433
114.654433
114.654433
114.654433
114.654433
114.654433
114.654433
114.654433
114.654433
114.654433
114.654433
114.654433
114.654433
114.654433
114.654433
114.654433
114.654433
114.654433
114.654433
114.654433
114.654433
114.654433
114.654433
114.654433
114.654433
114.654433
114.654433
114.654433
114.654433
114.654433
114.654433
114.654433
114.654433
114.654433
114.654433
114.654433
114.654433
114.654433
114.654433
114.654433
114.654433
114.654433
114.654433
114.654433
114.654433
114.654433
114.654433
114.654433
114.654433
114.654433
114.654433
114.654433
114.654433
114.654433
114.654433
114.654433
114.654433
114.654433
114.654433
114.654433
114.654433
114.654433
114.654433
114.654433
114.654433
114.654433
114.654433
114.654433
114.654433
114.654433
114.654433
114.654433
114.654433
114.654433
114.654433
114.654433
114.654433
114.654433
114.654433
114.654433
114.654433
114.654433
114.654433
114.654433
114.654433
114.654433
114.654433
114.654433
114.654433
114.654433
114.654433
114.654433
114.654433
114.654433
114.654433
114.654433
114.654433
114.654433
114.654433
114.654433
114.654433
114.654433
114.654433
114.654433
114.654433
114.654433
114.654433
114.654433
114.654433
114.654433
114.654433
114.654433
114.654433
114.654433
114.654433
114.654433
114.654433
114.654433
114.654433
114.654433
114.654433
114.654433
114.654433
114.654433
114.654433
114.654433
114.654433
114.654433
114.654433
114.654433
114.654433
114.654433
114.654433
114.654433
114.654433
114.654433
114.654433
114.654433
114.654433
114.654433
114.654433
114.654433
114.654433
114.654433
114.654433
114.654433
114.654433
114.654433
114.654433
114.654433
114.654433
114.654433
114.654433
114.654433
114.654433
114.654433
114.654433
114.654433
114.654433
114.654433
114.654433
114.654433
114.654433
114.654433
114.654433
114.654433
114.654433
114.654433
114.654433
114.654433
114.654433
114.654433
114.654433
114.654433
114.654433
114.654433
114.654433
114.654433
114.654433
114.654433
114.654433
114.654433
114.654433
114.654433
114.654433
114.654433
114.654433
114.654433
114.654433
114.654433
114.654433
114.654433
114.654433
114.654433
114.654433
114.654433
114.654433
114.654433
114.654433
114.654433
114.654433
114.654433
114.654433
114.654433
114.654433
114.654433
114.654433
114.654433
114.654433
114.654433
114.654433
114.654433
114.654433
114.654433
114.654433
114.654433
114.654433
114.654433
114.654433
114.654433
114.654433
114.654433
114.654433
114.654433
114.654433
114.654433
114.654433
114.654433
114.654433
114.654433
114.654433
114.654433
114.654433
114.654433
114.654433
114.654433
114.654433
114.654433
114.654433
114.654433
114.654433
114.654433
114.654433
114.654433
114.654433
114.654433
114.654433
114.654433
114.654433
114.654433
114.654433
114.654433
114.654433
114.654433
114.654433
114.654433
114.654433
114.654433
114.654433
114.654433
114.654433
114.654433
114.654433
114.654433
114.654433
114.654433
114.654433
114.654433
114.654433
114.654433
114.654433
114.654433
114.654433
114.654433
114.654433
114.654433
114.654433
114.654433
114.654433
114.654433
114.654433
114.654433
114.654433
114.654433
114.654433
114.654433
114.654433
114.654433
114.654433
114.654433
114.654433
114.654433
114.654433
114.654433
114.654433
114.654433
114.654433
114.654433
114.654433
114.654433
114.654433
114.654433
114.654433
114.654433
114.654433
114.654433
114.654433
114.654433
114.654433
114.654433
114.654433
114.654433
114.654433
114.654433
114.654433
114.654433
114.654433
114.654433
114.654433
114.654433
114.654433
114.654433
114.654433
114.654433
114.654433
114.654433
114.654433
114.654433
114.654433
114.654433
114.654433
114.654433
114.654433
114.654433
114.654433
114.654433
114.654433
114.654433
114.654433
114.654433
114.654433
114.654433
114.654433
114.654433
114.654433
114.654433
114.654433
114.654433
114.654433
114.654433
114.654433
114.654433
114.654433
114.654433
114.654433
114.654433
114.654433
114.654433
114.654433
114.654433
114.654433
114.654433
114.654433
114.654433
114.654433
114.654433
114.654433
114.654433
114.654433
114.654433
114.654433
114.654433
114.654433
114.654433
114.654433
114.654433
114.654433
114.654433
114.654433
114.654433
114.654433
114.654433
114.654433
114.654433
114.654433
114.654433
114.654433
114.654433
114.654433
114.654433
114.654433
114.654433
114.654433
114.654433
114.654433
114.654433
114.654433
114.654433
114.654433
114.654433
114.654433
114.654433
114.654433
114.654433
114.654433
114.654433
114.654433
114.654433
114.654433
114.654433
114.654433
114.654433
114.654433
114.654433
114.654433
114.654433
114.654433
114.654433
114.654433
114.654433
114.654433
114.654433
114.654433
114.654433
114.654433
114.654433
114.654433
114.654433
114.654433
114.654433
114.654433
114.654433
114.654433
114.654433
114.654433
114.654433
114.654433
114.654433
114.654433
114.654433
114.654433
114.654433
114.654433
114.654433
114.654433
114.654433
114.654433
114.654433
114.654433
114.654433
114.654433
114.654433
114.654433
114.654433
114.654433
114.654433
114.654433
114.654433
114.654433
114.654433
114.654433
114.654433
114.654433
114.654433
114.654433
114.654433
114.654433
114.654433
114.654433
114.654433
114.654433
114.654433
114.654433
114.654433
114.654433
114.654433
114.654433
114.654433
114.654433
114.654433
114.654433
114.654433
114.654433
114.654433
114.654433
114.654433
114.654433
114.654433
114.654433
114.654433
114.654433
114.654433
114.654433
114.654433
114.654433
114.654433
114.654433
114.654433
114.654433
114.654433
114.654433
114.654433
114.654433
114.654433
114.654433
114.654433
114.654433
114.654433
114.654433
114.654433
114.654433
114.654433
114.654433
114.654433
114.654433
114.654433
114.654433
114.654433
114.654433
114.654433
114.654433
114.654433
114.654433
114.654433
114.654433
114.654433
114.654433
114.654433
114.654433
114.654433
114.654433
114.654433
114.654433
114.654433
114.654433
114.654433
114.654433
114.654433
114.654433
114.654433
114.654433
114.654433
114.654433
114.654433
114.654433
114.654433
114.654433
114.654433
114.654433
114.654433
114.654433
114.654433
114.654433
114.654433
114.654433
114.654433
114.654433
114.654433
114.654433
114.654433
114.654433
114.654433
114.654433
114.654433
114.654433
114.654433
114.654433
114.654433
114.654433
114.654433
114.654433
114.654433
114.654433
114.654433
114.654433
114.654433
114.654433
114.654433
114.654433
114.654433
114.654433
114.654433
114.654433
114.654433
114.654433
114.654433
114.654433
114.654433
114.654433
114.654433
114.654433
114.654433
114.654433
114.654433
114.654433
114.654433
114.654433
114.654433
114.654433
114.654433
114.654433
114.654433
114.654433
114.654433
114.654433
114.654433
114.654433
114.654433
114.654433
114.654433
114.654433
114.654433
114.654433
114.654433
114.654433
114.654433
114.654433
114.654433
114.654433
114.654433
114.654433
114.654433
114.654433
114.654433
114.654433
114.654433
114.654433
114.654433
114.654433
114.654433
114.654433
114.654433
114.654433
114.654433
114.654433
114.654433
114.654433
114.654433
114.654433
114.654433
114.654433
114.654433
114.654433
114.654433
114.654433
114.654433
114.654433
114.654433
114.654433
114.654433
114.654433
114.654433
114.654433
114.654433
114.654433
114.654433
114.654433
114.654433
114.654433
114.654433
114.654433
114.654433
114.654433
114.654433
114.654433
114.654433
114.654433
114.654433
114.654433
114.654433
114.654433
114.654433
114.654433
114.654433
114.654433
114.654433
114.654433
114.654433
114.654433
114.654433
114.654433
114.654433
114.654433
114.654433
114.654433
114.654433
114.654433
114.654433
114.654433
114.654433
114.654433
114.654433
114.654433
114.654433
114.654433
114.654433
114.654433
114.654433
114.654433
114.654433
114.654433
114.654433
114.654433
114.654433
114.654433
114.654433
114.654433
114.654433
114.654433
114.654433
114.654433
114.654433
114.654433
114.654433
114.654433
114.654433
114.654433
114.654433
114.654433
114.654433
114.654433
114.654433
114.654433
114.654433
114.654433
114.654433
114.654433
114.654433
114.654433
114.654433
114.654433
114.654433
114.654433
114.654433
114.654433
114.654433
114.654433
114.654433
114.654433
114.654433
114.654433
114.654433
114.654433
114.654433
114.654433
114.654433
114.654433
114.654433
114.654433
114.654433
114.654433
114.654433
114.654433
114.654433
114.654433
114.654433
114.654433
114.654433
114.654433
114.654433
114.654433
114.654433
114.654433
114.654433
114.654433
114.654433
114.654433
114.654433
114.654433
114.654433
114.654433
114.654433
114.654433
114.654433
114.654433
114.654433
114.654433
114.654433
114.654433
114.654433
114.654433
114.654433
114.654433
114.654433
114.654433
114.654433
114.654433
114.654433
114.654433
114.654433
114.654433
114.654433
114.654433
114.654433
114.654433
114.654433
114.654433
114.654433
114.654433
114.654433
114.654433
114.654433
114.654433
114.654433
114.654433
114.654433
114.654433
114.654433
114.654433
114.654433
114.654433
114.654433
114.654433
114.654433
114.654433
114.654433
114.654433
114.654433
114.654433
114.654433
114.654433
114.654433
114.654433
114.654433
114.654433
114.654433
114.654433
114.654433
114.654433
114.654433
114.654433
114.654433
114.654433
114.654433
114.654433
114.654433
114.654433
114.654433
114.654433
114.654433
114.654433
114.654433
114.654433
114.654433
114.654433
114.654433
114.654433
114.654433
114.654433
114.654433
114.654433
114.654433
114.654433
114.654433
114.654433
114.654433
114.654433
114.654433
114.654433
114.654433
114.654433
114.654433
114.654433
114.654433
114.654433
114.654433
114.654433
114.654433
114.654433
114.654433
114.654433
114.654433
114.654433
114.654433
114.654433
114.654433
114.654433
114.654433
114.654433
114.654433
114.654433
114.654433
114.654433
114.654433
114.654433
114.654433
114.654433
114.654433
114.654433
114.654433
114.654433
114.654433
114.654433
114.654433
114.654433
114.654433
114.654433
114.654433
114.654433
114.654433
114.654433
114.654433
114.654433
114.654433
114.654433
114.654433
114.654433
114.654433
114.654433
114.654433
114.654433
114.654433
114.654433
114.654433
114.654433
114.654433
114.654433
114.654433
114.654433
114.654433
114.654433
114.654433
114.654433
114.654433
114.654433
114.654433
114.654433
114.654433
114.654433
114.654433
114.654433
114.654433
114.654433
114.654433
114.654433
114.654433
114.654433
114.654433
114.654433
114.654433
114.654433
114.654433
114.654433
114.654433
114.654433
114.654433
114.654433
114.654433
114.654433
114.654433
114.654433
114.654433
114.654433
114.654433
114.654433
114.654433
114.654433
114.654433
114.654433
114.654433
114.654433
114.654433
114.654433
114.654433
114.654433
114.654433
114.654433
114.654433
114.654433
114.654433
114.654433
114.654433
114.654433
114.654433
114.654433
114.654433
114.654433
114.654433
114.654433
114.654433
114.654433
114.654433
114.654433
114.654433
114.654433
114.654433
114.654433
114.654433
114.654433
114.654433
114.654433
114.654433
114.654433
114.654433
114.654433
114.654433
114.654433
114.654433
114.654433
114.654433
114.654433
114.654433
114.654433
114.654433
114.654433
114.654433
114.654433
114.654433
114.654433
114.654433
114.654433
114.654433
114.654433
114.654433
114.654433
114.654433
114.654433
114.654433
114.654433
114.654433
114.654433
114.654433
114.654433
114.654433
114.654433
114.654433
114.654433
114.654433
114.654433
114.654433
114.654433
114.654433
114.654433
114.654433
114.654433
114.654433
114.654433
114.654433
114.654433
114.654433
114.654433
114.654433
114.654433
114.654433
114.654433
114.654433
114.654433
114.654433
114.654433
114.654433
114.654433
114.654433
114.654433
114.654433
114.654433
114.654433
114.654433
114.654433
114.654433
114.654433
114.654433
114.654433
114.654433
114.654433
114.654433
114.654433
114.654433
114.654433
114.654433
114.654433
114.654433
114.654433
114.654433
114.654433
114.654433
114.654433
114.654433
114.654433
114.654433
114.654433
114.654433
114.654433
114.654433
114.654433
114.654433
114.654433
114.654433
114.654433
114.654433
114.654433
114.654433
114.654433
114.654433
114.654433
114.654433
114.654433
114.654433
114.654433
114.654433
114.654433
114.654433
114.654433
114.654433
114.654433
114.654433
114.654433
114.654433
114.654433
114.654433
114.654433
114.654433
114.654433
114.654433
114.654433
114.654433
114.654433
114.654433
114.654433
114.654433
114.654433
114.654433
114.654433
114.654433
114.654433
114.654433
114.654433
114.654433
114.654433
114.654433
114.654433
114.654433
114.654433
114.654433
114.654433
114.654433
114.654433
114.654433
114.654433
114.654433
114.654433
114.654433
114.654433
114.654433
114.654433
114.654433
114.654433
114.654433
114.654433
114.654433
114.654433
114.654433
114.654433
114.654433
114.654433
114.654433
114.654433
114.654433
114.654433
114.654433
114.654433
114.654433
114.654433
114.654433
114.654433
114.654433
114.654433
114.654433
114.654433
114.654433
114.654433
114.654433
114.654433
114.654433
114.654433
114.654433
114.654433
114.654433
114.654433
114.654433
114.654433
114.654433
114.654433
114.654433
114.654433
114.654433
114.654433
114.654433
114.654433
114.654433
114.654433
114.654433
114.654433
114.654433
114.654433
114.654433
114.654433
114.654433
114.654433
114.654433
114.654433
114.654433
114.654433
114.654433
114.654433
114.654433
114.654433
114.654433
114.654433
114.654433
114.654433
114.654433
114.654433
114.654433
114.654433
114.654433
114.654433
114.654433
114.654433
114.654433
114.654433
114.654433
114.654433
114.654433
114.654433
114.654433
114.654433
114.654433
114.654433
114.654433
114.654433
114.654433
114.654433
114.654433
114.654433
114.654433
114.654433
114.654433
114.654433
114.654433
114.654433
114.654433
114.654433
114.654433
114.654433
114.654433
114.654433
114.654433
114.654433
114.654433
114.654433
114.654433
114.654433
114.654433
114.654433
114.654433
114.654433
114.654433
114.654433
114.654433
114.654433
114.654433
114.654433
114.654433
114.654433
114.654433
114.654433
114.654433
114.654433
114.654433
114.654433
114.654433
114.654433
114.654433
114.654433
114.654433
114.654433
114.654433
114.654433
114.654433
114.654433
114.654433
114.654433
114.654433
114.654433
114.654433
114.654433
114.654433
114.654433
114.654433
114.654433
114.654433
114.654433
114.654433
114.654433
114.654433
114.654433
114.654433
114.654433
114.654433
114.654433
114.654433
114.654433
114.654433
114.654433
114.654433
114.654433
114.654433
114.654433
114.654433
114.654433
114.654433
114.654433
114.654433
114.654433
114.654433
114.654433
114.654433
114.654433
114.654433
114.654433
114.654433
114.654433
114.654433
114.654433
114.654433
114.654433
114.654433
114.654433
114.654433
114.654433
114.654433
114.654433
114.654433
114.654433
114.654433
114.654433
114.654433
114.654433
114.654433
114.654433
114.654433
114.654433
114.654433
114.654433
114.654433
114.654433
114.654433
114.654433
114.654433
114.654433
114.654433
114.654433
114.654433
114.654433
114.654433
114.654433
114.654433
114.654433
114.654433
114.654433
114.654433
114.654433
114.654433
114.654433
114.654433
114.654433
114.654433
114.654433
114.654433
114.654433
114.654433
114.654433
114.654433
114.654433
114.654433
114.654433
114.654433
114.654433
114.654433
114.654433
114.654433
114.654433
114.654433
114.654433
114.654433
114.654433
114.654433
114.654433
114.654433
114.654433
114.654433
114.654433
114.654433
114.654433
114.654433
114.654433
114.654433
114.654433
114.654433
114.654433
114.654433
114.654433
114.654433
114.654433
114.654433
114.654433
114.654433
114.654433
114.654433
114.654433
114.654433
114.654433
114.654433
114.654433
114.654433
114.654433
114.654433
114.654433
114.654433
114.654433
114.654433
114.654433
114.654433
114.654433
114.654433
114.654433
114.654433
114.654433
114.654433
114.654433
114.654433
114.654433
114.654433
114.654433
114.654433
114.654433
114.654433
114.654433
114.654433
114.654433
114.654433
114.654433
114.654433
114.654433
114.654433
114.654433
114.654433
114.654433
114.654433
114.654433
114.654433
114.654433
114.654433
114.654433
114.654433
114.654433
114.654433
114.654433
114.654433
114.654433
114.654433
114.654433
114.654433
114.654433
114.654433
114.654433
114.654433
114.654433
114.654433
114.654433
114.654433
114.654433
114.654433
114.654433
114.654433
114.654433
114.654433
114.654433
114.654433
114.654433
114.654433
114.654433
114.654433
114.654433
114.654433
114.654433
114.654433
114.654433
114.654433
114.654433
114.654433
114.654433
114.654433
114.654433
114.654433
114.654433
114.654433
114.654433
114.654433
114.654433
114.654433
114.654433
114.654433
114.654433
114.654433
114.654433
114.654433
114.654433
114.654433
114.654433
114.654433
114.654433
114.654433
114.654433
114.654433
114.654433
114.654433
114.654433
114.654433
114.654433
114.654433
114.654433
114.654433
114.654433
114.654433
114.654433
114.654433
114.654433
114.654433
114.654433
114.654433
114.654433
114.654433
114.654433
114.654433
114.654433
114.654433
114.654433
114.654433
114.654433
114.654433
114.654433
114.654433
114.654433
114.654433
114.654433
114.654433
114.654433
114.654433
114.654433
114.654433
114.654433
114.654433
114.654433
114.654433
114.654433
114.654433
114.654433
114.654433
114.654433
114.654433
114.654433
114.654433
114.654433
114.654433
114.654433
114.654433
114.654433
114.654433
114.654433
114.654433
114.654433
114.654433
114.654433
114.654433
114.654433
114.654433
114.654433
114.654433
114.654433
114.654433
114.654433
114.654433
114.654433
114.654433
114.654433
114.654433
114.654433
114.654433
114.654433
114.654433
114.654433
114.654433
114.654433
114.654433
114.654433
114.654433
114.654433
114.654433
114.654433
114.654433
114.654433
114.654433
114.654433
114.654433
114.654433
114.654433
114.654433
114.654433
114.654433
114.654433
114.654433
114.654433
114.654433
114.654433
114.654433
114.654433
114.654433
114.654433
114.654433
114.654433
114.654433
114.654433
114.654433
114.654433
114.654433
114.654433
114.654433
114.654433
114.654433
114.654433
114.654433
114.654433
114.654433
114.654433
114.654433
114.654433
114.654433
114.654433
114.654433
114.654433
114.654433
114.654433
114.654433
114.654433
114.654433
114.654433
114.654433
114.654433
114.654433
114.654433
114.654433
114.654433
114.654433
114.654433
114.654433
114.654433
114.654433
114.654433
114.654433
114.654433
114.654433
114.654433
114.654433
114.654433
114.654433
114.654433
114.654433
114.654433
114.654433
114.654433
114.654433
114.654433
114.654433
114.654433
114.654433
114.654433
114.654433
114.654433
114.654433
114.654433
114.654433
114.654433
114.654433
114.654433
114.654433
114.654433
114.654433
114.654433
114.654433
114.654433
114.654433
114.654433
114.654433
114.654433
114.654433
114.654433
114.654433
114.654433
114.654433
114.654433
114.654433
114.654433
114.654433
114.654433
114.654433
114.654433
114.654433
114.654433
114.654433
114.654433
114.654433
114.654433
114.654433
114.654433
114.654433
114.654433
114.654433
114.654433
114.654433
114.654433
114.654433
114.654433
114.654433
114.654433
114.654433
114.654433
114.654433
114.654433
114.654433
114.654433
114.654433
114.654433
114.654433
114.654433
114.654433
114.654433
114.654433
114.654433
114.654433
114.654433
114.654433
114.654433
114.654433
114.654433
114.654433
114.654433
114.654433
114.654433
114.654433
114.654433
114.654433
114.654433
114.654433
114.654433
114.654433
114.654433
114.654433
114.654433
114.654433
114.654433
114.654433
114.654433
114.654433
114.654433
114.654433
114.654433
114.654433
114.654433
114.654433
114.654433
114.654433
114.654433
114.654433
114.654433
114.654433
114.654433
114.654433
114.654433
114.654433
114.654433
114.654433
114.654433
114.654433
114.654433
114.654433
114.654433
114.654433
114.654433
114.654433
114.654433
114.654433
114.654433
114.654433
114.654433
114.654433
114.654433
114.654433
114.654433
114.654433
114.654433
114.654433
114.654433
114.654433
114.654433
114.654433
114.654433
114.654433
114.654433
114.654433
114.654433
114.654433
114.654433
114.654433
114.654433
114.654433
114.654433
114.654433
114.654433
114.654433
114.654433
114.654433
114.654433
114.654433
114.654433
114.654433
114.654433
114.654433
114.654433
114.654433
114.654433
114.654433
114.654433
114.654433
114.654433
114.654433
114.654433
114.654433
114.654433
114.654433
114.654433
114.654433
114.654433
114.654433
114.654433
114.654433
114.654433
114.654433
114.654433
114.654433
114.654433
114.654433
114.654433
114.654433
114.654433
114.654433
114.654433
114.654433
114.654433
114.654433
114.654433
114.654433
114.654433
114.654433
114.654433
114.654433
114.654433
114.654433
114.654433
114.654433
114.654433
114.654433
114.654433
114.654433
114.654433
114.654433
114.654433
114.654433
114.654433
114.654433
114.654433
114.654433
114.654433
114.654433
114.654433
114.654433
114.654433
114.654433
114.654433
114.654433
114.654433
114.654433
114.654433
114.654433
114.654433
114.654433
114.654433
114.654433
114.654433
114.654433
114.654433
114.654433
114.654433
114.654433
114.654433
114.654433
114.654433
114.654433
114.654433
114.654433
114.654433
114.654433
114.654433
114.654433
114.654433
114.654433
114.654433
114.654433
114.654433
114.654433
114.654433
114.654433
114.654433
114.654433
114.654433
114.654433
114.654433
114.654433
114.654433
114.654433
114.654433
114.654433
114.654433
114.654433
114.654433
114.654433
114.654433
114.654433
114.654433
114.654433
114.654433
114.654433
114.654433
114.654433
114.654433
114.654433
114.654433
114.654433
114.654433
114.654433
114.654433
114.654433
114.654433
114.654433
114.654433
114.654433
114.654433
114.654433
114.654433
114.654433
114.654433
114.654433
114.654433
114.654433
114.654433
114.654433
114.654433
114.654433
114.654433
114.654433
114.654433
114.654433
114.654433
114.654433
114.654433
114.654433
114.654433
114.654433
114.654433
114.654433
114.654433
114.654433
114.654433
114.654433
114.654433
114.654433
114.654433
114.654433
114.654433
114.654433
114.654433
114.654433
114.654433
114.654433
114.654433
114.654433
114.654433
114.654433
114.654433
114.654433
114.654433
114.654433
114.654433
114.654433
114.654433
114.654433
114.654433
114.654433
114.654433
114.654433
114.654433
114.654433
114.654433
114.654433
114.654433
114.654433
114.654433
114.654433
114.654433
114.654433
114.654433
114.654433
114.654433
114.654433
114.654433
114.654433
114.654433
114.654433
114.654433
114.654433
114.654433
114.654433
114.654433
114.654433
114.654433
114.654433
114.654433
114.654433
114.654433
114.654433
114.654433
114.654433
114.654433
114.654433
114.654433
114.654433
114.654433
114.654433
114.654433
114.654433
114.654433
114.654433
114.654433
114.654433
114.654433
114.654433
114.654433
114.654433
114.654433
114.654433
114.654433
114.654433
114.654433
114.654433
114.654433
114.654433
114.654433
114.654433
114.654433
114.654433
114.654433
114.654433
114.654433
114.654433
114.654433
114.654433
114.654433
114.654433
114.654433
114.654433
114.654433
114.654433
114.654433
114.654433
114.654433
114.654433
114.654433
114.654433
114.654433
114.654433
114.654433
114.654433
114.654433
114.654433
114.654433
114.654433
114.654433
114.654433
114.654433
114.654433
114.654433
114.654433
114.654433
114.654433
114.654433
114.654433
114.654433
114.654433
114.654433
114.654433
114.654433
114.654433
114.654433
114.654433
114.654433
114.654433
114.654433
114.654433
114.654433
114.654433
114.654433
114.654433
114.654433
114.654433
114.654433
114.654433
114.654433
114.654433
114.654433
114.654433
114.654433
114.654433
114.654433
114.654433
114.654433
114.654433
114.654433
114.654433
114.654433
114.654433
114.654433
114.654433
114.654433
114.654433
114.654433
114.654433
114.654433
114.654433
114.654433
114.654433
114.654433
114.654433
114.654433
114.654433
114.654433
114.654433
114.654433
114.654433
114.654433
114.654433
114.654433
114.654433
114.654433
114.654433
114.654433
114.654433
114.654433
114.654433
114.654433
114.654433
114.654433
114.654433
114.654433
114.654433
114.654433
114.654433
114.654433
114.654433
114.654433
114.654433
114.654433
114.654433
114.654433
114.654433
114.654433
114.654433
114.654433
114.654433
114.654433
114.654433
114.654433
114.654433
114.654433
114.654433
114.654433
114.654433
114.654433
114.654433
114.654433
114.654433
114.654433
114.654433
114.654433
114.654433
114.654433
114.654433
114.654433
114.654433
114.654433
114.654433
114.654433
114.654433
114.654433
114.654433
114.654433
114.654433
114.654433
114.654433
114.654433
114.654433
114.654433
114.654433
114.654433
114.654433
114.654433
114.654433
114.654433
114.654433
114.654433
114.654433
114.654433
114.654433
114.654433
114.654433
114.654433
114.654433
114.654433
114.654433
114.654433
114.654433
114.654433
114.654433
114.654433
114.654433
114.654433
114.654433
114.654433
114.654433
114.654433
114.654433
114.654433
114.654433
114.654433
114.654433
114.654433
114.654433
114.654433
114.654433
114.654433
114.654433
114.654433
114.654433
114.654433
114.654433
114.654433
114.654433
114.654433
114.654433
114.654433
114.654433
114.654433
114.654433
114.654433
114.654433
114.654433
114.654433
114.654433
114.654433
114.654433
114.654433
114.654433
114.654433
114.654433
114.654433
114.654433
114.654433
114.654433
114.654433
114.654433
114.654433
114.654433
114.654433
114.654433
114.654433
114.654433
114.654433
114.654433
114.654433
114.654433
114.654433
114.654433
114.654433
114.654433
114.654433
114.654433
114.654433
114.654433
114.654433
114.654433
114.654433
114.654433
114.654433
114.654433
114.654433
114.654433
114.654433
114.654433
114.654433
114.654433
114.654433
114.654433
114.654433
114.654433
114.654433
114.654433
114.654433
114.654433
114.654433
114.654433
114.654433
114.654433
114.654433
114.654433
114.654433
114.654433
114.654433
114.654433
114.654433
114.654433
114.654433
114.654433
114.654433
114.654433
114.654433
114.654433
114.654433
114.654433
114.654433
114.654433
114.654433
114.654433
114.654433
114.654433
114.654433
114.654433
114.654433
114.654433
114.654433
114.654433
114.654433
114.654433
114.654433
114.654433
114.654433
114.654433
114.654433
114.654433
114.654433
114.654433
114.654433
114.654433
114.654433
114.654433
114.654433
114.654433
114.654433
114.654433
114.654433
114.654433
114.654433
114.654433
114.654433
114.654433
114.654433
114.654433
114.654433
114.654433
114.654433
114.654433
114.654433
114.654433
114.654433
114.654433
114.654433
114.654433
114.654433
114.654433
114.654433
114.654433
114.654433
114.654433
114.654433
114.654433
114.654433
114.654433
114.654433
114.654433
114.654433
114.654433
114.654433
114.654433
114.654433
114.654433
114.654433
114.654433
114.654433
114.654433
114.654433
114.654433
114.654433
114.654433
114.654433
114.654433
114.654433
114.654433
114.654433
114.654433
114.654433
114.654433
114.654433
114.654433
114.654433
114.654433
114.654433
114.654433
114.654433
114.654433
114.654433
114.654433
114.654433
114.654433
114.654433
114.654433
114.654433
114.654433
114.654433
114.654433
114.654433
114.654433
114.654433
114.654433
114.654433
114.654433
114.654433
114.654433
114.654433
114.654433
114.654433
114.654433
114.654433
114.654433
114.654433
114.654433
114.654433
114.654433
114.654433
114.654433
114.654433
114.654433
114.654433
114.654433
114.654433
114.654433
114.654433
114.654433
114.654433
114.654433
114.654433
114.654433
114.654433
114.654433
114.654433
114.654433
114.654433
114.654433
114.654433
114.654433
114.654433
114.654433
114.654433
114.654433
114.654433
114.654433
114.654433
114.654433
114.654433
114.654433
114.654433
114.654433
114.654433
114.654433
114.654433
114.654433
114.654433
114.654433
114.654433
114.654433
114.654433
114.654433
114.654433
114.654433
114.654433
114.654433
114.654433
114.654433
114.654433
114.654433
114.654433
114.654433
114.654433
114.654433
114.654433
114.654433
114.654433
114.654433
114.654433
114.654433
114.654433
114.654433
114.654433
114.654433
114.654433
114.654433
114.654433
114.654433
114.654433
114.654433
114.654433
114.654433
114.654433
114.654433
114.654433
114.654433
114.654433
114.654433
114.654433
114.654433
114.654433
114.654433
114.654433
114.654433
114.654433
114.654433
114.654433
114.654433
114.654433
114.654433
114.654433
114.654433
114.654433
114.654433
114.654433
114.654433
114.654433
114.654433
114.654433
114.654433
114.654433
114.654433
114.654433
114.654433
114.654433
114.654433
114.654433
114.654433
114.654433
114.654433
114.654433
114.654433
114.654433
114.654433
114.654433
114.654433
114.654433
114.654433
114.654433
114.654433
114.654433
114.654433
114.654433
114.654433
114.654433
114.654433
114.654433
114.654433
114.654433
114.654433
114.654433
114.654433
114.654433
114.654433
114.654433
114.654433
114.654433
114.654433
114.654433
114.654433
114.654433
114.654433
114.654433
114.654433
114.654433
114.654433
114.654433
114.654433
114.654433
114.654433
114.654433
114.654433
114.654433
114.654433
114.654433
114.654433
114.654433
114.654433
114.654433
114.654433
114.654433
114.654433
114.654433
114.654433
114.654433
114.654433
114.654433
114.654433
114.654433
114.654433
114.654433
114.654433
114.654433
114.654433
114.654433
114.654433
114.654433
114.654433
114.654433
114.654433
114.654433
114.654433
114.654433
114.654433
114.654433
114.654433
114.654433
114.654433
114.654433
114.654433
114.654433
114.654433
114.654433
114.654433
114.654433
114.654433
114.654433
114.654433
114.654433
114.654433
114.654433
114.654433
114.654433
114.654433
114.654433
114.654433
114.654433
114.654433
114.654433
114.654433
114.654433
114.654433
114.654433
114.654433
114.654433
114.654433
114.654433
114.654433
114.654433
114.654433
114.654433
114.654433
114.654433
114.654433
114.654433
114.654433
114.654433
114.654433
114.654433
114.654433
114.654433
114.654433
114.654433
114.654433
114.654433
114.654433
114.654433
114.654433
114.654433
114.654433
114.654433
114.654433
114.654433
114.654433
114.654433
114.654433
114.654433
114.654433
114.654433
114.654433
114.654433
114.654433
114.654433
114.654433
114.654433
114.654433
114.654433
114.654433
114.654433
114.654433
114.654433
114.654433
114.654433
114.654433
114.654433
114.654433
114.654433
114.654433
114.654433
114.654433
114.654433
114.654433
114.654433
114.654433
114.654433
114.654433
114.654433
114.654433
114.654433
114.654433
114.654433
114.654433
114.654433
114.654433
114.654433
114.654433
114.654433
114.654433
114.654433
114.654433
114.654433
114.654433
114.654433
114.654433
114.654433
114.654433
114.654433
114.654433
114.654433
114.654433
114.654433
114.654433
114.654433
114.654433
114.654433
114.654433
114.654433
114.654433
114.654433
114.654433
114.654433
114.654433
114.654433
114.654433
114.654433
114.654433
114.654433
114.654433
114.654433
114.654433
114.654433
114.654433
114.654433
114.654433
114.654433
114.654433
114.654433
114.654433
114.654433
114.654433
114.654433
114.654433
114.654433
114.654433
114.654433
114.654433
114.654433
114.654433
114.654433
114.654433
114.654433
114.654433
114.654433
114.654433
114.654433
114.654433
114.654433
114.654433
114.654433
114.654433
114.654433
114.654433
114.654433
114.654433
114.654433
114.654433
114.654433
114.654433
114.654433
114.654433
114.654433
114.654433
114.654433
114.654433
114.654433
114.654433
114.654433
114.654433
114.654433
114.654433
114.654433
114.654433
114.654433
114.654433
114.654433
114.654433
114.654433
114.654433
114.654433
114.654433
114.654433
114.654433
114.654433
114.654433
114.654433
114.654433
114.654433
114.654433
114.654433
114.654433
114.654433
114.654433
114.654433
114.654433
114.654433
114.654433
114.654433
114.654433
114.654433
114.654433
114.654433
114.654433
114.654433
114.654433
114.654433
114.654433
114.654433
114.654433
114.654433
114.654433
114.654433
114.654433
114.654433
114.654433
114.654433
114.654433
114.654433
114.654433
114.654433
114.654433
114.654433
114.654433
114.654433
114.654433
114.654433
114.654433
114.654433
114.654433
114.654433
114.654433
114.654433
114.654433
114.654433
114.654433
114.654433
114.654433
114.654433
114.654433
114.654433
114.654433
114.654433
114.654433
114.654433
114.654433
114.654433
114.654433
114.654433
114.654433
114.654433
114.654433
114.654433
114.654433
114.654433
114.654433
114.654433
114.654433
114.654433
114.654433
114.654433
114.654433
114.654433
114.654433
114.654433
114.654433
114.654433
114.654433
114.654433
114.654433
114.654433
114.654433
114.654433
114.654433
114.654433
114.654433
114.654433
114.654433
114.654433
114.654433
114.654433
114.654433
114.654433
114.654433
114.654433
114.654433
114.654433
114.654433
114.654433
114.654433
114.654433
114.654433
114.654433
114.654433
114.654433
114.654433
114.654433
114.654433
114.654433
114.654433
114.654433
114.654433
114.654433
114.654433
114.654433
114.654433
114.654433
114.654433
114.654433
114.654433
114.654433
114.654433
114.654433
114.654433
114.654433
114.654433
114.654433
114.654433
114.654433
114.654433
114.654433
114.654433
114.654433
114.654433
114.654433
114.654433
114.654433
114.654433
114.654433
114.654433
114.654433
114.654433
114.654433
114.654433
114.654433
114.654433
114.654433
114.654433
114.654433
114.654433
114.654433
114.654433
114.654433
114.654433
114.654433
114.654433
114.654433
114.654433
114.654433
114.654433
114.654433
114.654433
114.654433
114.654433
114.654433
114.654433
114.654433
114.654433
114.654433
114.654433
114.654433
114.654433
114.654433
114.654433
114.654433
114.654433
114.654433
114.654433
114.654433
114.654433
114.654433
114.654433
114.654433
114.654433
114.654433
114.654433
114.654433
114.654433
114.654433
114.654433
114.654433
114.654433
114.654433
114.654433
114.654433
114.654433
114.654433
114.654433
114.654433
114.654433
114.654433
114.654433
114.654433
114.654433
114.654433
114.654433
114.654433
114.654433
114.654433
114.654433
114.654433
114.654433
114.654433
114.654433
114.654433
114.654433
114.654433
114.654433
114.654433
114.654433
114.654433
114.654433
114.654433
114.654433
114.654433
114.654433
114.654433
114.654433
114.654433
114.654433
114.654433
114.654433
114.654433
114.654433
114.654433
114.654433
114.654433
114.654433
114.654433
114.654433
114.654433
114.654433
114.654433
114.654433
114.654433
114.654433
114.654433
114.654433
114.654433
114.654433
114.654433
114.654433
114.654433
114.654433
114.654433
114.654433
114.654433
114.654433
114.654433
114.654433
114.654433
114.654433
114.654433
114.654433
114.654433
114.654433
114.654433
114.654433
114.654433
114.654433
114.654433
114.654433
114.654433
114.654433
114.654433
114.654433
114.654433
114.654433
114.654433
114.654433
114.654433
114.654433
114.654433
114.654433
114.654433
114.654433
114.654433
114.654433
114.654433
114.654433
114.654433
114.654433
114.654433
114.654433
114.654433
114.654433
114.654433
114.654433
114.654433
114.654433
114.654433
114.654433
114.654433
114.654433
114.654433
114.654433
114.654433
114.654433
114.654433
114.654433
114.654433
114.654433
114.654433
114.654433
114.654433
114.654433
114.654433
114.654433
114.654433
114.654433
114.654433
114.654433
114.654433
114.654433
114.654433
114.654433
114.654433
114.654433
114.654433
114.654433
114.654433
114.654433
114.654433
114.654433
114.654433
114.654433
114.654433
114.654433
114.654433
114.654433
114.654433
114.654433
114.654433
114.654433
114.654433
114.654433
114.654433
114.654433
114.654433
114.654433
114.654433
114.654433
114.654433
114.654433
114.654433
114.654433
114.654433
114.654433
114.654433
114.654433
114.654433
114.654433
114.654433
114.654433
114.654433
114.654433
114.654433
114.654433
114.654433
114.654433
114.654433
114.654433
114.654433
114.654433
114.654433
114.654433
114.654433
114.654433
114.654433
114.654433
114.654433
114.654433
114.654433
114.654433
114.654433
114.654433
114.654433
114.654433
114.654433
114.654433
114.654433
114.654433
114.654433
114.654433
114.654433
114.654433
114.654433
114.654433
114.654433
114.654433
114.654433
114.654433
114.654433
114.654433
114.654433
114.654433
114.654433
114.654433
114.654433
114.654433
114.654433
114.654433
114.654433
114.654433
114.654433
114.654433
114.654433
114.654433
114.654433
114.654433
114.654433
114.654433
114.654433
114.654433
114.654433
114.654433
114.654433
114.654433
114.654433
114.654433
114.654433
114.654433
114.654433
114.654433
114.654433
114.654433
114.654433
114.654433
114.654433
114.654433
114.654433
114.654433
114.654433
114.654433
114.654433
114.654433
114.654433
114.654433
114.654433
114.654433
114.654433
114.654433
114.654433
114.654433
114.654433
114.654433
114.654433
114.654433
114.654433
114.654433
114.654433
114.654433
114.654433
114.654433
114.654433
114.654433
114.654433
114.654433
114.654433
114.654433
114.654433
114.654433
114.654433
114.654433
114.654433
114.654433
114.654433
114.654433
114.654433
114.654433
114.654433
114.654433
114.654433
114.654433
114.654433
114.654433
114.654433
114.654433
114.654433
114.654433
114.654433
114.654433
114.654433
114.654433
114.654433
114.654433
114.654433
114.654433
114.654433
114.654433
114.654433
114.654433
114.654433
114.654433
114.654433
114.654433
114.654433
114.654433
114.654433
114.654433
114.654433
114.654433
114.654433
114.654433
114.654433
114.654433
114.654433
114.654433
114.654433
114.654433
114.654433
114.654433
114.654433
114.654433
114.654433
114.654433
114.654433
114.654433
114.654433
114.654433
114.654433
114.654433
114.654433
114.654433
114.654433
114.654433
114.654433
114.654433
114.654433
114.654433
114.654433
114.654433
114.654433
114.654433
114.654433
114.654433
114.654433
114.654433
114.654433
114.654433
114.654433
114.654433
114.654433
114.654433
114.654433
114.654433
114.654433
114.654433
114.654433
114.654433
114.654433
114.654433
114.654433
114.654433
114.654433
114.654433
114.654433
114.654433
114.654433
114.654433
114.654433
114.654433
114.654433
114.654433
114.654433
114.654433
114.654433
114.654433
114.654433
114.654433
114.654433
114.654433
114.654433
114.654433
114.654433
114.654433
114.654433
114.654433
114.654433
114.654433
114.654433
114.654433
114.654433
114.654433
114.654433
114.654433
114.654433
114.654433
114.654433
114.654433
114.654433
114.654433
114.654433
114.654433
114.654433
114.654433
114.654433
114.654433
114.654433
114.654433
114.654433
114.654433
114.654433
114.654433
114.654433
114.654433
114.654433
114.654433
114.654433
114.654433
114.654433
114.654433
114.654433
114.654433
114.654433
114.654433
114.654433
114.654433
114.654433
114.654433
114.654433
114.654433
114.654433
114.654433
114.654433
114.654433
114.654433
114.654433
114.654433
114.654433
114.654433
114.654433
114.654433
114.654433
114.654433
114.654433
114.654433
114.654433
114.654433
114.654433
114.654433
114.654433
114.654433
114.654433
114.654433
114.654433
114.654433
114.654433
114.654433
114.654433
114.654433
114.654433
114.654433
114.654433
114.654433
114.654433
114.654433
114.654433
114.654433
114.654433
114.654433
114.654433
114.654433
114.654433
114.654433
114.654433
114.654433
114.654433
114.654433
114.654433
114.654433
114.654433
114.654433
114.654433
114.654433
114.654433
114.654433
114.654433
114.654433
114.654433
114.654433
114.654433
114.654433
114.654433
114.654433
114.654433
114.654433
114.654433
114.654433
114.654433
114.654433
114.654433
114.654433
114.654433
114.654433
114.654433
114.654433
114.654433
114.654433
114.654433
114.654433
114.654433
114.654433
114.654433
114.654433
114.654433
114.654433
114.654433
114.654433
114.654433
114.654433
114.654433
114.654433
114.654433
114.654433
114.654433
114.654433
114.654433
114.654433
114.654433
114.654433
114.654433
114.654433
114.654433
114.654433
114.654433
114.654433
114.654433
114.654433
114.654433
114.654433
114.654433
114.654433
114.654433
114.654433
114.654433
114.654433
114.654433
114.654433
114.654433
114.654433
114.654433
114.654433
114.654433
114.654433
114.654433
114.654433
114.654433
114.654433
114.654433
114.654433
114.654433
114.654433
114.654433
114.654433
114.654433
114.654433
114.654433
114.654433
114.654433
114.654433
114.654433
114.654433
114.654433
114.654433
114.654433
114.654433
114.654433
114.654433
114.654433
114.654433
114.654433
114.654433
114.654433
114.654433
114.654433
114.654433
114.654433
114.654433
114.654433
114.654433
114.654433
114.654433
114.654433
114.654433
114.654433
114.654433
114.654433
114.654433
114.654433
114.654433
114.654433
114.654433
114.654433
114.654433
114.654433
114.654433
114.654433
114.654433
114.654433
114.654433
114.654433
114.654433
114.654433
114.654433
114.654433
114.654433
114.654433
114.654433
114.654433
114.654433
114.654433
114.654433
114.654433
114.654433
114.654433
114.654433
114.654433
114.654433
114.654433
114.654433
114.654433
114.654433
114.654433
114.654433
114.654433
114.654433
114.654433
114.654433
114.654433
114.654433
114.654433
114.654433
114.654433
114.654433
114.654433
114.654433
114.654433
114.654433
114.654433
114.654433
114.654433
114.654433
114.654433
114.654433
114.654433
114.654433
114.654433
114.654433
114.654433
114.654433
114.654433
114.654433
114.654433
114.654433
114.654433
114.654433
114.654433
114.654433
114.654433
114.654433
114.654433
114.654433
114.654433
114.654433
114.654433
114.654433
114.654433
114.654433
114.654433
114.654433
114.654433
114.654433
114.654433
114.654433
114.654433
114.654433
114.654433
114.654433
114.654433
114.654433
114.654433
114.654433
114.654433
114.654433
114.654433
114.654433
114.654433
114.654433
114.654433
114.654433
114.654433
114.654433
114.654433
114.654433
114.654433
114.654433
114.654433
114.654433
114.654433
114.654433
114.654433
114.654433
114.654433
114.654433
114.654433
114.654433
114.654433
114.654433
114.654433
114.654433
114.654433
114.654433
114.654433
114.654433
114.654433
114.654433
114.654433
114.654433
114.654433
114.654433
114.654433
114.654433
114.654433
114.654433
114.654433
114.654433
114.654433
114.654433
114.654433
114.654433
114.654433
114.654433
114.654433
114.654433
114.654433
114.654433
114.654433
114.654433
114.654433
114.654433
114.654433
114.654433
114.654433
114.654433
114.654433
114.654433
114.654433
114.654433
114.654433
114.654433
114.654433
114.654433
114.654433
114.654433
114.654433
114.654433
114.654433
114.654433
114.654433
114.654433
114.654433
114.654433
114.654433
114.654433
114.654433
114.654433
114.654433
114.654433
114.654433
114.654433
114.654433
114.654433
114.654433
114.654433
114.654433
114.654433
114.654433
114.654433
114.654433
114.654433
114.654433
114.654433
114.654433
114.654433
114.654433
114.654433
114.654433
114.654433
114.654433
114.654433
114.654433
114.654433
114.654433
114.654433
114.654433
114.654433
114.654433
114.654433
114.654433
114.654433
114.654433
114.654433
114.654433
114.654433
114.654433
114.654433
114.654433
114.654433
114.654433
114.654433
114.654433
114.654433
114.654433
114.654433
114.654433
114.654433
114.654433
114.654433
114.654433
114.654433
114.654433
114.654433
114.654433
114.654433
114.654433
114.654433
114.654433
114.654433
114.654433
114.654433
114.654433
114.654433
114.654433
114.654433
114.654433
114.654433
114.654433
114.654433
114.654433
114.654433
114.654433
114.654433
114.654433
114.654433
114.654433
114.654433
114.654433
114.654433
114.654433
114.654433
114.654433
114.654433
114.654433
114.654433
114.654433
114.654433
114.654433
114.654433
114.654433
114.654433
114.654433
114.654433
114.654433
114.654433
114.654433
114.654433
114.654433
114.654433
114.654433
114.654433
114.654433
114.654433
114.654433
114.654433
114.654433
114.654433
114.654433
114.654433
114.654433
114.654433
114.654433
114.654433
114.654433
114.654433
114.654433
114.654433
114.654433
114.654433
114.654433
114.654433
114.654433
114.654433
114.654433
114.654433
114.654433
114.654433
114.654433
114.654433
114.654433
114.654433
114.654433
114.654433
114.654433
114.654433
114.654433
114.654433
114.654433
114.654433
114.654433
114.654433
114.654433
114.654433
114.654433
114.654433
114.654433
114.654433
114.654433
114.654433
114.654433
114.654433
114.654433
114.654433
114.654433
114.654433
114.654433
114.654433
114.654433
114.654433
114.654433
114.654433
114.654433
114.654433
114.654433
114.654433
114.654433
114.654433
114.654433
114.654433
114.654433
114.654433
114.654433
114.654433
114.654433
114.654433
114.654433
114.654433
114.654433
114.654433
114.654433
114.654433
114.654433
114.654433
114.654433
114.654433
114.654433
114.654433
114.654433
114.654433
114.654433
114.654433
114.654433
114.654433
114.654433
114.654433
114.654433
114.654433
114.654433
114.654433
114.654433
114.654433
114.654433
114.654433
114.654433
114.654433
114.654433
114.654433
114.654433
114.654433
114.654433
114.654433
114.654433
114.654433
114.654433
114.654433
114.654433
114.654433
114.654433
114.654433
114.654433
114.654433
114.654433
114.654433
114.654433
114.654433
114.654433
114.654433
114.654433
114.654433
114.654433
114.654433
114.654433
114.654433
114.654433
114.654433
114.654433
114.654433
114.654433
114.654433
114.654433
114.654433
114.654433
114.654433
114.654433
114.654433
114.654433
114.654433
114.654433
114.654433
114.654433
114.654433
114.654433
114.654433
114.654433
114.654433
114.654433
114.654433
114.654433
114.654433
114.654433
114.654433
114.654433
114.654433
114.654433
114.654433
114.654433
114.654433
114.654433
114.654433
114.654433
114.654433
114.654433
114.654433
114.654433
114.654433
114.654433
114.654433
114.654433
114.654433
114.654433
114.654433
114.654433
114.654433
114.654433
114.654433
114.654433
114.654433
114.654433
114.654433
114.654433
114.654433
114.654433
114.654433
114.654433
114.654433
114.654433
114.654433
114.654433
114.654433
114.654433
114.654433
114.654433
114.654433
114.654433
114.654433
114.654433
114.654433
114.654433
114.654433
114.654433
114.654433
114.654433
114.654433
114.654433
114.654433
114.654433
114.654433
114.654433
114.654433
114.654433
114.654433
114.654433
114.654433
114.654433
114.654433
114.654433
114.654433
114.654433
114.654433
114.654433
114.654433
114.654433
114.654433
114.654433
114.654433
114.654433
114.654433
114.654433
114.654433
114.654433
114.654433
114.654433
114.654433
114.654433
114.654433
114.654433
114.654433
114.654433
114.654433
114.654433
114.654433
114.654433
114.654433
114.654433
114.654433
114.654433
114.654433
114.654433
114.654433
114.654433
114.654433
114.654433
114.654433
114.654433
114.654433
114.654433
114.654433
114.654433
114.654433
114.654433
114.654433
114.654433
114.654433
114.654433
114.654433
114.654433
114.654433
114.654433
114.654433
114.654433
114.654433
114.654433
114.654433
114.654433
114.654433
114.654433
114.654433
114.654433
114.654433
114.654433
114.654433
114.654433
114.654433
114.654433
114.654433
114.654433
114.654433
114.654433
114.654433
114.654433
114.654433
114.654433
114.654433
114.654433
114.654433
114.654433
114.654433
114.654433
114.654433
114.654433
114.654433
114.654433
114.654433
114.654433
114.654433
114.654433
114.654433
114.654433
114.654433
114.654433
114.654433
114.654433
114.654433
114.654433
114.654433
114.654433
114.654433
114.654433
114.654433
114.654433
114.654433
114.654433
114.654433
114.654433
114.654433
114.654433
114.654433
114.654433
114.654433
114.654433
114.654433
114.654433
114.654433
114.654433
114.654433
114.654433
114.654433
114.654433
114.654433
114.654433
114.654433
114.654433
114.654433
114.654433
114.654433
114.654433
114.654433
114.654433
114.654433
114.654433
114.654433
114.654433
114.654433
114.654433
114.654433
114.654433
114.654433
114.654433
114.654433
114.654433
114.654433
114.654433
114.654433
114.654433
114.654433
114.654433
114.654433
114.654433
114.654433
114.654433
114.654433
114.654433
114.654433
114.654433
114.654433
114.654433
114.654433
114.654433
114.654433
114.654433
114.654433
114.654433
114.654433
114.654433
114.654433
114.654433
114.654433
114.654433
114.654433
114.654433
114.654433
114.654433
114.654433
114.654433
114.654433
114.654433
114.654433
114.654433
114.654433
114.654433
114.654433
114.654433
114.654433
114.654433
114.654433
114.654433
114.654433
114.654433
114.654433
114.654433
114.654433
114.654433
114.654433
114.654433
114.654433
114.654433
114.654433
114.654433
114.654433
114.654433
114.654433
114.654433
114.654433
114.654433
114.654433
114.654433
114.654433
114.654433
114.654433
114.654433
114.654433
114.654433
114.654433
114.654433
114.654433
114.654433
114.654433
114.654433
114.654433
114.654433
114.654433
114.654433
114.654433
114.654433
114.654433
114.654433
114.654433
114.654433
114.654433
114.654433
114.654433
114.654433
114.654433
114.654433
114.654433
114.654433
114.654433
114.654433
114.654433
114.654433
114.654433
114.654433
114.654433
114.654433
114.654433
114.654433
114.654433
114.654433
114.654433
114.654433
114.654433
114.654433
114.654433
114.654433
114.654433
114.654433
114.654433
114.654433
114.654433
114.654433
114.654433
114.654433
114.654433
114.654433
114.654433
114.654433
114.654433
114.654433
114.654433
114.654433
114.654433
114.654433
114.654433
114.654433
114.654433
114.654433
114.654433
114.654433
114.654433
114.654433
114.654433
114.654433
114.654433
114.654433
114.654433
114.654433
114.654433
114.654433
114.654433
114.654433
114.654433
114.654433
114.654433
114.654433
114.654433
114.654433
114.654433
114.654433
114.654433
114.654433
114.654433
114.654433
114.654433
114.654433
114.654433
114.654433
114.654433
114.654433
114.654433
114.654433
114.654433
114.654433
114.654433
114.654433
114.654433
114.654433
114.654433
114.654433
114.654433
114.654433
114.654433
114.654433
114.654433
114.654433
114.654433
114.654433
114.654433
114.654433
114.654433
114.654433
114.654433
114.654433
114.654433
114.654433
114.654433
114.654433
114.654433
114.654433
114.654433
114.654433
114.654433
114.654433
114.654433
114.654433
114.654433
114.654433
114.654433
114.654433
114.654433
114.654433
114.654433
114.654433
114.654433
114.654433
114.654433
114.654433
114.654433
114.654433
114.654433
114.654433
114.654433
114.654433
114.654433
114.654433
114.654433
114.654433
114.654433
114.654433
114.654433
114.654433
114.654433
114.654433
114.654433
114.654433
114.654433
114.654433
114.654433
114.654433
114.654433
114.654433
114.654433
114.654433
114.654433
114.654433
114.654433
114.654433
114.654433
114.654433
114.654433
114.654433
114.654433
114.654433
114.654433
114.654433
114.654433
114.654433
114.654433
114.654433
114.654433
114.654433
114.654433
114.654433
114.654433
114.654433
114.654433
114.654433
114.654433
114.654433
114.654433
114.654433
114.654433
114.654433
114.654433
114.654433
114.654433
114.654433
114.654433
114.654433
114.654433
114.654433
114.654433
114.654433
114.654433
114.654433
114.654433
114.654433
114.654433
114.654433
114.654433
114.654433
114.654433
114.654433
114.654433
114.654433
114.654433
114.654433
114.654433
114.654433
114.654433
114.654433
114.654433
114.654433
114.654433
114.654433
114.654433
114.654433
114.654433
114.654433
114.654433
114.654433
114.654433
114.654433
114.654433
114.654433
114.654433
114.654433
114.654433
114.654433
114.654433
114.654433
114.654433
114.654433
114.654433
114.654433
114.654433
114.654433
114.654433
114.654433
114.654433
114.654433
114.654433
114.654433
114.654433
114.654433
114.654433
114.654433
114.654433
114.654433
114.654433
114.654433
114.654433
114.654433
114.654433
114.654433
114.654433
114.654433
114.654433
114.654433
114.654433
114.654433
114.654433
114.654433
114.654433
114.654433
114.654433
114.654433
114.654433
114.654433
114.654433
114.654433
114.654433
114.654433
114.654433
114.654433
114.654433
114.654433
114.654433
114.654433
114.654433
114.654433
114.654433
114.654433
114.654433
114.654433
114.654433
114.654433
114.654433
114.654433
114.654433
114.654433
114.654433
114.654433
114.654433
114.654433
114.654433
114.654433
114.654433
114.654433
114.654433
114.654433
114.654433
114.654433
114.654433
114.654433
114.654433
114.654433
114.654433
114.654433
114.654433
114.654433
114.654433
114.654433
114.654433
114.654433
114.654433
114.654433
114.654433
114.654433
114.654433
114.654433
114.654433
114.654433
114.654433
114.654433
114.654433
114.654433
114.654433
114.654433
114.654433
114.654433
114.654433
114.654433
114.654433
114.654433
114.654433
114.654433
114.654433
114.654433
114.654433
114.654433
114.654433
114.654433
114.654433
114.654433
114.654433
114.654433
114.654433
114.654433
114.654433
114.654433
114.654433
114.654433
114.654433
114.654433
114.654433
114.654433
114.654433
114.654433
114.654433
114.654433
114.654433
114.654433
114.654433
114.654433
114.654433
114.654433
114.654433
114.654433
114.654433
114.654433
114.654433
114.654433
114.654433
114.654433
114.654433
114.654433
114.654433
114.654433
114.654433
114.654433
114.654433
114.654433
114.654433
114.654433
114.654433
114.654433
114.654433
114.654433
114.654433
114.654433
114.654433
114.654433
114.654433
114.654433
114.654433
114.654433
114.654433
114.654433
114.654433
114.654433
114.654433
114.654433
114.654433
114.654433
114.654433
114.654433
114.654433
114.654433
114.654433
114.654433
114.654433
114.654433
114.654433
114.654433
114.654433
114.654433
114.654433
114.654433
114.654433
114.654433
114.654433
114.654433
114.654433
114.654433
114.654433
114.654433
114.654433
114.654433
114.654433
114.654433
114.654433
114.654433
114.654433
114.654433
114.654433
114.654433
114.654433
114.654433
114.654433
114.654433
114.654433
114.654433
114.654433
114.654433
114.654433
114.654433
114.654433
114.654433
114.654433
114.654433
114.654433
114.654433
114.654433
114.654433
114.654433
114.654433
114.654433
114.654433
114.654433
114.654433
114.654433
114.654433
114.654433
114.654433
114.654433
114.654433
114.654433
114.654433
114.654433
114.654433
114.654433
114.654433
114.654433
114.654433
114.654433
114.654433
114.654433
114.654433
114.654433
114.654433
114.654433
114.654433
114.654433
114.654433
114.654433
114.654433
114.654433
114.654433
114.654433
114.654433
114.654433
114.654433
114.654433
114.654433
114.654433
114.654433
114.654433
114.654433
114.654433
114.654433
114.654433
114.654433
114.654433
114.654433
114.654433
114.654433
114.654433
114.654433
114.654433
114.654433
114.654433
114.654433
114.654433
114.654433
114.654433
114.654433
114.654433
114.654433
114.654433
114.654433
114.654433
114.654433
114.654433
114.654433
114.654433
114.654433
114.654433
114.654433
114.654433
114.654433
114.654433
114.654433
114.654433
114.654433
114.654433
114.654433
114.654433
114.654433
114.654433
114.654433
114.654433
114.654433
114.654433
114.654433
114.654433
114.654433
114.654433
114.654433
114.654433
114.654433
114.654433
114.654433
114.654433
114.654433
114.654433
114.654433
114.654433
114.654433
114.654433
114.654433
114.654433
114.654433
114.654433
114.654433
114.654433
114.654433
114.654433
114.654433
114.654433
114.654433
114.654433
114.654433
114.654433
114.654433
114.654433
114.654433
114.654433
114.654433
114.654433
114.654433
114.654433
114.654433
114.654433
114.654433
114.654433
114.654433
114.654433
114.654433
114.654433
114.654433
114.654433
114.654433
114.654433
114.654433
114.654433
114.654433
114.654433
114.654433
114.654433
114.654433
114.654433
114.654433
114.654433
114.654433
114.654433
114.654433
114.654433
114.654433
114.654433
114.654433
114.654433
114.654433
114.654433
114.654433
114.654433
114.654433
114.654433
114.654433
114.654433
114.654433
114.654433
114.654433
114.654433
114.654433
114.654433
114.654433
114.654433
114.654433
114.654433
114.654433
114.654433
114.654433
114.654433
114.654433
114.654433
114.654433
114.654433
114.654433
114.654433
114.654433
114.654433
114.654433
114.654433
114.654433
114.654433
114.654433
114.654433
114.654433
114.654433
114.654433
114.654433
114.654433
114.654433
114.654433
114.654433
114.654433
114.654433
114.654433
114.654433
114.654433
114.654433
114.654433
114.654433
114.654433
114.654433
114.654433
114.654433
114.654433
114.654433
114.654433
114.654433
114.654433
114.654433
114.654433
114.654433
114.654433
114.654433
114.654433
114.654433
114.654433
114.654433
114.654433
114.654433
114.654433
114.654433
114.654433
114.654433
114.654433
114.654433
114.654433
114.654433
114.654433
114.654433
114.654433
114.654433
114.654433
114.654433
114.654433
114.654433
114.654433
114.654433
114.654433
114.654433
114.654433
114.654433
114.654433
114.654433
114.654433
114.654433
114.654433
114.654433
114.654433
114.654433
114.654433
114.654433
114.654433
114.654433
114.654433
114.654433
114.654433
114.654433
114.654433
114.654433
114.654433
114.654433
114.654433
114.654433
114.654433
114.654433
114.654433
114.654433
114.654433
114.654433
114.654433
114.654433
114.654433
114.654433
114.654433
114.654433
114.654433
114.654433
114.654433
114.654433
114.654433
114.654433
114.654433
114.654433
114.654433
114.654433
114.654433
114.654433
114.654433
114.654433
114.654433
114.654433
114.654433
114.654433
114.654433
114.654433
114.654433
114.654433
114.654433
114.654433
114.654433
114.654433
114.654433
114.654433
114.654433
114.654433
114.654433
114.654433
114.654433
114.654433
114.654433
114.654433
114.654433
114.654433
114.654433
114.654433
114.654433
114.654433
114.654433
114.654433
114.654433
114.654433
114.654433
114.654433
114.654433
114.654433
114.654433
114.654433
114.654433
114.654433
114.654433
114.654433
114.654433
114.654433
114.654433
114.654433
114.654433
114.654433
114.654433
114.654433
114.654433
114.654433
114.654433
114.654433
114.654433
114.654433
114.654433
114.654433
114.654433
114.654433
114.654433
114.654433
114.654433
114.654433
114.654433
114.654433
114.654433
114.654433
114.654433
114.654433
114.654433
114.654433
114.654433
114.654433
114.654433
114.654433
114.654433
114.654433
114.654433
114.654433
114.654433
114.654433
114.654433
114.654433
114.654433
114.654433
114.654433
114.654433
114.654433
114.654433
114.654433
114.654433
114.654433
114.654433
114.654433
114.654433
114.654433
114.654433
114.654433
114.654433
114.654433
114.654433
114.654433
114.654433
114.654433
114.654433
114.654433
114.654433
114.654433
114.654433
114.654433
114.654433
114.654433
114.654433
114.654433
114.654433
114.654433
114.654433
114.654433
114.654433
114.654433
114.654433
114.654433
114.654433
114.654433
114.654433
114.654433
114.654433
114.654433
114.654433
114.654433
114.654433
114.654433
114.654433
114.654433
114.654433
114.654433
114.654433
114.654433
114.654433
114.654433
114.654433
114.654433
114.654433
114.654433
114.654433
114.654433
114.654433
114.654433
114.654433
114.654433
114.654433
114.654433
114.654433
114.654433
114.654433
114.654433
114.654433
114.654433
114.654433
114.654433
114.654433
114.654433
114.654433
114.654433
114.654433
114.654433
114.654433
114.654433
114.654433
114.654433
114.654433
114.654433
114.654433
114.654433
114.654433
114.654433
114.654433
114.654433
114.654433
114.654433
114.654433
114.654433
114.654433
114.654433
114.654433
114.654433
114.654433
114.654433
114.654433
114.654433
114.654433
114.654433
114.654433
114.654433
114.654433
114.654433
114.654433
114.654433
114.654433
114.654433
114.654433
114.654433
114.654433
114.654433
114.654433
114.654433
114.654433
114.654433
114.654433
114.654433
114.654433
114.654433
114.654433
114.654433
114.654433
114.654433
114.654433
114.654433
114.654433
114.654433
114.654433
114.654433
114.654433
114.654433
114.654433
114.654433
114.654433
114.654433
114.654433
114.654433
114.654433
114.654433
114.654433
114.654433
114.654433
114.654433
114.654433
114.654433
114.654433
114.654433
114.654433
114.654433
114.654433
114.654433
114.654433
114.654433
114.654433
114.654433
114.654433
114.654433
114.654433
114.654433
114.654433
114.654433
114.654433
114.654433
114.654433
114.654433
114.654433
114.654433
114.654433
114.654433
114.654433
114.654433
114.654433
114.654433
114.654433
114.654433
114.654433
114.654433
114.654433
114.654433
114.654433
114.654433
114.654433
114.654433
114.654433
114.654433
114.654433
114.654433
114.654433
114.654433
114.654433
114.654433
114.654433
114.654433
114.654433
114.654433
114.654433
114.654433
114.654433
114.654433
114.654433
114.654433
114.654433
114.654433
114.654433
114.654433
114.654433
114.654433
114.654433
114.654433
114.654433
114.654433
114.654433
114.654433
114.654433
114.654433
114.654433
114.654433
114.654433
114.654433
114.654433
114.654433
114.654433
114.654433
114.654433
114.654433
114.654433
114.654433
114.654433
114.654433
114.654433
114.654433
114.654433
114.654433
114.654433
114.654433
114.654433
114.654433
114.654433
114.654433
114.654433
114.654433
114.654433
114.654433
114.654433
114.654433
114.654433
114.654433
114.654433
114.654433
114.654433
114.654433
114.654433
114.654433
114.654433
114.654433
114.654433
114.654433
114.654433
114.654433
114.654433
114.654433
114.654433
114.654433
114.654433
114.654433
114.654433
114.654433
114.654433
114.654433
114.654433
114.654433
114.654433
114.654433
114.654433
114.654433
114.654433
114.654433
114.654433
114.654433
114.654433
114.654433
114.654433
114.654433
114.654433
114.654433
114.654433
114.654433
114.654433
114.654433
114.654433
114.654433
114.654433
114.654433
114.654433
114.654433
114.654433
114.654433
114.654433
114.654433
114.654433
114.654433
114.654433
114.654433
114.654433
114.654433
114.654433
114.654433
114.654433
114.654433
114.654433
114.654433
114.654433
114.654433
114.654433
114.654433
114.654433
114.654433
114.654433
114.654433
114.654433
114.654433
114.654433
114.654433
114.654433
114.654433
114.654433
114.654433
114.654433
114.654433
114.654433
114.654433
114.654433
114.654433
114.654433
114.654433
114.654433
114.654433
114.654433
114.654433
114.654433
114.654433
114.654433
114.654433
114.654433
114.654433
114.654433
114.654433
114.654433
114.654433
114.654433
114.654433
114.654433
114.654433
114.654433
114.654433
114.654433
114.654433
114.654433
114.654433
114.654433
114.654433
114.654433
114.654433
114.654433
114.654433
114.654433
114.654433
114.654433
114.654433
114.654433
114.654433
114.654433
114.654433
114.654433
114.654433
114.654433
114.654433
114.654433
114.654433
114.654433
114.654433
114.654433
114.654433
114.654433
114.654433
114.654433
114.654433
114.654433
114.654433
114.654433
114.654433
114.654433
114.654433
114.654433
114.654433
114.654433
114.654433
114.654433
114.654433
114.654433
114.654433
114.654433
114.654433
114.654433
114.654433
114.654433
114.654433
114.654433
114.654433
114.654433
114.654433
114.654433
114.654433
114.654433
114.654433
114.654433
114.654433
114.654433
114.654433
114.654433
114.654433
114.654433
114.654433
114.654433
114.654433
114.654433
114.654433
114.654433
114.654433
114.654433
114.654433
114.654433
114.654433
114.654433
114.654433
114.654433
114.654433
114.654433
114.654433
114.654433
114.654433
114.654433
114.654433
114.654433
114.654433
114.654433
114.654433
114.654433
114.654433
114.654433
114.654433
114.654433
114.654433
114.654433
114.654433
114.654433
114.654433
114.654433
114.654433
114.654433
114.654433
114.654433
114.654433
114.654433
114.654433
114.654433
114.654433
114.654433
114.654433
114.654433
114.654433
114.654433
114.654433
114.654433
114.654433
114.654433
114.654433
114.654433
114.654433
114.654433
114.654433
114.654433
114.654433
114.654433
114.654433
114.654433
114.654433
114.654433
114.654433
114.654433
114.654433
114.654433
114.654433
114.654433
114.654433
114.654433
114.654433
114.654433
114.654433
114.654433
114.654433
114.654433
114.654433
114.654433
114.654433
114.654433
114.654433
114.654433
114.654433
114.654433
114.654433
114.654433
114.654433
114.654433
114.654433
114.654433
114.654433
114.654433
114.654433
114.654433
114.654433
114.654433
114.654433
114.654433
114.654433
114.654433
114.654433
114.654433
114.654433
114.654433
114.654433
114.654433
114.654433
114.654433
114.654433
114.654433
114.654433
114.654433
114.654433
114.654433
114.654433
114.654433
114.654433
114.654433
114.654433
114.654433
114.654433
114.654433
114.654433
114.654433
114.654433
114.654433
114.654433
114.654433
114.654433
114.654433
114.654433
114.654433
114.654433
114.654433
114.654433
114.654433
114.654433
114.654433
114.654433
114.654433
114.654433
114.654433
114.654433
114.654433
114.654433
114.654433
114.654433
114.654433
114.654433
114.654433
114.654433
114.654433
114.654433
114.654433
114.654433
114.654433
114.654433
114.654433
114.654433
114.654433
114.654433
114.654433
114.654433
114.654433
114.654433
114.654433
114.654433
114.654433
114.654433
114.654433
114.654433
114.654433
114.654433
114.654433
114.654433
114.654433
114.654433
114.654433
114.654433
114.654433
114.654433
114.654433
114.654433
114.654433
114.654433
114.654433
114.654433
114.654433
114.654433
114.654433
114.654433
114.654433
114.654433
114.654433
114.654433
114.654433
114.654433
114.654433
114.654433
114.654433
114.654433
114.654433
114.654433
114.654433
114.654433
114.654433
114.654433
114.654433
114.654433
114.654433
114.654433
114.654433
114.654433
114.654433
114.654433
114.654433
114.654433
114.654433
114.654433
114.654433
114.654433
114.654433
114.654433
114.654433
114.654433
114.654433
114.654433
114.654433
114.654433
114.654433
114.654433
114.654433
114.654433
114.654433
114.654433
114.654433
114.654433
114.654433
114.654433
114.654433
114.654433
114.654433
114.654433
114.654433
114.654433
114.654433
114.654433
114.654433
114.654433
114.654433
114.654433
114.654433
114.654433
114.654433
114.654433
114.654433
114.654433
114.654433
114.654433
114.654433
114.654433
114.654433
114.654433
114.654433
114.654433
114.654433
114.654433
114.654433
114.654433
114.654433
114.654433
114.654433
114.654433
114.654433
114.654433
114.654433
114.654433
114.654433
114.654433
114.654433
114.654433
114.654433
114.654433
114.654433
114.654433
114.654433
114.654433
114.654433
114.654433
114.654433
114.654433
114.654433
114.654433
114.654433
114.654433
114.654433
114.654433
114.654433
114.654433
114.654433
114.654433
114.654433
114.654433
114.654433
114.654433
114.654433
114.654433
114.654433
114.654433
114.654433
114.654433
114.654433
114.654433
114.654433
114.654433
114.654433
114.654433
114.654433
114.654433
114.654433
114.654433
114.654433
114.654433
114.654433
114.654433
114.654433
114.654433
114.654433
114.654433
114.654433
114.654433
114.654433
114.654433
114.654433
114.654433
114.654433
114.654433
114.654433
114.654433
114.654433
114.654433
114.654433
114.654433
114.654433
114.654433
114.654433
114.654433
114.654433
114.654433
114.654433
114.654433
114.654433
114.654433
114.654433
114.654433
114.654433
114.654433
114.654433
114.654433
114.654433
114.654433
114.654433
114.654433
114.654433
114.654433
114.654433
114.654433
114.654433
114.654433
114.654433
114.654433
114.654433
114.654433
114.654433
114.654433
114.654433
114.654433
114.654433
114.654433
114.654433
114.654433
114.654433
114.654433
114.654433
114.654433
114.654433
114.654433
114.654433
114.654433
114.654433
114.654433
114.654433
114.654433
114.654433
114.654433
114.654433
114.654433
114.654433
114.654433
114.654433
114.654433
114.654433
114.654433
114.654433
114.654433
114.654433
114.654433
114.654433
114.654433
114.654433
114.654433
114.654433
114.654433
114.654433
114.654433
114.654433
114.654433
114.654433
114.654433
114.654433
114.654433
114.654433
114.654433
114.654433
114.654433
114.654433
114.654433
114.654433
114.654433
114.654433
114.654433
114.654433
114.654433
114.654433
114.654433
114.654433
114.654433
114.654433
114.654433
114.654433
114.654433
114.654433
114.654433
114.654433
114.654433
114.654433
114.654433
114.654433
114.654433
114.654433
114.654433
114.654433
114.654433
114.654433
114.654433
114.654433
114.654433
114.654433
114.654433
114.654433
114.654433
114.654433
114.654433
114.654433
114.654433
114.654433
114.654433
114.654433
114.654433
114.654433
114.654433
114.654433
114.654433
114.654433
114.654433
114.654433
114.654433
114.654433
114.654433
114.654433
114.654433
114.654433
114.654433
114.654433
114.654433
114.654433
114.654433
114.654433
114.654433
114.654433
114.654433
114.654433
114.654433
114.654433
114.654433
114.654433
114.654433
114.654433
114.654433
114.654433
114.654433
114.654433
114.654433
114.654433
114.654433
114.654433
114.654433
114.654433
114.654433
114.654433
114.654433
114.654433
114.654433
114.654433
114.654433
114.654433
114.654433
114.654433
114.654433
114.654433
114.654433
114.654433
114.654433
114.654433
114.654433
114.654433
114.654433
114.654433
114.654433
114.654433
114.654433
114.654433
114.654433
114.654433
114.654433
114.654433
114.654433
114.654433
114.654433
114.654433
114.654433
114.654433
114.654433
114.654433
114.654433
114.654433
114.654433
114.654433
114.654433
114.654433
114.654433
114.654433
114.654433
114.654433
114.654433
114.654433
114.654433
114.654433
114.654433
114.654433
114.654433
114.654433
114.654433
114.654433
114.654433
114.654433
114.654433
114.654433
114.654433
114.654433
114.654433
114.654433
114.654433
114.654433
114.654433
114.654433
114.654433
114.654433
114.654433
114.654433
114.654433
114.654433
114.654433
114.654433
114.654433
114.654433
114.654433
114.654433
114.654433
114.654433
114.654433
114.654433
114.654433
114.654433
114.654433
114.654433
114.654433
114.654433
114.654433
114.654433
114.654433
114.654433
114.654433
114.654433
114.654433
114.654433
114.654433
114.654433
114.654433
114.654433
114.654433
114.654433
114.654433
114.654433
114.654433
114.654433
114.654433
114.654433
114.654433
114.654433
114.654433
114.654433
114.654433
114.654433
114.654433
114.654433
114.654433
114.654433
114.654433
114.654433
114.654433
114.654433
114.654433
114.654433
114.654433
114.654433
114.654433
114.654433
114.654433
114.654433
114.654433
114.654433
114.654433
114.654433
114.654433
114.654433
114.654433
114.654433
114.654433
114.654433
114.654433
114.654433
114.654433
114.654433
114.654433
114.654433
114.654433
114.654433
114.654433
114.654433
114.654433
114.654433
114.654433
114.654433
114.654433
114.654433
114.654433
114.654433
114.654433
114.654433
114.654433
114.654433
114.654433
114.654433
114.654433
114.654433
114.654433
114.654433
114.654433
114.654433
114.654433
114.654433
114.654433
114.654433
114.654433
114.654433
114.654433
114.654433
114.654433
114.654433
114.654433
114.654433
114.654433
114.654433
114.654433
114.654433
114.654433
114.654433
114.654433
114.654433
114.654433
114.654433
114.654433
114.654433
114.654433
114.654433
114.654433
114.654433
114.654433
114.654433
114.654433
114.654433
114.654433
114.654433
114.654433
114.654433
114.654433
114.654433
114.654433
114.654433
114.654433
114.654433
114.654433
114.654433
114.654433
114.654433
114.654433
114.654433
114.654433
114.654433
114.654433
114.654433
114.654433
114.654433
114.654433
114.654433
114.654433
114.654433
114.654433
114.654433
114.654433
114.654433
114.654433
114.654433
114.654433
114.654433
114.654433
114.654433
114.654433
114.654433
114.654433
114.654433
114.654433
114.654433
114.654433
114.654433
114.654433
114.654433
114.654433
114.654433
114.654433
114.654433
114.654433
114.654433
114.654433
114.654433
114.654433
114.654433
114.654433
114.654433
114.654433
114.654433
114.654433
114.654433
114.654433
114.654433
114.654433
114.654433
114.654433
114.654433
114.654433
114.654433
114.654433
114.654433
114.654433
114.654433
114.654433
114.654433
114.654433
114.654433
114.654433
114.654433
114.654433
114.654433
114.654433
114.654433
114.654433
114.654433
114.654433
114.654433
114.654433
114.654433
114.654433
114.654433
114.654433
114.654433
114.654433
114.654433
114.654433
114.654433
114.654433
114.654433
114.654433
114.654433
114.654433
114.654433
114.654433
114.654433
114.654433
114.654433
114.654433
114.654433
114.654433
114.654433
114.654433
114.654433
114.654433
114.654433
114.654433
114.654433
114.654433
114.654433
114.654433
114.654433
114.654433
114.654433
114.654433
114.654433
114.654433
114.654433
114.654433
114.654433
114.654433
114.654433
114.654433
114.654433
114.654433
114.654433
114.654433
114.654433
114.654433
114.654433
114.654433
114.654433
114.654433
114.654433
114.654433
114.654433
114.654433
114.654433
114.654433
114.654433
114.654433
114.654433
114.654433
114.654433
114.654433
114.654433
114.654433
114.654433
114.654433
114.654433
114.654433
114.654433
114.654433
114.654433
114.654433
114.654433
114.654433
114.654433
114.654433
114.654433
114.654433
114.654433
114.654433
114.654433
114.654433
114.654433
114.654433
114.654433
114.654433
114.654433
114.654433
114.654433
114.654433
114.654433
114.654433
114.654433
114.654433
114.654433
114.654433
114.654433
114.654433
114.654433
114.654433
114.654433
114.654433
114.654433
114.654433
114.654433
114.654433
114.654433
114.654433
114.654433
114.654433
114.654433
114.654433
114.654433
114.654433
114.654433
114.654433
114.654433
114.654433
114.654433
114.654433
114.654433
114.654433
114.654433
114.654433
114.654433
114.654433
114.654433
114.654433
114.654433
114.654433
114.654433
114.654433
114.654433
114.654433
114.654433
114.654433
114.654433
114.654433
114.654433
114.654433
114.654433
114.654433
114.654433
114.654433
114.654433
114.654433
114.654433
114.654433
114.654433
114.654433
114.654433
114.654433
114.654433
114.654433
114.654433
114.654433
114.654433
114.654433
114.654433
114.654433
114.654433
114.654433
114.654433
114.654433
114.654433
114.654433
114.654433
114.654433
114.654433
114.654433
114.654433
114.654433
114.654433
114.654433
114.654433
114.654433
114.654433
114.654433
114.654433
114.654433
114.654433
114.654433
114.654433
114.654433
114.654433
114.654433
114.654433
114.654433
114.654433
114.654433
114.654433
114.654433
114.654433
114.654433
114.654433
114.654433
114.654433
114.654433
114.654433
114.654433
114.654433
114.654433
114.654433
114.654433
114.654433
114.654433
114.654433
114.654433
114.654433
114.654433
114.654433
114.654433
114.654433
114.654433
114.654433
114.654433
114.654433
114.654433
114.654433
114.654433
114.654433
114.654433
114.654433
114.654433
114.654433
114.654433
114.654433
114.654433
114.654433
114.654433
114.654433
114.654433
114.654433
114.654433
114.654433
114.654433
114.654433
114.654433
114.654433
114.654433
114.654433
114.654433
114.654433
114.654433
114.654433
114.654433
114.654433
114.654433
114.654433
114.654433
114.654433
114.654433
114.654433
114.654433
114.654433
114.654433
114.654433
114.654433
114.654433
114.654433
114.654433
114.654433
114.654433
114.654433
114.654433
114.654433
114.654433
114.654433
114.654433
114.654433
114.654433
114.654433
114.654433
114.654433
114.654433
114.654433
114.654433
114.654433
114.654433
114.654433
114.654433
114.654433
114.654433
114.654433
114.654433
114.654433
114.654433
114.654433
114.654433
114.654433
114.654433
114.654433
114.654433
114.654433
114.654433
114.654433
114.654433
114.654433
114.654433
114.654433
114.654433
114.654433
114.654433
114.654433
114.654433
114.654433
114.654433
114.654433
114.654433
114.654433
114.654433
114.654433
114.654433
114.654433
114.654433
114.654433
114.654433
114.654433
114.654433
114.654433
114.654433
114.654433
114.654433
114.654433
114.654433
114.654433
114.654433
114.654433
114.654433
114.654433
114.654433
114.654433
114.654433
114.654433
114.654433
114.654433
114.654433
114.654433
114.654433
114.654433
114.654433
114.654433
114.654433
114.654433
114.654433
114.654433
114.654433
114.654433
114.654433
114.654433
114.654433
114.654433
114.654433
114.654433
114.654433
114.654433
114.654433
114.654433
114.654433
114.654433
114.654433
114.654433
114.654433
114.654433
114.654433
114.654433
114.654433
114.654433
114.654433
114.654433
114.654433
114.654433
114.654433
114.654433
114.654433
114.654433
114.654433
114.654433
114.654433
114.654433
114.654433
114.654433
114.654433
114.654433
114.654433
114.654433
114.654433
114.654433
114.654433
114.654433
114.654433
114.654433
114.654433
114.654433
114.654433
114.654433
114.654433
114.654433
114.654433
114.654433
114.654433
114.654433
114.654433
114.654433
114.654433
114.654433
114.654433
114.654433
114.654433
114.654433
114.654433
114.654433
114.654433
114.654433
114.654433
114.654433
114.654433
114.654433
114.654433
114.654433
114.654433
114.654433
114.654433
114.654433
114.654433
114.654433
114.654433
114.654433
114.654433
114.654433
114.654433
114.654433
114.654433
114.654433
114.654433
114.654433
114.654433
114.654433
114.654433
114.654433
114.654433
114.654433
114.654433
114.654433
114.654433
114.654433
114.654433
114.654433
114.654433
114.654433
114.654433
114.654433
114.654433
114.654433
114.654433
114.654433
114.654433
114.654433
114.654433
114.654433
114.654433
114.654433
114.654433
114.654433
114.654433
114.654433
114.654433
114.654433
114.654433
114.654433
114.654433
114.654433
114.654433
114.654433
114.654433
114.654433
114.654433
114.654433
114.654433
114.654433
114.654433
114.654433
114.654433
114.654433
114.654433
114.654433
114.654433
114.654433
114.654433
114.654433
114.654433
114.654433
114.654433
114.654433
114.654433
114.654433
114.654433
114.654433
114.654433
114.654433
114.654433
114.654433
114.654433
114.654433
114.654433
114.654433
114.654433
114.654433
114.654433
114.654433
114.654433
114.654433
114.654433
114.654433
114.654433
114.654433
114.654433
114.654433
114.654433
114.654433
114.654433
114.654433
114.654433
114.654433
114.654433
114.654433
114.654433
114.654433
114.654433
114.654433
114.654433
114.654433
114.654433
114.654433
114.654433
114.654433
114.654433
114.654433
114.654433
114.654433
114.654433
114.654433
114.654433
114.654433
114.654433
114.654433
114.654433
114.654433
114.654433
114.654433
114.654433
114.654433
114.654433
114.654433
114.654433
114.654433
114.654433
114.654433
114.654433
114.654433
114.654433
114.654433
114.654433
114.654433
114.654433
114.654433
114.654433
114.654433
114.654433
114.654433
114.654433
114.654433
114.654433
114.654433
114.654433
114.654433
114.654433
114.654433
114.654433
114.654433
114.654433
114.654433
114.654433
114.654433
114.654433
114.654433
114.654433
114.654433
114.654433
114.654433
114.654433
114.654433
114.654433
114.654433
114.654433
114.654433
114.654433
114.654433
114.654433
114.654433
114.654433
114.654433
114.654433
114.654433
114.654433
114.654433
114.654433
114.654433
114.654433
114.654433
114.654433
114.654433
114.654433
114.654433
114.654433
114.654433
114.654433
114.654433
114.654433
114.654433
114.654433
114.654433
114.654433
114.654433
114.654433
114.654433
114.654433
114.654433
114.654433
114.654433
114.654433
114.654433
114.654433
114.654433
114.654433
114.654433
114.654433
114.654433
114.654433
114.654433
114.654433
114.654433
114.654433
114.654433
114.654433
114.654433
114.654433
114.654433
114.654433
114.654433
114.654433
114.654433
114.654433
114.654433
114.654433
114.654433
114.654433
114.654433
114.654433
114.654433
114.654433
114.654433
114.654433
114.654433
114.654433
114.654433
114.654433
114.654433
114.654433
114.654433
114.654433
114.654433
114.654433
114.654433
114.654433
114.654433
114.654433
114.654433
114.654433
114.654433
114.654433
114.654433
114.654433
114.654433
114.654433
114.654433
114.654433
114.654433
114.654433
114.654433
114.654433
114.654433
114.654433
114.654433
114.654433
114.654433
114.654433
114.654433
114.654433
114.654433
114.654433
114.654433
114.654433
114.654433
114.654433
114.654433
114.654433
114.654433
114.654433
114.654433
114.654433
114.654433
114.654433
114.654433
114.654433
114.654433
114.654433
114.654433
114.654433
114.654433
114.654433
114.654433
114.654433
114.654433
114.654433
114.654433
114.654433
114.654433
114.654433
114.654433
114.654433
114.654433
114.654433
114.654433
114.654433
114.654433
114.654433
114.654433
114.654433
114.654433
114.654433
114.654433
114.654433
114.654433
114.654433
114.654433
114.654433
114.654433
114.654433
114.654433
114.654433
114.654433
114.654433
114.654433
114.654433
114.654433
114.654433
114.654433
114.654433
114.654433
114.654433
114.654433
114.654433
114.654433
114.654433
114.654433
114.654433
114.654433
114.654433
114.654433
114.654433
114.654433
114.654433
114.654433
114.654433
114.654433
114.654433
114.654433
114.654433
114.654433
114.654433
114.654433
114.654433
114.654433
114.654433
114.654433
114.654433
114.654433
114.654433
114.654433
114.654433
114.654433
114.654433
114.654433
114.654433
114.654433
114.654433
114.654433
114.654433
114.654433
114.654433
114.654433
114.654433
114.654433
114.654433
114.654433
114.654433
114.654433
114.654433
114.654433
114.654433
114.654433
114.654433
114.654433
114.654433
114.654433
114.654433
114.654433
114.654433
114.654433
114.654433
114.654433
114.654433
114.654433
114.654433
114.654433
114.654433
114.654433
114.654433
114.654433
114.654433
114.654433
114.654433
114.654433
114.654433
114.654433
114.654433
114.654433
114.654433
114.654433
114.654433
114.654433
114.654433
114.654433
114.654433
114.654433
114.654433
114.654433
114.654433
114.654433
114.654433
114.654433
114.654433
114.654433
114.654433
114.654433
114.654433
114.654433
114.654433
114.654433
114.654433
114.654433
114.654433
114.654433
114.654433
114.654433
114.654433
114.654433
114.654433
114.654433
114.654433
114.654433
114.654433
114.654433
114.654433
114.654433
114.654433
114.654433
114.654433
114.654433
114.654433
114.654433
114.654433
114.654433
114.654433
114.654433
114.654433
114.654433
114.654433
114.654433
114.654433
114.654433
114.654433
114.654433
114.654433
114.654433
114.654433
114.654433
114.654433
114.654433
114.654433
114.654433
114.654433
114.654433
114.654433
114.654433
114.654433
114.654433
114.654433
114.654433
114.654433
114.654433
114.654433
114.654433
114.654433
114.654433
114.654433
114.654433
114.654433
114.654433
114.654433
114.654433
114.654433
114.654433
114.654433
114.654433
114.654433
114.654433
114.654433
114.654433
114.654433
114.654433
114.654433
114.654433
114.654433
114.654433
114.654433
114.654433
114.654433
114.654433
114.654433
114.654433
114.654433
114.654433
114.654433
114.654433
114.654433
114.654433
114.654433
114.654433
114.654433
114.654433
114.654433
114.654433
114.654433
114.654433
114.654433
114.654433
114.654433
114.654433
114.654433
114.654433
114.654433
114.654433
114.654433
114.654433
114.654433
114.654433
114.654433
114.654433
114.654433
114.654433
114.654433
114.654433
114.654433
114.654433
114.654433
114.654433
114.654433
114.654433
114.654433
114.654433
114.654433
114.654433
114.654433
114.654433
114.654433
114.654433
114.654433
114.654433
114.654433
114.654433
114.654433
114.654433
114.654433
114.654433
114.654433
114.654433
114.654433
114.654433
114.654433
114.654433
114.654433
114.654433
114.654433
114.654433
114.654433
114.654433
114.654433
114.654433
114.654433
114.654433
114.654433
114.654433
114.654433
114.654433
114.654433
114.654433
114.654433
114.654433
114.654433
114.654433
114.654433
114.654433
114.654433
114.654433
114.654433
114.654433
114.654433
114.654433
114.654433
114.654433
114.654433
114.654433
114.654433
114.654433
114.654433
114.654433
114.654433
114.654433
114.654433
114.654433
114.654433
114.654433
114.654433
114.654433
114.654433
114.654433
114.654433
114.654433
114.654433
114.654433
114.654433
114.654433
114.654433
114.654433
114.654433
114.654433
114.654433
114.654433
114.654433
114.654433
114.654433
114.654433
114.654433
114.654433
114.654433
114.654433
114.654433
114.654433
114.654433
114.654433
114.654433
114.654433
114.654433
114.654433
114.654433
114.654433
114.654433
114.654433
114.654433
114.654433
114.654433
114.654433
114.654433
114.654433
114.654433
114.654433
114.654433
114.654433
114.654433
114.654433
114.654433
114.654433
114.654433
114.654433
114.654433
114.654433
114.654433
114.654433
114.654433
114.654433
114.654433
114.654433
114.654433
114.654433
114.654433
114.654433
114.654433
114.654433
114.654433
114.654433
114.654433
114.654433
114.654433
114.654433
114.654433
114.654433
114.654433
114.654433
114.654433
114.654433
114.654433
114.654433
114.654433
114.654433
114.654433
114.654433
114.654433
114.654433
114.654433
114.654433
114.654433
114.654433
114.654433
114.654433
114.654433
114.654433
114.654433
114.654433
114.654433
114.654433
114.654433
114.654433
114.654433
114.654433
114.654433
114.654433
114.654433
114.654433
114.654433
114.654433
114.654433
114.654433
114.654433
114.654433
114.654433
114.654433
114.654433
114.654433
114.654433
114.654433
114.654433
114.654433
114.654433
114.654433
114.654433
114.654433
114.654433
114.654433
114.654433
114.654433
114.654433
114.654433
114.654433
114.654433
114.654433
114.654433
114.654433
114.654433
114.654433
114.654433
114.654433
114.654433
114.654433
114.654433
114.654433
114.654433
114.654433
114.654433
114.654433
114.654433
114.654433
114.654433
114.654433
114.654433
114.654433
114.654433
114.654433
114.654433
114.654433
114.654433
114.654433
114.654433
114.654433
114.654433
114.654433
114.654433
114.654433
114.654433
114.654433
114.654433
114.654433
114.654433
114.654433
114.654433
114.654433
114.654433
114.654433
114.654433
114.654433
114.654433
114.654433
114.654433
114.654433
114.654433
114.654433
114.654433
114.654433
114.654433
114.654433
114.654433
114.654433
114.654433
114.654433
114.654433
114.654433
114.654433
114.654433
114.654433
114.654433
114.654433
114.654433
114.654433
114.654433
114.654433
114.654433
114.654433
114.654433
114.654433
114.654433
114.654433
114.654433
114.654433
114.654433
114.654433
114.654433
114.654433
114.654433
114.654433
114.654433
114.654433
114.654433
114.654433
114.654433
114.654433
114.654433
114.654433
114.654433
114.654433
114.654433
114.654433
114.654433
114.654433
114.654433
114.654433
114.654433
114.654433
114.654433
114.654433
114.654433
114.654433
114.654433
114.654433
114.654433
114.654433
114.654433
114.654433
114.654433
114.654433
114.654433
114.654433
114.654433
114.654433
114.654433
114.654433
114.654433
114.654433
114.654433
114.654433
114.654433
114.654433
114.654433
114.654433
114.654433
114.654433
114.654433
114.654433
114.654433
114.654433
114.654433
114.654433
114.654433
114.654433
114.654433
114.654433
114.654433
114.654433
114.654433
114.654433
114.654433
114.654433
114.654433
114.654433
114.654433
114.654433
114.654433
114.654433
114.654433
114.654433
114.654433
114.654433
114.654433
114.654433
114.654433
114.654433
114.654433
114.654433
114.654433
114.654433
114.654433
114.654433
114.654433
114.654433
114.654433
114.654433
114.654433
114.654433
114.654433
114.654433
114.654433
114.654433
114.654433
114.654433
114.654433
114.654433
114.654433
114.654433
114.654433
114.654433
114.654433
114.654433
114.654433
114.654433
114.654433
114.654433
114.654433
114.654433
114.654433
114.654433
114.654433
114.654433
114.654433
114.654433
114.654433
114.654433
114.654433
114.654433
114.654433
114.654433
114.654433
114.654433
114.654433
114.654433
114.654433
114.654433
114.654433
114.654433
114.654433
114.654433
114.654433
114.654433
114.654433
114.654433
114.654433
114.654433
114.654433
114.654433
114.654433
114.654433
114.654433
114.654433
114.654433
114.654433
114.654433
114.654433
114.654433
114.654433
114.654433
114.654433
114.654433
114.654433
114.654433
114.654433
114.654433
114.654433
114.654433
114.654433
114.654433
114.654433
114.654433
114.654433
114.654433
114.654433
114.654433
114.654433
114.654433
114.654433
114.654433
114.654433
114.654433
114.654433
114.654433
114.654433
114.654433
114.654433
114.654433
114.654433
114.654433
114.654433
114.654433
114.654433
114.654433
114.654433
114.654433
114.654433
114.654433
114.654433
114.654433
114.654433
114.654433
114.654433
114.654433
114.654433
114.654433
114.654433
114.654433
114.654433
114.654433
114.654433
114.654433
114.654433
114.654433
114.654433
114.654433
114.654433
114.654433
114.654433
114.654433
114.654433
114.654433
114.654433
114.654433
114.654433
114.654433
114.654433
114.654433
114.654433
114.654433
114.654433
114.654433
114.654433
114.654433
114.654433
114.654433
114.654433
114.654433
114.654433
114.654433
114.654433
114.654433
114.654433
114.654433
114.654433
114.654433
114.654433
114.654433
114.654433
114.654433
114.654433
114.654433
114.654433
114.654433
114.654433
114.654433
114.654433
114.654433
114.654433
114.654433
114.654433
114.654433
114.654433
114.654433
114.654433
114.654433
114.654433
114.654433
114.654433
114.654433
114.654433
114.654433
114.654433
114.654433
114.654433
114.654433
114.654433
114.654433
114.654433
114.654433
114.654433
114.654433
114.654433
114.654433
114.654433
114.654433
114.654433
114.654433
114.654433
114.654433
114.654433
114.654433
114.654433
114.654433
114.654433
114.654433
114.654433
114.654433
114.654433
114.654433
114.654433
114.654433
114.654433
114.654433
114.654433
114.654433
114.654433
114.654433
114.654433
114.654433
114.654433
114.654433
114.654433
114.654433
114.654433
114.654433
114.654433
114.654433
114.654433
114.654433
114.654433
114.654433
114.654433
114.654433
114.654433
114.654433
114.654433
114.654433
114.654433
114.654433
114.654433
114.654433
114.654433
114.654433
114.654433
114.654433
114.654433
114.654433
114.654433
114.654433
114.654433
114.654433
114.654433
114.654433
114.654433
114.654433
114.654433
114.654433
114.654433
114.654433
114.654433
114.654433
114.654433
114.654433
114.654433
114.654433
114.654433
114.654433
114.654433
114.654433
114.654433
114.654433
114.654433
114.654433
114.654433
114.654433
114.654433
114.654433
114.654433
114.654433
114.654433
114.654433
114.654433
114.654433
114.654433
114.654433
114.654433
114.654433
114.654433
114.654433
114.654433
114.654433
114.654433
114.654433
114.654433
114.654433
114.654433
114.654433
114.654433
114.654433
114.654433
114.654433
114.654433
114.654433
114.654433
114.654433
114.654433
114.654433
114.654433
114.654433
114.654433
114.654433
114.654433
114.654433
114.654433
114.654433
114.654433
114.654433
114.654433
114.654433
114.654433
114.654433
114.654433
114.654433
114.654433
114.654433
114.654433
114.654433
114.654433
114.654433
114.654433
114.654433
114.654433
114.654433
114.654433
114.654433
114.654433
114.654433
114.654433
114.654433
114.654433
114.654433
114.654433
114.654433
114.654433
114.654433
114.654433
114.654433
114.654433
114.654433
114.654433
114.654433
114.654433
114.654433
114.654433
114.654433
114.654433
114.654433
114.654433
114.654433
114.654433
114.654433
114.654433
114.654433
114.654433
114.654433
114.654433
114.654433
114.654433
114.654433
114.654433
114.654433
114.654433
114.654433
114.654433
114.654433
114.654433
114.654433
114.654433
114.654433
114.654433
114.654433
114.654433
114.654433
114.654433
114.654433
114.654433
114.654433
114.654433
114.654433
114.654433
114.654433
114.654433
114.654433
114.654433
114.654433
114.654433
114.654433
114.654433
114.654433
114.654433
114.654433
114.654433
114.654433
114.654433
114.654433
114.654433
114.654433
114.654433
114.654433
114.654433
114.654433
114.654433
114.654433
114.654433
114.654433
114.654433
114.654433
114.654433
114.654433
114.654433
114.654433
114.654433
114.654433
114.654433
114.654433
114.654433
114.654433
114.654433
114.654433
114.654433
114.654433
114.654433
114.654433
114.654433
114.654433
114.654433
114.654433
114.654433
114.654433
114.654433
114.654433
114.654433
114.654433
114.654433
114.654433
114.654433
114.654433
114.654433
114.654433
114.654433
114.654433
114.654433
114.654433
114.654433
114.654433
114.654433
114.654433
114.654433
114.654433
114.654433
114.654433
114.654433
114.654433
114.654433
114.654433
114.654433
114.654433
114.654433
114.654433
114.654433
114.654433
114.654433
114.654433
114.654433
114.654433
114.654433
114.654433
114.654433
114.654433
114.654433
114.654433
114.654433
114.654433
114.654433
114.654433
114.654433
114.654433
114.654433
114.654433
114.654433
114.654433
114.654433
114.654433
114.654433
114.654433
114.654433
114.654433
114.654433
114.654433
114.654433
114.654433
114.654433
114.654433
114.654433
114.654433
114.654433
114.654433
114.654433
114.654433
114.654433
114.654433
114.654433
114.654433
114.654433
114.654433
114.654433
114.654433
114.654433
114.654433
114.654433
114.654433
114.654433
114.654433
114.654433
114.654433
114.654433
114.654433
114.654433
114.654433
114.654433
114.654433
114.654433
114.654433
114.654433
114.654433
114.654433
114.654433
114.654433
114.654433
114.654433
114.654433
114.654433
114.654433
114.654433
114.654433
114.654433
114.654433
114.654433
114.654433
114.654433
114.654433
114.654433
114.654433
114.654433
114.654433
114.654433
114.654433
114.654433
114.654433
114.654433
114.654433
114.654433
114.654433
114.654433
114.654433
114.654433
114.654433
114.654433
114.654433
114.654433
114.654433
114.654433
114.654433
114.654433
114.654433
114.654433
114.654433
114.654433
114.654433
114.654433
114.654433
114.654433
114.654433
114.654433
114.654433
114.654433
114.654433
114.654433
114.654433
114.654433
114.654433
114.654433
114.654433
114.654433
114.654433
114.654433
114.654433
114.654433
114.654433
114.654433
114.654433
114.654433
114.654433
114.654433
114.654433
114.654433
114.654433
114.654433
114.654433
114.654433
114.654433
114.654433
114.654433
114.654433
114.654433
114.654433
114.654433
114.654433
114.654433
114.654433
114.654433
114.654433
114.654433
114.654433
114.654433
114.654433
114.654433
114.654433
114.654433
114.654433
114.654433
114.654433
114.654433
114.654433
114.654433
114.654433
114.654433
114.654433
114.654433
114.654433
114.654433
114.654433
114.654433
114.654433
114.654433
114.654433
114.654433
114.654433
114.654433
114.654433
114.654433
114.654433
114.654433
114.654433
114.654433
114.654433
114.654433
114.654433
114.654433
114.654433
114.654433
114.654433
114.654433
114.654433
114.654433
114.654433
114.654433
114.654433
114.654433
114.654433
114.654433
114.654433
114.654433
114.654433
114.654433
114.654433
114.654433
114.654433
114.654433
114.654433
114.654433
114.654433
114.654433
114.654433
114.654433
114.654433
114.654433
114.654433
114.654433
114.654433
114.654433
114.654433
114.654433
114.654433
114.654433
114.654433
114.654433
114.654433
114.654433
114.654433
114.654433
114.654433
114.654433
114.654433
114.654433
114.654433
114.654433
114.654433
114.654433
114.654433
114.654433
114.654433
114.654433
114.654433
114.654433
114.654433
114.654433
114.654433
114.654433
114.654433
114.654433
114.654433
114.654433
114.654433
114.654433
114.654433
114.654433
114.654433
114.654433
114.654433
114.654433
114.654433
114.654433
114.654433
114.654433
114.654433
114.654433
114.654433
114.654433
114.654433
114.654433
114.654433
114.654433
114.654433
114.654433
114.654433
114.654433
114.654433
114.654433
114.654433
114.654433
114.654433
114.654433
114.654433
114.654433
114.654433
114.654433
114.654433
114.654433
114.654433
114.654433
114.654433
114.654433
114.654433
114.654433
114.654433
114.654433
114.654433
114.654433
114.654433
114.654433
114.654433
114.654433
114.654433
114.654433
114.654433
114.654433
114.654433
114.654433
114.654433
114.654433
114.654433
114.654433
114.654433
114.654433
114.654433
114.654433
114.654433
114.654433
114.654433
114.654433
114.654433
114.654433
114.654433
114.654433
114.654433
114.654433
114.654433
114.654433
114.654433
114.654433
114.654433
114.654433
114.654433
114.654433
114.654433
114.654433
114.654433
114.654433
114.654433
114.654433
114.654433
114.654433
114.654433
114.654433
114.654433
114.654433
114.654433
114.654433
114.654433
114.654433
114.654433
114.654433
114.654433
114.654433
114.654433
114.654433
114.654433
114.654433
114.654433
114.654433
114.654433
114.654433
114.654433
114.654433
114.654433
114.654433
114.654433
114.654433
114.654433
114.654433
114.654433
114.654433
114.654433
114.654433
114.654433
114.654433
114.654433
114.654433
114.654433
114.654433
114.654433
114.654433
114.654433
114.654433
114.654433
114.654433
114.654433
114.654433
114.654433
114.654433
114.654433
114.654433
114.654433
114.654433
114.654433
114.654433
114.654433
114.654433
114.654433
114.654433
114.654433
114.654433
114.654433
114.654433
114.654433
114.654433
114.654433
114.654433
114.654433
114.654433
114.654433
114.654433
114.654433
114.654433
114.654433
114.654433
114.654433
114.654433
114.654433
114.654433
114.654433
114.654433
114.654433
114.654433
114.654433
114.654433
114.654433
114.654433
114.654433
114.654433
114.654433
114.654433
114.654433
114.654433
114.654433
114.654433
114.654433
114.654433
114.654433
114.654433
114.654433
114.654433
114.654433
114.654433
114.654433
114.654433
114.654433
114.654433
114.654433
114.654433
114.654433
114.654433
114.654433
114.654433
114.654433
114.654433
114.654433
114.654433
114.654433
114.654433
114.654433
114.654433
114.654433
114.654433
114.654433
114.654433
114.654433
114.654433
114.654433
114.654433
114.654433
114.654433
114.654433
114.654433
114.654433
114.654433
114.654433
114.654433
114.654433
114.654433
114.654433
114.654433
114.654433
114.654433
114.654433
114.654433
114.654433
114.654433
114.654433
114.654433
114.654433
114.654433
114.654433
114.654433
114.654433
114.654433
114.654433
114.654433
114.654433
114.654433
114.654433
114.654433
114.654433
114.654433
114.654433
114.654433
114.654433
114.654433
114.654433
114.654433
114.654433
114.654433
114.654433
114.654433
114.654433
114.654433
114.654433
114.654433
114.654433
114.654433
114.654433
114.654433
114.654433
114.654433
114.654433
114.654433
114.654433
114.654433
114.654433
114.654433
114.654433
114.654433
114.654433
114.654433
114.654433
114.654433
114.654433
114.654433
114.654433
114.654433
114.654433
114.654433
114.654433
114.654433
114.654433
114.654433
114.654433
114.654433
114.654433
114.654433
114.654433
114.654433
114.654433
114.654433
114.654433
114.654433
114.654433
114.654433
114.654433
114.654433
114.654433
114.654433
114.654433
114.654433
114.654433
114.654433
114.654433
114.654433
114.654433
114.654433
114.654433
114.654433
114.654433
114.654433
114.654433
114.654433
114.654433
114.654433
114.654433
114.654433
114.654433
114.654433
114.654433
114.654433
114.654433
114.654433
114.654433
114.654433
114.654433
114.654433
114.654433
114.654433
114.654433
114.654433
114.654433
114.654433
114.654433
114.654433
114.654433
114.654433
114.654433
114.654433
114.654433
114.654433
114.654433
114.654433
114.654433
114.654433
114.654433
114.654433
114.654433
114.654433
114.654433
114.654433
114.654433
114.654433
114.654433
114.654433
114.654433
114.654433
114.654433
114.654433
114.654433
114.654433
114.654433
114.654433
114.654433
114.654433
114.654433
114.654433
114.654433
114.654433
114.654433
114.654433
114.654433
114.654433
114.654433
114.654433
114.654433
114.654433
114.654433
114.654433
114.654433
114.654433
114.654433
114.654433
114.654433
114.654433
114.654433
114.654433
114.654433
114.654433
114.654433
114.654433
114.654433
114.654433
114.654433
114.654433
114.654433
114.654433
114.654433
114.654433
114.654433
114.654433
114.654433
114.654433
114.654433
114.654433
114.654433
114.654433
114.654433
114.654433
114.654433
114.654433
114.654433
114.654433
114.654433
114.654433
114.654433
114.654433
114.654433
114.654433
114.654433
114.654433
114.654433
114.654433
114.654433
114.654433
114.654433
114.654433
114.654433
114.654433
114.654433
114.654433
114.654433
114.654433
114.654433
114.654433
114.654433
114.654433
114.654433
114.654433
114.654433
114.654433
114.654433
114.654433
114.654433
114.654433
114.654433
114.654433
114.654433
114.654433
114.654433
114.654433
114.654433
114.654433
114.654433
114.654433
114.654433
114.654433
114.654433
114.654433
114.654433
114.654433
114.654433
114.654433
114.654433
114.654433
114.654433
114.654433
114.654433
114.654433
114.654433
114.654433
114.654433
114.654433
114.654433
114.654433
114.654433
114.654433
114.654433
114.654433
114.654433
114.654433
114.654433
114.654433
114.654433
114.654433
114.654433
114.654433
114.654433
114.654433
114.654433
114.654433
114.654433
114.654433
114.654433
114.654433
114.654433
114.654433
114.654433
114.654433
114.654433
114.654433
114.654433
114.654433
114.654433
114.654433
114.654433
114.654433
114.654433
114.654433
114.654433
114.654433
114.654433
114.654433
114.654433
114.654433
114.654433
114.654433
114.654433
114.654433
114.654433
114.654433
114.654433
114.654433
114.654433
114.654433
114.654433
114.654433
114.654433
114.654433
114.654433
114.654433
114.654433
114.654433
114.654433
114.654433
114.654433
114.654433
114.654433
114.654433
114.654433
114.654433
114.654433
114.654433
114.654433
114.654433
114.654433
114.654433
114.654433
114.654433
114.654433
114.654433
114.654433
114.654433
114.654433
114.654433
114.654433
114.654433
114.654433
114.654433
114.654433
114.654433
114.654433
114.654433
114.654433
114.654433
114.654433
114.654433
114.654433
114.654433
114.654433
114.654433
114.654433
114.654433
114.654433
114.654433
114.654433
114.654433
114.654433
114.654433
114.654433
114.654433
114.654433
114.654433
114.654433
114.654433
114.654433
114.654433
114.654433
114.654433
114.654433
114.654433
114.654433
114.654433
114.654433
114.654433
114.654433
114.654433
114.654433
114.654433
114.654433
114.654433
114.654433
114.654433
114.654433
114.654433
114.654433
114.654433
114.654433
114.654433
114.654433
114.654433
114.654433
114.654433
114.654433
114.654433
114.654433
114.654433
114.654433
114.654433
114.654433
114.654433
114.654433
114.654433
114.654433
114.654433
114.654433
114.654433
114.654433
114.654433
114.654433
114.654433
114.654433
114.654433
114.654433
114.654433
114.654433
114.654433
114.654433
114.654433
114.654433
114.654433
114.654433
114.654433
114.654433
114.654433
114.654433
114.654433
114.654433
114.654433
114.654433
114.654433
114.654433
114.654433
114.654433
114.654433
114.654433
114.654433
114.654433
114.654433
114.654433
114.654433
114.654433
114.654433
114.654433
114.654433
114.654433
114.654433
114.654433
114.654433
114.654433
114.654433
114.654433
114.654433
114.654433
114.654433
114.654433
114.654433
114.654433
114.654433
114.654433
114.654433
114.654433
114.654433
114.654433
114.654433
114.654433
114.654433
114.654433
114.654433
114.654433
114.654433
114.654433
114.654433
114.654433
114.654433
114.654433
114.654433
114.654433
114.654433
114.654433
114.654433
114.654433
114.654433
114.654433
114.654433
114.654433
114.654433
114.654433
114.654433
114.654433
114.654433
114.654433
114.654433
114.654433
114.654433
114.654433
114.654433
114.654433
114.654433
114.654433
114.654433
114.654433
114.654433
114.654433
114.654433
114.654433
114.654433
114.654433
114.654433
114.654433
114.654433
114.654433
114.654433
114.654433
114.654433
114.654433
114.654433
114.654433
114.654433
114.654433
114.654433
114.654433
114.654433
114.654433
114.654433
114.654433
114.654433
114.654433
114.654433
114.654433
114.654433
114.654433
114.654433
114.654433
114.654433
114.654433
114.654433
114.654433
114.654433
114.654433
114.654433
114.654433
114.654433
114.654433
114.654433
114.654433
114.654433
114.654433
114.654433
114.654433
114.654433
114.654433
114.654433
114.654433
114.654433
114.654433
114.654433
114.654433
114.654433
114.654433
114.654433
114.654433
114.654433
114.654433
114.654433
114.654433
114.654433
114.654433
114.654433
114.654433
114.654433
114.654433
114.654433
114.654433
114.654433
114.654433
114.654433
114.654433
114.654433
114.654433
114.654433
114.654433
114.654433
114.654433
114.654433
114.654433
114.654433
114.654433
114.654433
114.654433
114.654433
114.654433
114.654433
114.654433
114.654433
114.654433
114.654433
114.654433
114.654433
114.654433
114.654433
114.654433
114.654433
114.654433
114.654433
114.654433
114.654433
114.654433
114.654433
114.654433
114.654433
114.654433
114.654433
114.654433
114.654433
114.654433
114.654433
114.654433
114.654433
114.654433
114.654433
114.654433
114.654433
114.654433
114.654433
114.654433
114.654433
114.654433
114.654433
114.654433
114.654433
114.654433
114.654433
114.654433
114.654433
114.654433
114.654433
114.654433
114.654433
114.654433
114.654433
114.654433
114.654433
114.654433
114.654433
114.654433
114.654433
114.654433
114.654433
114.654433
114.654433
114.654433
114.654433
114.654433
114.654433
114.654433
114.654433
114.654433
114.654433
114.654433
114.654433
114.654433
114.654433
114.654433
114.654433
114.654433
114.654433
114.654433
114.654433
114.654433
114.654433
114.654433
114.654433
114.654433
114.654433
114.654433
114.654433
114.654433
114.654433
114.654433
114.654433
114.654433
114.654433
114.654433
114.654433
114.654433
114.654433
114.654433
114.654433
114.654433
114.654433
114.654433
114.654433
114.654433
114.654433
114.654433
114.654433
114.654433
114.654433
114.654433
114.654433
114.654433
114.654433
114.654433
114.654433
114.654433
114.654433
114.654433
114.654433
114.654433
114.654433
114.654433
114.654433
114.654433
114.654433
114.654433
114.654433
114.654433
114.654433
114.654433
114.654433
114.654433
114.654433
114.654433
114.654433
114.654433
114.654433
114.654433
114.654433
114.654433
114.654433
114.654433
114.654433
114.654433
114.654433
114.654433
114.654433
114.654433
114.654433
114.654433
114.654433
114.654433
114.654433
114.654433
114.654433
114.654433
114.654433
114.654433
114.654433
114.654433
114.654433
114.654433
114.654433
114.654433
114.654433
114.654433
114.654433
114.654433
114.654433
114.654433
114.654433
114.654433
114.654433
114.654433
114.654433
114.654433
114.654433
114.654433
114.654433
114.654433
114.654433
114.654433
114.654433
114.654433
114.654433
114.654433
114.654433
114.654433
114.654433
114.654433
114.654433
114.654433
114.654433
114.654433
114.654433
114.654433
114.654433
114.654433
114.654433
114.654433
114.654433
114.654433
114.654433
114.654433
114.654433
114.654433
114.654433
114.654433
114.654433
114.654433
114.654433
114.654433
114.654433
114.654433
114.654433
114.654433
114.654433
114.654433
114.654433
114.654433
114.654433
114.654433
114.654433
114.654433
114.654433
114.654433
114.654433
114.654433
114.654433
114.654433
114.654433
114.654433
114.654433
114.654433
114.654433
114.654433
114.654433
114.654433
114.654433
114.654433
114.654433
114.654433
114.654433
114.654433
114.654433
114.654433
114.654433
114.654433
114.654433
114.654433
114.654433
114.654433
114.654433
114.654433
114.654433
114.654433
114.654433
114.654433
114.654433
114.654433
114.654433
114.654433
114.654433
114.654433
114.654433
114.654433
114.654433
114.654433
114.654433
114.654433
114.654433
114.654433
114.654433
114.654433
114.654433
114.654433
114.654433
114.654433
114.654433
114.654433
114.654433
114.654433
114.654433
114.654433
114.654433
114.654433
114.654433
114.654433
114.654433
114.654433
114.654433
114.654433
114.654433
114.654433
114.654433
114.654433
114.654433
114.654433
114.654433
114.654433
114.654433
114.654433
114.654433
114.654433
114.654433
114.654433
114.654433
114.654433
114.654433
114.654433
114.654433
114.654433
114.654433
114.654433
114.654433
114.654433
114.654433
114.654433
114.654433
114.654433
114.654433
114.654433
114.654433
114.654433
114.654433
114.654433
114.654433
114.654433
114.654433
114.654433
114.654433
114.654433
114.654433
114.654433
114.654433
114.654433
114.654433
114.654433
114.654433
114.654433
114.654433
114.654433
114.654433
114.654433
114.654433
114.654433
114.654433
114.654433
114.654433
114.654433
114.654433
114.654433
114.654433
114.654433
114.654433
114.654433
114.654433
114.654433
114.654433
114.654433
114.654433
114.654433
114.654433
114.654433
114.654433
114.654433
114.654433
114.654433
114.654433
114.654433
114.654433
114.654433
114.654433
114.654433
114.654433
114.654433
114.654433
114.654433
114.654433
114.654433
114.654433
114.654433
114.654433
114.654433
114.654433
114.654433
114.654433
114.654433
114.654433
114.654433
114.654433
114.654433
114.654433
114.654433
114.654433
114.654433
114.654433
114.654433
114.654433
114.654433
114.654433
114.654433
114.654433
114.654433
114.654433
114.654433
114.654433
114.654433
114.654433
114.654433
114.654433
114.654433
114.654433
114.654433
114.654433
114.654433
114.654433
114.654433
114.654433
114.654433
114.654433
114.654433
114.654433
114.654433
114.654433
114.654433
114.654433
114.654433
114.654433
114.654433
114.654433
114.654433
114.654433
114.654433
114.654433
114.654433
114.654433
114.654433
114.654433
114.654433
114.654433
114.654433
114.654433
114.654433
114.654433
114.654433
114.654433
114.654433
114.654433
114.654433
114.654433
114.654433
114.654433
114.654433
114.654433
114.654433
114.654433
114.654433
114.654433
114.654433
114.654433
114.654433
114.654433
114.654433
114.654433
114.654433
114.654433
114.654433
114.654433
114.654433
114.654433
114.654433
114.654433
114.654433
114.654433
114.654433
114.654433
114.654433
114.654433
114.654433
114.654433
114.654433
114.654433
114.654433
114.654433
114.654433
114.654433
114.654433
114.654433
114.654433
114.654433
114.654433
114.654433
114.654433
114.654433
114.654433
114.654433
114.654433
114.654433
114.654433
114.654433
114.654433
114.654433
114.654433
114.654433
114.654433
114.654433
114.654433
114.654433
114.654433
114.654433
114.654433
114.654433
114.654433
114.654433
114.654433
114.654433
114.654433
114.654433
114.654433
114.654433
114.654433
114.654433
114.654433
114.654433
114.654433
114.654433
114.654433
114.654433
114.654433
114.654433
114.654433
114.654433
114.654433
114.654433
114.654433
114.654433
114.654433
114.654433
114.654433
114.654433
114.654433
114.654433
114.654433
114.654433
114.654433
114.654433
114.654433
114.654433
114.654433
114.654433
114.654433
114.654433
114.654433
114.654433
114.654433
114.654433
114.654433
114.654433
114.654433
114.654433
114.654433
114.654433
114.654433
114.654433
114.654433
114.654433
114.654433
114.654433
114.654433
114.654433
114.654433
114.654433
114.654433
114.654433
114.654433
114.654433
114.654433
114.654433
114.654433
114.654433
114.654433
114.654433
114.654433
114.654433
114.654433
114.654433
114.654433
114.654433
114.654433
114.654433
114.654433
114.654433
114.654433
114.654433
114.654433
114.654433
114.654433
114.654433
114.654433
114.654433
114.654433
114.654433
114.654433
114.654433
114.654433
114.654433
114.654433
114.654433
114.654433
114.654433
114.654433
114.654433
114.654433
114.654433
114.654433
114.654433
114.654433
114.654433
114.654433
114.654433
114.654433
114.654433
114.654433
114.654433
114.654433
114.654433
114.654433
114.654433
114.654433
114.654433
114.654433
114.654433
114.654433
114.654433
114.654433
114.654433
114.654433
114.654433
114.654433
114.654433
114.654433
114.654433
114.654433
114.654433
114.654433
114.654433
114.654433
114.654433
114.654433
114.654433
114.654433
114.654433
114.654433
114.654433
114.654433
114.654433
114.654433
114.654433
114.654433
114.654433
114.654433
114.654433
114.654433
114.654433
114.654433
114.654433
114.654433
114.654433
114.654433
114.654433
114.654433
114.654433
114.654433
114.654433
114.654433
114.654433
114.654433
114.654433
114.654433
114.654433
114.654433
114.654433
114.654433
114.654433
114.654433
114.654433
114.654433
114.654433
114.654433
114.654433
114.654433
114.654433
114.654433
114.654433
114.654433
114.654433
114.654433
114.654433
114.654433
114.654433
114.654433
114.654433
114.654433
114.654433
114.654433
114.654433
114.654433
114.654433
114.654433
114.654433
114.654433
114.654433
114.654433
114.654433
114.654433
114.654433
114.654433
114.654433
114.654433
114.654433
114.654433
114.654433
114.654433
114.654433
114.654433
114.654433
114.654433
114.654433
114.654433
114.654433
114.654433
114.654433
114.654433
114.654433
114.654433
114.654433
114.654433
114.654433
114.654433
114.654433
114.654433
114.654433
114.654433
114.654433
114.654433
114.654433
114.654433
114.654433
114.654433
114.654433
114.654433
114.654433
114.654433
114.654433
114.654433
114.654433
114.654433
114.654433
114.654433
114.654433
114.654433
114.654433
114.654433
114.654433
114.654433
114.654433
114.654433
114.654433
114.654433
114.654433
114.654433
114.654433
114.654433
114.654433
114.654433
114.654433
114.654433
114.654433
114.654433
114.654433
114.654433
114.654433
114.654433
114.654433
114.654433
114.654433
114.654433
114.654433
114.654433
114.654433
114.654433
114.654433
114.654433
114.654433
114.654433
114.654433
114.654433
114.654433
114.654433
114.654433
114.654433
114.654433
114.654433
114.654433
114.654433
114.654433
114.654433
114.654433
114.654433
114.654433
114.654433
114.654433
114.654433
114.654433
114.654433
114.654433
114.654433
114.654433
114.654433
114.654433
114.654433
114.654433
114.654433
114.654433
114.654433
114.654433
114.654433
114.654433
114.654433
114.654433
114.654433
114.654433
114.654433
114.654433
114.654433
114.654433
114.654433
114.654433
114.654433
114.654433
114.654433
114.654433
114.654433
114.654433
114.654433
114.654433
114.654433
114.654433
114.654433
114.654433
114.654433
114.654433
114.654433
114.654433
114.654433
114.654433
114.654433
114.654433
114.654433
114.654433
114.654433
114.654433
114.654433
114.654433
114.654433
114.654433
114.654433
114.654433
114.654433
114.654433
114.654433
114.654433
114.654433
114.654433
114.654433
114.654433
114.654433
114.654433
114.654433
114.654433
114.654433
114.654433
114.654433
114.654433
114.654433
114.654433
114.654433
114.654433
114.654433
114.654433
114.654433
114.654433
114.654433
114.654433
114.654433
114.654433
114.654433
114.654433
114.654433
114.654433
114.654433
114.654433
114.654433
114.654433
114.654433
114.654433
114.654433
114.654433
114.654433
114.654433
114.654433
114.654433
114.654433
114.654433
114.654433
114.654433
114.654433
114.654433
114.654433
114.654433
114.654433
114.654433
114.654433
114.654433
114.654433
114.654433
114.654433
114.654433
114.654433
114.654433
114.654433
114.654433
114.654433
114.654433
114.654433
114.654433
114.654433
114.654433
114.654433
114.654433
114.654433
114.654433
114.654433
114.654433
114.654433
114.654433
114.654433
114.654433
114.654433
114.654433
114.654433
114.654433
114.654433
114.654433
114.654433
114.654433
114.654433
114.654433
114.654433
114.654433
114.654433
114.654433
114.654433
114.654433
114.654433
114.654433
114.654433
114.654433
114.654433
114.654433
114.654433
114.654433
114.654433
114.654433
114.654433
114.654433
114.654433
114.654433
114.654433
114.654433
114.654433
114.654433
114.654433
114.654433
114.654433
114.654433
114.654433
114.654433
114.654433
114.654433
114.654433
114.654433
114.654433
114.654433
114.654433
114.654433
114.654433
114.654433
114.654433
114.654433
114.654433
114.654433
114.654433
114.654433
114.654433
114.654433
114.654433
114.654433
114.654433
114.654433
114.654433
114.654433
114.654433
114.654433
114.654433
114.654433
114.654433
114.654433
114.654433
114.654433
114.654433
114.654433
114.654433
114.654433
114.654433
114.654433
114.654433
114.654433
114.654433
114.654433
114.654433
114.654433
114.654433
114.654433
114.654433
114.654433
114.654433
114.654433
114.654433
114.654433
114.654433
114.654433
114.654433
114.654433
114.654433
114.654433
114.654433
114.654433
114.654433
114.654433
114.654433
114.654433
114.654433
114.654433
114.654433
114.654433
114.654433
114.654433
114.654433
114.654433
114.654433
114.654433
114.654433
114.654433
114.654433
114.654433
114.654433
114.654433
114.654433
114.654433
114.654433
114.654433
114.654433
114.654433
114.654433
114.654433
114.654433
114.654433
114.654433
114.654433
114.654433
114.654433
114.654433
114.654433
114.654433
114.654433
114.654433
114.654433
114.654433
114.654433
114.654433
114.654433
114.654433
114.654433
114.654433
114.654433
114.654433
114.654433
114.654433
114.654433
114.654433
114.654433
114.654433
114.654433
114.654433
114.654433
114.654433
114.654433
114.654433
114.654433
114.654433
114.654433
114.654433
114.654433
114.654433
114.654433
114.654433
114.654433
114.654433
114.654433
114.654433
114.654433
114.654433
114.654433
114.654433
114.654433
114.654433
114.654433
114.654433
114.654433
114.654433
114.654433
114.654433
114.654433
114.654433
114.654433
114.654433
114.654433
114.654433
114.654433
114.654433
114.654433
114.654433
114.654433
114.654433
114.654433
114.654433
114.654433
114.654433
114.654433
114.654433
114.654433
114.654433
114.654433
114.654433
114.654433
114.654433
114.654433
114.654433
114.654433
114.654433
114.654433
114.654433
114.654433
114.654433
114.654433
114.654433
114.654433
114.654433
114.654433
114.654433
114.654433
114.654433
114.654433
114.654433
114.654433
114.654433
114.654433
114.654433
114.654433
114.654433
114.654433
114.654433
114.654433
114.654433
114.654433
114.654433
114.654433
114.654433
114.654433
114.654433
114.654433
114.654433
114.654433
114.654433
114.654433
114.654433
114.654433
114.654433
114.654433
114.654433
114.654433
114.654433
114.654433
114.654433
114.654433
114.654433
114.654433
114.654433
114.654433
114.654433
114.654433
114.654433
114.654433
114.654433
114.654433
114.654433
114.654433
114.654433
114.654433
114.654433
114.654433
114.654433
114.654433
114.654433
114.654433
114.654433
114.654433
114.654433
114.654433
114.654433
114.654433
114.654433
114.654433
114.654433
114.654433
114.654433
114.654433
114.654433
114.654433
114.654433
114.654433
114.654433
114.654433
114.654433
114.654433
114.654433
114.654433
114.654433
114.654433
114.654433
114.654433
114.654433
114.654433
114.654433
114.654433
114.654433
114.654433
114.654433
114.654433
114.654433
114.654433
114.654433
114.654433
114.654433
114.654433
114.654433
114.654433
114.654433
114.654433
114.654433
114.654433
114.654433
114.654433
114.654433
114.654433
114.654433
114.654433
114.654433
114.654433
114.654433
114.654433
114.654433
114.654433
114.654433
114.654433
114.654433
114.654433
114.654433
114.654433
114.654433
114.654433
114.654433
114.654433
114.654433
114.654433
114.654433
114.654433
114.654433
114.654433
114.654433
114.654433
114.654433
114.654433
114.654433
114.654433
114.654433
114.654433
114.654433
114.654433
114.654433
114.654433
114.654433
114.654433
114.654433
114.654433
114.654433
114.654433
114.654433
114.654433
114.654433
114.654433
114.654433
114.654433
114.654433
114.654433
114.654433
114.654433
114.654433
114.654433
114.654433
114.654433
114.654433
114.654433
114.654433
114.654433
114.654433
114.654433
114.654433
114.654433
114.654433
114.654433
114.654433
114.654433
114.654433
114.654433
114.654433
114.654433
114.654433
114.654433
114.654433
114.654433
114.654433
114.654433
114.654433
114.654433
114.654433
114.654433
114.654433
114.654433
114.654433
114.654433
114.654433
114.654433
114.654433
114.654433
114.654433
114.654433
114.654433
114.654433
114.654433
114.654433
114.654433
114.654433
114.654433
114.654433
114.654433
114.654433
114.654433
114.654433
114.654433
114.654433
114.654433
114.654433
114.654433
114.654433
114.654433
114.654433
114.654433
114.654433
114.654433
114.654433
114.654433
114.654433
114.654433
114.654433
114.654433
114.654433
114.654433
114.654433
114.654433
114.654433
114.654433
114.654433
114.654433
114.654433
114.654433
114.654433
114.654433
114.654433
114.654433
114.654433
114.654433
114.654433
114.654433
114.654433
114.654433
114.654433
114.654433
114.654433
114.654433
114.654433
114.654433
114.654433
114.654433
114.654433
114.654433
114.654433
114.654433
114.654433
114.654433
114.654433
114.654433
114.654433
114.654433
114.654433
114.654433
114.654433
114.654433
114.654433
114.654433
114.654433
114.654433
114.654433
114.654433
114.654433
114.654433
114.654433
114.654433
114.654433
114.654433
114.654433
114.654433
114.654433
114.654433
114.654433
114.654433
114.654433
114.654433
114.654433
114.654433
114.654433
114.654433
114.654433
114.654433
114.654433
114.654433
114.654433
114.654433
114.654433
114.654433
114.654433
114.654433
114.654433
114.654433
114.654433
114.654433
114.654433
114.654433
114.654433
114.654433
114.654433
114.654433
114.654433
114.654433
114.654433
114.654433
114.654433
114.654433
114.654433
114.654433
114.654433
114.654433
114.654433
114.654433
114.654433
114.654433
114.654433
114.654433
114.654433
114.654433
114.654433
114.654433
114.654433
114.654433
114.654433
114.654433
114.654433
114.654433
114.654433
114.654433
114.654433
114.654433
114.654433
114.654433
114.654433
114.654433
114.654433
114.654433
114.654433
114.654433
114.654433
114.654433
114.654433
114.654433
114.654433
114.654433
114.654433
114.654433
114.654433
114.654433
114.654433
114.654433
114.654433
114.654433
114.654433
114.654433
114.654433
114.654433
114.654433
114.654433
114.654433
114.654433
114.654433
114.654433
114.654433
114.654433
114.654433
114.654433
114.654433
114.654433
114.654433
114.654433
114.654433
114.654433
114.654433
114.654433
114.654433
114.654433
114.654433
114.654433
114.654433
114.654433
114.654433
114.654433
114.654433
114.654433
114.654433
114.654433
114.654433
114.654433
114.654433
114.654433
114.654433
114.654433
114.654433
114.654433
114.654433
114.654433
114.654433
114.654433
114.654433
114.654433
114.654433
114.654433
114.654433
114.654433
114.654433
114.654433
114.654433
114.654433
114.654433
114.654433
114.654433
114.654433
114.654433
114.654433
114.654433
114.654433
114.654433
114.654433
114.654433
114.654433
114.654433
114.654433
114.654433
114.654433
114.654433
114.654433
114.654433
114.654433
114.654433
114.654433
114.654433
114.654433
114.654433
114.654433
114.654433
114.654433
114.654433
114.654433
114.654433
114.654433
114.654433
114.654433
114.654433
114.654433
114.654433
114.654433
114.654433
114.654433
114.654433
114.654433
114.654433
114.654433
114.654433
114.654433
114.654433
114.654433
114.654433
114.654433
114.654433
114.654433
114.654433
114.654433
114.654433
114.654433
114.654433
114.654433
114.654433
114.654433
114.654433
114.654433
114.654433
114.654433
114.654433
114.654433
114.654433
114.654433
114.654433
114.654433
114.654433
114.654433
114.654433
114.654433
114.654433
114.654433
114.654433
114.654433
114.654433
114.654433
114.654433
114.654433
114.654433
114.654433
114.654433
114.654433
114.654433
114.654433
114.654433
114.654433
114.654433
114.654433
114.654433
114.654433
114.654433
114.654433
114.654433
114.654433
114.654433
114.654433
114.654433
114.654433
114.654433
114.654433
114.654433
114.654433
114.654433
114.654433
114.654433
114.654433
114.654433
114.654433
114.654433
114.654433
114.654433
114.654433
114.654433
114.654433
114.654433
114.654433
114.654433
114.654433
114.654433
114.654433
114.654433
114.654433
114.654433
114.654433
114.654433
114.654433
114.654433
114.654433
114.654433
114.654433
114.654433
114.654433
114.654433
114.654433
114.654433
114.654433
114.654433
114.654433
114.654433
114.654433
114.654433
114.654433
114.654433
114.654433
114.654433
114.654433
114.654433
114.654433
114.654433
114.654433
114.654433
114.654433
114.654433
114.654433
114.654433
114.654433
114.654433
114.654433
114.654433
114.654433
114.654433
114.654433
114.654433
114.654433
114.654433
114.654433
114.654433
114.654433
114.654433
114.654433
114.654433
114.654433
114.654433
114.654433
114.654433
114.654433
114.654433
114.654433
114.654433
114.654433
114.654433
114.654433
114.654433
114.654433
114.654433
114.654433
114.654433
114.654433
114.654433
114.654433
114.654433
114.654433
114.654433
114.654433
114.654433
114.654433
114.654433
114.654433
114.654433
114.654433
114.654433
114.654433
114.654433
114.654433
114.654433
114.654433
114.654433
114.654433
114.654433
114.654433
114.654433
114.654433
114.654433
114.654433
114.654433
114.654433
114.654433
114.654433
114.654433
114.654433
114.654433
114.654433
114.654433
114.654433
114.654433
114.654433
114.654433
114.654433
114.654433
114.654433
114.654433
114.654433
114.654433
114.654433
114.654433
114.654433
114.654433
114.654433
114.654433
114.654433
114.654433
114.654433
114.654433
114.654433
114.654433
114.654433
114.654433
114.654433
114.654433
114.654433
114.654433
114.654433
114.654433
114.654433
114.654433
114.654433
114.654433
114.654433
114.654433
114.654433
114.654433
114.654433
114.654433
114.654433
114.654433
114.654433
114.654433
114.654433
114.654433
114.654433
114.654433
114.654433
114.654433
114.654433
114.654433
114.654433
114.654433
114.654433
114.654433
114.654433
114.654433
114.654433
114.654433
114.654433
114.654433
114.654433
114.654433
114.654433
114.654433
114.654433
114.654433
114.654433
114.654433
114.654433
114.654433
114.654433
114.654433
114.654433
114.654433
114.654433
114.654433
114.654433
114.654433
114.654433
114.654433
114.654433
114.654433
114.654433
114.654433
114.654433
114.654433
114.654433
114.654433
114.654433
114.654433
114.654433
114.654433
114.654433
114.654433
114.654433
114.654433
114.654433
114.654433
114.654433
114.654433
114.654433
114.654433
114.654433
114.654433
114.654433
114.654433
114.654433
114.654433
114.654433
114.654433
114.654433
114.654433
114.654433
114.654433
114.654433
114.654433
114.654433
114.654433
114.654433
114.654433
114.654433
114.654433
114.654433
114.654433
114.654433
114.654433
114.654433
114.654433
114.654433
114.654433
114.654433
114.654433
114.654433
114.654433
114.654433
114.654433
114.654433
114.654433
114.654433
114.654433
114.654433
114.654433
114.654433
114.654433
114.654433
114.654433
114.654433
114.654433
114.654433
114.654433
114.654433
114.654433
114.654433
114.654433
114.654433
114.654433
114.654433
114.654433
114.654433
114.654433
114.654433
114.654433
114.654433
114.654433
114.654433
114.654433
114.654433
114.654433
114.654433
114.654433
114.654433
114.654433
114.654433
114.654433
114.654433
114.654433
114.654433
114.654433
114.654433
114.654433
114.654433
114.654433
114.654433
114.654433
114.654433
114.654433
114.654433
114.654433
114.654433
114.654433
114.654433
114.654433
114.654433
114.654433
114.654433
114.654433
114.654433
114.654433
114.654433
114.654433
114.654433
114.654433
114.654433
114.654433
114.654433
114.654433
114.654433
114.654433
114.654433
114.654433
114.654433
114.654433
114.654433
114.654433
114.654433
114.654433
114.654433
114.654433
114.654433
114.654433
114.654433
114.654433
114.654433
114.654433
114.654433
114.654433
114.654433
114.654433
114.654433
114.654433
114.654433
114.654433
114.654433
114.654433
114.654433
114.654433
114.654433
114.654433
114.654433
114.654433
114.654433
114.654433
114.654433
114.654433
114.654433
114.654433
114.654433
114.654433
114.654433
114.654433
114.654433
114.654433
114.654433
114.654433
114.654433
114.654433
114.654433
114.654433
114.654433
114.654433
114.654433
114.654433
114.654433
114.654433
114.654433
114.654433
114.654433
114.654433
114.654433
114.654433
114.654433
114.654433
114.654433
114.654433
114.654433
114.654433
114.654433
114.654433
114.654433
114.654433
114.654433
114.654433
114.654433
114.654433
114.654433
114.654433
114.654433
114.654433
114.654433
114.654433
114.654433
114.654433
114.654433
114.654433
114.654433
114.654433
114.654433
114.654433
114.654433
114.654433
114.654433
114.654433
114.654433
114.654433
114.654433
114.654433
114.654433
114.654433
114.654433
114.654433
114.654433
114.654433
114.654433
114.654433
114.654433
114.654433
114.654433
114.654433
114.654433
114.654433
114.654433
114.654433
114.654433
114.654433
114.654433
114.654433
114.654433
114.654433
114.654433
114.654433
114.654433
114.654433
114.654433
114.654433
114.654433
114.654433
114.654433
114.654433
114.654433
114.654433
114.654433
114.654433
114.654433
114.654433
114.654433
114.654433
114.654433
114.654433
114.654433
114.654433
114.654433
114.654433
114.654433
114.654433
114.654433
114.654433
114.654433
114.654433
114.654433
114.654433
114.654433
114.654433
114.654433
114.654433
114.654433
114.654433
114.654433
114.654433
114.654433
114.654433
114.654433
114.654433
114.654433
114.654433
114.654433
114.654433
114.654433
114.654433
114.654433
114.654433
114.654433
114.654433
114.654433
114.654433
114.654433
114.654433
114.654433
114.654433
114.654433
114.654433
114.654433
114.654433
114.654433
114.654433
114.654433
114.654433
114.654433
114.654433
114.654433
114.654433
114.654433
114.654433
114.654433
114.654433
114.654433
114.654433
114.654433
114.654433
114.654433
114.654433
114.654433
114.654433
114.654433
114.654433
114.654433
114.654433
114.654433
114.654433
114.654433
114.654433
114.654433
114.654433
114.654433
114.654433
114.654433
114.654433
114.654433
114.654433
114.654433
114.654433
114.654433
114.654433
114.654433
114.654433
114.654433
114.654433
114.654433
114.654433
114.654433
114.654433
114.654433
114.654433
114.654433
114.654433
114.654433
114.654433
114.654433
114.654433
114.654433
114.654433
114.654433
114.654433
114.654433
114.654433
114.654433
114.654433
114.654433
114.654433
114.654433
114.654433
114.654433
114.654433
114.654433
114.654433
114.654433
114.654433
114.654433
114.654433
114.654433
114.654433
114.654433
114.654433
114.654433
114.654433
114.654433
114.654433
114.654433
114.654433
114.654433
114.654433
114.654433
114.654433
114.654433
114.654433
114.654433
114.654433
114.654433
114.654433
114.654433
114.654433
114.654433
114.654433
114.654433
114.654433
114.654433
114.654433
114.654433
114.654433
114.654433
114.654433
114.654433
114.654433
114.654433
114.654433
114.654433
114.654433
114.654433
114.654433
114.654433
114.654433
114.654433
114.654433
114.654433
114.654433
114.654433
114.654433
114.654433
114.654433
114.654433
114.654433
114.654433
114.654433
114.654433
114.654433
114.654433
114.654433
114.654433
114.654433
114.654433
114.654433
114.654433
114.654433
114.654433
114.654433
114.654433
114.654433
114.654433
114.654433
114.654433
114.654433
114.654433
114.654433
114.654433
114.654433
114.654433
114.654433
114.654433
114.654433
114.654433
114.654433
114.654433
114.654433
114.654433
114.654433
114.654433
114.654433
114.654433
114.654433
114.654433
114.654433
114.654433
114.654433
114.654433
114.654433
114.654433
114.654433
114.654433
114.654433
114.654433
114.654433
114.654433
114.654433
114.654433
114.654433
114.654433
114.654433
114.654433
114.654433
114.654433
114.654433
114.654433
114.654433
114.654433
114.654433
114.654433
114.654433
114.654433
114.654433
114.654433
114.654433
114.654433
114.654433
114.654433
114.654433
114.654433
114.654433
114.654433
114.654433
114.654433
114.654433
114.654433
114.654433
114.654433
114.654433
114.654433
114.654433
114.654433
114.654433
114.654433
114.654433
114.654433
114.654433
114.654433
114.654433
114.654433
114.654433
114.654433
114.654433
114.654433
114.654433
114.654433
114.654433
114.654433
114.654433
114.654433
114.654433
114.654433
114.654433
114.654433
114.654433
114.654433
114.654433
114.654433
114.654433
114.654433
114.654433
114.654433
114.654433
114.654433
114.654433
114.654433
114.654433
114.654433
114.654433
114.654433
114.654433
114.654433
114.654433
114.654433
114.654433
114.654433
114.654433
114.654433
114.654433
114.654433
114.654433
114.654433
114.654433
114.654433
114.654433
114.654433
114.654433
114.654433
114.654433
114.654433
114.654433
114.654433
114.654433
114.654433
114.654433
114.654433
114.654433
114.654433
114.654433
114.654433
114.654433
114.654433
114.654433
114.654433
114.654433
114.654433
114.654433
114.654433
114.654433
114.654433
114.654433
114.654433
114.654433
114.654433
114.654433
114.654433
114.654433
114.654433
114.654433
114.654433
114.654433
114.654433
114.654433
114.654433
114.654433
114.654433
114.654433
114.654433
114.654433
114.654433
114.654433
114.654433
114.654433
114.654433
114.654433
114.654433
114.654433
114.654433
114.654433
114.654433
114.654433
114.654433
114.654433
114.654433
114.654433
114.654433
114.654433
114.654433
114.654433
114.654433
114.654433
114.654433
114.654433
114.654433
114.654433
114.654433
114.654433
114.654433
114.654433
114.654433
114.654433
114.654433
114.654433
114.654433
114.654433
114.654433
114.654433
114.654433
114.654433
114.654433
114.654433
114.654433
114.654433
114.654433
114.654433
114.654433
114.654433
114.654433
114.654433
114.654433
114.654433
114.654433
114.654433
114.654433
114.654433
114.654433
114.654433
114.654433
114.654433
114.654433
114.654433
114.654433
114.654433
114.654433
114.654433
114.654433
114.654433
114.654433
114.654433
114.654433
114.654433
114.654433
114.654433
114.654433
114.654433
114.654433
114.654433
114.654433
114.654433
114.654433
114.654433
114.654433
114.654433
114.654433
114.654433
114.654433
114.654433
114.654433
114.654433
114.654433
114.654433
114.654433
114.654433
114.654433
114.654433
114.654433
114.654433
114.654433
114.654433
114.654433
114.654433
114.654433
114.654433
114.654433
114.654433
114.654433
114.654433
114.654433
114.654433
114.654433
114.654433
114.654433
114.654433
114.654433
114.654433
114.654433
114.654433
114.654433
114.654433
114.654433
114.654433
114.654433
114.654433
114.654433
114.654433
114.654433
114.654433
114.654433
114.654433
114.654433
114.654433
114.654433
114.654433
114.654433
114.654433
114.654433
114.654433
114.654433
114.654433
114.654433
114.654433
114.654433
114.654433
114.654433
114.654433
114.654433
114.654433
114.654433
114.654433
114.654433
114.654433
114.654433
114.654433
114.654433
114.654433
114.654433
114.654433
114.654433
114.654433
114.654433
114.654433
114.654433
114.654433
114.654433
114.654433
114.654433
114.654433
114.654433
114.654433
114.654433
114.654433
114.654433
114.654433
114.654433
114.654433
114.654433
114.654433
114.654433
114.654433
114.654433
114.654433
114.654433
114.654433
114.654433
114.654433
114.654433
114.654433
114.654433
114.654433
114.654433
114.654433
114.654433
114.654433
114.654433
114.654433
114.654433
114.654433
114.654433
114.654433
114.654433
114.654433
114.654433
114.654433
114.654433
114.654433
114.654433
114.654433
114.654433
114.654433
114.654433
114.654433
114.654433
114.654433
114.654433
114.654433
114.654433
114.654433
114.654433
114.654433
114.654433
114.654433
114.654433
114.654433
114.654433
114.654433
114.654433
114.654433
114.654433
114.654433
114.654433
114.654433
114.654433
114.654433
114.654433
114.654433
114.654433
114.654433
114.654433
114.654433
114.654433
114.654433
114.654433
114.654433
114.654433
114.654433
114.654433
114.654433
114.654433
114.654433
114.654433
114.654433
114.654433
114.654433
114.654433
114.654433
114.654433
114.654433
114.654433
114.654433
114.654433
114.654433
114.654433
114.654433
114.654433
114.654433
114.654433
114.654433
114.654433
114.654433
114.654433
114.654433
114.654433
114.654433
114.654433
114.654433
114.654433
114.654433
114.654433
114.654433
114.654433
114.654433
114.654433
114.654433
114.654433
114.654433
114.654433
114.654433
114.654433
114.654433
114.654433
114.654433
114.654433
114.654433
114.654433
114.654433
114.654433
114.654433
114.654433
114.654433
114.654433
114.654433
114.654433
114.654433
114.654433
114.654433
114.654433
114.654433
114.654433
114.654433
114.654433
114.654433
114.654433
114.654433
114.654433
114.654433
114.654433
114.654433
114.654433
114.654433
114.654433
114.654433
114.654433
114.654433
114.654433
114.654433
114.654433
114.654433
114.654433
114.654433
114.654433
114.654433
114.654433
114.654433
114.654433
114.654433
114.654433
114.654433
114.654433
114.654433
114.654433
114.654433
114.654433
114.654433
114.654433
114.654433
114.654433
114.654433
114.654433
114.654433
114.654433
114.654433
114.654433
114.654433
114.654433
114.654433
114.654433
114.654433
114.654433
114.654433
114.654433
114.654433
114.654433
114.654433
114.654433
114.654433
114.654433
114.654433
114.654433
114.654433
114.654433
114.654433
114.654433
114.654433
114.654433
114.654433
114.654433
114.654433
114.654433
114.654433
114.654433
114.654433
114.654433
114.654433
114.654433
114.654433
114.654433
114.654433
114.654433
114.654433
114.654433
114.654433
114.654433
114.654433
114.654433
114.654433
114.654433
114.654433
114.654433
114.654433
114.654433
114.654433
114.654433
114.654433
114.654433
114.654433
114.654433
114.654433
114.654433
114.654433
114.654433
114.654433
114.654433
114.654433
114.654433
114.654433
114.654433
114.654433
114.654433
114.654433
114.654433
114.654433
114.654433
114.654433
114.654433
114.654433
114.654433
114.654433
114.654433
114.654433
114.654433
114.654433
114.654433
114.654433
114.654433
114.654433
114.654433
114.654433
114.654433
114.654433
114.654433
114.654433
114.654433
114.654433
114.654433
114.654433
114.654433
114.654433
114.654433
114.654433
114.654433
114.654433
114.654433
114.654433
114.654433
114.654433
114.654433
114.654433
114.654433
114.654433
114.654433
114.654433
114.654433
114.654433
114.654433
114.654433
114.654433
114.654433
114.654433
114.654433
114.654433
114.654433
114.654433
114.654433
114.654433
114.654433
114.654433
114.654433
114.654433
114.654433
114.654433
114.654433
114.654433
114.654433
114.654433
114.654433
114.654433
114.654433
114.654433
114.654433
114.654433
114.654433
114.654433
114.654433
114.654433
114.654433
114.654433
114.654433
114.654433
114.654433
114.654433
114.654433
114.654433
114.654433
114.654433
114.654433
114.654433
114.654433
114.654433
114.654433
114.654433
114.654433
114.654433
114.654433
114.654433
114.654433
114.654433
114.654433
114.654433
114.654433
114.654433
114.654433
114.654433
114.654433
114.654433
114.654433
114.654433
114.654433
114.654433
114.654433
114.654433
114.654433
114.654433
114.654433
114.654433
114.654433
114.654433
114.654433
114.654433
114.654433
114.654433
114.654433
114.654433
114.654433
114.654433
114.654433
114.654433
114.654433
114.654433
114.654433
114.654433
114.654433
114.654433
114.654433
114.654433
114.654433
114.654433
114.654433
114.654433
114.654433
114.654433
114.654433
114.654433
114.654433
114.654433
114.654433
114.654433
114.654433
114.654433
114.654433
114.654433
114.654433
114.654433
114.654433
114.654433
114.654433
114.654433
114.654433
114.654433
114.654433
114.654433
114.654433
114.654433
114.654433
114.654433
114.654433
114.654433
114.654433
114.654433
114.654433
114.654433
114.654433
114.654433
114.654433
114.654433
114.654433
114.654433
114.654433
114.654433
114.654433
114.654433
114.654433
114.654433
114.654433
114.654433
114.654433
114.654433
114.654433
114.654433
114.654433
114.654433
114.654433
114.654433
114.654433
114.654433
114.654433
114.654433
114.654433
114.654433
114.654433
114.654433
114.654433
114.654433
114.654433
114.654433
114.654433
114.654433
114.654433
114.654433
114.654433
114.654433
114.654433
114.654433
114.654433
114.654433
114.654433
114.654433
114.654433
114.654433
114.654433
114.654433
114.654433
114.654433
114.654433
114.654433
114.654433
114.654433
114.654433
114.654433
114.654433
114.654433
114.654433
114.654433
114.654433
114.654433
114.654433
114.654433
114.654433
114.654433
114.654433
114.654433
114.654433
114.654433
114.654433
114.654433
114.654433
114.654433
114.654433
114.654433
114.654433
114.654433
114.654433
114.654433
114.654433
114.654433
114.654433
114.654433
114.654433
114.654433
114.654433
114.654433
114.654433
114.654433
114.654433
114.654433
114.654433
114.654433
114.654433
114.654433
114.654433
114.654433
114.654433
114.654433
114.654433
114.654433
114.654433
114.654433
114.654433
114.654433
114.654433
114.654433
114.654433
114.654433
114.654433
114.654433
114.654433
114.654433
114.654433
114.654433
114.654433
114.654433
114.654433
114.654433
114.654433
114.654433
114.654433
114.654433
114.654433
114.654433
114.654433
114.654433
114.654433
114.654433
114.654433
114.654433
114.654433
114.654433
114.654433
114.654433
114.654433
114.654433
114.654433
114.654433
114.654433
114.654433
114.654433
114.654433
114.654433
114.654433
114.654433
114.654433
114.654433
114.654433
114.654433
114.654433
114.654433
114.654433
114.654433
114.654433
114.654433
114.654433
114.654433
114.654433
114.654433
114.654433
114.654433
114.654433
114.654433
114.654433
114.654433
114.654433
114.654433
114.654433
114.654433
114.654433
114.654433
114.654433
114.654433
114.654433
114.654433
114.654433
114.654433
114.654433
114.654433
114.654433
114.654433
114.654433
114.654433
114.654433
114.654433
114.654433
114.654433
114.654433
114.654433
114.654433
114.654433
114.654433
114.654433
114.654433
114.654433
114.654433
114.654433
114.654433
114.654433
114.654433
114.654433
114.654433
114.654433
114.654433
114.654433
114.654433
114.654433
114.654433
114.654433
114.654433
114.654433
114.654433
114.654433
114.654433
114.654433
114.654433
114.654433
114.654433
114.654433
114.654433
114.654433
114.654433
114.654433
114.654433
114.654433
114.654433
114.654433
114.654433
114.654433
114.654433
114.654433
114.654433
114.654433
114.654433
114.654433
114.654433
114.654433
114.654433
114.654433
114.654433
114.654433
114.654433
114.654433
114.654433
114.654433
114.654433
114.654433
114.654433
114.654433
114.654433
114.654433
114.654433
114.654433
114.654433
114.654433
114.654433
114.654433
114.654433
114.654433
114.654433
114.654433
114.654433
114.654433
114.654433
114.654433
114.654433
114.654433
114.654433
114.654433
114.654433
114.654433
114.654433
114.654433
114.654433
114.654433
114.654433
114.654433
114.654433
114.654433
114.654433
114.654433
114.654433
114.654433
114.654433
114.654433
114.654433
114.654433
114.654433
114.654433
114.654433
114.654433
114.654433
114.654433
114.654433
114.654433
114.654433
114.654433
114.654433
114.654433
114.654433
114.654433
114.654433
114.654433
114.654433
114.654433
114.654433
114.654433
114.654433
114.654433
114.654433
114.654433
114.654433
114.654433
114.654433
114.654433
114.654433
114.654433
114.654433
114.654433
114.654433
114.654433
114.654433
114.654433
114.654433
114.654433
114.654433
114.654433
114.654433
114.654433
114.654433
114.654433
114.654433
114.654433
114.654433
114.654433
114.654433
114.654433
114.654433
114.654433
114.654433
114.654433
114.654433
114.654433
114.654433
114.654433
114.654433
114.654433
114.654433
114.654433
114.654433
114.654433
114.654433
114.654433
114.654433
114.654433
114.654433
114.654433
114.654433
114.654433
114.654433
114.654433
114.654433
114.654433
114.654433
114.654433
114.654433
114.654433
114.654433
114.654433
114.654433
114.654433
114.654433
114.654433
114.654433
114.654433
114.654433
114.654433
114.654433
114.654433
114.654433
114.654433
114.654433
114.654433
114.654433
114.654433
114.654433
114.654433
114.654433
114.654433
114.654433
114.654433
114.654433
114.654433
114.654433
114.654433
114.654433
114.654433
114.654433
114.654433
114.654433
114.654433
114.654433
114.654433
114.654433
114.654433
114.654433
114.654433
114.654433
114.654433
114.654433
114.654433
114.654433
114.654433
114.654433
114.654433
114.654433
114.654433
114.654433
114.654433
114.654433
114.654433
114.654433
114.654433
114.654433
114.654433
114.654433
114.654433
114.654433
114.654433
114.654433
114.654433
114.654433
114.654433
114.654433
114.654433
114.654433
114.654433
114.654433
114.654433
114.654433
114.654433
114.654433
114.654433
114.654433
114.654433
114.654433
114.654433
114.654433
114.654433
114.654433
114.654433
114.654433
114.654433
114.654433
114.654433
114.654433
114.654433
114.654433
114.654433
114.654433
114.654433
114.654433
114.654433
114.654433
114.654433
114.654433
114.654433
114.654433
114.654433
114.654433
114.654433
114.654433
114.654433
114.654433
114.654433
114.654433
114.654433
114.654433
114.654433
114.654433
114.654433
114.654433
114.654433
114.654433
114.654433
114.654433
114.654433
114.654433
114.654433
114.654433
114.654433
114.654433
114.654433
114.654433
114.654433
114.654433
114.654433
114.654433
114.654433
114.654433
114.654433
114.654433
114.654433
114.654433
114.654433
114.654433
114.654433
114.654433
114.654433
114.654433
114.654433
114.654433
114.654433
114.654433
114.654433
114.654433
114.654433
114.654433
114.654433
114.654433
114.654433
114.654433
114.654433
114.654433
114.654433
114.654433
114.654433
114.654433
114.654433
114.654433
114.654433
114.654433
114.654433
114.654433
114.654433
114.654433
114.654433
114.654433
114.654433
114.654433
114.654433
114.654433
114.654433
114.654433
114.654433
114.654433
114.654433
114.654433
114.654433
114.654433
114.654433
114.654433
114.654433
114.654433
114.654433
114.654433
114.654433
114.654433
114.654433
114.654433
114.654433
114.654433
114.654433
114.654433
114.654433
114.654433
114.654433
114.654433
114.654433
114.654433
114.654433
114.654433
114.654433
114.654433
114.654433
114.654433
114.654433
114.654433
114.654433
114.654433
114.654433
114.654433
114.654433
114.654433
114.654433
114.654433
114.654433
114.654433
114.654433
114.654433
114.654433
114.654433
114.654433
114.654433
114.654433
114.654433
114.654433
114.654433
114.654433
114.654433
114.654433
114.654433
114.654433
114.654433
114.654433
114.654433
114.654433
114.654433
114.654433
114.654433
114.654433
114.654433
114.654433
114.654433
114.654433
114.654433
114.654433
114.654433
114.654433
114.654433
114.654433
114.654433
114.654433
114.654433
114.654433
114.654433
114.654433
114.654433
114.654433
114.654433
114.654433
114.654433
114.654433
114.654433
114.654433
114.654433
114.654433
114.654433
114.654433
114.654433
114.654433
114.654433
114.654433
114.654433
114.654433
114.654433
114.654433
114.654433
114.654433
114.654433
114.654433
114.654433
114.654433
114.654433
114.654433
114.654433
114.654433
114.654433
114.654433
114.654433
114.654433
114.654433
114.654433
114.654433
114.654433
114.654433
114.654433
114.654433
114.654433
114.654433
114.654433
114.654433
114.654433
114.654433
114.654433
114.654433
114.654433
114.654433
114.654433
114.654433
114.654433
114.654433
114.654433
114.654433
114.654433
114.654433
114.654433
114.654433
114.654433
114.654433
114.654433
114.654433
114.654433
114.654433
114.654433
114.654433
114.654433
114.654433
114.654433
114.654433
114.654433
114.654433
114.654433
114.654433
114.654433
114.654433
114.654433
114.654433
114.654433
114.654433
114.654433
114.654433
114.654433
114.654433
114.654433
114.654433
114.654433
114.654433
114.654433
114.654433
114.654433
114.654433
114.654433
114.654433
114.654433
114.654433
114.654433
114.654433
114.654433
114.654433
114.654433
114.654433
114.654433
114.654433
114.654433
114.654433
114.654433
114.654433
114.654433
114.654433
114.654433
114.654433
114.654433
114.654433
114.654433
114.654433
114.654433
114.654433
114.654433
114.654433
114.654433
114.654433
114.654433
114.654433
114.654433
114.654433
114.654433
114.654433
114.654433
114.654433
114.654433
114.654433
114.654433
114.654433
114.654433
114.654433
114.654433
114.654433
114.654433
114.654433
114.654433
114.654433
114.654433
114.654433
114.654433
114.654433
114.654433
114.654433
114.654433
114.654433
114.654433
114.654433
114.654433
114.654433
114.654433
114.654433
114.654433
114.654433
114.654433
114.654433
114.654433
114.654433
114.654433
114.654433
114.654433
114.654433
114.654433
114.654433
114.654433
114.654433
114.654433
114.654433
114.654433
114.654433
114.654433
114.654433
114.654433
114.654433
114.654433
114.654433
114.654433
114.654433
114.654433
114.654433
114.654433
114.654433
114.654433
114.654433
114.654433
114.654433
114.654433
114.654433
114.654433
114.654433
114.654433
114.654433
114.654433
114.654433
114.654433
114.654433
114.654433
114.654433
114.654433
114.654433
114.654433
114.654433
114.654433
114.654433
114.654433
114.654433
114.654433
114.654433
114.654433
114.654433
114.654433
114.654433
114.654433
114.654433
114.654433
114.654433
114.654433
114.654433
114.654433
114.654433
114.654433
114.654433
114.654433
114.654433
114.654433
114.654433
114.654433
114.654433
114.654433
114.654433
114.654433
114.654433
114.654433
114.654433
114.654433
114.654433
114.654433
114.654433
114.654433
114.654433
114.654433
114.654433
114.654433
114.654433
114.654433
114.654433
114.654433
114.654433
114.654433
114.654433
114.654433
114.654433
114.654433
114.654433
114.654433
114.654433
114.654433
114.654433
114.654433
114.654433
114.654433
114.654433
114.654433
114.654433
114.654433
114.654433
114.654433
114.654433
114.654433
114.654433
114.654433
114.654433
114.654433
114.654433
114.654433
114.654433
114.654433
114.654433
114.654433
114.654433
114.654433
114.654433
114.654433
114.654433
114.654433
114.654433
114.654433
114.654433
114.654433
114.654433
114.654433
114.654433
114.654433
114.654433
114.654433
114.654433
114.654433
114.654433
114.654433
114.654433
114.654433
114.654433
114.654433
114.654433
114.654433
114.654433
114.654433
114.654433
114.654433
114.654433
114.654433
114.654433
114.654433
114.654433
114.654433
114.654433
114.654433
114.654433
114.654433
114.654433
114.654433
114.654433
114.654433
114.654433
114.654433
114.654433
114.654433
114.654433
114.654433
114.654433
114.654433
114.654433
114.654433
114.654433
114.654433
114.654433
114.654433
114.654433
114.654433
114.654433
114.654433
114.654433
114.654433
114.654433
114.654433
114.654433
114.654433
114.654433
114.654433
114.654433
114.654433
114.654433
114.654433
114.654433
114.654433
114.654433
114.654433
114.654433
114.654433
114.654433
114.654433
114.654433
114.654433
114.654433
114.654433
114.654433
114.654433
114.654433
114.654433
114.654433
114.654433
114.654433
114.654433
114.654433
114.654433
114.654433
114.654433
114.654433
114.654433
114.654433
114.654433
114.654433
114.654433
114.654433
114.654433
114.654433
114.654433
114.654433
114.654433
114.654433
114.654433
114.654433
114.654433
114.654433
114.654433
114.654433
114.654433
114.654433
114.654433
114.654433
114.654433
114.654433
114.654433
114.654433
114.654433
114.654433
114.654433
114.654433
114.654433
114.654433
114.654433
114.654433
114.654433
114.654433
114.654433
114.654433
114.654433
114.654433
114.654433
114.654433
114.654433
114.654433
114.654433
114.654433
114.654433
114.654433
114.654433
114.654433
114.654433
114.654433
114.654433
114.654433
114.654433
114.654433
114.654433
114.654433
114.654433
114.654433
114.654433
114.654433
114.654433
114.654433
114.654433
114.654433
114.654433
114.654433
114.654433
114.654433
114.654433
114.654433
114.654433
114.654433
114.654433
114.654433
114.654433
114.654433
114.654433
114.654433
114.654433
114.654433
114.654433
114.654433
114.654433
114.654433
114.654433
114.654433
114.654433
114.654433
114.654433
114.654433
114.654433
114.654433
114.654433
114.654433
114.654433
114.654433
114.654433
114.654433
114.654433
114.654433
114.654433
114.654433
114.654433
114.654433
114.654433
114.654433
114.654433
114.654433
114.654433
114.654433
114.654433
114.654433
114.654433
114.654433
114.654433
114.654433
114.654433
114.654433
114.654433
114.654433
114.654433
114.654433
114.654433
114.654433
114.654433
114.654433
114.654433
114.654433
114.654433
114.654433
114.654433
114.654433
114.654433
114.654433
114.654433
114.654433
114.654433
114.654433
114.654433
114.654433
114.654433
114.654433
114.654433
114.654433
114.654433
114.654433
114.654433
114.654433
114.654433
114.654433
114.654433
114.654433
114.654433
114.654433
114.654433
114.654433
114.654433
114.654433
114.654433
114.654433
114.654433
114.654433
114.654433
114.654433
114.654433
114.654433
114.654433
114.654433
114.654433
114.654433
114.654433
114.654433
114.654433
114.654433
114.654433
114.654433
114.654433
114.654433
114.654433
114.654433
114.654433
114.654433
114.654433
114.654433
114.654433
114.654433
114.654433
114.654433
114.654433
114.654433
114.654433
114.654433
114.654433
114.654433
114.654433
114.654433
114.654433
114.654433
114.654433
114.654433
114.654433
114.654433
114.654433
114.654433
114.654433
114.654433
114.654433
114.654433
114.654433
114.654433
114.654433
114.654433
114.654433
114.654433
114.654433
114.654433
114.654433
114.654433
114.654433
114.654433
114.654433
114.654433
114.654433
114.654433
114.654433
114.654433
114.654433
114.654433
114.654433
114.654433
114.654433
114.654433
114.654433
114.654433
114.654433
114.654433
114.654433
114.654433
114.654433
114.654433
114.654433
114.654433
114.654433
114.654433
114.654433
114.654433
114.654433
114.654433
114.654433
114.654433
114.654433
114.654433
114.654433
114.654433
114.654433
114.654433
114.654433
114.654433
114.654433
114.654433
114.654433
114.654433
114.654433
114.654433
114.654433
114.654433
114.654433
114.654433
114.654433
114.654433
114.654433
114.654433
114.654433
114.654433
114.654433
114.654433
114.654433
114.654433
114.654433
114.654433
114.654433
114.654433
114.654433
114.654433
114.654433
114.654433
114.654433
114.654433
114.654433
114.654433
114.654433
114.654433
114.654433
114.654433
114.654433
114.654433
114.654433
114.654433
114.654433
114.654433
114.654433
114.654433
114.654433
114.654433
114.654433
114.654433
114.654433
114.654433
114.654433
114.654433
114.654433
114.654433
114.654433
114.654433
114.654433
114.654433
114.654433
114.654433
114.654433
114.654433
114.654433
114.654433
114.654433
114.654433
114.654433
114.654433
114.654433
114.654433
114.654433
114.654433
114.654433
114.654433
114.654433
114.654433
114.654433
114.654433
114.654433
114.654433
114.654433
114.654433
114.654433
114.654433
114.654433
114.654433
114.654433
114.654433
114.654433
114.654433
114.654433
114.654433
114.654433
114.654433
114.654433
114.654433
114.654433
114.654433
114.654433
114.654433
114.654433
114.654433
114.654433
114.654433
114.654433
114.654433
114.654433
114.654433
114.654433
114.654433
114.654433
114.654433
114.654433
114.654433
114.654433
114.654433
114.654433
114.654433
114.654433
114.654433
114.654433
114.654433
114.654433
114.654433
114.654433
114.654433
114.654433
114.654433
114.654433
114.654433
114.654433
114.654433
114.654433
114.654433
114.654433
114.654433
114.654433
114.654433
114.654433
114.654433
114.654433
114.654433
114.654433
114.654433
114.654433
114.654433
114.654433
114.654433
114.654433
114.654433
114.654433
114.654433
114.654433
114.654433
114.654433
114.654433
114.654433
114.654433
114.654433
114.654433
114.654433
114.654433
114.654433
114.654433
114.654433
114.654433
114.654433
114.654433
114.654433
114.654433
114.654433
114.654433
114.654433
114.654433
114.654433
114.654433
114.654433
114.654433
114.654433
114.654433
114.654433
114.654433
114.654433
114.654433
114.654433
114.654433
114.654433
114.654433
114.654433
114.654433
114.654433
114.654433
114.654433
114.654433
114.654433
114.654433
114.654433
114.654433
114.654433
114.654433
114.654433
114.654433
114.654433
114.654433
114.654433
114.654433
114.654433
114.654433
114.654433
114.654433
114.654433
114.654433
114.654433
114.654433
114.654433
114.654433
114.654433
114.654433
114.654433
114.654433
114.654433
114.654433
114.654433
114.654433
114.654433
114.654433
114.654433
114.654433
114.654433
114.654433
114.654433
114.654433
114.654433
114.654433
114.654433
114.654433
114.654433
114.654433
114.654433
114.654433
114.654433
114.654433
114.654433
114.654433
114.654433
114.654433
114.654433
114.654433
114.654433
114.654433
114.654433
114.654433
114.654433
114.654433
114.654433
114.654433
114.654433
114.654433
114.654433
114.654433
114.654433
114.654433
114.654433
114.654433
114.654433
114.654433
114.654433
114.654433
114.654433
114.654433
114.654433
114.654433
114.654433
114.654433
114.654433
114.654433
114.654433
114.654433
114.654433
114.654433
114.654433
114.654433
114.654433
114.654433
114.654433
114.654433
114.654433
114.654433
114.654433
114.654433
114.654433
114.654433
114.654433
114.654433
114.654433
114.654433
114.654433
114.654433
114.654433
114.654433
114.654433
114.654433
114.654433
114.654433
114.654433
114.654433
114.654433
114.654433
114.654433
114.654433
114.654433
114.654433
114.654433
114.654433
114.654433
114.654433
114.654433
114.654433
114.654433
114.654433
114.654433
114.654433
114.654433
114.654433
114.654433
114.654433
114.654433
114.654433
114.654433
114.654433
114.654433
114.654433
114.654433
114.654433
114.654433
114.654433
114.654433
114.654433
114.654433
114.654433
114.654433
114.654433
114.654433
114.654433
114.654433
114.654433
114.654433
114.654433
114.654433
114.654433
114.654433
114.654433
114.654433
114.654433
114.654433
114.654433
114.654433
114.654433
114.654433
114.654433
114.654433
114.654433
114.654433
114.654433
114.654433
114.654433
114.654433
114.654433
114.654433
114.654433
114.654433
114.654433
114.654433
114.654433
114.654433
114.654433
114.654433
114.654433
114.654433
114.654433
114.654433
114.654433
114.654433
114.654433
114.654433
114.654433
114.654433
114.654433
114.654433
114.654433
114.654433
114.654433
114.654433
114.654433
114.654433
114.654433
114.654433
114.654433
114.654433
114.654433
114.654433
114.654433
114.654433
114.654433
114.654433
114.654433
114.654433
114.654433
114.654433
114.654433
114.654433
114.654433
114.654433
114.654433
114.654433
114.654433
114.654433
114.654433
114.654433
114.654433
114.654433
114.654433
114.654433
114.654433
114.654433
114.654433
114.654433
114.654433
114.654433
114.654433
114.654433
114.654433
114.654433
114.654433
114.654433
114.654433
114.654433
114.654433
114.654433
114.654433
114.654433
114.654433
114.654433
114.654433
114.654433
114.654433
114.654433
114.654433
114.654433
114.654433
114.654433
114.654433
114.654433
114.654433
114.654433
114.654433
114.654433
114.654433
114.654433
114.654433
114.654433
114.654433
114.654433
114.654433
114.654433
114.654433
114.654433
114.654433
114.654433
114.654433
114.654433
114.654433
114.654433
114.654433
114.654433
114.654433
114.654433
114.654433
114.654433
114.654433
114.654433
114.654433
114.654433
114.654433
114.654433
114.654433
114.654433
114.654433
114.654433
114.654433
114.654433
114.654433
114.654433
114.654433
114.654433
114.654433
114.654433
114.654433
114.654433
114.654433
114.654433
114.654433
114.654433
114.654433
114.654433
114.654433
114.654433
114.654433
114.654433
114.654433
114.654433
114.654433
114.654433
114.654433
114.654433
114.654433
114.654433
114.654433
114.654433
114.654433
114.654433
114.654433
114.654433
114.654433
114.654433
114.654433
114.654433
114.654433
114.654433
114.654433
114.654433
114.654433
114.654433
114.654433
114.654433
114.654433
114.654433
114.654433
114.654433
114.654433
114.654433
114.654433
114.654433
114.654433
114.654433
114.654433
114.654433
114.654433
114.654433
114.654433
114.654433
114.654433
114.654433
114.654433
114.654433
114.654433
114.654433
114.654433
114.654433
114.654433
114.654433
114.654433
114.654433
114.654433
114.654433
114.654433
114.654433
114.654433
114.654433
114.654433
114.654433
114.654433
114.654433
114.654433
114.654433
114.654433
114.654433
114.654433
114.654433
114.654433
114.654433
114.654433
114.654433
114.654433
114.654433
114.654433
114.654433
114.654433
114.654433
114.654433
114.654433
114.654433
114.654433
114.654433
114.654433
114.654433
114.654433
114.654433
114.654433
114.654433
114.654433
114.654433
114.654433
114.654433
114.654433
114.654433
114.654433
114.654433
114.654433
114.654433
114.654433
114.654433
114.654433
114.654433
114.654433
114.654433
114.654433
114.654433
114.654433
114.654433
114.654433
114.654433
114.654433
114.654433
114.654433
114.654433
114.654433
114.654433
114.654433
114.654433
114.654433
114.654433
114.654433
114.654433
114.654433
114.654433
114.654433
114.654433
114.654433
114.654433
114.654433
114.654433
114.654433
114.654433
114.654433
114.654433
114.654433
114.654433
114.654433
114.654433
114.654433
114.654433
114.654433
114.654433
114.654433
114.654433
114.654433
114.654433
114.654433
114.654433
114.654433
114.654433
114.654433
114.654433
114.654433
114.654433
114.654433
114.654433
114.654433
114.654433
114.654433
114.654433
114.654433
114.654433
114.654433
114.654433
114.654433
114.654433
114.654433
114.654433
114.654433
114.654433
114.654433
114.654433
114.654433
114.654433
114.654433
114.654433
114.654433
114.654433
114.654433
114.654433
114.654433
114.654433
114.654433
114.654433
114.654433
114.654433
114.654433
114.654433
114.654433
114.654433
114.654433
114.654433
114.654433
114.654433
114.654433
114.654433
114.654433
114.654433
114.654433
114.654433
114.654433
114.654433
114.654433
114.654433
114.654433
114.654433
114.654433
114.654433
114.654433
114.654433
114.654433
114.654433
114.654433
114.654433
114.654433
114.654433
114.654433
114.654433
114.654433
114.654433
114.654433
114.654433
114.654433
114.654433
114.654433
114.654433
114.654433
114.654433
114.654433
114.654433
114.654433
114.654433
114.654433
114.654433
114.654433
114.654433
114.654433
114.654433
114.654433
114.654433
114.654433
114.654433
114.654433
114.654433
114.654433
114.654433
114.654433
114.654433
114.654433
114.654433
114.654433
114.654433
114.654433
114.654433
114.654433
114.654433
114.654433
114.654433
114.654433
114.654433
114.654433
114.654433
114.654433
114.654433
114.654433
114.654433
114.654433
114.654433
114.654433
114.654433
114.654433
114.654433
114.654433
114.654433
114.654433
114.654433
114.654433
114.654433
114.654433
114.654433
114.654433
114.654433
114.654433
114.654433
114.654433
114.654433
114.654433
114.654433
114.654433
114.654433
114.654433
114.654433
114.654433
114.654433
114.654433
114.654433
114.654433
114.654433
114.654433
114.654433
114.654433
114.654433
114.654433
114.654433
114.654433
114.654433
114.654433
114.654433
114.654433
114.654433
114.654433
114.654433
114.654433
114.654433
114.654433
114.654433
114.654433
114.654433
114.654433
114.654433
114.654433
114.654433
114.654433
114.654433
114.654433
114.654433
114.654433
114.654433
114.654433
114.654433
114.654433
114.654433
114.654433
114.654433
114.654433
114.654433
114.654433
114.654433
114.654433
114.654433
114.654433
114.654433
114.654433
114.654433
114.654433
114.654433
114.654433
114.654433
114.654433
114.654433
114.654433
114.654433
114.654433
114.654433
114.654433
114.654433
114.654433
114.654433
114.654433
114.654433
114.654433
114.654433
114.654433
114.654433
114.654433
114.654433
114.654433
114.654433
114.654433
114.654433
114.654433
114.654433
114.654433
114.654433
114.654433
114.654433
114.654433
114.654433
114.654433
114.654433
114.654433
114.654433
114.654433
114.654433
114.654433
114.654433
114.654433
114.654433
114.654433
114.654433
114.654433
114.654433
114.654433
114.654433
114.654433
114.654433
114.654433
114.654433
114.654433
114.654433
114.654433
114.654433
114.654433
114.654433
114.654433
114.654433
114.654433
114.654433
114.654433
114.654433
114.654433
114.654433
114.654433
114.654433
114.654433
114.654433
114.654433
114.654433
114.654433
114.654433
114.654433
114.654433
114.654433
114.654433
114.654433
114.654433
114.654433
114.654433
114.654433
114.654433
114.654433
114.654433
114.654433
114.654433
114.654433
114.654433
114.654433
114.654433
114.654433
114.654433
114.654433
114.654433
114.654433
114.654433
114.654433
114.654433
114.654433
114.654433
114.654433
114.654433
114.654433
114.654433
114.654433
114.654433
114.654433
114.654433
114.654433
114.654433
114.654433
114.654433
114.654433
114.654433
114.654433
114.654433
114.654433
114.654433
114.654433
114.654433
114.654433
114.654433
114.654433
114.654433
114.654433
114.654433
114.654433
114.654433
114.654433
114.654433
114.654433
114.654433
114.654433
114.654433
114.654433
114.654433
114.654433
114.654433
114.654433
114.654433
114.654433
114.654433
114.654433
114.654433
114.654433
114.654433
114.654433
114.654433
114.654433
114.654433
114.654433
114.654433
114.654433
114.654433
114.654433
114.654433
114.654433
114.654433
114.654433
114.654433
114.654433
114.654433
114.654433
114.654433
114.654433
114.654433
114.654433
114.654433
114.654433
114.654433
114.654433
114.654433
114.654433
114.654433
114.654433
114.654433
114.654433
114.654433
114.654433
114.654433
114.654433
114.654433
114.654433
114.654433
114.654433
114.654433
114.654433
114.654433
114.654433
114.654433
114.654433
114.654433
114.654433
114.654433
114.654433
114.654433
114.654433
114.654433
114.654433
114.654433
114.654433
114.654433
114.654433
114.654433
114.654433
114.654433
114.654433
114.654433
114.654433
114.654433
114.654433
114.654433
114.654433
114.654433
114.654433
114.654433
114.654433
114.654433
114.654433
114.654433
114.654433
114.654433
114.654433
114.654433
114.654433
114.654433
114.654433
114.654433
114.654433
114.654433
114.654433
114.654433
114.654433
114.654433
114.654433
114.654433
114.654433
114.654433
114.654433
114.654433
114.654433
114.654433
114.654433
114.654433
114.654433
114.654433
114.654433
114.654433
114.654433
114.654433
114.654433
114.654433
114.654433
114.654433
114.654433
114.654433
114.654433
114.654433
114.654433
114.654433
114.654433
114.654433
114.654433
114.654433
114.654433
114.654433
114.654433
114.654433
114.654433
114.654433
114.654433
114.654433
114.654433
114.654433
114.654433
114.654433
114.654433
114.654433
114.654433
114.654433
114.654433
114.654433
114.654433
114.654433
114.654433
114.654433
114.654433
114.654433
114.654433
114.654433
114.654433
114.654433
114.654433
114.654433
114.654433
114.654433
114.654433
114.654433
114.654433
114.654433
114.654433
114.654433
114.654433
114.654433
114.654433
114.654433
114.654433
114.654433
114.654433
114.654433
114.654433
114.654433
114.654433
114.654433
114.654433
114.654433
114.654433
114.654433
114.654433
114.654433
114.654433
114.654433
114.654433
114.654433
114.654433
114.654433
114.654433
114.654433
114.654433
114.654433
114.654433
114.654433
114.654433
114.654433
114.654433
114.654433
114.654433
114.654433
114.654433
114.654433
114.654433
114.654433
114.654433
114.654433
114.654433
114.654433
114.654433
114.654433
114.654433
114.654433
114.654433
114.654433
114.654433
114.654433
114.654433
114.654433
114.654433
114.654433
114.654433
114.654433
114.654433
114.654433
114.654433
114.654433
114.654433
114.654433
114.654433
114.654433
114.654433
114.654433
114.654433
114.654433
114.654433
114.654433
114.654433
114.654433
114.654433
114.654433
114.654433
114.654433
114.654433
114.654433
114.654433
114.654433
114.654433
114.654433
114.654433
114.654433
114.654433
114.654433
114.654433
114.654433
114.654433
114.654433
114.654433
114.654433
114.654433
114.654433
114.654433
114.654433
114.654433
114.654433
114.654433
114.654433
114.654433
114.654433
114.654433
114.654433
114.654433
114.654433
114.654433
114.654433
114.654433
114.654433
114.654433
114.654433
114.654433
114.654433
114.654433
114.654433
114.654433
114.654433
114.654433
114.654433
114.654433
114.654433
114.654433
114.654433
114.654433
114.654433
114.654433
114.654433
114.654433
114.654433
114.654433
114.654433
114.654433
114.654433
114.654433
114.654433
114.654433
114.654433
114.654433
114.654433
114.654433
114.654433
114.654433
114.654433
114.654433
114.654433
114.654433
114.654433
114.654433
114.654433
114.654433
114.654433
114.654433
114.654433
114.654433
114.654433
114.654433
114.654433
114.654433
114.654433
114.654433
114.654433
114.654433
114.654433
114.654433
114.654433
114.654433
114.654433
114.654433
114.654433
114.654433
114.654433
114.654433
114.654433
114.654433
114.654433
114.654433
114.654433
114.654433
114.654433
114.654433
114.654433
114.654433
114.654433
114.654433
114.654433
114.654433
114.654433
114.654433
114.654433
114.654433
114.654433
114.654433
114.654433
114.654433
114.654433
114.654433
114.654433
114.654433
114.654433
114.654433
114.654433
114.654433
114.654433
114.654433
114.654433
114.654433
114.654433
114.654433
114.654433
114.654433
114.654433
114.654433
114.654433
114.654433
114.654433
114.654433
114.654433
114.654433
114.654433
114.654433
114.654433
114.654433
114.654433
114.654433
114.654433
114.654433
114.654433
114.654433
114.654433
114.654433
114.654433
114.654433
114.654433
114.654433
114.654433
114.654433
114.654433
114.654433
114.654433
114.654433
114.654433
114.654433
114.654433
114.654433
114.654433
114.654433
114.654433
114.654433
114.654433
114.654433
114.654433
114.654433
114.654433
114.654433
114.654433
114.654433
114.654433
114.654433
114.654433
114.654433
114.654433
114.654433
114.654433
114.654433
114.654433
114.654433
114.654433
114.654433
114.654433
114.654433
114.654433
114.654433
114.654433
114.654433
114.654433
114.654433
114.654433
114.654433
114.654433
114.654433
114.654433
114.654433
114.654433
114.654433
114.654433
114.654433
114.654433
114.654433
114.654433
114.654433
114.654433
114.654433
114.654433
114.654433
114.654433
114.654433
114.654433
114.654433
114.654433
114.654433
114.654433
114.654433
114.654433
114.654433
114.654433
114.654433
114.654433
114.654433
114.654433
114.654433
114.654433
114.654433
114.654433
114.654433
114.654433
114.654433
114.654433
114.654433
114.654433
114.654433
114.654433
114.654433
114.654433
114.654433
114.654433
114.654433
114.654433
114.654433
114.654433
114.654433
114.654433
114.654433
114.654433
114.654433
114.654433
114.654433
114.654433
114.654433
114.654433
114.654433
114.654433
114.654433
114.654433
114.654433
114.654433
114.654433
114.654433
114.654433
114.654433
114.654433
114.654433
114.654433
114.654433
114.654433
114.654433
114.654433
114.654433
114.654433
114.654433
114.654433
114.654433
114.654433
114.654433
114.654433
114.654433
114.654433
114.654433
114.654433
114.654433
114.654433
114.654433
114.654433
114.654433
114.654433
114.654433
114.654433
114.654433
114.654433
114.654433
114.654433
114.654433
114.654433
114.654433
114.654433
114.654433
114.654433
114.654433
114.654433
114.654433
114.654433
114.654433
114.654433
114.654433
114.654433
114.654433
114.654433
114.654433
114.654433
114.654433
114.654433
114.654433
114.654433
114.654433
114.654433
114.654433
114.654433
114.654433
114.654433
114.654433
114.654433
114.654433
114.654433
114.654433
114.654433
114.654433
114.654433
114.654433
114.654433
114.654433
114.654433
114.654433
114.654433
114.654433
114.654433
114.654433
114.654433
114.654433
114.654433
114.654433
114.654433
114.654433
114.654433
114.654433
114.654433
114.654433
114.654433
114.654433
114.654433
114.654433
114.654433
114.654433
114.654433
114.654433
114.654433
114.654433
114.654433
114.654433
114.654433
114.654433
114.654433
114.654433
114.654433
114.654433
114.654433
114.654433
114.654433
114.654433
114.654433
114.654433
114.654433
114.654433
114.654433
114.654433
114.654433
114.654433
114.654433
114.654433
114.654433
114.654433
114.654433
114.654433
114.654433
114.654433
114.654433
114.654433
114.654433
114.654433
114.654433
114.654433
114.654433
114.654433
114.654433
114.654433
114.654433
114.654433
114.654433
114.654433
114.654433
114.654433
114.654433
114.654433
114.654433
114.654433
114.654433
114.654433
114.654433
114.654433
114.654433
114.654433
114.654433
114.654433
114.654433
114.654433
114.654433
114.654433
114.654433
114.654433
114.654433
114.654433
114.654433
114.654433
114.654433
114.654433
114.654433
114.654433
114.654433
114.654433
114.654433
114.654433
114.654433
114.654433
114.654433
114.654433
114.654433
114.654433
114.654433
114.654433
114.654433
114.654433
114.654433
114.654433
114.654433
114.654433
114.654433
114.654433
114.654433
114.654433
114.654433
114.654433
114.654433
114.654433
114.654433
114.654433
114.654433
114.654433
114.654433
114.654433
114.654433
114.654433
114.654433
114.654433
114.654433
114.654433
114.654433
114.654433
114.654433
114.654433
114.654433
114.654433
114.654433
114.654433
114.654433
114.654433
114.654433
114.654433
114.654433
114.654433
114.654433
114.654433
114.654433
114.654433
114.654433
114.654433
114.654433
114.654433
114.654433
114.654433
114.654433
114.654433
114.654433
114.654433
114.654433
114.654433
114.654433
114.654433
114.654433
114.654433
114.654433
114.654433
114.654433
114.654433
114.654433
114.654433
114.654433
114.654433
114.654433
114.654433
114.654433
114.654433
114.654433
114.654433
114.654433
114.654433
114.654433
114.654433
114.654433
114.654433
114.654433
114.654433
114.654433
114.654433
114.654433
114.654433
114.654433
114.654433
114.654433
114.654433
114.654433
114.654433
114.654433
114.654433
114.654433
114.654433
114.654433
114.654433
114.654433
114.654433
114.654433
114.654433
114.654433
114.654433
114.654433
114.654433
114.654433
114.654433
114.654433
114.654433
114.654433
114.654433
114.654433
114.654433
114.654433
114.654433
114.654433
114.654433
114.654433
114.654433
114.654433
114.654433
114.654433
114.654433
114.654433
114.654433
114.654433
114.654433
114.654433
114.654433
114.654433
114.654433
114.654433
114.654433
114.654433
114.654433
114.654433
114.654433
114.654433
114.654433
114.654433
114.654433
114.654433
114.654433
114.654433
114.654433
114.654433
114.654433
114.654433
114.654433
114.654433
114.654433
114.654433
114.654433
114.654433
114.654433
114.654433
114.654433
114.654433
114.654433
114.654433
114.654433
114.654433
114.654433
114.654433
114.654433
114.654433
114.654433
114.654433
114.654433
114.654433
114.654433
114.654433
114.654433
114.654433
114.654433
114.654433
114.654433
114.654433
114.654433
114.654433
114.654433
114.654433
114.654433
114.654433
114.654433
114.654433
114.654433
114.654433
114.654433
114.654433
114.654433
114.654433
114.654433
114.654433
114.654433
114.654433
114.654433
114.654433
114.654433
114.654433
114.654433
114.654433
114.654433
114.654433
114.654433
114.654433
114.654433
114.654433
114.654433
114.654433
114.654433
114.654433
114.654433
114.654433
114.654433
114.654433
114.654433
114.654433
114.654433
114.654433
114.654433
114.654433
114.654433
114.654433
114.654433
114.654433
114.654433
114.654433
114.654433
114.654433
114.654433
114.654433
114.654433
114.654433
114.654433
114.654433
114.654433
114.654433
114.654433
114.654433
114.654433
114.654433
114.654433
114.654433
114.654433
114.654433
114.654433
114.654433
114.654433
114.654433
114.654433
114.654433
114.654433
114.654433
114.654433
114.654433
114.654433
114.654433
114.654433
114.654433
114.654433
114.654433
114.654433
114.654433
114.654433
114.654433
114.654433
114.654433
114.654433
114.654433
114.654433
114.654433
114.654433
114.654433
114.654433
114.654433
114.654433
114.654433
114.654433
114.654433
114.654433
114.654433
114.654433
114.654433
114.654433
114.654433
114.654433
114.654433
114.654433
114.654433
114.654433
114.654433
114.654433
114.654433
114.654433
114.654433
114.654433
114.654433
114.654433
114.654433
114.654433
114.654433
114.654433
114.654433
114.654433
114.654433
114.654433
114.654433
114.654433
114.654433
114.654433
114.654433
114.654433
114.654433
114.654433
114.654433
114.654433
114.654433
114.654433
114.654433
114.654433
114.654433
114.654433
114.654433
114.654433
114.654433
114.654433
114.654433
114.654433
114.654433
114.654433
114.654433
114.654433
114.654433
114.654433
114.654433
114.654433
114.654433
114.654433
114.654433
114.654433
114.654433
114.654433
114.654433
114.654433
114.654433
114.654433
114.654433
114.654433
114.654433
114.654433
114.654433
114.654433
114.654433
114.654433
114.654433
114.654433
114.654433
114.654433
114.654433
114.654433
114.654433
114.654433
114.654433
114.654433
114.654433
114.654433
114.654433
114.654433
114.654433
114.654433
114.654433
114.654433
114.654433
114.654433
114.654433
114.654433
114.654433
114.654433
114.654433
114.654433
114.654433
114.654433
114.654433
114.654433
114.654433
114.654433
114.654433
114.654433
114.654433
114.654433
114.654433
114.654433
114.654433
114.654433
114.654433
114.654433
114.654433
114.654433
114.654433
114.654433
114.654433
114.654433
114.654433
114.654433
114.654433
114.654433
114.654433
114.654433
114.654433
114.654433
114.654433
114.654433
114.654433
114.654433
114.654433
114.654433
114.654433
114.654433
114.654433
114.654433
114.654433
114.654433
114.654433
114.654433
114.654433
114.654433
114.654433
114.654433
114.654433
114.654433
114.654433
114.654433
114.654433
114.654433
114.654433
114.654433
114.654433
114.654433
114.654433
114.654433
114.654433
114.654433
114.654433
114.654433
114.654433
114.654433
114.654433
114.654433
114.654433
114.654433
114.654433
114.654433
114.654433
114.654433
114.654433
114.654433
114.654433
114.654433
114.654433
114.654433
114.654433
114.654433
114.654433
114.654433
114.654433
114.654433
114.654433
114.654433
114.654433
114.654433
114.654433
114.654433
114.654433
114.654433
114.654433
114.654433
114.654433
114.654433
114.654433
114.654433
114.654433
114.654433
114.654433
114.654433
114.654433
114.654433
114.654433
114.654433
114.654433
114.654433
114.654433
114.654433
114.654433
114.654433
114.654433
114.654433
114.654433
114.654433
114.654433
114.654433
114.654433
114.654433
114.654433
114.654433
114.654433
114.654433
114.654433
114.654433
114.654433
114.654433
114.654433
114.654433
114.654433
114.654433
114.654433
114.654433
114.654433
114.654433
114.654433
114.654433
114.654433
114.654433
114.654433
114.654433
114.654433
114.654433
114.654433
114.654433
114.654433
114.654433
114.654433
114.654433
114.654433
114.654433
114.654433
114.654433
114.654433
114.654433
114.654433
114.654433
114.654433
114.654433
114.654433
114.654433
114.654433
114.654433
114.654433
114.654433
114.654433
114.654433
114.654433
114.654433
114.654433
114.654433
114.654433
114.654433
114.654433
114.654433
114.654433
114.654433
114.654433
114.654433
114.654433
114.654433
114.654433
114.654433
114.654433
114.654433
114.654433
114.654433
114.654433
114.654433
114.654433
114.654433
114.654433
114.654433
114.654433
114.654433
114.654433
114.654433
114.654433
114.654433
114.654433
114.654433
114.654433
114.654433
114.654433
114.654433
114.654433
114.654433
114.654433
114.654433
114.654433
114.654433
114.654433
114.654433
114.654433
114.654433
114.654433
114.654433
114.654433
114.654433
114.654433
114.654433
114.654433
114.654433
114.654433
114.654433
114.654433
114.654433
114.654433
114.654433
114.654433
114.654433
114.654433
114.654433
114.654433
114.654433
114.654433
114.654433
114.654433
114.654433
114.654433
114.654433
114.654433
114.654433
114.654433
114.654433
114.654433
114.654433
114.654433
114.654433
114.654433
114.654433
114.654433
114.654433
114.654433
114.654433
114.654433
114.654433
114.654433
114.654433
114.654433
114.654433
114.654433
114.654433
114.654433
114.654433
114.654433
114.654433
114.654433
114.654433
114.654433
114.654433
114.654433
114.654433
114.654433
114.654433
114.654433
114.654433
114.654433
114.654433
114.654433
114.654433
114.654433
114.654433
114.654433
114.654433
114.654433
114.654433
114.654433
114.654433
114.654433
114.654433
114.654433
114.654433
114.654433
114.654433
114.654433
114.654433
114.654433
114.654433
114.654433
114.654433
114.654433
114.654433
114.654433
114.654433
114.654433
114.654433
114.654433
114.654433
114.654433
114.654433
114.654433
114.654433
114.654433
114.654433
114.654433
114.654433
114.654433
114.654433
114.654433
114.654433
114.654433
114.654433
114.654433
114.654433
114.654433
114.654433
114.654433
114.654433
114.654433
114.654433
114.654433
114.654433
114.654433
114.654433
114.654433
114.654433
114.654433
114.654433
114.654433
114.654433
114.654433
114.654433
114.654433
114.654433
114.654433
114.654433
114.654433
114.654433
114.654433
114.654433
114.654433
114.654433
114.654433
114.654433
114.654433
114.654433
114.654433
114.654433
114.654433
114.654433
114.654433
114.654433
114.654433
114.654433
114.654433
114.654433
114.654433
114.654433
114.654433
114.654433
114.654433
114.654433
114.654433
114.654433
114.654433
114.654433
114.654433
114.654433
114.654433
114.654433
114.654433
114.654433
114.654433
114.654433
114.654433
114.654433
114.654433
114.654433
114.654433
114.654433
114.654433
114.654433
114.654433
114.654433
114.654433
114.654433
114.654433
114.654433
114.654433
114.654433
114.654433
114.654433
114.654433
114.654433
114.654433
114.654433
114.654433
114.654433
114.654433
114.654433
114.654433
114.654433
114.654433
114.654433
114.654433
114.654433
114.654433
114.654433
114.654433
114.654433
114.654433
114.654433
114.654433
114.654433
114.654433
114.654433
114.654433
114.654433
114.654433
114.654433
114.654433
114.654433
114.654433
114.654433
114.654433
114.654433
114.654433
114.654433
114.654433
114.654433
114.654433
114.654433
114.654433
114.654433
114.654433
114.654433
114.654433
114.654433
114.654433
114.654433
114.654433
114.654433
114.654433
114.654433
114.654433
114.654433
114.654433
114.654433
114.654433
114.654433
114.654433
114.654433
114.654433
114.654433
114.654433
114.654433
114.654433
114.654433
114.654433
114.654433
114.654433
114.654433
114.654433
114.654433
114.654433
114.654433
114.654433
114.654433
114.654433
114.654433
114.654433
114.654433
114.654433
114.654433
114.654433
114.654433
114.654433
114.654433
114.654433
114.654433
114.654433
114.654433
114.654433
114.654433
114.654433
114.654433
114.654433
114.654433
114.654433
114.654433
114.654433
114.654433
114.654433
114.654433
114.654433
114.654433
114.654433
114.654433
114.654433
114.654433
114.654433
114.654433
114.654433
114.654433
114.654433
114.654433
114.654433
114.654433
114.654433
114.654433
114.654433
114.654433
114.654433
114.654433
114.654433
114.654433
114.654433
114.654433
114.654433
114.654433
114.654433
114.654433
114.654433
114.654433
114.654433
114.654433
114.654433
114.654433
114.654433
114.654433
114.654433
114.654433
114.654433
114.654433
114.654433
114.654433
114.654433
114.654433
114.654433
114.654433
114.654433
114.654433
114.654433
114.654433
114.654433
114.654433
114.654433
114.654433
114.654433
114.654433
114.654433
114.654433
114.654433
114.654433
114.654433
114.654433
114.654433
114.654433
114.654433
114.654433
114.654433
114.654433
114.654433
114.654433
114.654433
114.654433
114.654433
114.654433
114.654433
114.654433
114.654433
114.654433
114.654433
114.654433
114.654433
114.654433
114.654433
114.654433
114.654433
114.654433
114.654433
114.654433
114.654433
114.654433
114.654433
114.654433
114.654433
114.654433
114.654433
114.654433
114.654433
114.654433
114.654433
114.654433
114.654433
114.654433
114.654433
114.654433
114.654433
114.654433
114.654433
114.654433
114.654433
114.654433
114.654433
114.654433
114.654433
114.654433
114.654433
114.654433
114.654433
114.654433
114.654433
114.654433
114.654433
114.654433
114.654433
114.654433
114.654433
114.654433
114.654433
114.654433
114.654433
114.654433
114.654433
114.654433
114.654433
114.654433
114.654433
114.654433
114.654433
114.654433
114.654433
114.654433
114.654433
114.654433
114.654433
114.654433
114.654433
114.654433
114.654433
114.654433
114.654433
114.654433
114.654433
114.654433
114.654433
114.654433
114.654433
114.654433
114.654433
114.654433
114.654433
114.654433
114.654433
114.654433
114.654433
114.654433
114.654433
114.654433
114.654433
114.654433
114.654433
114.654433
114.654433
114.654433
114.654433
114.654433
114.654433
114.654433
114.654433
114.654433
114.654433
114.654433
114.654433
114.654433
114.654433
114.654433
114.654433
114.654433
114.654433
114.654433
114.654433
114.654433
114.654433
114.654433
114.654433
114.654433
114.654433
114.654433
114.654433
114.654433
114.654433
114.654433
114.654433
114.654433
114.654433
114.654433
114.654433
114.654433
114.654433
114.654433
114.654433
114.654433
114.654433
114.654433
114.654433
114.654433
114.654433
114.654433
114.654433
114.654433
114.654433
114.654433
114.654433
114.654433
114.654433
114.654433
114.654433
114.654433
114.654433
114.654433
114.654433
114.654433
114.654433
114.654433
114.654433
114.654433
114.654433
114.654433
114.654433
114.654433
114.654433
114.654433
114.654433
114.654433
114.654433
114.654433
114.654433
114.654433
114.654433
114.654433
114.654433
114.654433
114.654433
114.654433
114.654433
114.654433
114.654433
114.654433
114.654433
114.654433
114.654433
114.654433
114.654433
114.654433
114.654433
114.654433
114.654433
114.654433
114.654433
114.654433
114.654433
114.654433
114.654433
114.654433
114.654433
114.654433
114.654433
114.654433
114.654433
114.654433
114.654433
114.654433
114.654433
114.654433
114.654433
114.654433
114.654433
114.654433
114.654433
114.654433
114.654433
114.654433
114.654433
114.654433
114.654433
114.654433
114.654433
114.654433
114.654433
114.654433
114.654433
114.654433
114.654433
114.654433
114.654433
114.654433
114.654433
114.654433
114.654433
114.654433
114.654433
114.654433
114.654433
114.654433
114.654433
114.654433
114.654433
114.654433
114.654433
114.654433
114.654433
114.654433
114.654433
114.654433
114.654433
114.654433
114.654433
114.654433
114.654433
114.654433
114.654433
114.654433
114.654433
114.654433
114.654433
114.654433
114.654433
114.654433
114.654433
114.654433
114.654433
114.654433
114.654433
114.654433
114.654433
114.654433
114.654433
114.654433
114.654433
114.654433
114.654433
114.654433
114.654433
114.654433
114.654433
114.654433
114.654433
114.654433
114.654433
114.654433
114.654433
114.654433
114.654433
114.654433
114.654433
114.654433
114.654433
114.654433
114.654433
114.654433
114.654433
114.654433
114.654433
114.654433
114.654433
114.654433
114.654433
114.654433
114.654433
114.654433
114.654433
114.654433
114.654433
114.654433
114.654433
114.654433
114.654433
114.654433
114.654433
114.654433
114.654433
114.654433
114.654433
114.654433
114.654433
114.654433
114.654433
114.654433
114.654433
114.654433
114.654433
114.654433
114.654433
114.654433
114.654433
114.654433
114.654433
114.654433
114.654433
114.654433
114.654433
114.654433
114.654433
114.654433
114.654433
114.654433
114.654433
114.654433
114.654433
114.654433
114.654433
114.654433
114.654433
114.654433
114.654433
114.654433
114.654433
114.654433
114.654433
114.654433
114.654433
114.654433
114.654433
114.654433
114.654433
114.654433
114.654433
114.654433
114.654433
114.654433
114.654433
114.654433
114.654433
114.654433
114.654433
114.654433
114.654433
114.654433
114.654433
114.654433
114.654433
114.654433
114.654433
114.654433
114.654433
114.654433
114.654433
114.654433
114.654433
114.654433
114.654433
114.654433
114.654433
114.654433
114.654433
114.654433
114.654433
114.654433
114.654433
114.654433
114.654433
114.654433
114.654433
114.654433
114.654433
114.654433
114.654433
114.654433
114.654433
114.654433
114.654433
114.654433
114.654433
114.654433
114.654433
114.654433
114.654433
114.654433
114.654433
114.654433
114.654433
114.654433
114.654433
114.654433
114.654433
114.654433
114.654433
114.654433
114.654433
114.654433
114.654433
114.654433
114.654433
114.654433
114.654433
114.654433
114.654433
114.654433
114.654433
114.654433
114.654433
114.654433
114.654433
114.654433
114.654433
114.654433
114.654433
114.654433
114.654433
114.654433
114.654433
114.654433
114.654433
114.654433
114.654433
114.654433
114.654433
114.654433
114.654433
114.654433
114.654433
114.654433
114.654433
114.654433
114.654433
114.654433
114.654433
114.654433
114.654433
114.654433
114.654433
114.654433
114.654433
114.654433
114.654433
114.654433
114.654433
114.654433
114.654433
114.654433
114.654433
114.654433
114.654433
114.654433
114.654433
114.654433
114.654433
114.654433
114.654433
114.654433
114.654433
114.654433
114.654433
114.654433
114.654433
114.654433
114.654433
114.654433
114.654433
114.654433
114.654433
114.654433
114.654433
114.654433
114.654433
114.654433
114.654433
114.654433
114.654433
114.654433
114.654433
114.654433
114.654433
114.654433
114.654433
114.654433
114.654433
114.654433
114.654433
114.654433
114.654433
114.654433
114.654433
114.654433
114.654433
114.654433
114.654433
114.654433
114.654433
114.654433
114.654433
114.654433
114.654433
114.654433
114.654433
114.654433
114.654433
114.654433
114.654433
114.654433
114.654433
114.654433
114.654433
114.654433
114.654433
114.654433
114.654433
114.654433
114.654433
114.654433
114.654433
114.654433
114.654433
114.654433
114.654433
114.654433
114.654433
114.654433
114.654433
114.654433
114.654433
114.654433
114.654433
114.654433
114.654433
114.654433
114.654433
114.654433
114.654433
114.654433
114.654433
114.654433
114.654433
114.654433
114.654433
114.654433
114.654433
114.654433
114.654433
114.654433
114.654433
114.654433
114.654433
114.654433
114.654433
114.654433
114.654433
114.654433
114.654433
114.654433
114.654433
114.654433
114.654433
114.654433
114.654433
114.654433
114.654433
114.654433
114.654433
114.654433
114.654433
114.654433
114.654433
114.654433
114.654433
114.654433
114.654433
114.654433
114.654433
114.654433
114.654433
114.654433
114.654433
114.654433
114.654433
114.654433
114.654433
114.654433
114.654433
114.654433
114.654433
114.654433
114.654433
114.654433
114.654433
114.654433
114.654433
114.654433
114.654433
114.654433
114.654433
114.654433
114.654433
114.654433
114.654433
114.654433
114.654433
114.654433
114.654433
114.654433
114.654433
114.654433
114.654433
114.654433
114.654433
114.654433
114.654433
114.654433
114.654433
114.654433
114.654433
114.654433
114.654433
114.654433
114.654433
114.654433
114.654433
114.654433
114.654433
114.654433
114.654433
114.654433
114.654433
114.654433
114.654433
114.654433
114.654433
114.654433
114.654433
114.654433
114.654433
114.654433
114.654433
114.654433
114.654433
114.654433
114.654433
114.654433
114.654433
114.654433
114.654433
114.654433
114.654433
114.654433
114.654433
114.654433
114.654433
114.654433
114.654433
114.654433
114.654433
114.654433
114.654433
114.654433
114.654433
114.654433
114.654433
114.654433
114.654433
114.654433
114.654433
114.654433
114.654433
114.654433
114.654433
114.654433
114.654433
114.654433
114.654433
114.654433
114.654433
114.654433
114.654433
114.654433
114.654433
114.654433
114.654433
114.654433
114.654433
114.654433
114.654433
114.654433
114.654433
114.654433
114.654433
114.654433
114.654433
114.654433
114.654433
114.654433
114.654433
114.654433
114.654433
114.654433
114.654433
114.654433
114.654433
114.654433
114.654433
114.654433
114.654433
114.654433
114.654433
114.654433
114.654433
114.654433
114.654433
114.654433
114.654433
114.654433
114.654433
114.654433
114.654433
114.654433
114.654433
114.654433
114.654433
114.654433
114.654433
114.654433
114.654433
114.654433
114.654433
114.654433
114.654433
114.654433
114.654433
114.654433
114.654433
114.654433
114.654433
114.654433
114.654433
114.654433
114.654433
114.654433
114.654433
114.654433
114.654433
114.654433
114.654433
114.654433
114.654433
114.654433
114.654433
114.654433
114.654433
114.654433
114.654433
114.654433
114.654433
114.654433
114.654433
114.654433
114.654433
114.654433
114.654433
114.654433
114.654433
114.654433
114.654433
114.654433
114.654433
114.654433
114.654433
114.654433
114.654433
114.654433
114.654433
114.654433
114.654433
114.654433
114.654433
114.654433
114.654433
114.654433
114.654433
114.654433
114.654433
114.654433
114.654433
114.654433
114.654433
114.654433
114.654433
114.654433
114.654433
114.654433
114.654433
114.654433
114.654433
114.654433
114.654433
114.654433
114.654433
114.654433
114.654433
114.654433
114.654433
114.654433
114.654433
114.654433
114.654433
114.654433
114.654433
114.654433
114.654433
114.654433
114.654433
114.654433
114.654433
114.654433
114.654433
114.654433
114.654433
114.654433
114.654433
114.654433
114.654433
114.654433
114.654433
114.654433
114.654433
114.654433
114.654433
114.654433
114.654433
114.654433
114.654433
114.654433
114.654433
114.654433
114.654433
114.654433
114.654433
114.654433
114.654433
114.654433
114.654433
114.654433
114.654433
114.654433
114.654433
114.654433
114.654433
114.654433
114.654433
114.654433
114.654433
114.654433
114.654433
114.654433
114.654433
114.654433
114.654433
114.654433
114.654433
114.654433
114.654433
114.654433
114.654433
114.654433
114.654433
114.654433
114.654433
114.654433
114.654433
114.654433
114.654433
114.654433
114.654433
114.654433
114.654433
114.654433
114.654433
114.654433
114.654433
114.654433
114.654433
114.654433
114.654433
114.654433
114.654433
114.654433
114.654433
114.654433
114.654433
114.654433
114.654433
114.654433
114.654433
114.654433
114.654433
114.654433
114.654433
114.654433
114.654433
114.654433
114.654433
114.654433
114.654433
114.654433
114.654433
114.654433
114.654433
114.654433
114.654433
114.654433
114.654433
114.654433
114.654433
114.654433
114.654433
114.654433
114.654433
114.654433
114.654433
114.654433
114.654433
114.654433
114.654433
114.654433
114.654433
114.654433
114.654433
114.654433
114.654433
114.654433
114.654433
114.654433
114.654433
114.654433
114.654433
114.654433
114.654433
114.654433
114.654433
114.654433
114.654433
114.654433
114.654433
114.654433
114.654433
114.654433
114.654433
114.654433
114.654433
114.654433
114.654433
114.654433
114.654433
114.654433
114.654433
114.654433
114.654433
114.654433
114.654433
114.654433
114.654433
114.654433
114.654433
114.654433
114.654433
114.654433
114.654433
114.654433
114.654433
114.654433
114.654433
114.654433
114.654433
114.654433
114.654433
114.654433
114.654433
114.654433
114.654433
114.654433
114.654433
114.654433
114.654433
114.654433
114.654433
114.654433
114.654433
114.654433
114.654433
114.654433
114.654433
114.654433
114.654433
114.654433
114.654433
114.654433
114.654433
114.654433
114.654433
114.654433
114.654433
114.654433
114.654433
114.654433
114.654433
114.654433
114.654433
114.654433
114.654433
114.654433
114.654433
114.654433
114.654433
114.654433
114.654433
114.654433
114.654433
114.654433
114.654433
114.654433
114.654433
114.654433
114.654433
114.654433
114.654433
114.654433
114.654433
114.654433
114.654433
114.654433
114.654433
114.654433
114.654433
114.654433
114.654433
114.654433
114.654433
114.654433
114.654433
114.654433
114.654433
114.654433
114.654433
114.654433
114.654433
114.654433
114.654433
114.654433
114.654433
114.654433
114.654433
114.654433
114.654433
114.654433
114.654433
114.654433
114.654433
114.654433
114.654433
114.654433
114.654433
114.654433
114.654433
114.654433
114.654433
114.654433
114.654433
114.654433
114.654433
114.654433
114.654433
114.654433
114.654433
114.654433
114.654433
114.654433
114.654433
114.654433
114.654433
114.654433
114.654433
114.654433
114.654433
114.654433
114.654433
114.654433
114.654433
114.654433
114.654433
114.654433
114.654433
114.654433
114.654433
114.654433
114.654433
114.654433
114.654433
114.654433
114.654433
114.654433
114.654433
114.654433
114.654433
114.654433
114.654433
114.654433
114.654433
114.654433
114.654433
114.654433
114.654433
114.654433
114.654433
114.654433
114.654433
114.654433
114.654433
114.654433
114.654433
114.654433
114.654433
114.654433
114.654433
114.654433
114.654433
114.654433
114.654433
114.654433
114.654433
114.654433
114.654433
114.654433
114.654433
114.654433
114.654433
114.654433
114.654433
114.654433
114.654433
114.654433
114.654433
114.654433
114.654433
114.654433
114.654433
114.654433
114.654433
114.654433
114.654433
114.654433
114.654433
114.654433
114.654433
114.654433
114.654433
114.654433
114.654433
114.654433
114.654433
114.654433
114.654433
114.654433
114.654433
114.654433
114.654433
114.654433
114.654433
114.654433
114.654433
114.654433
114.654433
114.654433
114.654433
114.654433
114.654433
114.654433
114.654433
114.654433
114.654433
114.654433
114.654433
114.654433
114.654433
114.654433
114.654433
114.654433
114.654433
114.654433
114.654433
114.654433
114.654433
114.654433
114.654433
114.654433
114.654433
114.654433
114.654433
114.654433
114.654433
114.654433
114.654433
114.654433
114.654433
114.654433
114.654433
114.654433
114.654433
114.654433
114.654433
114.654433
114.654433
114.654433
114.654433
114.654433
114.654433
114.654433
114.654433
114.654433
114.654433
114.654433
114.654433
114.654433
114.654433
114.654433
114.654433
114.654433
114.654433
114.654433
114.654433
114.654433
114.654433
114.654433
114.654433
114.654433
114.654433
114.654433
114.654433
114.654433
114.654433
114.654433
114.654433
114.654433
114.654433
114.654433
114.654433
114.654433
114.654433
114.654433
114.654433
114.654433
114.654433
114.654433
114.654433
114.654433
114.654433
114.654433
114.654433
114.654433
114.654433
114.654433
114.654433
114.654433
114.654433
114.654433
114.654433
114.654433
114.654433
114.654433
114.654433
114.654433
114.654433
114.654433
114.654433
114.654433
114.654433
114.654433
114.654433
114.654433
114.654433
114.654433
114.654433
114.654433
114.654433
114.654433
114.654433
114.654433
114.654433
114.654433
114.654433
114.654433
114.654433
114.654433
114.654433
114.654433
114.654433
114.654433
114.654433
114.654433
114.654433
114.654433
114.654433
114.654433
114.654433
114.654433
114.654433
114.654433
114.654433
114.654433
114.654433
114.654433
114.654433
114.654433
114.654433
114.654433
114.654433
114.654433
114.654433
114.654433
114.654433
114.654433
114.654433
114.654433
114.654433
114.654433
114.654433
114.654433
114.654433
114.654433
114.654433
114.654433
114.654433
114.654433
114.654433
114.654433
114.654433
114.654433
114.654433
114.654433
114.654433
114.654433
114.654433
114.654433
114.654433
114.654433
114.654433
114.654433
114.654433
114.654433
114.654433
114.654433
114.654433
114.654433
114.654433
114.654433
114.654433
114.654433
114.654433
114.654433
114.654433
114.654433
114.654433
114.654433
114.654433
114.654433
114.654433
114.654433
114.654433
114.654433
114.654433
114.654433
114.654433
114.654433
114.654433
114.654433
114.654433
114.654433
114.654433
114.654433
114.654433
114.654433
114.654433
114.654433
114.654433
114.654433
114.654433
114.654433
114.654433
114.654433
114.654433
114.654433
114.654433
114.654433
114.654433
114.654433
114.654433
114.654433
114.654433
114.654433
114.654433
114.654433
114.654433
114.654433
114.654433
114.654433
114.654433
114.654433
114.654433
114.654433
114.654433
114.654433
114.654433
114.654433
114.654433
114.654433
114.654433
114.654433
114.654433
114.654433
114.654433
114.654433
114.654433
114.654433
114.654433
114.654433
114.654433
114.654433
114.654433
114.654433
114.654433
114.654433
114.654433
114.654433
114.654433
114.654433
114.654433
114.654433
114.654433
114.654433
114.654433
114.654433
114.654433
114.654433
114.654433
114.654433
114.654433
114.654433
114.654433
114.654433
114.654433
114.654433
114.654433
114.654433
114.654433
114.654433
114.654433
114.654433
114.654433
114.654433
114.654433
114.654433
114.654433
114.654433
114.654433
114.654433
114.654433
114.654433
114.654433
114.654433
114.654433
114.654433
114.654433
114.654433
114.654433
114.654433
114.654433
114.654433
114.654433
114.654433
114.654433
114.654433
114.654433
114.654433
114.654433
114.654433
114.654433
114.654433
114.654433
114.654433
114.654433
114.654433
114.654433
114.654433
114.654433
114.654433
114.654433
114.654433
114.654433
114.654433
114.654433
114.654433
114.654433
114.654433
114.654433
114.654433
114.654433
114.654433
114.654433
114.654433
114.654433
114.654433
114.654433
114.654433
114.654433
114.654433
114.654433
114.654433
114.654433
114.654433
114.654433
114.654433
114.654433
114.654433
114.654433
114.654433
114.654433
114.654433
114.654433
114.654433
114.654433
114.654433
114.654433
114.654433
114.654433
114.654433
114.654433
114.654433
114.654433
114.654433
114.654433
114.654433
114.654433
114.654433
114.654433
114.654433
114.654433
114.654433
114.654433
114.654433
114.654433
114.654433
114.654433
114.654433
114.654433
114.654433
114.654433
114.654433
114.654433
114.654433
114.654433
114.654433
114.654433
114.654433
114.654433
114.654433
114.654433
114.654433
114.654433
114.654433
114.654433
114.654433
114.654433
114.654433
114.654433
114.654433
114.654433
114.654433
114.654433
114.654433
114.654433
114.654433
114.654433
114.654433
114.654433
114.654433
114.654433
114.654433
114.654433
114.654433
114.654433
114.654433
114.654433
114.654433
114.654433
114.654433
114.654433
114.654433
114.654433
114.654433
114.654433
114.654433
114.654433
114.654433
114.654433
114.654433
114.654433
114.654433
114.654433
114.654433
114.654433
114.654433
114.654433
114.654433
114.654433
114.654433
114.654433
114.654433
114.654433
114.654433
114.654433
114.654433
114.654433
114.654433
114.654433
114.654433
114.654433
114.654433
114.654433
114.654433
114.654433
114.654433
114.654433
114.654433
114.654433
114.654433
114.654433
114.654433
114.654433
114.654433
114.654433
114.654433
114.654433
114.654433
114.654433
114.654433
114.654433
114.654433
114.654433
114.654433
114.654433
114.654433
114.654433
114.654433
114.654433
114.654433
114.654433
114.654433
114.654433
114.654433
114.654433
114.654433
114.654433
114.654433
114.654433
114.654433
114.654433
114.654433
114.654433
114.654433
114.654433
114.654433
114.654433
114.654433
114.654433
114.654433
114.654433
114.654433
114.654433
114.654433
114.654433
114.654433
114.654433
114.654433
114.654433
114.654433
114.654433
114.654433
114.654433
114.654433
114.654433
114.654433
114.654433
114.654433
114.654433
114.654433
114.654433
114.654433
114.654433
114.654433
114.654433
114.654433
114.654433
114.654433
114.654433
114.654433
114.654433
114.654433
114.654433
114.654433
114.654433
114.654433
114.654433
114.654433
114.654433
114.654433
114.654433
114.654433
114.654433
114.654433
114.654433
114.654433
114.654433
114.654433
114.654433
114.654433
114.654433
114.654433
114.654433
114.654433
114.654433
114.654433
114.654433
114.654433
114.654433
114.654433
114.654433
114.654433
114.654433
114.654433
114.654433
114.654433
114.654433
114.654433
114.654433
114.654433
114.654433
114.654433
114.654433
114.654433
114.654433
114.654433
114.654433
114.654433
114.654433
114.654433
114.654433
114.654433
114.654433
114.654433
114.654433
114.654433
114.654433
114.654433
114.654433
114.654433
114.654433
114.654433
114.654433
114.654433
114.654433
114.654433
114.654433
114.654433
114.654433
114.654433
114.654433
114.654433
114.654433
114.654433
114.654433
114.654433
114.654433
114.654433
114.654433
114.654433
114.654433
114.654433
114.654433
114.654433
114.654433
114.654433
114.654433
114.654433
114.654433
114.654433
114.654433
114.654433
114.654433
114.654433
114.654433
114.654433
114.654433
114.654433
114.654433
114.654433
114.654433
114.654433
114.654433
114.654433
114.654433
114.654433
114.654433
114.654433
114.654433
114.654433
114.654433
114.654433
114.654433
114.654433
114.654433
114.654433
114.654433
114.654433
114.654433
114.654433
114.654433
114.654433
114.654433
114.654433
114.654433
114.654433
114.654433
114.654433
114.654433
114.654433
114.654433
114.654433
114.654433
114.654433
114.654433
114.654433
114.654433
114.654433
114.654433
114.654433
114.654433
114.654433
114.654433
114.654433
114.654433
114.654433
114.654433
114.654433
114.654433
114.654433
114.654433
114.654433
114.654433
114.654433
114.654433
114.654433
114.654433
114.654433
114.654433
114.654433
114.654433
114.654433
114.654433
114.654433
114.654433
114.654433
114.654433
114.654433
114.654433
114.654433
114.654433
114.654433
114.654433
114.654433
114.654433
114.654433
114.654433
114.654433
114.654433
114.654433
114.654433
114.654433
114.654433
114.654433
114.654433
114.654433
114.654433
114.654433
114.654433
114.654433
114.654433
114.654433
114.654433
114.654433
114.654433
114.654433
114.654433
114.654433
114.654433
114.654433
114.654433
114.654433
114.654433
114.654433
114.654433
114.654433
114.654433
114.654433
114.654433
114.654433
114.654433
114.654433
114.654433
114.654433
114.654433
114.654433
114.654433
114.654433
114.654433
114.654433
114.654433
114.654433
114.654433
114.654433
114.654433
114.654433
114.654433
114.654433
114.654433
114.654433
114.654433
114.654433
114.654433
114.654433
114.654433
114.654433
114.654433
114.654433
114.654433
114.654433
114.654433
114.654433
114.654433
114.654433
114.654433
114.654433
114.654433
114.654433
114.654433
114.654433
114.654433
114.654433
114.654433
114.654433
114.654433
114.654433
114.654433
114.654433
114.654433
114.654433
114.654433
114.654433
114.654433
114.654433
114.654433
114.654433
114.654433
114.654433
114.654433
114.654433
114.654433
114.654433
114.654433
114.654433
114.654433
114.654433
114.654433
114.654433
114.654433
114.654433
114.654433
114.654433
114.654433
114.654433
114.654433
114.654433
114.654433
114.654433
114.654433
114.654433
114.654433
114.654433
114.654433
114.654433
114.654433
114.654433
114.654433
114.654433
114.654433
114.654433
114.654433
114.654433
114.654433
114.654433
114.654433
114.654433
114.654433
114.654433
114.654433
114.654433
114.654433
114.654433
114.654433
114.654433
114.654433
114.654433
114.654433
114.654433
114.654433
114.654433
114.654433
114.654433
114.654433
114.654433
114.654433
114.654433
114.654433
114.654433
114.654433
114.654433
114.654433
114.654433
114.654433
114.654433
114.654433
114.654433
114.654433
114.654433
114.654433
114.654433
114.654433
114.654433
114.654433
114.654433
114.654433
114.654433
114.654433
114.654433
114.654433
114.654433
114.654433
114.654433
114.654433
114.654433
114.654433
114.654433
114.654433
114.654433
114.654433
114.654433
114.654433
114.654433
114.654433
114.654433
114.654433
114.654433
114.654433
114.654433
114.654433
114.654433
114.654433
114.654433
114.654433
114.654433
114.654433
114.654433
114.654433
114.654433
114.654433
114.654433
114.654433
114.654433
114.654433
114.654433
114.654433
114.654433
114.654433
114.654433
114.654433
114.654433
114.654433
114.654433
114.654433
114.654433
114.654433
114.654433
114.654433
114.654433
114.654433
114.654433
114.654433
114.654433
114.654433
114.654433
114.654433
114.654433
114.654433
114.654433
114.654433
114.654433
114.654433
114.654433
114.654433
114.654433
114.654433
114.654433
114.654433
114.654433
114.654433
114.654433
114.654433
114.654433
114.654433
114.654433
114.654433
114.654433
114.654433
114.654433
114.654433
114.654433
114.654433
114.654433
114.654433
114.654433
114.654433
114.654433
114.654433
114.654433
114.654433
114.654433
114.654433
114.654433
114.654433
114.654433
114.654433
114.654433
114.654433
114.654433
114.654433
114.654433
114.654433
114.654433
114.654433
114.654433
114.654433
114.654433
114.654433
114.654433
114.654433
114.654433
114.654433
114.654433
114.654433
114.654433
114.654433
114.654433
114.654433
114.654433
114.654433
114.654433
114.654433
114.654433
114.654433
114.654433
114.654433
114.654433
114.654433
114.654433
114.654433
114.654433
114.654433
114.654433
114.654433
114.654433
114.654433
114.654433
114.654433
114.654433
114.654433
114.654433
114.654433
114.654433
114.654433
114.654433
114.654433
114.654433
114.654433
114.654433
114.654433
114.654433
114.654433
114.654433
114.654433
114.654433
114.654433
114.654433
114.654433
114.654433
114.654433
114.654433
114.654433
114.654433
114.654433
114.654433
114.654433
114.654433
114.654433
114.654433
114.654433
114.654433
114.654433
114.654433
114.654433
114.654433
114.654433
114.654433
114.654433
114.654433
114.654433
114.654433
114.654433
114.654433
114.654433
114.654433
114.654433
114.654433
114.654433
114.654433
114.654433
114.654433
114.654433
114.654433
114.654433
114.654433
114.654433
114.654433
114.654433
114.654433
114.654433
114.654433
114.654433
114.654433
114.654433
114.654433
114.654433
114.654433
114.654433
114.654433
114.654433
114.654433
114.654433
114.654433
114.654433
114.654433
114.654433
114.654433
114.654433
114.654433
114.654433
114.654433
114.654433
114.654433
114.654433
114.654433
114.654433
114.654433
114.654433
114.654433
114.654433
114.654433
114.654433
114.654433
114.654433
114.654433
114.654433
114.654433
114.654433
114.654433
114.654433
114.654433
114.654433
114.654433
114.654433
114.654433
114.654433
114.654433
114.654433
114.654433
114.654433
114.654433
114.654433
114.654433
114.654433
114.654433
114.654433
114.654433
114.654433
114.654433
114.654433
114.654433
114.654433
114.654433
114.654433
114.654433
114.654433
114.654433
114.654433
114.654433
114.654433
114.654433
114.654433
114.654433
114.654433
114.654433
114.654433
114.654433
114.654433
114.654433
114.654433
114.654433
114.654433
114.654433
114.654433
114.654433
114.654433
114.654433
114.654433
114.654433
114.654433
114.654433
114.654433
114.654433
114.654433
114.654433
114.654433
114.654433
114.654433
114.654433
114.654433
114.654433
114.654433
114.654433
114.654433
114.654433
114.654433
114.654433
114.654433
114.654433
114.654433
114.654433
114.654433
114.654433
114.654433
114.654433
114.654433
114.654433
114.654433
114.654433
114.654433
114.654433
114.654433
114.654433
114.654433
114.654433
114.654433
114.654433
114.654433
114.654433
114.654433
114.654433
114.654433
114.654433
114.654433
114.654433
114.654433
114.654433
114.654433
114.654433
114.654433
114.654433
114.654433
114.654433
114.654433
114.654433
114.654433
114.654433
114.654433
114.654433
114.654433
114.654433
114.654433
114.654433
114.654433
114.654433
114.654433
114.654433
114.654433
114.654433
114.654433
114.654433
114.654433
114.654433
114.654433
114.654433
114.654433
114.654433
114.654433
114.654433
114.654433
114.654433
114.654433
114.654433
114.654433
114.654433
114.654433
114.654433
114.654433
114.654433
114.654433
114.654433
114.654433
114.654433
114.654433
114.654433
114.654433
114.654433
114.654433
114.654433
114.654433
114.654433
114.654433
114.654433
114.654433
114.654433
114.654433
114.654433
114.654433
114.654433
114.654433
114.654433
114.654433
114.654433
114.654433
114.654433
114.654433
114.654433
114.654433
114.654433
114.654433
114.654433
114.654433
114.654433
114.654433
114.654433
114.654433
114.654433
114.654433
114.654433
114.654433
114.654433
114.654433
114.654433
114.654433
114.654433
114.654433
114.654433
114.654433
114.654433
114.654433
114.654433
114.654433
114.654433
114.654433
114.654433
114.654433
114.654433
114.654433
114.654433
114.654433
114.654433
114.654433
114.654433
114.654433
114.654433
114.654433
114.654433
114.654433
114.654433
114.654433
114.654433
114.654433
114.654433
114.654433
114.654433
114.654433
114.654433
114.654433
114.654433
114.654433
114.654433
114.654433
114.654433
114.654433
114.654433
114.654433
114.654433
114.654433
114.654433
114.654433
114.654433
114.654433
114.654433
114.654433
114.654433
114.654433
114.654433
114.654433
114.654433
114.654433
114.654433
114.654433
114.654433
114.654433
114.654433
114.654433
114.654433
114.654433
114.654433
114.654433
114.654433
114.654433
114.654433
114.654433
114.654433
114.654433
114.654433
114.654433
114.654433
114.654433
114.654433
114.654433
114.654433
114.654433
114.654433
114.654433
114.654433
114.654433
114.654433
114.654433
114.654433
114.654433
114.654433
114.654433
114.654433
114.654433
114.654433
114.654433
114.654433
114.654433
114.654433
114.654433
114.654433
114.654433
114.654433
114.654433
114.654433
114.654433
114.654433
114.654433
114.654433
114.654433
114.654433
114.654433
114.654433
114.654433
114.654433
114.654433
114.654433
114.654433
114.654433
114.654433
114.654433
114.654433
114.654433
114.654433
114.654433
114.654433
114.654433
114.654433
114.654433
114.654433
114.654433
114.654433
114.654433
114.654433
114.654433
114.654433
114.654433
114.654433
114.654433
114.654433
114.654433
114.654433
114.654433
114.654433
114.654433
114.654433
114.654433
114.654433
114.654433
114.654433
114.654433
114.654433
114.654433
114.654433
114.654433
114.654433
114.654433
114.654433
114.654433
114.654433
114.654433
114.654433
114.654433
114.654433
114.654433
114.654433
114.654433
114.654433
114.654433
114.654433
114.654433
114.654433
114.654433
114.654433
114.654433
114.654433
114.654433
114.654433
114.654433
114.654433
114.654433
114.654433
114.654433
114.654433
114.654433
114.654433
114.654433
114.654433
114.654433
114.654433
114.654433
114.654433
114.654433
114.654433
114.654433
114.654433
114.654433
114.654433
114.654433
114.654433
114.654433
114.654433
114.654433
114.654433
114.654433
114.654433
114.654433
114.654433
114.654433
114.654433
114.654433
114.654433
114.654433
114.654433
114.654433
114.654433
114.654433
114.654433
114.654433
114.654433
114.654433
114.654433
114.654433
114.654433
114.654433
114.654433
114.654433
114.654433
114.654433
114.654433
114.654433
114.654433
114.654433
114.654433
114.654433
114.654433
114.654433
114.654433
114.654433
114.654433
114.654433
114.654433
114.654433
114.654433
114.654433
114.654433
114.654433
114.654433
114.654433
114.654433
114.654433
114.654433
114.654433
114.654433
114.654433
114.654433
114.654433
114.654433
114.654433
114.654433
114.654433
114.654433
114.654433
114.654433
114.654433
114.654433
114.654433
114.654433
114.654433
114.654433
114.654433
114.654433
114.654433
114.654433
114.654433
114.654433
114.654433
114.654433
114.654433
114.654433
114.654433
114.654433
114.654433
114.654433
114.654433
114.654433
114.654433
114.654433
114.654433
114.654433
114.654433
114.654433
114.654433
114.654433
114.654433
114.654433
114.654433
114.654433
114.654433
114.654433
114.654433
114.654433
114.654433
114.654433
114.654433
114.654433
114.654433
114.654433
114.654433
114.654433
114.654433
114.654433
114.654433
114.654433
114.654433
114.654433
114.654433
114.654433
114.654433
114.654433
114.654433
114.654433
114.654433
114.654433
114.654433
114.654433
114.654433
114.654433
114.654433
114.654433
114.654433
114.654433
114.654433
114.654433
114.654433
114.654433
114.654433
114.654433
114.654433
114.654433
114.654433
114.654433
114.654433
114.654433
114.654433
114.654433
114.654433
114.654433
114.654433
114.654433
114.654433
114.654433
114.654433
114.654433
114.654433
114.654433
114.654433
114.654433
114.654433
114.654433
114.654433
114.654433
114.654433
114.654433
114.654433
114.654433
114.654433
114.654433
114.654433
114.654433
114.654433
114.654433
114.654433
114.654433
114.654433
114.654433
114.654433
114.654433
114.654433
114.654433
114.654433
114.654433
114.654433
114.654433
114.654433
114.654433
114.654433
114.654433
114.654433
114.654433
114.654433
114.654433
114.654433
114.654433
114.654433
114.654433
114.654433
114.654433
114.654433
114.654433
114.654433
114.654433
114.654433
114.654433
114.654433
114.654433
114.654433
114.654433
114.654433
114.654433
114.654433
114.654433
114.654433
114.654433
114.654433
114.654433
114.654433
114.654433
114.654433
114.654433
114.654433
114.654433
114.654433
114.654433
114.654433
114.654433
114.654433
114.654433
114.654433
114.654433
114.654433
114.654433
114.654433
114.654433
114.654433
114.654433
114.654433
114.654433
114.654433
114.654433
114.654433
114.654433
114.654433
114.654433
114.654433
114.654433
114.654433
114.654433
114.654433
114.654433
114.654433
114.654433
114.654433
114.654433
114.654433
114.654433
114.654433
114.654433
114.654433
114.654433
114.654433
114.654433
114.654433
114.654433
114.654433
114.654433
114.654433
114.654433
114.654433
114.654433
114.654433
114.654433
114.654433
114.654433
114.654433
114.654433
114.654433
114.654433
114.654433
114.654433
114.654433
114.654433
114.654433
114.654433
114.654433
114.654433
114.654433
114.654433
114.654433
114.654433
114.654433
114.654433
114.654433
114.654433
114.654433
114.654433
114.654433
114.654433
114.654433
114.654433
114.654433
114.654433
114.654433
114.654433
114.654433
114.654433
114.654433
114.654433
114.654433
114.654433
114.654433
114.654433
114.654433
114.654433
114.654433
114.654433
114.654433
114.654433
114.654433
114.654433
114.654433
114.654433
114.654433
114.654433
114.654433
114.654433
114.654433
114.654433
114.654433
114.654433
114.654433
114.654433
114.654433
114.654433
114.654433
114.654433
114.654433
114.654433
114.654433
114.654433
114.654433
114.654433
114.654433
114.654433
114.654433
114.654433
114.654433
114.654433
114.654433
114.654433
114.654433
114.654433
114.654433
114.654433
114.654433
114.654433
114.654433
114.654433
114.654433
114.654433
114.654433
114.654433
114.654433
114.654433
114.654433
114.654433
114.654433
114.654433
114.654433
114.654433
114.654433
114.654433
114.654433
114.654433
114.654433
114.654433
114.654433
114.654433
114.654433
114.654433
114.654433
114.654433
114.654433
114.654433
114.654433
114.654433
114.654433
114.654433
114.654433
114.654433
114.654433
114.654433
114.654433
114.654433
114.654433
114.654433
114.654433
114.654433
114.654433
114.654433
114.654433
114.654433
114.654433
114.654433
114.654433
114.654433
114.654433
114.654433
114.654433
114.654433
114.654433
114.654433
114.654433
114.654433
114.654433
114.654433
114.654433
114.654433
114.654433
114.654433
114.654433
114.654433
114.654433
114.654433
114.654433
114.654433
114.654433
114.654433
114.654433
114.654433
114.654433
114.654433
114.654433
114.654433
114.654433
114.654433
114.654433
114.654433
114.654433
114.654433
114.654433
114.654433
114.654433
114.654433
114.654433
114.654433
114.654433
114.654433
114.654433
114.654433
114.654433
114.654433
114.654433
114.654433
114.654433
114.654433
114.654433
114.654433
114.654433
114.654433
114.654433
114.654433
114.654433
114.654433
114.654433
114.654433
114.654433
114.654433
114.654433
114.654433
114.654433
114.654433
114.654433
114.654433
114.654433
114.654433
114.654433
114.654433
114.654433
114.654433
114.654433
114.654433
114.654433
114.654433
114.654433
114.654433
114.654433
114.654433
114.654433
114.654433
114.654433
114.654433
114.654433
114.654433
114.654433
114.654433
114.654433
114.654433
114.654433
114.654433
114.654433
114.654433
114.654433
114.654433
114.654433
114.654433
114.654433
114.654433
114.654433
114.654433
114.654433
114.654433
114.654433
114.654433
114.654433
114.654433
114.654433
114.654433
114.654433
114.654433
114.654433
114.654433
114.654433
114.654433
114.654433
114.654433
114.654433
114.654433
114.654433
114.654433
114.654433
114.654433
114.654433
114.654433
114.654433
114.654433
114.654433
114.654433
114.654433
114.654433
114.654433
114.654433
114.654433
114.654433
114.654433
114.654433
114.654433
114.654433
114.654433
114.654433
114.654433
114.654433
114.654433
114.654433
114.654433
114.654433
114.654433
114.654433
114.654433
114.654433
114.654433
114.654433
114.654433
114.654433
114.654433
114.654433
114.654433
114.654433
114.654433
114.654433
114.654433
114.654433
114.654433
114.654433
114.654433
114.654433
114.654433
114.654433
114.654433
114.654433
114.654433
114.654433
114.654433
114.654433
114.654433
114.654433
114.654433
114.654433
114.654433
114.654433
114.654433
114.654433
114.654433
114.654433
114.654433
114.654433
114.654433
114.654433
114.654433
114.654433
114.654433
114.654433
114.654433
114.654433
114.654433
114.654433
114.654433
114.654433
114.654433
114.654433
114.654433
114.654433
114.654433
114.654433
114.654433
114.654433
114.654433
114.654433
114.654433
114.654433
114.654433
114.654433
114.654433
114.654433
114.654433
114.654433
114.654433
114.654433
114.654433
114.654433
114.654433
114.654433
114.654433
114.654433
114.654433
114.654433
114.654433
114.654433
114.654433
114.654433
114.654433
114.654433
114.654433
114.654433
114.654433
114.654433
114.654433
114.654433
114.654433
114.654433
114.654433
114.654433
114.654433
114.654433
114.654433
114.654433
114.654433
114.654433
114.654433
114.654433
114.654433
114.654433
114.654433
114.654433
114.654433
114.654433
114.654433
114.654433
114.654433
114.654433
114.654433
114.654433
114.654433
114.654433
114.654433
114.654433
114.654433
114.654433
114.654433
114.654433
114.654433
114.654433
114.654433
114.654433
114.654433
114.654433
114.654433
114.654433
114.654433
114.654433
114.654433
114.654433
114.654433
114.654433
114.654433
114.654433
114.654433
114.654433
114.654433
114.654433
114.654433
114.654433
114.654433
114.654433
114.654433
114.654433
114.654433
114.654433
114.654433
114.654433
114.654433
114.654433
114.654433
114.654433
114.654433
114.654433
114.654433
114.654433
114.654433
114.654433
114.654433
114.654433
114.654433
114.654433
114.654433
114.654433
114.654433
114.654433
114.654433
114.654433
114.654433
114.654433
114.654433
114.654433
114.654433
114.654433
114.654433
114.654433
114.654433
114.654433
114.654433
114.654433
114.654433
114.654433
114.654433
114.654433
114.654433
114.654433
114.654433
114.654433
114.654433
114.654433
114.654433
114.654433
114.654433
114.654433
114.654433
114.654433
114.654433
114.654433
114.654433
114.654433
114.654433
114.654433
114.654433
114.654433
114.654433
114.654433
114.654433
114.654433
114.654433
114.654433
114.654433
114.654433
114.654433
114.654433
114.654433
114.654433
114.654433
114.654433
114.654433
114.654433
114.654433
114.654433
114.654433
114.654433
114.654433
114.654433
114.654433
114.654433
114.654433
114.654433
114.654433
114.654433
114.654433
114.654433
114.654433
114.654433
114.654433
114.654433
114.654433
114.654433
114.654433
114.654433
114.654433
114.654433
114.654433
114.654433
114.654433
114.654433
114.654433
114.654433
114.654433
114.654433
114.654433
114.654433
114.654433
114.654433
114.654433
114.654433
114.654433
114.654433
114.654433
114.654433
114.654433
114.654433
114.654433
114.654433
114.654433
114.654433
114.654433
114.654433
114.654433
114.654433
114.654433
114.654433
114.654433
114.654433
114.654433
114.654433
114.654433
114.654433
114.654433
114.654433
114.654433
114.654433
114.654433
114.654433
114.654433
114.654433
114.654433
114.654433
114.654433
114.654433
114.654433
114.654433
114.654433
114.654433
114.654433
114.654433
114.654433
114.654433
114.654433
114.654433
114.654433
114.654433
114.654433
114.654433
114.654433
114.654433
114.654433
114.654433
114.654433
114.654433
114.654433
114.654433
114.654433
114.654433
114.654433
114.654433
114.654433
114.654433
114.654433
114.654433
114.654433
114.654433
114.654433
114.654433
114.654433
114.654433
114.654433
114.654433
114.654433
114.654433
114.654433
114.654433
114.654433
114.654433
114.654433
114.654433
114.654433
114.654433
114.654433
114.654433
114.654433
114.654433
114.654433
114.654433
114.654433
114.654433
114.654433
114.654433
114.654433
114.654433
114.654433
114.654433
114.654433
114.654433
114.654433
114.654433
114.654433
114.654433
114.654433
114.654433
114.654433
114.654433
114.654433
114.654433
114.654433
114.654433
114.654433
114.654433
114.654433
114.654433
114.654433
114.654433
114.654433
114.654433
114.654433
114.654433
114.654433
114.654433
114.654433
114.654433
114.654433
114.654433
114.654433
114.654433
114.654433
114.654433
114.654433
114.654433
114.654433
114.654433
114.654433
114.654433
114.654433
114.654433
114.654433
114.654433
114.654433
114.654433
114.654433
114.654433
114.654433
114.654433
114.654433
114.654433
114.654433
114.654433
114.654433
114.654433
114.654433
114.654433
114.654433
114.654433
114.654433
114.654433
114.654433
114.654433
114.654433
114.654433
114.654433
114.654433
114.654433
114.654433
114.654433
114.654433
114.654433
114.654433
114.654433
114.654433
114.654433
114.654433
114.654433
114.654433
114.654433
114.654433
114.654433
114.654433
114.654433
114.654433
114.654433
114.654433
114.654433
114.654433
114.654433
114.654433
114.654433
114.654433
114.654433
114.654433
114.654433
114.654433
114.654433
114.654433
114.654433
114.654433
114.654433
114.654433
114.654433
114.654433
114.654433
114.654433
114.654433
114.654433
114.654433
114.654433
114.654433
114.654433
114.654433
114.654433
114.654433
114.654433
114.654433
114.654433
114.654433
114.654433
114.654433
114.654433
114.654433
114.654433
114.654433
114.654433
114.654433
114.654433
114.654433
114.654433
114.654433
114.654433
114.654433
114.654433
114.654433
114.654433
114.654433
114.654433
114.654433
114.654433
114.654433
114.654433
114.654433
114.654433
114.654433
114.654433
114.654433
114.654433
114.654433
114.654433
114.654433
114.654433
114.654433
114.654433
114.654433
114.654433
114.654433
114.654433
114.654433
114.654433
114.654433
114.654433
114.654433
114.654433
114.654433
114.654433
114.654433
114.654433
114.654433
114.654433
114.654433
114.654433
114.654433
114.654433
114.654433
114.654433
114.654433
114.654433
114.654433
114.654433
114.654433
114.654433
114.654433
114.654433
114.654433
114.654433
114.654433
114.654433
114.654433
114.654433
114.654433
114.654433
114.654433
114.654433
114.654433
114.654433
114.654433
114.654433
114.654433
114.654433
114.654433
114.654433
114.654433
114.654433
114.654433
114.654433
114.654433
114.654433
114.654433
114.654433
114.654433
114.654433
114.654433
114.654433
114.654433
114.654433
114.654433
114.654433
114.654433
114.654433
114.654433
114.654433
114.654433
114.654433
114.654433
114.654433
114.654433
114.654433
114.654433
114.654433
114.654433
114.654433
114.654433
114.654433
114.654433
114.654433
114.654433
114.654433
114.654433
114.654433
114.654433
114.654433
114.654433
114.654433
114.654433
114.654433
114.654433
114.654433
114.654433
114.654433
114.654433
114.654433
114.654433
114.654433
114.654433
114.654433
114.654433
114.654433
114.654433
114.654433
114.654433
114.654433
114.654433
114.654433
114.654433
114.654433
114.654433
114.654433
114.654433
114.654433
114.654433
114.654433
114.654433
114.654433
114.654433
114.654433
114.654433
114.654433
114.654433
114.654433
114.654433
114.654433
114.654433
114.654433
114.654433
114.654433
114.654433
114.654433
114.654433
114.654433
114.654433
114.654433
114.654433
114.654433
114.654433
114.654433
114.654433
114.654433
114.654433
114.654433
114.654433
114.654433
114.654433
114.654433
114.654433
114.654433
114.654433
114.654433
114.654433
114.654433
114.654433
114.654433
114.654433
114.654433
114.654433
114.654433
114.654433
114.654433
114.654433
114.654433
114.654433
114.654433
114.654433
114.654433
114.654433
114.654433
114.654433
114.654433
114.654433
114.654433
114.654433
114.654433
114.654433
114.654433
114.654433
114.654433
114.654433
114.654433
114.654433
114.654433
114.654433
114.654433
114.654433
114.654433
114.654433
114.654433
114.654433
114.654433
114.654433
114.654433
114.654433
114.654433
114.654433
114.654433
114.654433
114.654433
114.654433
114.654433
114.654433
114.654433
114.654433
114.654433
114.654433
114.654433
114.654433
114.654433
114.654433
114.654433
114.654433
114.654433
114.654433
114.654433
114.654433
114.654433
114.654433
114.654433
114.654433
114.654433
114.654433
114.654433
114.654433
114.654433
114.654433
114.654433
114.654433
114.654433
114.654433
114.654433
114.654433
114.654433
114.654433
114.654433
114.654433
114.654433
114.654433
114.654433
114.654433
114.654433
114.654433
114.654433
114.654433
114.654433
114.654433
114.654433
114.654433
114.654433
114.654433
114.654433
114.654433
114.654433
114.654433
114.654433
114.654433
114.654433
114.654433
114.654433
114.654433
114.654433
114.654433
114.654433
114.654433
114.654433
114.654433
114.654433
114.654433
114.654433
114.654433
114.654433
114.654433
114.654433
114.654433
114.654433
114.654433
114.654433
114.654433
114.654433
114.654433
114.654433
114.654433
114.654433
114.654433
114.654433
114.654433
114.654433
114.654433
114.654433
114.654433
114.654433
114.654433
114.654433
114.654433
114.654433
114.654433
114.654433
114.654433
114.654433
114.654433
114.654433
114.654433
114.654433
114.654433
114.654433
114.654433
114.654433
114.654433
114.654433
114.654433
114.654433
114.654433
114.654433
114.654433
114.654433
114.654433
114.654433
114.654433
114.654433
114.654433
114.654433
114.654433
114.654433
114.654433
114.654433
114.654433
114.654433
114.654433
114.654433
114.654433
114.654433
114.654433
114.654433
114.654433
114.654433
114.654433
114.654433
114.654433
114.654433
114.654433
114.654433
114.654433
114.654433
114.654433
114.654433
114.654433
114.654433
114.654433
114.654433
114.654433
114.654433
114.654433
114.654433
114.654433
114.654433
114.654433
114.654433
114.654433
114.654433
114.654433
114.654433
114.654433
114.654433
114.654433
114.654433
114.654433
114.654433
114.654433
114.654433
114.654433
114.654433
114.654433
114.654433
114.654433
114.654433
114.654433
114.654433
114.654433
114.654433
114.654433
114.654433
114.654433
114.654433
114.654433
114.654433
114.654433
114.654433
114.654433
114.654433
114.654433
114.654433
114.654433
114.654433
114.654433
114.654433
114.654433
114.654433
114.654433
114.654433
114.654433
114.654433
114.654433
114.654433
114.654433
114.654433
114.654433
114.654433
114.654433
114.654433
114.654433
114.654433
114.654433
114.654433
114.654433
114.654433
114.654433
114.654433
114.654433
114.654433
114.654433
114.654433
114.654433
114.654433
114.654433
114.654433
114.654433
114.654433
114.654433
114.654433
114.654433
114.654433
114.654433
114.654433
114.654433
114.654433
114.654433
114.654433
114.654433
114.654433
114.654433
114.654433
114.654433
114.654433
114.654433
114.654433
114.654433
114.654433
114.654433
114.654433
114.654433
114.654433
114.654433
114.654433
114.654433
114.654433
114.654433
114.654433
114.654433
114.654433
114.654433
114.654433
114.654433
114.654433
114.654433
114.654433
114.654433
114.654433
114.654433
114.654433
114.654433
114.654433
114.654433
114.654433
114.654433
114.654433
114.654433
114.654433
114.654433
114.654433
114.654433
114.654433
114.654433
114.654433
114.654433
114.654433
114.654433
114.654433
114.654433
114.654433
114.654433
114.654433
114.654433
114.654433
114.654433
114.654433
114.654433
114.654433
114.654433
114.654433
114.654433
114.654433
114.654433
114.654433
114.654433
114.654433
114.654433
114.654433
114.654433
114.654433
114.654433
114.654433
114.654433
114.654433
114.654433
114.654433
114.654433
114.654433
114.654433
114.654433
114.654433
114.654433
114.654433
114.654433
114.654433
114.654433
114.654433
114.654433
114.654433
114.654433
114.654433
114.654433
114.654433
114.654433
114.654433
114.654433
114.654433
114.654433
114.654433
114.654433
114.654433
114.654433
114.654433
114.654433
114.654433
114.654433
114.654433
114.654433
114.654433
114.654433
114.654433
114.654433
114.654433
114.654433
114.654433
114.654433
114.654433
114.654433
114.654433
114.654433
114.654433
114.654433
114.654433
114.654433
114.654433
114.654433
114.654433
114.654433
114.654433
114.654433
114.654433
114.654433
114.654433
114.654433
114.654433
114.654433
114.654433
114.654433
114.654433
114.654433
114.654433
114.654433
114.654433
114.654433
114.654433
114.654433
114.654433
114.654433
114.654433
114.654433
114.654433
114.654433
114.654433
114.654433
114.654433
114.654433
114.654433
114.654433
114.654433
114.654433
114.654433
114.654433
114.654433
114.654433
114.654433
114.654433
114.654433
114.654433
114.654433
114.654433
114.654433
114.654433
114.654433
114.654433
114.654433
114.654433
114.654433
114.654433
114.654433
114.654433
114.654433
114.654433
114.654433
114.654433
114.654433
114.654433
114.654433
114.654433
114.654433
114.654433
114.654433
114.654433
114.654433
114.654433
114.654433
114.654433
114.654433
114.654433
114.654433
114.654433
114.654433
114.654433
114.654433
114.654433
114.654433
114.654433
114.654433
114.654433
114.654433
114.654433
114.654433
114.654433
114.654433
114.654433
114.654433
114.654433
114.654433
114.654433
114.654433
114.654433
114.654433
114.654433
114.654433
114.654433
114.654433
114.654433
114.654433
114.654433
114.654433
114.654433
114.654433
114.654433
114.654433
114.654433
114.654433
114.654433
114.654433
114.654433
114.654433
114.654433
114.654433
114.654433
114.654433
114.654433
114.654433
114.654433
114.654433
114.654433
114.654433
114.654433
114.654433
114.654433
114.654433
114.654433
114.654433
114.654433
114.654433
114.654433
114.654433
114.654433
114.654433
114.654433
114.654433
114.654433
114.654433
114.654433
114.654433
114.654433
114.654433
114.654433
114.654433
114.654433
114.654433
114.654433
114.654433
114.654433
114.654433
114.654433
114.654433
114.654433
114.654433
114.654433
114.654433
114.654433
114.654433
114.654433
114.654433
114.654433
114.654433
114.654433
114.654433
114.654433
114.654433
114.654433
114.654433
114.654433
114.654433
114.654433
114.654433
114.654433
114.654433
114.654433
114.654433
114.654433
114.654433
114.654433
114.654433
114.654433
114.654433
114.654433
114.654433
114.654433
114.654433
114.654433
114.654433
114.654433
114.654433
114.654433
114.654433
114.654433
114.654433
114.654433
114.654433
114.654433
114.654433
114.654433
114.654433
114.654433
114.654433
114.654433
114.654433
114.654433
114.654433
114.654433
114.654433
114.654433
114.654433
114.654433
114.654433
114.654433
114.654433
114.654433
114.654433
114.654433
114.654433
114.654433
114.654433
114.654433
114.654433
114.654433
114.654433
114.654433
114.654433
114.654433
114.654433
114.654433
114.654433
114.654433
114.654433
114.654433
114.654433
114.654433
114.654433
114.654433
114.654433
114.654433
114.654433
114.654433
114.654433
114.654433
114.654433
114.654433
114.654433
114.654433
114.654433
114.654433
114.654433
114.654433
114.654433
114.654433
114.654433
114.654433
114.654433
114.654433
114.654433
114.654433
114.654433
114.654433
114.654433
114.654433
114.654433
114.654433
114.654433
114.654433
114.654433
114.654433
114.654433
114.654433
114.654433
114.654433
114.654433
114.654433
114.654433
114.654433
114.654433
114.654433
114.654433
114.654433
114.654433
114.654433
114.654433
114.654433
114.654433
114.654433
114.654433
114.654433
114.654433
114.654433
114.654433
114.654433
114.654433
114.654433
114.654433
114.654433
114.654433
114.654433
114.654433
114.654433
114.654433
114.654433
114.654433
114.654433
114.654433
114.654433
114.654433
114.654433
114.654433
114.654433
114.654433
114.654433
114.654433
114.654433
114.654433
114.654433
114.654433
114.654433
114.654433
114.654433
114.654433
114.654433
114.654433
114.654433
114.654433
114.654433
114.654433
114.654433
114.654433
114.654433
114.654433
114.654433
114.654433
114.654433
114.654433
114.654433
114.654433
114.654433
114.654433
114.654433
114.654433
114.654433
114.654433
114.654433
114.654433
114.654433
114.654433
114.654433
114.654433
114.654433
114.654433
114.654433
114.654433
114.654433
114.654433
114.654433
114.654433
114.654433
114.654433
114.654433
114.654433
114.654433
114.654433
114.654433
114.654433
114.654433
114.654433
114.654433
114.654433
114.654433
114.654433
114.654433
114.654433
114.654433
114.654433
114.654433
114.654433
114.654433
114.654433
114.654433
114.654433
114.654433
114.654433
114.654433
114.654433
114.654433
114.654433
114.654433
114.654433
114.654433
114.654433
114.654433
114.654433
114.654433
114.654433
114.654433
114.654433
114.654433
114.654433
114.654433
114.654433
114.654433
114.654433
114.654433
114.654433
114.654433
114.654433
114.654433
114.654433
114.654433
114.654433
114.654433
114.654433
114.654433
114.654433
114.654433
114.654433
114.654433
114.654433
114.654433
114.654433
114.654433
114.654433
114.654433
114.654433
114.654433
114.654433
114.654433
114.654433
114.654433
114.654433
114.654433
114.654433
114.654433
114.654433
114.654433
114.654433
114.654433
114.654433
114.654433
114.654433
114.654433
114.654433
114.654433
114.654433
114.654433
114.654433
114.654433
114.654433
114.654433
114.654433
114.654433
114.654433
114.654433
114.654433
114.654433
114.654433
114.654433
114.654433
114.654433
114.654433
114.654433
114.654433
114.654433
114.654433
114.654433
114.654433
114.654433
114.654433
114.654433
114.654433
114.654433
114.654433
114.654433
114.654433
114.654433
114.654433
114.654433
114.654433
114.654433
114.654433
114.654433
114.654433
114.654433
114.654433
114.654433
114.654433
114.654433
114.654433
114.654433
114.654433
114.654433
114.654433
114.654433
114.654433
114.654433
114.654433
114.654433
114.654433
114.654433
114.654433
114.654433
114.654433
114.654433
114.654433
114.654433
114.654433
114.654433
114.654433
114.654433
114.654433
114.654433
114.654433
114.654433
114.654433
114.654433
114.654433
114.654433
114.654433
114.654433
114.654433
114.654433
114.654433
114.654433
114.654433
114.654433
114.654433
114.654433
114.654433
114.654433
114.654433
114.654433
114.654433
114.654433
114.654433
114.654433
114.654433
114.654433
114.654433
114.654433
114.654433
114.654433
114.654433
114.654433
114.654433
114.654433
114.654433
114.654433
114.654433
114.654433
114.654433
114.654433
114.654433
114.654433
114.654433
114.654433
114.654433
114.654433
114.654433
114.654433
114.654433
114.654433
114.654433
114.654433
114.654433
114.654433
114.654433
114.654433
114.654433
114.654433
114.654433
114.654433
114.654433
114.654433
114.654433
114.654433
114.654433
114.654433
114.654433
114.654433
114.654433
114.654433
114.654433
114.654433
114.654433
114.654433
114.654433
114.654433
114.654433
114.654433
114.654433
114.654433
114.654433
114.654433
114.654433
114.654433
114.654433
114.654433
114.654433
114.654433
114.654433
114.654433
114.654433
114.654433
114.654433
114.654433
114.654433
114.654433
114.654433
114.654433
114.654433
114.654433
114.654433
114.654433
114.654433
114.654433
114.654433
114.654433
114.654433
114.654433
114.654433
114.654433
114.654433
114.654433
114.654433
114.654433
114.654433
114.654433
114.654433
114.654433
114.654433
114.654433
114.654433
114.654433
114.654433
114.654433
114.654433
114.654433
114.654433
114.654433
114.654433
114.654433
114.654433
114.654433
114.654433
114.654433
114.654433
114.654433
114.654433
114.654433
114.654433
114.654433
114.654433
114.654433
114.654433
114.654433
114.654433
114.654433
114.654433
114.654433
114.654433
114.654433
114.654433
114.654433
114.654433
114.654433
114.654433
114.654433
114.654433
114.654433
114.654433
114.654433
114.654433
114.654433
114.654433
114.654433
114.654433
114.654433
114.654433
114.654433
114.654433
114.654433
114.654433
114.654433
114.654433
114.654433
114.654433
114.654433
114.654433
114.654433
114.654433
114.654433
114.654433
114.654433
114.654433
114.654433
114.654433
114.654433
114.654433
114.654433
114.654433
114.654433
114.654433
114.654433
114.654433
114.654433
114.654433
114.654433
114.654433
114.654433
114.654433
114.654433
114.654433
114.654433
114.654433
114.654433
114.654433
114.654433
114.654433
114.654433
114.654433
114.654433
114.654433
114.654433
114.654433
114.654433
114.654433
114.654433
114.654433
114.654433
114.654433
114.654433
114.654433
114.654433
114.654433
114.654433
114.654433
114.654433
114.654433
114.654433
114.654433
114.654433
114.654433
114.654433
114.654433
114.654433
114.654433
114.654433
114.654433
114.654433
114.654433
114.654433
114.654433
114.654433
114.654433
114.654433
114.654433
114.654433
114.654433
114.654433
114.654433
114.654433
114.654433
114.654433
114.654433
114.654433
114.654433
114.654433
114.654433
114.654433
114.654433
114.654433
114.654433
114.654433
114.654433
114.654433
114.654433
114.654433
114.654433
114.654433
114.654433
114.654433
114.654433
114.654433
114.654433
114.654433
114.654433
114.654433
114.654433
114.654433
114.654433
114.654433
114.654433
114.654433
114.654433
114.654433
114.654433
114.654433
114.654433
114.654433
114.654433
114.654433
114.654433
114.654433
114.654433
114.654433
114.654433
114.654433
114.654433
114.654433
114.654433
114.654433
114.654433
114.654433
114.654433
114.654433
114.654433
114.654433
114.654433
114.654433
114.654433
114.654433
114.654433
114.654433
114.654433
114.654433
114.654433
114.654433
114.654433
114.654433
114.654433
114.654433
114.654433
114.654433
114.654433
114.654433
114.654433
114.654433
114.654433
114.654433
114.654433
114.654433
114.654433
114.654433
114.654433
114.654433
114.654433
114.654433
114.654433
114.654433
114.654433
114.654433
114.654433
114.654433
114.654433
114.654433
114.654433
114.654433
114.654433
114.654433
114.654433
114.654433
114.654433
114.654433
114.654433
114.654433
114.654433
114.654433
114.654433
114.654433
114.654433
114.654433
114.654433
114.654433
114.654433
114.654433
114.654433
114.654433
114.654433
114.654433
114.654433
114.654433
114.654433
114.654433
114.654433
114.654433
114.654433
114.654433
114.654433
114.654433
114.654433
114.654433
114.654433
114.654433
114.654433
114.654433
114.654433
114.654433
114.654433
114.654433
114.654433
114.654433
114.654433
114.654433
114.654433
114.654433
114.654433
114.654433
114.654433
114.654433
114.654433
114.654433
114.654433
114.654433
114.654433
114.654433
114.654433
114.654433
114.654433
114.654433
114.654433
114.654433
114.654433
114.654433
114.654433
114.654433
114.654433
114.654433
114.654433
114.654433
114.654433
114.654433
114.654433
114.654433
114.654433
114.654433
114.654433
114.654433
114.654433
114.654433
114.654433
114.654433
114.654433
114.654433
114.654433
114.654433
114.654433
114.654433
114.654433
114.654433
114.654433
114.654433
114.654433
114.654433
114.654433
114.654433
114.654433
114.654433
114.654433
114.654433
114.654433
114.654433
114.654433
114.654433
114.654433
114.654433
114.654433
114.654433
114.654433
114.654433
114.654433
114.654433
114.654433
114.654433
114.654433
114.654433
114.654433
114.654433
114.654433
114.654433
114.654433
114.654433
114.654433
114.654433
114.654433
114.654433
114.654433
114.654433
114.654433
114.654433
114.654433
114.654433
114.654433
114.654433
114.654433
114.654433
114.654433
114.654433
114.654433
114.654433
114.654433
114.654433
114.654433
114.654433
114.654433
114.654433
114.654433
114.654433
114.654433
114.654433
114.654433
114.654433
114.654433
114.654433
114.654433
114.654433
114.654433
114.654433
114.654433
114.654433
114.654433
114.654433
114.654433
114.654433
114.654433
114.654433
114.654433
114.654433
114.654433
114.654433
114.654433
114.654433
114.654433
114.654433
114.654433
114.654433
114.654433
114.654433
114.654433
114.654433
114.654433
114.654433
114.654433
114.654433
114.654433
114.654433
114.654433
114.654433
114.654433
114.654433
114.654433
114.654433
114.654433
114.654433
114.654433
114.654433
114.654433
114.654433
114.654433
114.654433
114.654433
114.654433
114.654433
114.654433
114.654433
114.654433
114.654433
114.654433
114.654433
114.654433
114.654433
114.654433
114.654433
114.654433
114.654433
114.654433
114.654433
114.654433
114.654433
114.654433
114.654433
114.654433
114.654433
114.654433
114.654433
114.654433
114.654433
114.654433
114.654433
114.654433
114.654433
114.654433
114.654433
114.654433
114.654433
114.654433
114.654433
114.654433
114.654433
114.654433
114.654433
114.654433
114.654433
114.654433
114.654433
114.654433
114.654433
114.654433
114.654433
114.654433
114.654433
114.654433
114.654433
114.654433
114.654433
114.654433
114.654433
114.654433
114.654433
114.654433
114.654433
114.654433
114.654433
114.654433
114.654433
114.654433
114.654433
114.654433
114.654433
114.654433
114.654433
114.654433
114.654433
114.654433
114.654433
114.654433
114.654433
114.654433
114.654433
114.654433
114.654433
114.654433
114.654433
114.654433
114.654433
114.654433
114.654433
114.654433
114.654433
114.654433
114.654433
114.654433
114.654433
114.654433
114.654433
114.654433
114.654433
114.654433
114.654433
114.654433
114.654433
114.654433
114.654433
114.654433
114.654433
114.654433
114.654433
114.654433
114.654433
114.654433
114.654433
114.654433
114.654433
114.654433
114.654433
114.654433
114.654433
114.654433
114.654433
114.654433
114.654433
114.654433
114.654433
114.654433
114.654433
114.654433
114.654433
114.654433
114.654433
114.654433
114.654433
114.654433
114.654433
114.654433
114.654433
114.654433
114.654433
114.654433
114.654433
114.654433
114.654433
114.654433
114.654433
114.654433
114.654433
114.654433
114.654433
114.654433
114.654433
114.654433
114.654433
114.654433
114.654433
114.654433
114.654433
114.654433
114.654433
114.654433
114.654433
114.654433
114.654433
114.654433
114.654433
114.654433
114.654433
114.654433
114.654433
114.654433
114.654433
114.654433
114.654433
114.654433
114.654433
114.654433
114.654433
114.654433
114.654433
114.654433
114.654433
114.654433
114.654433
114.654433
114.654433
114.654433
114.654433
114.654433
114.654433
114.654433
114.654433
114.654433
114.654433
114.654433
114.654433
114.654433
114.654433
114.654433
114.654433
114.654433
114.654433
114.654433
114.654433
114.654433
114.654433
114.654433
114.654433
114.654433
114.654433
114.654433
114.654433
114.654433
114.654433
114.654433
114.654433
114.654433
114.654433
114.654433
114.654433
114.654433
114.654433
114.654433
114.654433
114.654433
114.654433
114.654433
114.654433
114.654433
114.654433
114.654433
114.654433
114.654433
114.654433
114.654433
114.654433
114.654433
114.654433
114.654433
114.654433
114.654433
114.654433
114.654433
114.654433
114.654433
114.654433
114.654433
114.654433
114.654433
114.654433
114.654433
114.654433
114.654433
114.654433
114.654433
114.654433
114.654433
114.654433
114.654433
114.654433
114.654433
114.654433
114.654433
114.654433
114.654433
114.654433
114.654433
114.654433
114.654433
114.654433
114.654433
114.654433
114.654433
114.654433
114.654433
114.654433
114.654433
114.654433
114.654433
114.654433
114.654433
114.654433
114.654433
114.654433
114.654433
114.654433
114.654433
114.654433
114.654433
114.654433
114.654433
114.654433
114.654433
114.654433
114.654433
114.654433
114.654433
114.654433
114.654433
114.654433
114.654433
114.654433
114.654433
114.654433
114.654433
114.654433
114.654433
114.654433
114.654433
114.654433
114.654433
114.654433
114.654433
114.654433
114.654433
114.654433
114.654433
114.654433
114.654433
114.654433
114.654433
114.654433
114.654433
114.654433
114.654433
114.654433
114.654433
114.654433
114.654433
114.654433
114.654433
114.654433
114.654433
114.654433
114.654433
114.654433
114.654433
114.654433
114.654433
114.654433
114.654433
114.654433
114.654433
114.654433
114.654433
114.654433
114.654433
114.654433
114.654433
114.654433
114.654433
114.654433
114.654433
114.654433
114.654433
114.654433
114.654433
114.654433
114.654433
114.654433
114.654433
114.654433
114.654433
114.654433
114.654433
114.654433
114.654433
114.654433
114.654433
114.654433
114.654433
114.654433
114.654433
114.654433
114.654433
114.654433
114.654433
114.654433
114.654433
114.654433
114.654433
114.654433
114.654433
114.654433
114.654433
114.654433
114.654433
114.654433
114.654433
114.654433
114.654433
114.654433
114.654433
114.654433
114.654433
114.654433
114.654433
114.654433
114.654433
114.654433
114.654433
114.654433
114.654433
114.654433
114.654433
114.654433
114.654433
114.654433
114.654433
114.654433
114.654433
114.654433
114.654433
114.654433
114.654433
114.654433
114.654433
114.654433
114.654433
114.654433
114.654433
114.654433
114.654433
114.654433
114.654433
114.654433
114.654433
114.654433
114.654433
114.654433
114.654433
114.654433
114.654433
114.654433
114.654433
114.654433
114.654433
114.654433
114.654433
114.654433
114.654433
114.654433
114.654433
114.654433
114.654433
114.654433
114.654433
114.654433
114.654433
114.654433
114.654433
114.654433
114.654433
114.654433
114.654433
114.654433
114.654433
114.654433
114.654433
114.654433
114.654433
114.654433
114.654433
114.654433
114.654433
114.654433
114.654433
114.654433
114.654433
114.654433
114.654433
114.654433
114.654433
114.654433
114.654433
114.654433
114.654433
114.654433
114.654433
114.654433
114.654433
114.654433
114.654433
114.654433
114.654433
114.654433
114.654433
114.654433
114.654433
114.654433
114.654433
114.654433
114.654433
114.654433
114.654433
114.654433
114.654433
114.654433
114.654433
114.654433
114.654433
114.654433
114.654433
114.654433
114.654433
114.654433
114.654433
114.654433
114.654433
114.654433
114.654433
114.654433
114.654433
114.654433
114.654433
114.654433
114.654433
114.654433
114.654433
114.654433
114.654433
114.654433
114.654433
114.654433
114.654433
114.654433
114.654433
114.654433
114.654433
114.654433
114.654433
114.654433
114.654433
114.654433
114.654433
114.654433
114.654433
114.654433
114.654433
114.654433
114.654433
114.654433
114.654433
114.654433
114.654433
114.654433
114.654433
114.654433
114.654433
114.654433
114.654433
114.654433
114.654433
114.654433
114.654433
114.654433
114.654433
114.654433
114.654433
114.654433
114.654433
114.654433
114.654433
114.654433
114.654433
114.654433
114.654433
114.654433
114.654433
114.654433
114.654433
114.654433
114.654433
114.654433
114.654433
114.654433
114.654433
114.654433
114.654433
114.654433
114.654433
114.654433
114.654433
114.654433
114.654433
114.654433
114.654433
114.654433
114.654433
114.654433
114.654433
114.654433
114.654433
114.654433
114.654433
114.654433
114.654433
114.654433
114.654433
114.654433
114.654433
114.654433
114.654433
114.654433
114.654433
114.654433
114.654433
114.654433
114.654433
114.654433
114.654433
114.654433
114.654433
114.654433
114.654433
114.654433
114.654433
114.654433
114.654433
114.654433
114.654433
114.654433
114.654433
114.654433
114.654433
114.654433
114.654433
114.654433
114.654433
114.654433
114.654433
114.654433
114.654433
114.654433
114.654433
114.654433
114.654433
114.654433
114.654433
114.654433
114.654433
114.654433
114.654433
114.654433
114.654433
114.654433
114.654433
114.654433
114.654433
114.654433
114.654433
114.654433
114.654433
114.654433
114.654433
114.654433
114.654433
114.654433
114.654433
114.654433
114.654433
114.654433
114.654433
114.654433
114.654433
114.654433
114.654433
114.654433
114.654433
114.654433
114.654433
114.654433
114.654433
114.654433
114.654433
114.654433
114.654433
114.654433
114.654433
114.654433
114.654433
114.654433
114.654433
114.654433
114.654433
114.654433
114.654433
114.654433
114.654433
114.654433
114.654433
114.654433
114.654433
114.654433
114.654433
114.654433
114.654433
114.654433
114.654433
114.654433
114.654433
114.654433
114.654433
114.654433
114.654433
114.654433
114.654433
114.654433
114.654433
114.654433
114.654433
114.654433
114.654433
114.654433
114.654433
114.654433
114.654433
114.654433
114.654433
114.654433
114.654433
114.654433
114.654433
114.654433
114.654433
114.654433
114.654433
114.654433
114.654433
114.654433
114.654433
114.654433
114.654433
114.654433
114.654433
114.654433
114.654433
114.654433
114.654433
114.654433
114.654433
114.654433
114.654433
114.654433
114.654433
114.654433
114.654433
114.654433
114.654433
114.654433
114.654433
114.654433
114.654433
114.654433
114.654433
114.654433
114.654433
114.654433
114.654433
114.654433
114.654433
114.654433
114.654433
114.654433
114.654433
114.654433
114.654433
114.654433
114.654433
114.654433
114.654433
114.654433
114.654433
114.654433
114.654433
114.654433
114.654433
114.654433
114.654433
114.654433
114.654433
114.654433
114.654433
114.654433
114.654433
114.654433
114.654433
114.654433
114.654433
114.654433
114.654433
114.654433
114.654433
114.654433
114.654433
114.654433
114.654433
114.654433
114.654433
114.654433
114.654433
114.654433
114.654433
114.654433
114.654433
114.654433
114.654433
114.654433
114.654433
114.654433
114.654433
114.654433
114.654433
114.654433
114.654433
114.654433
114.654433
114.654433
114.654433
114.654433
114.654433
114.654433
114.654433
114.654433
114.654433
114.654433
114.654433
114.654433
114.654433
114.654433
114.654433
114.654433
114.654433
114.654433
114.654433
114.654433
114.654433
114.654433
114.654433
114.654433
114.654433
114.654433
114.654433
114.654433
114.654433
114.654433
114.654433
114.654433
114.654433
114.654433
114.654433
114.654433
114.654433
114.654433
114.654433
114.654433
114.654433
114.654433
114.654433
114.654433
114.654433
114.654433
114.654433
114.654433
114.654433
114.654433
114.654433
114.654433
114.654433
114.654433
114.654433
114.654433
114.654433
114.654433
114.654433
114.654433
114.654433
114.654433
114.654433
114.654433
114.654433
114.654433
114.654433
114.654433
114.654433
114.654433
114.654433
114.654433
114.654433
114.654433
114.654433
114.654433
114.654433
114.654433
114.654433
114.654433
114.654433
114.654433
114.654433
114.654433
114.654433
114.654433
114.654433
114.654433
114.654433
114.654433
114.654433
114.654433
114.654433
114.654433
114.654433
114.654433
114.654433
114.654433
114.654433
114.654433
114.654433
114.654433
114.654433
114.654433
114.654433
114.654433
114.654433
114.654433
114.654433
114.654433
114.654433
114.654433
114.654433
114.654433
114.654433
114.654433
114.654433
114.654433
114.654433
114.654433
114.654433
114.654433
114.654433
114.654433
114.654433
114.654433
114.654433
114.654433
114.654433
114.654433
114.654433
114.654433
114.654433
114.654433
114.654433
114.654433
114.654433
114.654433
114.654433
114.654433
114.654433
114.654433
114.654433
114.654433
114.654433
114.654433
114.654433
114.654433
114.654433
114.654433
114.654433
114.654433
114.654433
114.654433
114.654433
114.654433
114.654433
114.654433
114.654433
114.654433
114.654433
114.654433
114.654433
114.654433
114.654433
114.654433
114.654433
114.654433
114.654433
114.654433
114.654433
114.654433
114.654433
114.654433
114.654433
114.654433
114.654433
114.654433
114.654433
114.654433
114.654433
114.654433
114.654433
114.654433
114.654433
114.654433
114.654433
114.654433
114.654433
114.654433
114.654433
114.654433
114.654433
114.654433
114.654433
114.654433
114.654433
114.654433
114.654433
114.654433
114.654433
114.654433
114.654433
114.654433
114.654433
114.654433
114.654433
114.654433
114.654433
114.654433
114.654433
114.654433
114.654433
114.654433
114.654433
114.654433
114.654433
114.654433
114.654433
114.654433
114.654433
114.654433
114.654433
114.654433
114.654433
114.654433
114.654433
114.654433
114.654433
114.654433
114.654433
114.654433
114.654433
114.654433
114.654433
114.654433
114.654433
114.654433
114.654433
114.654433
114.654433
114.654433
114.654433
114.654433
114.654433
114.654433
114.654433
114.654433
114.654433
114.654433
114.654433
114.654433
114.654433
114.654433
114.654433
114.654433
114.654433
114.654433
114.654433
114.654433
114.654433
114.654433
114.654433
114.654433
114.654433
114.654433
114.654433
114.654433
114.654433
114.654433
114.654433
114.654433
114.654433
114.654433
114.654433
114.654433
114.654433
114.654433
114.654433
114.654433
114.654433
114.654433
114.654433
114.654433
114.654433
114.654433
114.654433
114.654433
114.654433
114.654433
114.654433
114.654433
114.654433
114.654433
114.654433
114.654433
114.654433
114.654433
114.654433
114.654433
114.654433
114.654433
114.654433
114.654433
114.654433
114.654433
114.654433
114.654433
114.654433
114.654433
114.654433
114.654433
114.654433
114.654433
114.654433
114.654433
114.654433
114.654433
114.654433
114.654433
114.654433
114.654433
114.654433
114.654433
114.654433
114.654433
114.654433
114.654433
114.654433
114.654433
114.654433
114.654433
114.654433
114.654433
114.654433
114.654433
114.654433
114.654433
114.654433
114.654433
114.654433
114.654433
114.654433
114.654433
114.654433
114.654433
114.654433
114.654433
114.654433
114.654433
114.654433
114.654433
114.654433
114.654433
114.654433
114.654433
114.654433
114.654433
114.654433
114.654433
114.654433
114.654433
114.654433
114.654433
114.654433
114.654433
114.654433
114.654433
114.654433
114.654433
114.654433
114.654433
114.654433
114.654433
114.654433
114.654433
114.654433
114.654433
114.654433
114.654433
114.654433
114.654433
114.654433
114.654433
114.654433
114.654433
114.654433
114.654433
114.654433
114.654433
114.654433
114.654433
114.654433
114.654433
114.654433
114.654433
114.654433
114.654433
114.654433
114.654433
114.654433
114.654433
114.654433
114.654433
114.654433
114.654433
114.654433
114.654433
114.654433
114.654433
114.654433
114.654433
114.654433
114.654433
114.654433
114.654433
114.654433
114.654433
114.654433
114.654433
114.654433
114.654433
114.654433
114.654433
114.654433
114.654433
114.654433
114.654433
114.654433
114.654433
114.654433
114.654433
114.654433
114.654433
114.654433
114.654433
114.654433
114.654433
114.654433
114.654433
114.654433
114.654433
114.654433
114.654433
114.654433
114.654433
114.654433
114.654433
114.654433
114.654433
114.654433
114.654433
114.654433
114.654433
114.654433
114.654433
114.654433
114.654433
114.654433
114.654433
114.654433
114.654433
114.654433
114.654433
114.654433
114.654433
114.654433
114.654433
114.654433
114.654433
114.654433
114.654433
114.654433
114.654433
114.654433
114.654433
114.654433
114.654433
114.654433
114.654433
114.654433
114.654433
114.654433
114.654433
114.654433
114.654433
114.654433
114.654433
114.654433
114.654433
114.654433
114.654433
114.654433
114.654433
114.654433
114.654433
114.654433
114.654433
114.654433
114.654433
114.654433
114.654433
114.654433
114.654433
114.654433
114.654433
114.654433
114.654433
114.654433
114.654433
114.654433
114.654433
114.654433
114.654433
114.654433
114.654433
114.654433
114.654433
114.654433
114.654433
114.654433
114.654433
114.654433
114.654433
114.654433
114.654433
114.654433
114.654433
114.654433
114.654433
114.654433
114.654433
114.654433
114.654433
114.654433
114.654433
114.654433
114.654433
114.654433
114.654433
114.654433
114.654433
114.654433
114.654433
114.654433
114.654433
114.654433
114.654433
114.654433
114.654433
114.654433
114.654433
114.654433
114.654433
114.654433
114.654433
114.654433
114.654433
114.654433
114.654433
114.654433
114.654433
114.654433
114.654433
114.654433
114.654433
114.654433
114.654433
114.654433
114.654433
114.654433
114.654433
114.654433
114.654433
114.654433
114.654433
114.654433
114.654433
114.654433
114.654433
114.654433
114.654433
114.654433
114.654433
114.654433
114.654433
114.654433
114.654433
114.654433
114.654433
114.654433
114.654433
114.654433
114.654433
114.654433
114.654433
114.654433
114.654433
114.654433
114.654433
114.654433
114.654433
114.654433
114.654433
114.654433
114.654433
114.654433
114.654433
114.654433
114.654433
114.654433
114.654433
114.654433
114.654433
114.654433
114.654433
114.654433
114.654433
114.654433
114.654433
114.654433
114.654433
114.654433
114.654433
114.654433
114.654433
114.654433
114.654433
114.654433
114.654433
114.654433
114.654433
114.654433
114.654433
114.654433
114.654433
114.654433
114.654433
114.654433
114.654433
114.654433
114.654433
114.654433
114.654433
114.654433
114.654433
114.654433
114.654433
114.654433
114.654433
114.654433
114.654433
114.654433
114.654433
114.654433
114.654433
114.654433
114.654433
114.654433
114.654433
114.654433
114.654433
114.654433
114.654433
114.654433
114.654433
114.654433
114.654433
114.654433
114.654433
114.654433
114.654433
114.654433
114.654433
114.654433
114.654433
114.654433
114.654433
114.654433
114.654433
114.654433
114.654433
114.654433
114.654433
114.654433
114.654433
114.654433
114.654433
114.654433
114.654433
114.654433
114.654433
114.654433
114.654433
114.654433
114.654433
114.654433
114.654433
114.654433
114.654433
114.654433
114.654433
114.654433
114.654433
114.654433
114.654433
114.654433
114.654433
114.654433
114.654433
114.654433
114.654433
114.654433
114.654433
114.654433
114.654433
114.654433
114.654433
114.654433
114.654433
114.654433
114.654433
114.654433
114.654433
114.654433
114.654433
114.654433
114.654433
114.654433
114.654433
114.654433
114.654433
114.654433
114.654433
114.654433
114.654433
114.654433
114.654433
114.654433
114.654433
114.654433
114.654433
114.654433
114.654433
114.654433
114.654433
114.654433
114.654433
114.654433
114.654433
114.654433
114.654433
114.654433
114.654433
114.654433
114.654433
114.654433
114.654433
114.654433
114.654433
114.654433
114.654433
114.654433
114.654433
114.654433
114.654433
114.654433
114.654433
114.654433
114.654433
114.654433
114.654433
114.654433
114.654433
114.654433
114.654433
114.654433
114.654433
114.654433
114.654433
114.654433
114.654433
114.654433
114.654433
114.654433
114.654433
114.654433
114.654433
114.654433
114.654433
114.654433
114.654433
114.654433
114.654433
114.654433
114.654433
114.654433
114.654433
114.654433
114.654433
114.654433
114.654433
114.654433
114.654433
114.654433
114.654433
114.654433
114.654433
114.654433
114.654433
114.654433
114.654433
114.654433
114.654433
114.654433
114.654433
114.654433
114.654433
114.654433
114.654433
114.654433
114.654433
114.654433
114.654433
114.654433
114.654433
114.654433
114.654433
114.654433
114.654433
114.654433
114.654433
114.654433
114.654433
114.654433
114.654433
114.654433
114.654433
114.654433
114.654433
114.654433
114.654433
114.654433
114.654433
114.654433
114.654433
114.654433
114.654433
114.654433
114.654433
114.654433
114.654433
114.654433
114.654433
114.654433
114.654433
114.654433
114.654433
114.654433
114.654433
114.654433
114.654433
114.654433
114.654433
114.654433
114.654433
114.654433
114.654433
114.654433
114.654433
114.654433
114.654433
114.654433
114.654433
114.654433
114.654433
114.654433
114.654433
114.654433
114.654433
114.654433
114.654433
114.654433
114.654433
114.654433
114.654433
114.654433
114.654433
114.654433
114.654433
114.654433
114.654433
114.654433
114.654433
114.654433
114.654433
114.654433
114.654433
114.654433
114.654433
114.654433
114.654433
114.654433
114.654433
114.654433
114.654433
114.654433
114.654433
114.654433
114.654433
114.654433
114.654433
114.654433
114.654433
114.654433
114.654433
114.654433
114.654433
114.654433
114.654433
114.654433
114.654433
114.654433
114.654433
114.654433
114.654433
114.654433
114.654433
114.654433
114.654433
114.654433
114.654433
114.654433
114.654433
114.654433
114.654433
114.654433
114.654433
114.654433
114.654433
114.654433
114.654433
114.654433
114.654433
114.654433
114.654433
114.654433
114.654433
114.654433
114.654433
114.654433
114.654433
114.654433
114.654433
114.654433
114.654433
114.654433
114.654433
114.654433
114.654433
114.654433
114.654433
114.654433
114.654433
114.654433
114.654433
114.654433
114.654433
114.654433
114.654433
114.654433
114.654433
114.654433
114.654433
114.654433
114.654433
114.654433
114.654433
114.654433
114.654433
114.654433
114.654433
114.654433
114.654433
114.654433
114.654433
114.654433
114.654433
114.654433
114.654433
114.654433
114.654433
114.654433
114.654433
114.654433
114.654433
114.654433
114.654433
114.654433
114.654433
114.654433
114.654433
114.654433
114.654433
114.654433
114.654433
114.654433
114.654433
114.654433
114.654433
114.654433
114.654433
114.654433
114.654433
114.654433
114.654433
114.654433
114.654433
114.654433
114.654433
114.654433
114.654433
114.654433
114.654433
114.654433
114.654433
114.654433
114.654433
114.654433
114.654433
114.654433
114.654433
114.654433
114.654433
114.654433
114.654433
114.654433
114.654433
114.654433
114.654433
114.654433
114.654433
114.654433
114.654433
114.654433
114.654433
114.654433
114.654433
114.654433
114.654433
114.654433
114.654433
114.654433
114.654433
114.654433
114.654433
114.654433
114.654433
114.654433
114.654433
114.654433
114.654433
114.654433
114.654433
114.654433
114.654433
114.654433
114.654433
114.654433
114.654433
114.654433
114.654433
114.654433
114.654433
114.654433
114.654433
114.654433
114.654433
114.654433
114.654433
114.654433
114.654433
114.654433
114.654433
114.654433
114.654433
114.654433
114.654433
114.654433
114.654433
114.654433
114.654433
114.654433
114.654433
114.654433
114.654433
114.654433
114.654433
114.654433
114.654433
114.654433
114.654433
114.654433
114.654433
114.654433
114.654433
114.654433
114.654433
114.654433
114.654433
114.654433
114.654433
114.654433
114.654433
114.654433
114.654433
114.654433
114.654433
114.654433
114.654433
114.654433
114.654433
114.654433
114.654433
114.654433
114.654433
114.654433
114.654433
114.654433
114.654433
114.654433
114.654433
114.654433
114.654433
114.654433
114.654433
114.654433
114.654433
114.654433
114.654433
114.654433
114.654433
114.654433
114.654433
114.654433
114.654433
114.654433
114.654433
114.654433
114.654433
114.654433
114.654433
114.654433
114.654433
114.654433
114.654433
114.654433
114.654433
114.654433
114.654433
114.654433
114.654433
114.654433
114.654433
114.654433
114.654433
114.654433
114.654433
114.654433
114.654433
114.654433
114.654433
114.654433
114.654433
114.654433
114.654433
114.654433
114.654433
114.654433
114.654433
114.654433
114.654433
114.654433
114.654433
114.654433
114.654433
114.654433
114.654433
114.654433
114.654433
114.654433
114.654433
114.654433
114.654433
114.654433
114.654433
114.654433
114.654433
114.654433
114.654433
114.654433
114.654433
114.654433
114.654433
114.654433
114.654433
114.654433
114.654433
114.654433
114.654433
114.654433
114.654433
114.654433
114.654433
114.654433
114.654433
114.654433
114.654433
114.654433
114.654433
114.654433
114.654433
114.654433
114.654433
114.654433
114.654433
114.654433
114.654433
114.654433
114.654433
114.654433
114.654433
114.654433
114.654433
114.654433
114.654433
114.654433
114.654433
114.654433
114.654433
114.654433
114.654433
114.654433
114.654433
114.654433
114.654433
114.654433
114.654433
114.654433
114.654433
114.654433
114.654433
114.654433
114.654433
114.654433
114.654433
114.654433
114.654433
114.654433
114.654433
114.654433
114.654433
114.654433
114.654433
114.654433
114.654433
114.654433
114.654433
114.654433
114.654433
114.654433
114.654433
114.654433
114.654433
114.654433
114.654433
114.654433
114.654433
114.654433
114.654433
114.654433
114.654433
114.654433
114.654433
114.654433
114.654433
114.654433
114.654433
114.654433
114.654433
114.654433
114.654433
114.654433
114.654433
114.654433
114.654433
114.654433
114.654433
114.654433
114.654433
114.654433
114.654433
114.654433
114.654433
114.654433
114.654433
114.654433
114.654433
114.654433
114.654433
114.654433
114.654433
114.654433
114.654433
114.654433
114.654433
114.654433
114.654433
114.654433
114.654433
114.654433
114.654433
114.654433
114.654433
114.654433
114.654433
114.654433
114.654433
114.654433
114.654433
114.654433
114.654433
114.654433
114.654433
114.654433
114.654433
114.654433
114.654433
114.654433
114.654433
114.654433
114.654433
114.654433
114.654433
114.654433
114.654433
114.654433
114.654433
114.654433
114.654433
114.654433
114.654433
114.654433
114.654433
114.654433
114.654433
114.654433
114.654433
114.654433
114.654433
114.654433
114.654433
114.654433
114.654433
114.654433
114.654433
114.654433
114.654433
114.654433
114.654433
114.654433
114.654433
114.654433
114.654433
114.654433
114.654433
114.654433
114.654433
114.654433
114.654433
114.654433
114.654433
114.654433
114.654433
114.654433
114.654433
114.654433
114.654433
114.654433
114.654433
114.654433
114.654433
114.654433
114.654433
114.654433
114.654433
114.654433
114.654433
114.654433
114.654433
114.654433
114.654433
114.654433
114.654433
114.654433
114.654433
114.654433
114.654433
114.654433
114.654433
114.654433
114.654433
114.654433
114.654433
114.654433
114.654433
114.654433
114.654433
114.654433
114.654433
114.654433
114.654433
114.654433
114.654433
114.654433
114.654433
114.654433
114.654433
114.654433
114.654433
114.654433
114.654433
114.654433
114.654433
114.654433
114.654433
114.654433
114.654433
114.654433
114.654433
114.654433
114.654433
114.654433
114.654433
114.654433
114.654433
114.654433
114.654433
114.654433
114.654433
114.654433
114.654433
114.654433
114.654433
114.654433
114.654433
114.654433
114.654433
114.654433
114.654433
114.654433
114.654433
114.654433
114.654433
114.654433
114.654433
114.654433
114.654433
114.654433
114.654433
114.654433
114.654433
114.654433
114.654433
114.654433
114.654433
114.654433
114.654433
114.654433
114.654433
114.654433
114.654433
114.654433
114.654433
114.654433
114.654433
114.654433
114.654433
114.654433
114.654433
114.654433
114.654433
114.654433
114.654433
114.654433
114.654433
114.654433
114.654433
114.654433
114.654433
114.654433
114.654433
114.654433
114.654433
114.654433
114.654433
114.654433
114.654433
114.654433
114.654433
114.654433
114.654433
114.654433
114.654433
114.654433
114.654433
114.654433
114.654433
114.654433
114.654433
114.654433
114.654433
114.654433
114.654433
114.654433
114.654433
114.654433
114.654433
114.654433
114.654433
114.654433
114.654433
114.654433
114.654433
114.654433
114.654433
114.654433
114.654433
114.654433
114.654433
114.654433
114.654433
114.654433
114.654433
114.654433
114.654433
114.654433
114.654433
114.654433
114.654433
114.654433
114.654433
114.654433
114.654433
114.654433
114.654433
114.654433
114.654433
114.654433
114.654433
114.654433
114.654433
114.654433
114.654433
114.654433
114.654433
114.654433
114.654433
114.654433
114.654433
114.654433
114.654433
114.654433
114.654433
114.654433
114.654433
114.654433
114.654433
114.654433
114.654433
114.654433
114.654433
114.654433
114.654433
114.654433
114.654433
114.654433
114.654433
114.654433
114.654433
114.654433
114.654433
114.654433
114.654433
114.654433
114.654433
114.654433
114.654433
114.654433
114.654433
114.654433
114.654433
114.654433
114.654433
114.654433
114.654433
114.654433
114.654433
114.654433
114.654433
114.654433
114.654433
114.654433
114.654433
114.654433
114.654433
114.654433
114.654433
114.654433
114.654433
114.654433
114.654433
114.654433
114.654433
114.654433
114.654433
114.654433
114.654433
114.654433
114.654433
114.654433
114.654433
114.654433
114.654433
114.654433
114.654433
114.654433
114.654433
114.654433
114.654433
114.654433
114.654433
114.654433
114.654433
114.654433
114.654433
114.654433
114.654433
114.654433
114.654433
114.654433
114.654433
114.654433
114.654433
114.654433
114.654433
114.654433
114.654433
114.654433
114.654433
114.654433
114.654433
114.654433
114.654433
114.654433
114.654433
114.654433
114.654433
114.654433
114.654433
114.654433
114.654433
114.654433
114.654433
114.654433
114.654433
114.654433
114.654433
114.654433
114.654433
114.654433
114.654433
114.654433
114.654433
114.654433
114.654433
114.654433
114.654433
114.654433
114.654433
114.654433
114.654433
114.654433
114.654433
114.654433
114.654433
114.654433
114.654433
114.654433
114.654433
114.654433
114.654433
114.654433
114.654433
114.654433
114.654433
114.654433
114.654433
114.654433
114.654433
114.654433
114.654433
114.654433
114.654433
114.654433
114.654433
114.654433
114.654433
114.654433
114.654433
114.654433
114.654433
114.654433
114.654433
114.654433
114.654433
114.654433
114.654433
114.654433
114.654433
114.654433
114.654433
114.654433
114.654433
114.654433
114.654433
114.654433
114.654433
114.654433
114.654433
114.654433
114.654433
114.654433
114.654433
114.654433
114.654433
114.654433
114.654433
114.654433
114.654433
114.654433
114.654433
114.654433
114.654433
114.654433
114.654433
114.654433
114.654433
114.654433
114.654433
114.654433
114.654433
114.654433
114.654433
114.654433
114.654433
114.654433
114.654433
114.654433
114.654433
114.654433
114.654433
114.654433
114.654433
114.654433
114.654433
114.654433
114.654433
114.654433
114.654433
114.654433
114.654433
114.654433
114.654433
114.654433
114.654433
114.654433
114.654433
114.654433
114.654433
114.654433
114.654433
114.654433
114.654433
114.654433
114.654433
114.654433
114.654433
114.654433
114.654433
114.654433
114.654433
114.654433
114.654433
114.654433
114.654433
114.654433
114.654433
114.654433
114.654433
114.654433
114.654433
114.654433
114.654433
114.654433
114.654433
114.654433
114.654433
114.654433
114.654433
114.654433
114.654433
114.654433
114.654433
114.654433
114.654433
114.654433
114.654433
114.654433
114.654433
114.654433
114.654433
114.654433
114.654433
114.654433
114.654433
114.654433
114.654433
114.654433
114.654433
114.654433
114.654433
114.654433
114.654433
114.654433
114.654433
114.654433
114.654433
114.654433
114.654433
114.654433
114.654433
114.654433
114.654433
114.654433
114.654433
114.654433
114.654433
114.654433
114.654433
114.654433
114.654433
114.654433
114.654433
114.654433
114.654433
114.654433
114.654433
114.654433
114.654433
114.654433
114.654433
114.654433
114.654433
114.654433
114.654433
114.654433
114.654433
114.654433
114.654433
114.654433
114.654433
114.654433
114.654433
114.654433
114.654433
114.654433
114.654433
114.654433
114.654433
114.654433
114.654433
114.654433
114.654433
114.654433
114.654433
114.654433
114.654433
114.654433
114.654433
114.654433
114.654433
114.654433
114.654433
114.654433
114.654433
114.654433
114.654433
114.654433
114.654433
114.654433
114.654433
114.654433
114.654433
114.654433
114.654433
114.654433
114.654433
114.654433
114.654433
114.654433
114.654433
114.654433
114.654433
114.654433
114.654433
114.654433
114.654433
114.654433
114.654433
114.654433
114.654433
114.654433
114.654433
114.654433
114.654433
114.654433
114.654433
114.654433
114.654433
114.654433
114.654433
114.654433
114.654433
114.654433
114.654433
114.654433
114.654433
114.654433
114.654433
114.654433
114.654433
114.654433
114.654433
114.654433
114.654433
114.654433
114.654433
114.654433
114.654433
114.654433
114.654433
114.654433
114.654433
114.654433
114.654433
114.654433
114.654433
114.654433
114.654433
114.654433
114.654433
114.654433
114.654433
114.654433
114.654433
114.654433
114.654433
114.654433
114.654433
114.654433
114.654433
114.654433
114.654433
114.654433
114.654433
114.654433
114.654433
114.654433
114.654433
114.654433
114.654433
114.654433
114.654433
114.654433
114.654433
114.654433
114.654433
114.654433
114.654433
114.654433
114.654433
114.654433
114.654433
114.654433
114.654433
114.654433
114.654433
114.654433
114.654433
114.654433
114.654433
114.654433
114.654433
114.654433
114.654433
114.654433
114.654433
114.654433
114.654433
114.654433
114.654433
114.654433
114.654433
114.654433
114.654433
114.654433
114.654433
114.654433
114.654433
114.654433
114.654433
114.654433
114.654433
114.654433
114.654433
114.654433
114.654433
114.654433
114.654433
114.654433
114.654433
114.654433
114.654433
114.654433
114.654433
114.654433
114.654433
114.654433
114.654433
114.654433
114.654433
114.654433
114.654433
114.654433
114.654433
114.654433
114.654433
114.654433
114.654433
114.654433
114.654433
114.654433
114.654433
114.654433
114.654433
114.654433
114.654433
114.654433
114.654433
114.654433
114.654433
114.654433
114.654433
114.654433
114.654433
114.654433
114.654433
114.654433
114.654433
114.654433
114.654433
114.654433
114.654433
114.654433
114.654433
114.654433
114.654433
114.654433
114.654433
114.654433
114.654433
114.654433
114.654433
114.654433
114.654433
114.654433
114.654433
114.654433
114.654433
114.654433
114.654433
114.654433
114.654433
114.654433
114.654433
114.654433
114.654433
114.654433
114.654433
114.654433
114.654433
114.654433
114.654433
114.654433
114.654433
114.654433
114.654433
114.654433
114.654433
114.654433
114.654433
114.654433
114.654433
114.654433
114.654433
114.654433
114.654433
114.654433
114.654433
114.654433
114.654433
114.654433
114.654433
114.654433
114.654433
114.654433
114.654433
114.654433
114.654433
114.654433
114.654433
114.654433
114.654433
114.654433
114.654433
114.654433
114.654433
114.654433
114.654433
114.654433
114.654433
114.654433
114.654433
114.654433
114.654433
114.654433
114.654433
114.654433
114.654433
114.654433
114.654433
114.654433
114.654433
114.654433
114.654433
114.654433
114.654433
114.654433
114.654433
114.654433
114.654433
114.654433
114.654433
114.654433
114.654433
114.654433
114.654433
114.654433
114.654433
114.654433
114.654433
114.654433
114.654433
114.654433
114.654433
114.654433
114.654433
114.654433
114.654433
114.654433
114.654433
114.654433
114.654433
114.654433
114.654433
114.654433
114.654433
114.654433
114.654433
114.654433
114.654433
114.654433
114.654433
114.654433
114.654433
114.654433
114.654433
114.654433
114.654433
114.654433
114.654433
114.654433
114.654433
114.654433
114.654433
114.654433
114.654433
114.654433
114.654433
114.654433
114.654433
114.654433
114.654433
114.654433
114.654433
114.654433
114.654433
114.654433
114.654433
114.654433
114.654433
114.654433
114.654433
114.654433
114.654433
114.654433
114.654433
114.654433
114.654433
114.654433
114.654433
114.654433
114.654433
114.654433
114.654433
114.654433
114.654433
114.654433
114.654433
114.654433
114.654433
114.654433
114.654433
114.654433
114.654433
114.654433
114.654433
114.654433
114.654433
114.654433
114.654433
114.654433
114.654433
114.654433
114.654433
114.654433
114.654433
114.654433
114.654433
114.654433
114.654433
114.654433
114.654433
114.654433
114.654433
114.654433
114.654433
114.654433
114.654433
114.654433
114.654433
114.654433
114.654433
114.654433
114.654433
114.654433
114.654433
114.654433
114.654433
114.654433
114.654433
114.654433
114.654433
114.654433
114.654433
114.654433
114.654433
114.654433
114.654433
114.654433
114.654433
114.654433
114.654433
114.654433
114.654433
114.654433
114.654433
114.654433
114.654433
114.654433
114.654433
114.654433
114.654433
114.654433
114.654433
114.654433
114.654433
114.654433
114.654433
114.654433
114.654433
114.654433
114.654433
114.654433
114.654433
114.654433
114.654433
114.654433
114.654433
114.654433
114.654433
114.654433
114.654433
114.654433
114.654433
114.654433
114.654433
114.654433
114.654433
114.654433
114.654433
114.654433
114.654433
114.654433
114.654433
114.654433
114.654433
114.654433
114.654433
114.654433
114.654433
114.654433
114.654433
114.654433
114.654433
114.654433
114.654433
114.654433
114.654433
114.654433
114.654433
114.654433
114.654433
114.654433
114.654433
114.654433
114.654433
114.654433
114.654433
114.654433
114.654433
114.654433
114.654433
114.654433
114.654433
114.654433
114.654433
114.654433
114.654433
114.654433
114.654433
114.654433
114.654433
114.654433
114.654433
114.654433
114.654433
114.654433
114.654433
114.654433
114.654433
114.654433
114.654433
114.654433
114.654433
114.654433
114.654433
114.654433
114.654433
114.654433
114.654433
114.654433
114.654433
114.654433
114.654433
114.654433
114.654433
114.654433
114.654433
114.654433
114.654433
114.654433
114.654433
114.654433
114.654433
114.654433
114.654433
114.654433
114.654433
114.654433
114.654433
114.654433
114.654433
114.654433
114.654433
114.654433
114.654433
114.654433
114.654433
114.654433
114.654433
114.654433
114.654433
114.654433
114.654433
114.654433
114.654433
114.654433
114.654433
114.654433
114.654433
114.654433
114.654433
114.654433
114.654433
114.654433
114.654433
114.654433
114.654433
114.654433
114.654433
114.654433
114.654433
114.654433
114.654433
114.654433
114.654433
114.654433
114.654433
114.654433
114.654433
114.654433
114.654433
114.654433
114.654433
114.654433
114.654433
114.654433
114.654433
114.654433
114.654433
114.654433
114.654433
114.654433
114.654433
114.654433
114.654433
114.654433
114.654433
114.654433
114.654433
114.654433
114.654433
114.654433
114.654433
114.654433
114.654433
114.654433
114.654433
114.654433
114.654433
114.654433
114.654433
114.654433
114.654433
114.654433
114.654433
114.654433
114.654433
114.654433
114.654433
114.654433
114.654433
114.654433
114.654433
114.654433
114.654433
114.654433
114.654433
114.654433
114.654433
114.654433
114.654433
114.654433
114.654433
114.654433
114.654433
114.654433
114.654433
114.654433
114.654433
114.654433
114.654433
114.654433
114.654433
114.654433
114.654433
114.654433
114.654433
114.654433
114.654433
114.654433
114.654433
114.654433
114.654433
114.654433
114.654433
114.654433
114.654433
114.654433
114.654433
114.654433
114.654433
114.654433
114.654433
114.654433
114.654433
114.654433
114.654433
114.654433
114.654433
114.654433
114.654433
114.654433
114.654433
114.654433
114.654433
114.654433
114.654433
114.654433
114.654433
114.654433
114.654433
114.654433
114.654433
114.654433
114.654433
114.654433
114.654433
114.654433
114.654433
114.654433
114.654433
114.654433
114.654433
114.654433
114.654433
114.654433
114.654433
114.654433
114.654433
114.654433
114.654433
114.654433
114.654433
114.654433
114.654433
114.654433
114.654433
114.654433
114.654433
114.654433
114.654433
114.654433
114.654433
114.654433
114.654433
114.654433
114.654433
114.654433
114.654433
114.654433
114.654433
114.654433
114.654433
114.654433
114.654433
114.654433
114.654433
114.654433
114.654433
114.654433
114.654433
114.654433
114.654433
114.654433
114.654433
114.654433
114.654433
114.654433
114.654433
114.654433
114.654433
114.654433
114.654433
114.654433
114.654433
114.654433
114.654433
114.654433
114.654433
114.654433
114.654433
114.654433
114.654433
114.654433
114.654433
114.654433
114.654433
114.654433
114.654433
114.654433
114.654433
114.654433
114.654433
114.654433
114.654433
114.654433
114.654433
114.654433
114.654433
114.654433
114.654433
114.654433
114.654433
114.654433
114.654433
114.654433
114.654433
114.654433
114.654433
114.654433
114.654433
114.654433
114.654433
114.654433
114.654433
114.654433
114.654433
114.654433
114.654433
114.654433
114.654433
114.654433
114.654433
114.654433
114.654433
114.654433
114.654433
114.654433
114.654433
114.654433
114.654433
114.654433
114.654433
114.654433
114.654433
114.654433
114.654433
114.654433
114.654433
114.654433
114.654433
114.654433
114.654433
114.654433
114.654433
114.654433
114.654433
114.654433
114.654433
114.654433
114.654433
114.654433
114.654433
114.654433
114.654433
114.654433
114.654433
114.654433
114.654433
114.654433
114.654433
114.654433
114.654433
114.654433
114.654433
114.654433
114.654433
114.654433
114.654433
114.654433
114.654433
114.654433
114.654433
114.654433
114.654433
114.654433
114.654433
114.654433
114.654433
114.654433
114.654433
114.654433
114.654433
114.654433
114.654433
114.654433
114.654433
114.654433
114.654433
114.654433
114.654433
114.654433
114.654433
114.654433
114.654433
114.654433
114.654433
114.654433
114.654433
114.654433
114.654433
114.654433
114.654433
114.654433
114.654433
114.654433
114.654433
114.654433
114.654433
114.654433
114.654433
114.654433
114.654433
114.654433
114.654433
114.654433
114.654433
114.654433
114.654433
114.654433
114.654433
114.654433
114.654433
114.654433
114.654433
114.654433
114.654433
114.654433
114.654433
114.654433
114.654433
114.654433
114.654433
114.654433
114.654433
114.654433
114.654433
114.654433
114.654433
114.654433
114.654433
114.654433
114.654433
114.654433
114.654433
114.654433
114.654433
114.654433
114.654433
114.654433
114.654433
114.654433
114.654433
114.654433
114.654433
114.654433
114.654433
114.654433
114.654433
114.654433
114.654433
114.654433
114.654433
114.654433
114.654433
114.654433
114.654433
114.654433
114.654433
114.654433
114.654433
114.654433
114.654433
114.654433
114.654433
114.654433
114.654433
114.654433
114.654433
114.654433
114.654433
114.654433
114.654433
114.654433
114.654433
114.654433
114.654433
114.654433
114.654433
114.654433
114.654433
114.654433
114.654433
114.654433
114.654433
114.654433
114.654433
114.654433
114.654433
114.654433
114.654433
114.654433
114.654433
114.654433
114.654433
114.654433
114.654433
114.654433
114.654433
114.654433
114.654433
114.654433
114.654433
114.654433
114.654433
114.654433
114.654433
114.654433
114.654433
114.654433
114.654433
114.654433
114.654433
114.654433
114.654433
114.654433
114.654433
114.654433
114.654433
114.654433
114.654433
114.654433
114.654433
114.654433
114.654433
114.654433
114.654433
114.654433
114.654433
114.654433
114.654433
114.654433
114.654433
114.654433
114.654433
114.654433
114.654433
114.654433
114.654433
114.654433
114.654433
114.654433
114.654433
114.654433
114.654433
114.654433
114.654433
114.654433
114.654433
114.654433
114.654433
114.654433
114.654433
114.654433
114.654433
114.654433
114.654433
114.654433
114.654433
114.654433
114.654433
114.654433
114.654433
114.654433
114.654433
114.654433
114.654433
114.654433
114.654433
114.654433
114.654433
114.654433
114.654433
114.654433
114.654433
114.654433
114.654433
114.654433
114.654433
114.654433
114.654433
114.654433
114.654433
114.654433
114.654433
114.654433
114.654433
114.654433
114.654433
114.654433
114.654433
114.654433
114.654433
114.654433
114.654433
114.654433
114.654433
114.654433
114.654433
114.654433
114.654433
114.654433
114.654433
114.654433
114.654433
114.654433
114.654433
114.654433
114.654433
114.654433
114.654433
114.654433
114.654433
114.654433
114.654433
114.654433
114.654433
114.654433
114.654433
114.654433
114.654433
114.654433
114.654433
114.654433
114.654433
114.654433
114.654433
114.654433
114.654433
114.654433
114.654433
114.654433
114.654433
114.654433
114.654433
114.654433
114.654433
114.654433
114.654433
114.654433
114.654433
114.654433
114.654433
114.654433
114.654433
114.654433
114.654433
114.654433
114.654433
114.654433
114.654433
114.654433
114.654433
114.654433
114.654433
114.654433
114.654433
114.654433
114.654433
114.654433
114.654433
114.654433
114.654433
114.654433
114.654433
114.654433
114.654433
114.654433
114.654433
114.654433
114.654433
114.654433
114.654433
114.654433
114.654433
114.654433
114.654433
114.654433
114.654433
114.654433
114.654433
114.654433
114.654433
114.654433
114.654433
114.654433
114.654433
114.654433
114.654433
114.654433
114.654433
114.654433
114.654433
114.654433
114.654433
114.654433
114.654433
114.654433
114.654433
114.654433
114.654433
114.654433
114.654433
114.654433
114.654433
114.654433
114.654433
114.654433
114.654433
114.654433
114.654433
114.654433
114.654433
114.654433
114.654433
114.654433
114.654433
114.654433
114.654433
114.654433
114.654433
114.654433
114.654433
114.654433
114.654433
114.654433
114.654433
114.654433
114.654433
114.654433
114.654433
114.654433
114.654433
114.654433
114.654433
114.654433
114.654433
114.654433
114.654433
114.654433
114.654433
114.654433
114.654433
114.654433
114.654433
114.654433
114.654433
114.654433
114.654433
114.654433
114.654433
114.654433
114.654433
114.654433
114.654433
114.654433
114.654433
114.654433
114.654433
114.654433
114.654433
114.654433
114.654433
114.654433
114.654433
114.654433
114.654433
114.654433
114.654433
114.654433
114.654433
114.654433
114.654433
114.654433
114.654433
114.654433
114.654433
114.654433
114.654433
114.654433
114.654433
114.654433
114.654433
114.654433
114.654433
114.654433
114.654433
114.654433
114.654433
114.654433
114.654433
114.654433
114.654433
114.654433
114.654433
114.654433
114.654433
114.654433
114.654433
114.654433
114.654433
114.654433
114.654433
114.654433
114.654433
114.654433
114.654433
114.654433
114.654433
114.654433
114.654433
114.654433
114.654433
114.654433
114.654433
114.654433
114.654433
114.654433
114.654433
114.654433
114.654433
114.654433
114.654433
114.654433
114.654433
114.654433
114.654433
114.654433
114.654433
114.654433
114.654433
114.654433
114.654433
114.654433
114.654433
114.654433
114.654433
114.654433
114.654433
114.654433
114.654433
114.654433
114.654433
114.654433
114.654433
114.654433
114.654433
114.654433
114.654433
114.654433
114.654433
114.654433
114.654433
114.654433
114.654433
114.654433
114.654433
114.654433
114.654433
114.654433
114.654433
114.654433
114.654433
114.654433
114.654433
114.654433
114.654433
114.654433
114.654433
114.654433
114.654433
114.654433
114.654433
114.654433
114.654433
114.654433
114.654433
114.654433
114.654433
114.654433
114.654433
114.654433
114.654433
114.654433
114.654433
114.654433
114.654433
114.654433
114.654433
114.654433
114.654433
114.654433
114.654433
114.654433
114.654433
114.654433
114.654433
114.654433
114.654433
114.654433
114.654433
114.654433
114.654433
114.654433
114.654433
114.654433
114.654433
114.654433
114.654433
114.654433
114.654433
114.654433
114.654433
114.654433
114.654433
114.654433
114.654433
114.654433
114.654433
114.654433
114.654433
114.654433
114.654433
114.654433
114.654433
114.654433
114.654433
114.654433
114.654433
114.654433
114.654433
114.654433
114.654433
114.654433
114.654433
114.654433
114.654433
114.654433
114.654433
114.654433
114.654433
114.654433
114.654433
114.654433
114.654433
114.654433
114.654433
114.654433
114.654433
114.654433
114.654433
114.654433
114.654433
114.654433
114.654433
114.654433
114.654433
114.654433
114.654433
114.654433
114.654433
114.654433
114.654433
114.654433
114.654433
114.654433
114.654433
114.654433
114.654433
114.654433
114.654433
114.654433
114.654433
114.654433
114.654433
114.654433
114.654433
114.654433
114.654433
114.654433
114.654433
114.654433
114.654433
114.654433
114.654433
114.654433
114.654433
114.654433
114.654433
114.654433
114.654433
114.654433
114.654433
114.654433
114.654433
114.654433
114.654433
114.654433
114.654433
114.654433
114.654433
114.654433
114.654433
114.654433
114.654433
114.654433
114.654433
114.654433
114.654433
114.654433
114.654433
114.654433
114.654433
114.654433
114.654433
114.654433
114.654433
114.654433
114.654433
114.654433
114.654433
114.654433
114.654433
114.654433
114.654433
114.654433
114.654433
114.654433
114.654433
114.654433
114.654433
114.654433
114.654433
114.654433
114.654433
114.654433
114.654433
114.654433
114.654433
114.654433
114.654433
114.654433
114.654433
114.654433
114.654433
114.654433
114.654433
114.654433
114.654433
114.654433
114.654433
114.654433
114.654433
114.654433
114.654433
114.654433
114.654433
114.654433
114.654433
114.654433
114.654433
114.654433
114.654433
114.654433
114.654433
114.654433
114.654433
114.654433
114.654433
114.654433
114.654433
114.654433
114.654433
114.654433
114.654433
114.654433
114.654433
114.654433
114.654433
114.654433
114.654433
114.654433
114.654433
114.654433
114.654433
114.654433
114.654433
114.654433
114.654433
114.654433
114.654433
114.654433
114.654433
114.654433
114.654433
114.654433
114.654433
114.654433
114.654433
114.654433
114.654433
114.654433
114.654433
114.654433
114.654433
114.654433
114.654433
114.654433
114.654433
114.654433
114.654433
114.654433
114.654433
114.654433
114.654433
114.654433
114.654433
114.654433
114.654433
114.654433
114.654433
114.654433
114.654433
114.654433
114.654433
114.654433
114.654433
114.654433
114.654433
114.654433
114.654433
114.654433
114.654433
114.654433
114.654433
114.654433
114.654433
114.654433
114.654433
114.654433
114.654433
114.654433
114.654433
114.654433
114.654433
114.654433
114.654433
114.654433
114.654433
114.654433
114.654433
114.654433
114.654433
114.654433
114.654433
114.654433
114.654433
114.654433
114.654433
114.654433
114.654433
114.654433
114.654433
114.654433
114.654433
114.654433
114.654433
114.654433
114.654433
114.654433
114.654433
114.654433
114.654433
114.654433
114.654433
114.654433
114.654433
114.654433
114.654433
114.654433
114.654433
114.654433
114.654433
114.654433
114.654433
114.654433
114.654433
114.654433
114.654433
114.654433
114.654433
114.654433
114.654433
114.654433
114.654433
114.654433
114.654433
114.654433
114.654433
114.654433
114.654433
114.654433
114.654433
114.654433
114.654433
114.654433
114.654433
114.654433
114.654433
114.654433
114.654433
114.654433
114.654433
114.654433
114.654433
114.654433
114.654433
114.654433
114.654433
114.654433
114.654433
114.654433
114.654433
114.654433
114.654433
114.654433
114.654433
114.654433
114.654433
114.654433
114.654433
114.654433
114.654433
114.654433
114.654433
114.654433
114.654433
114.654433
114.654433
114.654433
114.654433
114.654433
114.654433
114.654433
114.654433
114.654433
114.654433
114.654433
114.654433
114.654433
114.654433
114.654433
114.654433
114.654433
114.654433
114.654433
114.654433
114.654433
114.654433
114.654433
114.654433
114.654433
114.654433
114.654433
114.654433
114.654433
114.654433
114.654433
114.654433
114.654433
114.654433
114.654433
114.654433
114.654433
114.654433
114.654433
114.654433
114.654433
114.654433
114.654433
114.654433
114.654433
114.654433
114.654433
114.654433
114.654433
114.654433
114.654433
114.654433
114.654433
114.654433
114.654433
114.654433
114.654433
114.654433
114.654433
114.654433
114.654433
114.654433
114.654433
114.654433
114.654433
114.654433
114.654433
114.654433
114.654433
114.654433
114.654433
114.654433
114.654433
114.654433
114.654433
114.654433
114.654433
114.654433
114.654433
114.654433
114.654433
114.654433
114.654433
114.654433
114.654433
114.654433
114.654433
114.654433
114.654433
114.654433
114.654433
114.654433
114.654433
114.654433
114.654433
114.654433
114.654433
114.654433
114.654433
114.654433
114.654433
114.654433
114.654433
114.654433
114.654433
114.654433
114.654433
114.654433
114.654433
114.654433
114.654433
114.654433
114.654433
114.654433
114.654433
114.654433
114.654433
114.654433
114.654433
114.654433
114.654433
114.654433
114.654433
114.654433
114.654433
114.654433
114.654433
114.654433
114.654433
114.654433
114.654433
114.654433
114.654433
114.654433
114.654433
114.654433
114.654433
114.654433
114.654433
114.654433
114.654433
114.654433
114.654433
114.654433
114.654433
114.654433
114.654433
114.654433
114.654433
114.654433
114.654433
114.654433
114.654433
114.654433
114.654433
114.654433
114.654433
114.654433
114.654433
114.654433
114.654433
114.654433
114.654433
114.654433
114.654433
114.654433
114.654433
114.654433
114.654433
114.654433
114.654433
114.654433
114.654433
114.654433
114.654433
114.654433
114.654433
114.654433
114.654433
114.654433
114.654433
114.654433
114.654433
114.654433
114.654433
114.654433
114.654433
114.654433
114.654433
114.654433
114.654433
114.654433
114.654433
114.654433
114.654433
114.654433
114.654433
114.654433
114.654433
114.654433
114.654433
114.654433
114.654433
114.654433
114.654433
114.654433
114.654433
114.654433
114.654433
114.654433
114.654433
114.654433
114.654433
114.654433
114.654433
114.654433
114.654433
114.654433
114.654433
114.654433
114.654433
114.654433
114.654433
114.654433
114.654433
114.654433
114.654433
114.654433
114.654433
114.654433
114.654433
114.654433
114.654433
114.654433
114.654433
114.654433
114.654433
114.654433
114.654433
114.654433
114.654433
114.654433
114.654433
114.654433
114.654433
114.654433
114.654433
114.654433
114.654433
114.654433
114.654433
114.654433
114.654433
114.654433
114.654433
114.654433
114.654433
114.654433
114.654433
114.654433
114.654433
114.654433
114.654433
114.654433
114.654433
114.654433
114.654433
114.654433
114.654433
114.654433
114.654433
114.654433
114.654433
114.654433
114.654433
114.654433
114.654433
114.654433
114.654433
114.654433
114.654433
114.654433
114.654433
114.654433
114.654433
114.654433
114.654433
114.654433
114.654433
114.654433
114.654433
114.654433
114.654433
114.654433
114.654433
114.654433
114.654433
114.654433
114.654433
114.654433
114.654433
114.654433
114.654433
114.654433
114.654433
114.654433
114.654433
114.654433
114.654433
114.654433
114.654433
114.654433
114.654433
114.654433
114.654433
114.654433
114.654433
114.654433
114.654433
114.654433
114.654433
114.654433
114.654433
114.654433
114.654433
114.654433
114.654433
114.654433
114.654433
114.654433
114.654433
114.654433
114.654433
114.654433
114.654433
114.654433
114.654433
114.654433
114.654433
114.654433
114.654433
114.654433
114.654433
114.654433
114.654433
114.654433
114.654433
114.654433
114.654433
114.654433
114.654433
114.654433
114.654433
114.654433
114.654433
114.654433
114.654433
114.654433
114.654433
114.654433
114.654433
114.654433
114.654433
114.654433
114.654433
114.654433
114.654433
114.654433
114.654433
114.654433
114.654433
114.654433
114.654433
114.654433
114.654433
114.654433
114.654433
114.654433
114.654433
114.654433
114.654433
114.654433
114.654433
114.654433
114.654433
114.654433
114.654433
114.654433
114.654433
114.654433
114.654433
114.654433
114.654433
114.654433
114.654433
114.654433
114.654433
114.654433
114.654433
114.654433
114.654433
114.654433
114.654433
114.654433
114.654433
114.654433
114.654433
114.654433
114.654433
114.654433
114.654433
114.654433
114.654433
114.654433
114.654433
114.654433
114.654433
114.654433
114.654433
114.654433
114.654433
114.654433
114.654433
114.654433
114.654433
114.654433
114.654433
114.654433
114.654433
114.654433
114.654433
114.654433
114.654433
114.654433
114.654433
114.654433
114.654433
114.654433
114.654433
114.654433
114.654433
114.654433
114.654433
114.654433
114.654433
114.654433
114.654433
114.654433
114.654433
114.654433
114.654433
114.654433
114.654433
114.654433
114.654433
114.654433
114.654433
114.654433
114.654433
114.654433
114.654433
114.654433
114.654433
114.654433
114.654433
114.654433
114.654433
114.654433
114.654433
114.654433
114.654433
114.654433
114.654433
114.654433
114.654433
114.654433
114.654433
114.654433
114.654433
114.654433
114.654433
114.654433
114.654433
114.654433
114.654433
114.654433
114.654433
114.654433
114.654433
114.654433
114.654433
114.654433
114.654433
114.654433
114.654433
114.654433
114.654433
114.654433
114.654433
114.654433
114.654433
114.654433
114.654433
114.654433
114.654433
114.654433
114.654433
114.654433
114.654433
114.654433
114.654433
114.654433
114.654433
114.654433
114.654433
114.654433
114.654433
114.654433
114.654433
114.654433
114.654433
114.654433
114.654433
114.654433
114.654433
114.654433
114.654433
114.654433
114.654433
114.654433
114.654433
114.654433
114.654433
114.654433
114.654433
114.654433
114.654433
114.654433
114.654433
114.654433
114.654433
114.654433
114.654433
114.654433
114.654433
114.654433
114.654433
114.654433
114.654433
114.654433
114.654433
114.654433
114.654433
114.654433
114.654433
114.654433
114.654433
114.654433
114.654433
114.654433
114.654433
114.654433
114.654433
114.654433
114.654433
114.654433
114.654433
114.654433
114.654433
114.654433
114.654433
114.654433
114.654433
114.654433
114.654433
114.654433
114.654433
114.654433
114.654433
114.654433
114.654433
114.654433
114.654433
114.654433
114.654433
114.654433
114.654433
114.654433
114.654433
114.654433
114.654433
114.654433
114.654433
114.654433
114.654433
114.654433
114.654433
114.654433
114.654433
114.654433
114.654433
114.654433
114.654433
114.654433
114.654433
114.654433
114.654433
114.654433
114.654433
114.654433
114.654433
114.654433
114.654433
114.654433
114.654433
114.654433
114.654433
114.654433
114.654433
114.654433
114.654433
114.654433
114.654433
114.654433
114.654433
114.654433
114.654433
114.654433
114.654433
114.654433
114.654433
114.654433
114.654433
114.654433
114.654433
114.654433
114.654433
114.654433
114.654433
114.654433
114.654433
114.654433
114.654433
114.654433
114.654433
114.654433
114.654433
114.654433
114.654433
114.654433
114.654433
114.654433
114.654433
114.654433
114.654433
114.654433
114.654433
114.654433
114.654433
114.654433
114.654433
114.654433
114.654433
114.654433
114.654433
114.654433
114.654433
114.654433
114.654433
114.654433
114.654433
114.654433
114.654433
114.654433
114.654433
114.654433
114.654433
114.654433
114.654433
114.654433
114.654433
114.654433
114.654433
114.654433
114.654433
114.654433
114.654433
114.654433
114.654433
114.654433
114.654433
114.654433
114.654433
114.654433
114.654433
114.654433
114.654433
114.654433
114.654433
114.654433
114.654433
114.654433
114.654433
114.654433
114.654433
114.654433
114.654433
114.654433
114.654433
114.654433
114.654433
114.654433
114.654433
114.654433
114.654433
114.654433
114.654433
114.654433
114.654433
114.654433
114.654433
114.654433
114.654433
114.654433
114.654433
114.654433
114.654433
114.654433
114.654433
114.654433
114.654433
114.654433
114.654433
114.654433
114.654433
114.654433
114.654433
114.654433
114.654433
114.654433
114.654433
114.654433
114.654433
114.654433
114.654433
114.654433
114.654433
114.654433
114.654433
114.654433
114.654433
114.654433
114.654433
114.654433
114.654433
114.654433
114.654433
114.654433
114.654433
114.654433
114.654433
114.654433
114.654433
114.654433
114.654433
114.654433
114.654433
114.654433
114.654433
114.654433
114.654433
114.654433
114.654433
114.654433
114.654433
114.654433
114.654433
114.654433
114.654433
114.654433
114.654433
114.654433
114.654433
114.654433
114.654433
114.654433
114.654433
114.654433
114.654433
114.654433
114.654433
114.654433
114.654433
114.654433
114.654433
114.654433
114.654433
114.654433
114.654433
114.654433
114.654433
114.654433
114.654433
114.654433
114.654433
114.654433
114.654433
114.654433
114.654433
114.654433
114.654433
114.654433
114.654433
114.654433
114.654433
114.654433
114.654433
114.654433
114.654433
114.654433
114.654433
114.654433
114.654433
114.654433
114.654433
114.654433
114.654433
114.654433
114.654433
114.654433
114.654433
114.654433
114.654433
114.654433
114.654433
114.654433
114.654433
114.654433
114.654433
114.654433
114.654433
114.654433
114.654433
114.654433
114.654433
114.654433
114.654433
114.654433
114.654433
114.654433
114.654433
114.654433
114.654433
114.654433
114.654433
114.654433
114.654433
114.654433
114.654433
114.654433
114.654433
114.654433
114.654433
114.654433
114.654433
114.654433
114.654433
114.654433
114.654433
114.654433
114.654433
114.654433
114.654433
114.654433
114.654433
114.654433
114.654433
114.654433
114.654433
114.654433
114.654433
114.654433
114.654433
114.654433
114.654433
114.654433
114.654433
114.654433
114.654433
114.654433
114.654433
114.654433
114.654433
114.654433
114.654433
114.654433
114.654433
114.654433
114.654433
114.654433
114.654433
114.654433
114.654433
114.654433
114.654433
114.654433
114.654433
114.654433
114.654433
114.654433
114.654433
114.654433
114.654433
114.654433
114.654433
114.654433
114.654433
114.654433
114.654433
114.654433
114.654433
114.654433
114.654433
114.654433
114.654433
114.654433
114.654433
114.654433
114.654433
114.654433
114.654433
114.654433
114.654433
114.654433
114.654433
114.654433
114.654433
114.654433
114.654433
114.654433
114.654433
114.654433
114.654433
114.654433
114.654433
114.654433
114.654433
114.654433
114.654433
114.654433
114.654433
114.654433
114.654433
114.654433
114.654433
114.654433
114.654433
114.654433
114.654433
114.654433
114.654433
114.654433
114.654433
114.654433
114.654433
114.654433
114.654433
114.654433
114.654433
114.654433
114.654433
114.654433
114.654433
114.654433
114.654433
114.654433
114.654433
114.654433
114.654433
114.654433
114.654433
114.654433
114.654433
114.654433
114.654433
114.654433
114.654433
114.654433
114.654433
114.654433
114.654433
114.654433
114.654433
114.654433
114.654433
114.654433
114.654433
114.654433
114.654433
114.654433
114.654433
114.654433
114.654433
114.654433
114.654433
114.654433
114.654433
114.654433
114.654433
114.654433
114.654433
114.654433
114.654433
114.654433
114.654433
114.654433
114.654433
114.654433
114.654433
114.654433
114.654433
114.654433
114.654433
114.654433
114.654433
114.654433
114.654433
114.654433
114.654433
114.654433
114.654433
114.654433
114.654433
114.654433
114.654433
114.654433
114.654433
114.654433
114.654433
114.654433
114.654433
114.654433
114.654433
114.654433
114.654433
114.654433
114.654433
114.654433
114.654433
114.654433
114.654433
114.654433
114.654433
114.654433
114.654433
114.654433
114.654433
114.654433
114.654433
114.654433
114.654433
114.654433
114.654433
114.654433
114.654433
114.654433
114.654433
114.654433
114.654433
114.654433
114.654433
114.654433
114.654433
114.654433
114.654433
114.654433
114.654433
114.654433
114.654433
114.654433
114.654433
114.654433
114.654433
114.654433
114.654433
114.654433
114.654433
114.654433
114.654433
114.654433
114.654433
114.654433
114.654433
114.654433
114.654433
114.654433
114.654433
114.654433
114.654433
114.654433
114.654433
114.654433
114.654433
114.654433
114.654433
114.654433
114.654433
114.654433
114.654433
114.654433
114.654433
114.654433
114.654433
114.654433
114.654433
114.654433
114.654433
114.654433
114.654433
114.654433
114.654433
114.654433
114.654433
114.654433
114.654433
114.654433
114.654433
114.654433
114.654433
114.654433
114.654433
114.654433
114.654433
114.654433
114.654433
114.654433
114.654433
114.654433
114.654433
114.654433
114.654433
114.654433
114.654433
114.654433
114.654433
114.654433
114.654433
114.654433
114.654433
114.654433
114.654433
114.654433
114.654433
114.654433
114.654433
114.654433
114.654433
114.654433
114.654433
114.654433
114.654433
114.654433
114.654433
114.654433
114.654433
114.654433
114.654433
114.654433
114.654433
114.654433
114.654433
114.654433
114.654433
114.654433
114.654433
114.654433
114.654433
114.654433
114.654433
114.654433
114.654433
114.654433
114.654433
114.654433
114.654433
114.654433
114.654433
114.654433
114.654433
114.654433
114.654433
114.654433
114.654433
114.654433
114.654433
114.654433
114.654433
114.654433
114.654433
114.654433
114.654433
114.654433
114.654433
114.654433
114.654433
114.654433
114.654433
114.654433
114.654433
114.654433
114.654433
114.654433
114.654433
114.654433
114.654433
114.654433
114.654433
114.654433
114.654433
114.654433
114.654433
114.654433
114.654433
114.654433
114.654433
114.654433
114.654433
114.654433
114.654433
114.654433
114.654433
114.654433
114.654433
114.654433
114.654433
114.654433
114.654433
114.654433
114.654433
114.654433
114.654433
114.654433
114.654433
114.654433
114.654433
114.654433
114.654433
114.654433
114.654433
114.654433
114.654433
114.654433
114.654433
114.654433
114.654433
114.654433
114.654433
114.654433
114.654433
114.654433
114.654433
114.654433
114.654433
114.654433
114.654433
114.654433
114.654433
114.654433
114.654433
114.654433
114.654433
114.654433
114.654433
114.654433
114.654433
114.654433
114.654433
114.654433
114.654433
114.654433
114.654433
114.654433
114.654433
114.654433
114.654433
114.654433
114.654433
114.654433
114.654433
114.654433
114.654433
114.654433
114.654433
114.654433
114.654433
114.654433
114.654433
114.654433
114.654433
114.654433
114.654433
114.654433
114.654433
114.654433
114.654433
114.654433
114.654433
114.654433
114.654433
114.654433
114.654433
114.654433
114.654433
114.654433
114.654433
114.654433
114.654433
114.654433
114.654433
114.654433
114.654433
114.654433
114.654433
114.654433
114.654433
114.654433
114.654433
114.654433
114.654433
114.654433
114.654433
114.654433
114.654433
114.654433
114.654433
114.654433
114.654433
114.654433
114.654433
114.654433
114.654433
114.654433
114.654433
114.654433
114.654433
114.654433
114.654433
114.654433
114.654433
114.654433
114.654433
114.654433
114.654433
114.654433
114.654433
114.654433
114.654433
114.654433
114.654433
114.654433
114.654433
114.654433
114.654433
114.654433
114.654433
114.654433
114.654433
114.654433
114.654433
114.654433
114.654433
114.654433
114.654433
114.654433
114.654433
114.654433
114.654433
114.654433
114.654433
114.654433
114.654433
114.654433
114.654433
114.654433
114.654433
114.654433
114.654433
114.654433
114.654433
114.654433
114.654433
114.654433
114.654433
114.654433
114.654433
114.654433
114.654433
114.654433
114.654433
114.654433
114.654433
114.654433
114.654433
114.654433
114.654433
114.654433
114.654433
114.654433
114.654433
114.654433
114.654433
114.654433
114.654433
114.654433
114.654433
114.654433
114.654433
114.654433
114.654433
114.654433
114.654433
114.654433
114.654433
114.654433
114.654433
114.654433
114.654433
114.654433
114.654433
114.654433
114.654433
114.654433
114.654433
114.654433
114.654433
114.654433
114.654433
114.654433
114.654433
114.654433
114.654433
114.654433
114.654433
114.654433
114.654433
114.654433
114.654433
114.654433
114.654433
114.654433
114.654433
114.654433
114.654433
114.654433
114.654433
114.654433
114.654433
114.654433
114.654433
114.654433
114.654433
114.654433
114.654433
114.654433
114.654433
114.654433
114.654433
114.654433
114.654433
114.654433
114.654433
114.654433
114.654433
114.654433
114.654433
114.654433
114.654433
114.654433
114.654433
114.654433
114.654433
114.654433
114.654433
114.654433
114.654433
114.654433
114.654433
114.654433
114.654433
114.654433
114.654433
114.654433
114.654433
114.654433
114.654433
114.654433
114.654433
114.654433
114.654433
114.654433
114.654433
114.654433
114.654433
114.654433
114.654433
114.654433
114.654433
114.654433
114.654433
114.654433
114.654433
114.654433
114.654433
114.654433
114.654433
114.654433
114.654433
114.654433
114.654433
114.654433
114.654433
114.654433
114.654433
114.654433
114.654433
114.654433
114.654433
114.654433
114.654433
114.654433
114.654433
114.654433
114.654433
114.654433
114.654433
114.654433
114.654433
114.654433
114.654433
114.654433
114.654433
114.654433
114.654433
114.654433
114.654433
114.654433
114.654433
114.654433
114.654433
114.654433
114.654433
114.654433
114.654433
114.654433
114.654433
114.654433
114.654433
114.654433
114.654433
114.654433
114.654433
114.654433
114.654433
114.654433
114.654433
114.654433
114.654433
114.654433
114.654433
114.654433
114.654433
114.654433
114.654433
114.654433
114.654433
114.654433
114.654433
114.654433
114.654433
114.654433
114.654433
114.654433
114.654433
114.654433
114.654433
114.654433
114.654433
114.654433
114.654433
114.654433
114.654433
114.654433
114.654433
114.654433
114.654433
114.654433
114.654433
114.654433
114.654433
114.654433
114.654433
114.654433
114.654433
114.654433
114.654433
114.654433
114.654433
114.654433
114.654433
114.654433
114.654433
114.654433
114.654433
114.654433
114.654433
114.654433
114.654433
114.654433
114.654433
114.654433
114.654433
114.654433
114.654433
114.654433
114.654433
114.654433
114.654433
114.654433
114.654433
114.654433
114.654433
114.654433
114.654433
114.654433
114.654433
114.654433
114.654433
114.654433
114.654433
114.654433
114.654433
114.654433
114.654433
114.654433
114.654433
114.654433
114.654433
114.654433
114.654433
114.654433
114.654433
114.654433
114.654433
114.654433
114.654433
114.654433
114.654433
114.654433
114.654433
114.654433
114.654433
114.654433
114.654433
114.654433
114.654433
114.654433
114.654433
114.654433
114.654433
114.654433
114.654433
114.654433
114.654433
114.654433
114.654433
114.654433
114.654433
114.654433
114.654433
114.654433
114.654433
114.654433
114.654433
114.654433
114.654433
114.654433
114.654433
114.654433
114.654433
114.654433
114.654433
114.654433
114.654433
114.654433
114.654433
114.654433
114.654433
114.654433
114.654433
114.654433
114.654433
114.654433
114.654433
114.654433
114.654433
114.654433
114.654433
114.654433
114.654433
114.654433
114.654433
114.654433
114.654433
114.654433
114.654433
114.654433
114.654433
114.654433
114.654433
114.654433
114.654433
114.654433
114.654433
114.654433
114.654433
114.654433
114.654433
114.654433
114.654433
114.654433
114.654433
114.654433
114.654433
114.654433
114.654433
114.654433
114.654433
114.654433
114.654433
114.654433
114.654433
114.654433
114.654433
114.654433
114.654433
114.654433
114.654433
114.654433
114.654433
114.654433
114.654433
114.654433
114.654433
114.654433
114.654433
114.654433
114.654433
114.654433
114.654433
114.654433
114.654433
114.654433
114.654433
114.654433
114.654433
114.654433
114.654433
114.654433
114.654433
114.654433
114.654433
114.654433
114.654433
114.654433
114.654433
114.654433
114.654433
114.654433
114.654433
114.654433
114.654433
114.654433
114.654433
114.654433
114.654433
114.654433
114.654433
114.654433
114.654433
114.654433
114.654433
114.654433
114.654433
114.654433
114.654433
114.654433
114.654433
114.654433
114.654433
114.654433
114.654433
114.654433
114.654433
114.654433
114.654433
114.654433
114.654433
114.654433
114.654433
114.654433
114.654433
114.654433
114.654433
114.654433
114.654433
114.654433
114.654433
114.654433
114.654433
114.654433
114.654433
114.654433
114.654433
114.654433
114.654433
114.654433
114.654433
114.654433
114.654433
114.654433
114.654433
114.654433
114.654433
114.654433
114.654433
114.654433
114.654433
114.654433
114.654433
114.654433
114.654433
114.654433
114.654433
114.654433
114.654433
114.654433
114.654433
114.654433
114.654433
114.654433
114.654433
114.654433
114.654433
114.654433
114.654433
114.654433
114.654433
114.654433
114.654433
114.654433
114.654433
114.654433
114.654433
114.654433
114.654433
114.654433
114.654433
114.654433
114.654433
114.654433
114.654433
114.654433
114.654433
114.654433
114.654433
114.654433
114.654433
114.654433
114.654433
114.654433
114.654433
114.654433
114.654433
114.654433
114.654433
114.654433
114.654433
114.654433
114.654433
114.654433
114.654433
114.654433
114.654433
114.654433
114.654433
114.654433
114.654433
114.654433
114.654433
114.654433
114.654433
114.654433
114.654433
114.654433
114.654433
114.654433
114.654433
114.654433
114.654433
114.654433
114.654433
114.654433
114.654433
114.654433
114.654433
114.654433
114.654433
114.654433
114.654433
114.654433
114.654433
114.654433
114.654433
114.654433
114.654433
114.654433
114.654433
114.654433
114.654433
114.654433
114.654433
114.654433
114.654433
114.654433
114.654433
114.654433
114.654433
114.654433
114.654433
114.654433
114.654433
114.654433
114.654433
114.654433
114.654433
114.654433
114.654433
114.654433
114.654433
114.654433
114.654433
114.654433
114.654433
114.654433
114.654433
114.654433
114.654433
114.654433
114.654433
114.654433
114.654433
114.654433
114.654433
114.654433
114.654433
114.654433
114.654433
114.654433
114.654433
114.654433
114.654433
114.654433
114.654433
114.654433
114.654433
114.654433
114.654433
114.654433
114.654433
114.654433
114.654433
114.654433
114.654433
114.654433
114.654433
114.654433
114.654433
114.654433
114.654433
114.654433
114.654433
114.654433
114.654433
114.654433
114.654433
114.654433
114.654433
114.654433
114.654433
114.654433
114.654433
114.654433
114.654433
114.654433
114.654433
114.654433
114.654433
114.654433
114.654433
114.654433
114.654433
114.654433
114.654433
114.654433
114.654433
114.654433
114.654433
114.654433
114.654433
114.654433
114.654433
114.654433
114.654433
114.654433
114.654433
114.654433
114.654433
114.654433
114.654433
114.654433
114.654433
114.654433
114.654433
114.654433
114.654433
114.654433
114.654433
114.654433
114.654433
114.654433
114.654433
114.654433
114.654433
114.654433
114.654433
114.654433
114.654433
114.654433
114.654433
114.654433
114.654433
114.654433
114.654433
114.654433
114.654433
114.654433
114.654433
114.654433
114.654433
114.654433
114.654433
114.654433
114.654433
114.654433
114.654433
114.654433
114.654433
114.654433
114.654433
114.654433
114.654433
114.654433
114.654433
114.654433
114.654433
114.654433
114.654433
114.654433
114.654433
114.654433
114.654433
114.654433
114.654433
114.654433
114.654433
114.654433
114.654433
114.654433
114.654433
114.654433
114.654433
114.654433
114.654433
114.654433
114.654433
114.654433
114.654433
114.654433
114.654433
114.654433
114.654433
114.654433
114.654433
114.654433
114.654433
114.654433
114.654433
114.654433
114.654433
114.654433
114.654433
114.654433
114.654433
114.654433
114.654433
114.654433
114.654433
114.654433
114.654433
114.654433
114.654433
114.654433
114.654433
114.654433
114.654433
114.654433
114.654433
114.654433
114.654433
114.654433
114.654433
114.654433
114.654433
114.654433
114.654433
114.654433
114.654433
114.654433
114.654433
114.654433
114.654433
114.654433
114.654433
114.654433
114.654433
114.654433
114.654433
114.654433
114.654433
114.654433
114.654433
114.654433
114.654433
114.654433
114.654433
114.654433
114.654433
114.654433
114.654433
114.654433
114.654433
114.654433
114.654433
114.654433
114.654433
114.654433
114.654433
114.654433
114.654433
114.654433
114.654433
114.654433
114.654433
114.654433
114.654433
114.654433
114.654433
114.654433
114.654433
114.654433
114.654433
114.654433
114.654433
114.654433
114.654433
114.654433
114.654433
114.654433
114.654433
114.654433
114.654433
114.654433
114.654433
114.654433
114.654433
114.654433
114.654433
114.654433
114.654433
114.654433
114.654433
114.654433
114.654433
114.654433
114.654433
114.654433
114.654433
114.654433
114.654433
114.654433
114.654433
114.654433
114.654433
114.654433
114.654433
114.654433
114.654433
114.654433
114.654433
114.654433
114.654433
114.654433
114.654433
114.654433
114.654433
114.654433
114.654433
114.654433
114.654433
114.654433
114.654433
114.654433
114.654433
114.654433
114.654433
114.654433
114.654433
114.654433
114.654433
114.654433
114.654433
114.654433
114.654433
114.654433
114.654433
114.654433
114.654433
114.654433
114.654433
114.654433
114.654433
114.654433
114.654433
114.654433
114.654433
114.654433
114.654433
114.654433
114.654433
114.654433
114.654433
114.654433
114.654433
114.654433
114.654433
114.654433
114.654433
114.654433
114.654433
114.654433
114.654433
114.654433
114.654433
114.654433
114.654433
114.654433
114.654433
114.654433
114.654433
114.654433
114.654433
114.654433
114.654433
114.654433
114.654433
114.654433
114.654433
114.654433
114.654433
114.654433
114.654433
114.654433
114.654433
114.654433
114.654433
114.654433
114.654433
114.654433
114.654433
114.654433
114.654433
114.654433
114.654433
114.654433
114.654433
114.654433
114.654433
114.654433
114.654433
114.654433
114.654433
114.654433
114.654433
114.654433
114.654433
114.654433
114.654433
114.654433
114.654433
114.654433
114.654433
114.654433
114.654433
114.654433
114.654433
114.654433
114.654433
114.654433
114.654433
114.654433
114.654433
114.654433
114.654433
114.654433
114.654433
114.654433
114.654433
114.654433
114.654433
114.654433
114.654433
114.654433
114.654433
114.654433
114.654433
114.654433
114.654433
114.654433
114.654433
114.654433
114.654433
114.654433
114.654433
114.654433
114.654433
114.654433
114.654433
114.654433
114.654433
114.654433
114.654433
114.654433
114.654433
114.654433
114.654433
114.654433
114.654433
114.654433
114.654433
114.654433
114.654433
114.654433
114.654433
114.654433
114.654433
114.654433
114.654433
114.654433
114.654433
114.654433
114.654433
114.654433
114.654433
114.654433
114.654433
114.654433
114.654433
114.654433
114.654433
114.654433
114.654433
114.654433
114.654433
114.654433
114.654433
114.654433
114.654433
114.654433
114.654433
114.654433
114.654433
114.654433
114.654433
114.654433
114.654433
114.654433
114.654433
114.654433
114.654433
114.654433
114.654433
114.654433
114.654433
114.654433
114.654433
114.654433
114.654433
114.654433
114.654433
114.654433
114.654433
114.654433
114.654433
114.654433
114.654433
114.654433
114.654433
114.654433
114.654433
114.654433
114.654433
114.654433
114.654433
114.654433
114.654433
114.654433
114.654433
114.654433
114.654433
114.654433
114.654433
114.654433
114.654433
114.654433
114.654433
114.654433
114.654433
114.654433
114.654433
114.654433
114.654433
114.654433
114.654433
114.654433
114.654433
114.654433
114.654433
114.654433
114.654433
114.654433
114.654433
114.654433
114.654433
114.654433
114.654433
114.654433
114.654433
114.654433
114.654433
114.654433
114.654433
114.654433
114.654433
114.654433
114.654433
114.654433
114.654433
114.654433
114.654433
114.654433
114.654433
114.654433
114.654433
114.654433
114.654433
114.654433
114.654433
114.654433
114.654433
114.654433
114.654433
114.654433
114.654433
114.654433
114.654433
114.654433
114.654433
114.654433
114.654433
114.654433
114.654433
114.654433
114.654433
114.654433
114.654433
114.654433
114.654433
114.654433
114.654433
114.654433
114.654433
114.654433
114.654433
114.654433
114.654433
114.654433
114.654433
114.654433
114.654433
114.654433
114.654433
114.654433
114.654433
114.654433
114.654433
114.654433
114.654433
114.654433
114.654433
114.654433
114.654433
114.654433
114.654433
114.654433
114.654433
114.654433
114.654433
114.654433
114.654433
114.654433
114.654433
114.654433
114.654433
114.654433
114.654433
114.654433
114.654433
114.654433
114.654433
114.654433
114.654433
114.654433
114.654433
114.654433
114.654433
114.654433
114.654433
114.654433
114.654433
114.654433
114.654433
114.654433
114.654433
114.654433
114.654433
114.654433
114.654433
114.654433
114.654433
114.654433
114.654433
114.654433
114.654433
114.654433
114.654433
114.654433
114.654433
114.654433
114.654433
114.654433
114.654433
114.654433
114.654433
114.654433
114.654433
114.654433
114.654433
114.654433
114.654433
114.654433
114.654433
114.654433
114.654433
114.654433
114.654433
114.654433
114.654433
114.654433
114.654433
114.654433
114.654433
114.654433
114.654433
114.654433
114.654433
114.654433
114.654433
114.654433
114.654433
114.654433
114.654433
114.654433
114.654433
114.654433
114.654433
114.654433
114.654433
114.654433
114.654433
114.654433
114.654433
114.654433
114.654433
114.654433
114.654433
114.654433
114.654433
114.654433
114.654433
114.654433
114.654433
114.654433
114.654433
114.654433
114.654433
114.654433
114.654433
114.654433
114.654433
114.654433
114.654433
114.654433
114.654433
114.654433
114.654433
114.654433
114.654433
114.654433
114.654433
114.654433
114.654433
114.654433
114.654433
114.654433
114.654433
114.654433
114.654433
114.654433
114.654433
114.654433
114.654433
114.654433
114.654433
114.654433
114.654433
114.654433
114.654433
114.654433
114.654433
114.654433
114.654433
114.654433
114.654433
114.654433
114.654433
114.654433
114.654433
114.654433
114.654433
114.654433
114.654433
114.654433
114.654433
114.654433
114.654433
114.654433
114.654433
114.654433
114.654433
114.654433
114.654433
114.654433
114.654433
114.654433
114.654433
114.654433
114.654433
114.654433
114.654433
114.654433
114.654433
114.654433
114.654433
114.654433
114.654433
114.654433
114.654433
114.654433
114.654433
114.654433
114.654433
114.654433
114.654433
114.654433
114.654433
114.654433
114.654433
114.654433
114.654433
114.654433
114.654433
114.654433
114.654433
114.654433
114.654433
114.654433
114.654433
114.654433
114.654433
114.654433
114.654433
114.654433
114.654433
114.654433
114.654433
114.654433
114.654433
114.654433
114.654433
114.654433
114.654433
114.654433
114.654433
114.654433
114.654433
114.654433
114.654433
114.654433
114.654433
114.654433
114.654433
114.654433
114.654433
114.654433
114.654433
114.654433
114.654433
114.654433
114.654433
114.654433
114.654433
114.654433
114.654433
114.654433
114.654433
114.654433
114.654433
114.654433
114.654433
114.654433
114.654433
114.654433
114.654433
114.654433
114.654433
114.654433
114.654433
114.654433
114.654433
114.654433
114.654433
114.654433
114.654433
114.654433
114.654433
114.654433
114.654433
114.654433
114.654433
114.654433
114.654433
114.654433
114.654433
114.654433
114.654433
114.654433
114.654433
114.654433
114.654433
114.654433
114.654433
114.654433
114.654433
114.654433
114.654433
114.654433
114.654433
114.654433
114.654433
114.654433
114.654433
114.654433
114.654433
114.654433
114.654433
114.654433
114.654433
114.654433
114.654433
114.654433
114.654433
114.654433
114.654433
114.654433
114.654433
114.654433
114.654433
114.654433
114.654433
114.654433
114.654433
114.654433
114.654433
114.654433
114.654433
114.654433
114.654433
114.654433
114.654433
114.654433
114.654433
114.654433
114.654433
114.654433
114.654433
114.654433
114.654433
114.654433
114.654433
114.654433
114.654433
114.654433
114.654433
114.654433
114.654433
114.654433
114.654433
114.654433
114.654433
114.654433
114.654433
114.654433
114.654433
114.654433
114.654433
114.654433
114.654433
114.654433
114.654433
114.654433
114.654433
114.654433
114.654433
114.654433
114.654433
114.654433
114.654433
114.654433
114.654433
114.654433
114.654433
114.654433
114.654433
114.654433
114.654433
114.654433
114.654433
114.654433
114.654433
114.654433
114.654433
114.654433
114.654433
114.654433
114.654433
114.654433
114.654433
114.654433
114.654433
114.654433
114.654433
114.654433
114.654433
114.654433
114.654433
114.654433
114.654433
114.654433
114.654433
114.654433
114.654433
114.654433
114.654433
114.654433
114.654433
114.654433
114.654433
114.654433
114.654433
114.654433
114.654433
114.654433
114.654433
114.654433
114.654433
114.654433
114.654433
114.654433
114.654433
114.654433
114.654433
114.654433
114.654433
114.654433
114.654433
114.654433
114.654433
114.654433
114.654433
114.654433
114.654433
114.654433
114.654433
114.654433
114.654433
114.654433
114.654433
114.654433
114.654433
114.654433
114.654433
114.654433
114.654433
114.654433
114.654433
114.654433
114.654433
114.654433
114.654433
114.654433
114.654433
114.654433
114.654433
114.654433
114.654433
114.654433
114.654433
114.654433
114.654433
114.654433
114.654433
114.654433
114.654433
114.654433
114.654433
114.654433
114.654433
114.654433
114.654433
114.654433
114.654433
114.654433
114.654433
114.654433
114.654433
114.654433
114.654433
114.654433
114.654433
114.654433
114.654433
114.654433
114.654433
114.654433
114.654433
114.654433
114.654433
114.654433
114.654433
114.654433
114.654433
114.654433
114.654433
114.654433
114.654433
114.654433
114.654433
114.654433
114.654433
114.654433
114.654433
114.654433
114.654433
114.654433
114.654433
114.654433
114.654433
114.654433
114.654433
114.654433
114.654433
114.654433
114.654433
114.654433
114.654433
114.654433
114.654433
114.654433
114.654433
114.654433
114.654433
114.654433
114.654433
114.654433
114.654433
114.654433
114.654433
114.654433
114.654433
114.654433
114.654433
114.654433
114.654433
114.654433
114.654433
114.654433
114.654433
114.654433
114.654433
114.654433
114.654433
114.654433
114.654433
114.654433
114.654433
114.654433
114.654433
114.654433
114.654433
114.654433
114.654433
114.654433
114.654433
114.654433
114.654433
114.654433
114.654433
114.654433
114.654433
114.654433
114.654433
114.654433
114.654433
114.654433
114.654433
114.654433
114.654433
114.654433
114.654433
114.654433
114.654433
114.654433
114.654433
114.654433
114.654433
114.654433
114.654433
114.654433
114.654433
114.654433
114.654433
114.654433
114.654433
114.654433
114.654433
114.654433
114.654433
114.654433
114.654433
114.654433
114.654433
114.654433
114.654433
114.654433
114.654433
114.654433
114.654433
114.654433
114.654433
114.654433
114.654433
114.654433
114.654433
114.654433
114.654433
114.654433
114.654433
114.654433
114.654433
114.654433
114.654433
114.654433
114.654433
114.654433
114.654433
114.654433
114.654433
114.654433
114.654433
114.654433
114.654433
114.654433
114.654433
114.654433
114.654433
114.654433
114.654433
114.654433
114.654433
114.654433
114.654433
114.654433
114.654433
114.654433
114.654433
114.654433
114.654433
114.654433
114.654433
114.654433
114.654433
114.654433
114.654433
114.654433
114.654433
114.654433
114.654433
114.654433
114.654433
114.654433
114.654433
114.654433
114.654433
114.654433
114.654433
114.654433
114.654433
114.654433
114.654433
114.654433
114.654433
114.654433
114.654433
114.654433
114.654433
114.654433
114.654433
114.654433
114.654433
114.654433
114.654433
114.654433
114.654433
114.654433
114.654433
114.654433
114.654433
114.654433
114.654433
114.654433
114.654433
114.654433
114.654433
114.654433
114.654433
114.654433
114.654433
114.654433
114.654433
114.654433
114.654433
114.654433
114.654433
114.654433
114.654433
114.654433
114.654433
114.654433
114.654433
114.654433
114.654433
114.654433
114.654433
114.654433
114.654433
114.654433
114.654433
114.654433
114.654433
114.654433
114.654433
114.654433
114.654433
114.654433
114.654433
114.654433
114.654433
114.654433
114.654433
114.654433
114.654433
114.654433
114.654433
114.654433
114.654433
114.654433
114.654433
114.654433
114.654433
114.654433
114.654433
114.654433
114.654433
114.654433
114.654433
114.654433
114.654433
114.654433
114.654433
114.654433
114.654433
114.654433
114.654433
114.654433
114.654433
114.654433
114.654433
114.654433
114.654433
114.654433
114.654433
114.654433
114.654433
114.654433
114.654433
114.654433
114.654433
114.654433
114.654433
114.654433
114.654433
114.654433
114.654433
114.654433
114.654433
114.654433
114.654433
114.654433
114.654433
114.654433
114.654433
114.654433
114.654433
114.654433
114.654433
114.654433
114.654433
114.654433
114.654433
114.654433
114.654433
114.654433
114.654433
114.654433
114.654433
114.654433
114.654433
114.654433
114.654433
114.654433
114.654433
114.654433
114.654433
114.654433
114.654433
114.654433
114.654433
114.654433
114.654433
114.654433
114.654433
114.654433
114.654433
114.654433
114.654433
114.654433
114.654433
114.654433
114.654433
114.654433
114.654433
114.654433
114.654433
114.654433
114.654433
114.654433
114.654433
114.654433
114.654433
114.654433
114.654433
114.654433
114.654433
114.654433
114.654433
114.654433
114.654433
114.654433
114.654433
114.654433
114.654433
114.654433
114.654433
114.654433
114.654433
114.654433
114.654433
114.654433
114.654433
114.654433
114.654433
114.654433
114.654433
114.654433
114.654433
114.654433
114.654433
114.654433
114.654433
114.654433
114.654433
114.654433
114.654433
114.654433
114.654433
114.654433
114.654433
114.654433
114.654433
114.654433
114.654433
114.654433
114.654433
114.654433
114.654433
114.654433
114.654433
114.654433
114.654433
114.654433
114.654433
114.654433
114.654433
114.654433
114.654433
114.654433
114.654433
114.654433
114.654433
114.654433
114.654433
114.654433
114.654433
114.654433
114.654433
114.654433
114.654433
114.654433
114.654433
114.654433
114.654433
114.654433
114.654433
114.654433
114.654433
114.654433
114.654433
114.654433
114.654433
114.654433
114.654433
114.654433
114.654433
114.654433
114.654433
114.654433
114.654433
114.654433
114.654433
114.654433
114.654433
114.654433
114.654433
114.654433
114.654433
114.654433
114.654433
114.654433
114.654433
114.654433
114.654433
114.654433
114.654433
114.654433
114.654433
114.654433
114.654433
114.654433
114.654433
114.654433
114.654433
114.654433
114.654433
114.654433
114.654433
114.654433
114.654433
114.654433
114.654433
114.654433
114.654433
114.654433
114.654433
114.654433
114.654433
114.654433
114.654433
114.654433
114.654433
114.654433
114.654433
114.654433
114.654433
114.654433
114.654433
114.654433
114.654433
114.654433
114.654433
114.654433
114.654433
114.654433
114.654433
114.654433
114.654433
114.654433
114.654433
114.654433
114.654433
114.654433
114.654433
114.654433
114.654433
114.654433
114.654433
114.654433
114.654433
114.654433
114.654433
114.654433
114.654433
114.654433
114.654433
114.654433
114.654433
114.654433
114.654433
114.654433
114.654433
114.654433
114.654433
114.654433
114.654433
114.654433
114.654433
114.654433
114.654433
114.654433
114.654433
114.654433
114.654433
114.654433
114.654433
114.654433
114.654433
114.654433
114.654433
114.654433
114.654433
114.654433
114.654433
114.654433
114.654433
114.654433
114.654433
114.654433
114.654433
114.654433
114.654433
114.654433
114.654433
114.654433
114.654433
114.654433
114.654433
114.654433
114.654433
114.654433
114.654433
114.654433
114.654433
114.654433
114.654433
114.654433
114.654433
114.654433
114.654433
114.654433
114.654433
114.654433
114.654433
114.654433
114.654433
114.654433
114.654433
114.654433
114.654433
114.654433
114.654433
114.654433
114.654433
114.654433
114.654433
114.654433
114.654433
114.654433
114.654433
114.654433
114.654433
114.654433
114.654433
114.654433
114.654433
114.654433
114.654433
114.654433
114.654433
114.654433
114.654433
114.654433
114.654433
114.654433
114.654433
114.654433
114.654433
114.654433
114.654433
114.654433
114.654433
114.654433
114.654433
114.654433
114.654433
114.654433
114.654433
114.654433
114.654433
114.654433
114.654433
114.654433
114.654433
114.654433
114.654433
114.654433
114.654433
114.654433
114.654433
114.654433
114.654433
114.654433
114.654433
114.654433
114.654433
114.654433
114.654433
114.654433
114.654433
114.654433
114.654433
114.654433
114.654433
114.654433
114.654433
114.654433
114.654433
114.654433
114.654433
114.654433
114.654433
114.654433
114.654433
114.654433
114.654433
114.654433
114.654433
114.654433
114.654433
114.654433
114.654433
114.654433
114.654433
114.654433
114.654433
114.654433
114.654433
114.654433
114.654433
114.654433
114.654433
114.654433
114.654433
114.654433
114.654433
114.654433
114.654433
114.654433
114.654433
114.654433
114.654433
114.654433
114.654433
114.654433
114.654433
114.654433
114.654433
114.654433
114.654433
114.654433
114.654433
114.654433
114.654433
114.654433
114.654433
114.654433
114.654433
114.654433
114.654433
114.654433
114.654433
114.654433
114.654433
114.654433
114.654433
114.654433
114.654433
114.654433
114.654433
114.654433
114.654433
114.654433
114.654433
114.654433
114.654433
114.654433
114.654433
114.654433
114.654433
114.654433
114.654433
114.654433
114.654433
114.654433
114.654433
114.654433
114.654433
114.654433
114.654433
114.654433
114.654433
114.654433
114.654433
114.654433
114.654433
114.654433
114.654433
114.654433
114.654433
114.654433
114.654433
114.654433
114.654433
114.654433
114.654433
114.654433
114.654433
114.654433
114.654433
114.654433
114.654433
114.654433
114.654433
114.654433
114.654433
114.654433
114.654433
114.654433
114.654433
114.654433
114.654433
114.654433
114.654433
114.654433
114.654433
114.654433
114.654433
114.654433
114.654433
114.654433
114.654433
114.654433
114.654433
114.654433
114.654433
114.654433
114.654433
114.654433
114.654433
114.654433
114.654433
114.654433
114.654433
114.654433
114.654433
114.654433
114.654433
114.654433
114.654433
114.654433
114.654433
114.654433
114.654433
114.654433
114.654433
114.654433
114.654433
114.654433
114.654433
114.654433
114.654433
114.654433
114.654433
114.654433
114.654433
114.654433
114.654433
114.654433
114.654433
114.654433
114.654433
114.654433
114.654433
114.654433
114.654433
114.654433
114.654433
114.654433
114.654433
114.654433
114.654433
114.654433
114.654433
114.654433
114.654433
114.654433
114.654433
114.654433
114.654433
114.654433
114.654433
114.654433
114.654433
114.654433
114.654433
114.654433
114.654433
114.654433
114.654433
114.654433
114.654433
114.654433
114.654433
114.654433
114.654433
114.654433
114.654433
114.654433
114.654433
114.654433
114.654433
114.654433
114.654433
114.654433
114.654433
114.654433
114.654433
114.654433
114.654433
114.654433
114.654433
114.654433
114.654433
114.654433
114.654433
114.654433
114.654433
114.654433
114.654433
114.654433
114.654433
114.654433
114.654433
114.654433
114.654433
114.654433
114.654433
114.654433
114.654433
114.654433
114.654433
114.654433
114.654433
114.654433
114.654433
114.654433
114.654433
114.654433
114.654433
114.654433
114.654433
114.654433
114.654433
114.654433
114.654433
114.654433
114.654433
114.654433
114.654433
114.654433
114.654433
114.654433
114.654433
114.654433
114.654433
114.654433
114.654433
114.654433
114.654433
114.654433
114.654433
114.654433
114.654433
114.654433
114.654433
114.654433
114.654433
114.654433
114.654433
114.654433
114.654433
114.654433
114.654433
114.654433
114.654433
114.654433
114.654433
114.654433
114.654433
114.654433
114.654433
114.654433
114.654433
114.654433
114.654433
114.654433
114.654433
114.654433
114.654433
114.654433
114.654433
114.654433
114.654433
114.654433
114.654433
114.654433
114.654433
114.654433
114.654433
114.654433
114.654433
114.654433
114.654433
114.654433
114.654433
114.654433
114.654433
114.654433
114.654433
114.654433
114.654433
114.654433
114.654433
114.654433
114.654433
114.654433
114.654433
114.654433
114.654433
114.654433
114.654433
114.654433
114.654433
114.654433
114.654433
114.654433
114.654433
114.654433
114.654433
114.654433
114.654433
114.654433
114.654433
114.654433
114.654433
114.654433
114.654433
114.654433
114.654433
114.654433
114.654433
114.654433
114.654433
114.654433
114.654433
114.654433
114.654433
114.654433
114.654433
114.654433
114.654433
114.654433
114.654433
114.654433
114.654433
114.654433
114.654433
114.654433
114.654433
114.654433
114.654433
114.654433
114.654433
114.654433
114.654433
114.654433
114.654433
114.654433
114.654433
114.654433
114.654433
114.654433
114.654433
114.654433
114.654433
114.654433
114.654433
114.654433
114.654433
114.654433
114.654433
114.654433
114.654433
114.654433
114.654433
114.654433
114.654433
114.654433
114.654433
114.654433
114.654433
114.654433
114.654433
114.654433
114.654433
114.654433
114.654433
114.654433
114.654433
114.654433
114.654433
114.654433
114.654433
114.654433
114.654433
114.654433
114.654433
114.654433
114.654433
114.654433
114.654433
114.654433
114.654433
114.654433
114.654433
114.654433
114.654433
114.654433
114.654433
114.654433
114.654433
114.654433
114.654433
114.654433
114.654433
114.654433
114.654433
114.654433
114.654433
114.654433
114.654433
114.654433
114.654433
114.654433
114.654433
114.654433
114.654433
114.654433
114.654433
114.654433
114.654433
114.654433
114.654433
114.654433
114.654433
114.654433
114.654433
114.654433
114.654433
114.654433
114.654433
114.654433
114.654433
114.654433
114.654433
114.654433
114.654433
114.654433
114.654433
114.654433
114.654433
114.654433
114.654433
114.654433
114.654433
114.654433
114.654433
114.654433
114.654433
114.654433
114.654433
114.654433
114.654433
114.654433
114.654433
114.654433
114.654433
114.654433
114.654433
114.654433
114.654433
114.654433
114.654433
114.654433
114.654433
114.654433
114.654433
114.654433
114.654433
114.654433
114.654433
114.654433
114.654433
114.654433
114.654433
114.654433
114.654433
114.654433
114.654433
114.654433
114.654433
114.654433
114.654433
114.654433
114.654433
114.654433
114.654433
114.654433
114.654433
114.654433
114.654433
114.654433
114.654433
114.654433
114.654433
114.654433
114.654433
114.654433
114.654433
114.654433
114.654433
114.654433
114.654433
114.654433
114.654433
114.654433
114.654433
114.654433
114.654433
114.654433
114.654433
114.654433
114.654433
114.654433
114.654433
114.654433
114.654433
114.654433
114.654433
114.654433
114.654433
114.654433
114.654433
114.654433
114.654433
114.654433
114.654433
114.654433
114.654433
114.654433
114.654433
114.654433
114.654433
114.654433
114.654433
114.654433
114.654433
114.654433
114.654433
114.654433
114.654433
114.654433
114.654433
114.654433
114.654433
114.654433
114.654433
114.654433
114.654433
114.654433
114.654433
114.654433
114.654433
114.654433
114.654433
114.654433
114.654433
114.654433
114.654433
114.654433
114.654433
114.654433
114.654433
114.654433
114.654433
114.654433
114.654433
114.654433
114.654433
114.654433
114.654433
114.654433
114.654433
114.654433
114.654433
114.654433
114.654433
114.654433
114.654433
114.654433
114.654433
114.654433
114.654433
114.654433
114.654433
114.654433
114.654433
114.654433
114.654433
114.654433
114.654433
114.654433
114.654433
114.654433
114.654433
114.654433
114.654433
114.654433
114.654433
114.654433
114.654433
114.654433
114.654433
114.654433
114.654433
114.654433
114.654433
114.654433
114.654433
114.654433
114.654433
114.654433
114.654433
114.654433
114.654433
114.654433
114.654433
114.654433
114.654433
114.654433
114.654433
114.654433
114.654433
114.654433
114.654433
114.654433
114.654433
114.654433
114.654433
114.654433
114.654433
114.654433
114.654433
114.654433
114.654433
114.654433
114.654433
114.654433
114.654433
114.654433
114.654433
114.654433
114.654433
114.654433
114.654433
114.654433
114.654433
114.654433
114.654433
114.654433
114.654433
114.654433
114.654433
114.654433
114.654433
114.654433
114.654433
114.654433
114.654433
114.654433
114.654433
114.654433
114.654433
114.654433
114.654433
114.654433
114.654433
114.654433
114.654433
114.654433
114.654433
114.654433
114.654433
114.654433
114.654433
114.654433
114.654433
114.654433
114.654433
114.654433
114.654433
114.654433
114.654433
114.654433
114.654433
114.654433
114.654433
114.654433
114.654433
114.654433
114.654433
114.654433
114.654433
114.654433
114.654433
114.654433
114.654433
114.654433
114.654433
114.654433
114.654433
114.654433
114.654433
114.654433
114.654433
114.654433
114.654433
114.654433
114.654433
114.654433
114.654433
114.654433
114.654433
114.654433
114.654433
114.654433
114.654433
114.654433
114.654433
114.654433
114.654433
114.654433
114.654433
114.654433
114.654433
114.654433
114.654433
114.654433
114.654433
114.654433
114.654433
114.654433
114.654433
114.654433
114.654433
114.654433
114.654433
114.654433
114.654433
114.654433
114.654433
114.654433
114.654433
114.654433
114.654433
114.654433
114.654433
114.654433
114.654433
114.654433
114.654433
114.654433
114.654433
114.654433
114.654433
114.654433
114.654433
114.654433
114.654433
114.654433
114.654433
114.654433
114.654433
114.654433
114.654433
114.654433
114.654433
114.654433
114.654433
114.654433
114.654433
114.654433
114.654433
114.654433
114.654433
114.654433
114.654433
114.654433
114.654433
114.654433
114.654433
114.654433
114.654433
114.654433
114.654433
114.654433
114.654433
114.654433
114.654433
114.654433
114.654433
114.654433
114.654433
114.654433
114.654433
114.654433
114.654433
114.654433
114.654433
114.654433
114.654433
114.654433
114.654433
114.654433
114.654433
114.654433
114.654433
114.654433
114.654433
114.654433
114.654433
114.654433
114.654433
114.654433
114.654433
114.654433
114.654433
114.654433
114.654433
114.654433
114.654433
114.654433
114.654433
114.654433
114.654433
114.654433
114.654433
114.654433
114.654433
114.654433
114.654433
114.654433
114.654433
114.654433
114.654433
114.654433
114.654433
114.654433
114.654433
114.654433
114.654433
114.654433
114.654433
114.654433
114.654433
114.654433
114.654433
114.654433
114.654433
114.654433
114.654433
114.654433
114.654433
114.654433
114.654433
114.654433
114.654433
114.654433
114.654433
114.654433
114.654433
114.654433
114.654433
114.654433
114.654433
114.654433
114.654433
114.654433
114.654433
114.654433
114.654433
114.654433
114.654433
114.654433
114.654433
114.654433
114.654433
114.654433
114.654433
114.654433
114.654433
114.654433
114.654433
114.654433
114.654433
114.654433
114.654433
114.654433
114.654433
114.654433
114.654433
114.654433
114.654433
114.654433
114.654433
114.654433
114.654433
114.654433
114.654433
114.654433
114.654433
114.654433
114.654433
114.654433
114.654433
114.654433
114.654433
114.654433
114.654433
114.654433
114.654433
114.654433
114.654433
114.654433
114.654433
114.654433
114.654433
114.654433
114.654433
114.654433
114.654433
114.654433
114.654433
114.654433
114.654433
114.654433
114.654433
114.654433
114.654433
114.654433
114.654433
114.654433
114.654433
114.654433
114.654433
114.654433
114.654433
114.654433
114.654433
114.654433
114.654433
114.654433
114.654433
114.654433
114.654433
114.654433
114.654433
114.654433
114.654433
114.654433
114.654433
114.654433
114.654433
114.654433
114.654433
114.654433
114.654433
114.654433
114.654433
114.654433
114.654433
114.654433
114.654433
114.654433
114.654433
114.654433
114.654433
114.654433
114.654433
114.654433
114.654433
114.654433
114.654433
114.654433
114.654433
114.654433
114.654433
114.654433
114.654433
114.654433
114.654433
114.654433
114.654433
114.654433
114.654433
114.654433
114.654433
114.654433
114.654433
114.654433
114.654433
114.654433
114.654433
114.654433
114.654433
114.654433
114.654433
114.654433
114.654433
114.654433
114.654433
114.654433
114.654433
114.654433
114.654433
114.654433
114.654433
114.654433
114.654433
114.654433
114.654433
114.654433
114.654433
114.654433
114.654433
114.654433
114.654433
114.654433
114.654433
114.654433
114.654433
114.654433
114.654433
114.654433
114.654433
114.654433
114.654433
114.654433
114.654433
114.654433
114.654433
114.654433
114.654433
114.654433
114.654433
114.654433
114.654433
114.654433
114.654433
114.654433
114.654433
114.654433
114.654433
114.654433
114.654433
114.654433
114.654433
114.654433
114.654433
114.654433
114.654433
114.654433
114.654433
114.654433
114.654433
114.654433
114.654433
114.654433
114.654433
114.654433
114.654433
114.654433
114.654433
114.654433
114.654433
114.654433
114.654433
114.654433
114.654433
114.654433
114.654433
114.654433
114.654433
114.654433
114.654433
114.654433
114.654433
114.654433
114.654433
114.654433
114.654433
114.654433
114.654433
114.654433
114.654433
114.654433
114.654433
114.654433
114.654433
114.654433
114.654433
114.654433
114.654433
114.654433
114.654433
114.654433
114.654433
114.654433
114.654433
114.654433
114.654433
114.654433
114.654433
114.654433
114.654433
114.654433
114.654433
114.654433
114.654433
114.654433
114.654433
114.654433
114.654433
114.654433
114.654433
114.654433
114.654433
114.654433
114.654433
114.654433
114.654433
114.654433
114.654433
114.654433
114.654433
114.654433
114.654433
114.654433
114.654433
114.654433
114.654433
114.654433
114.654433
114.654433
114.654433
114.654433
114.654433
114.654433
114.654433
114.654433
114.654433
114.654433
114.654433
114.654433
114.654433
114.654433
114.654433
114.654433
114.654433
114.654433
114.654433
114.654433
114.654433
114.654433
114.654433
114.654433
114.654433
114.654433
114.654433
114.654433
114.654433
114.654433
114.654433
114.654433
114.654433
114.654433
114.654433
114.654433
114.654433
114.654433
114.654433
114.654433
114.654433
114.654433
114.654433
114.654433
114.654433
114.654433
114.654433
114.654433
114.654433
114.654433
114.654433
114.654433
114.654433
114.654433
114.654433
114.654433
114.654433
114.654433
114.654433
114.654433
114.654433
114.654433
114.654433
114.654433
114.654433
114.654433
114.654433
114.654433
114.654433
114.654433
114.654433
114.654433
114.654433
114.654433
114.654433
114.654433
114.654433
114.654433
114.654433
114.654433
114.654433
114.654433
114.654433
114.654433
114.654433
114.654433
114.654433
114.654433
114.654433
114.654433
114.654433
114.654433
114.654433
114.654433
114.654433
114.654433
114.654433
114.654433
114.654433
114.654433
114.654433
114.654433
114.654433
114.654433
114.654433
114.654433
114.654433
114.654433
114.654433
114.654433
114.654433
114.654433
114.654433
114.654433
114.654433
114.654433
114.654433
114.654433
114.654433
114.654433
114.654433
114.654433
114.654433
114.654433
114.654433
114.654433
114.654433
114.654433
114.654433
114.654433
114.654433
114.654433
114.654433
114.654433
114.654433
114.654433
114.654433
114.654433
114.654433
114.654433
114.654433
114.654433
114.654433
114.654433
114.654433
114.654433
114.654433
114.654433
114.654433
114.654433
114.654433
114.654433
114.654433
114.654433
114.654433
114.654433
114.654433
114.654433
114.654433
114.654433
114.654433
114.654433
114.654433
114.654433
114.654433
114.654433
114.654433
114.654433
114.654433
114.654433
114.654433
114.654433
114.654433
114.654433
114.654433
114.654433
114.654433
114.654433
114.654433
114.654433
114.654433
114.654433
114.654433
114.654433
114.654433
114.654433
114.654433
114.654433
114.654433
114.654433
114.654433
114.654433
114.654433
114.654433
114.654433
114.654433
114.654433
114.654433
114.654433
114.654433
114.654433
114.654433
114.654433
114.654433
114.654433
114.654433
114.654433
114.654433
114.654433
114.654433
114.654433
114.654433
114.654433
114.654433
114.654433
114.654433
114.654433
114.654433
114.654433
114.654433
114.654433
114.654433
114.654433
114.654433
114.654433
114.654433
114.654433
114.654433
114.654433
114.654433
114.654433
114.654433
114.654433
114.654433
114.654433
114.654433
114.654433
114.654433
114.654433
114.654433
114.654433
114.654433
114.654433
114.654433
114.654433
114.654433
114.654433
114.654433
114.654433
114.654433
114.654433
114.654433
114.654433
114.654433
114.654433
114.654433
114.654433
114.654433
114.654433
114.654433
114.654433
114.654433
114.654433
114.654433
114.654433
114.654433
114.654433
114.654433
114.654433
114.654433
114.654433
114.654433
114.654433
114.654433
114.654433
114.654433
114.654433
114.654433
114.654433
114.654433
114.654433
114.654433
114.654433
114.654433
114.654433
114.654433
114.654433
114.654433
114.654433
114.654433
114.654433
114.654433
114.654433
114.654433
114.654433
114.654433
114.654433
114.654433
114.654433
114.654433
114.654433
114.654433
114.654433
114.654433
114.654433
114.654433
114.654433
114.654433
114.654433
114.654433
114.654433
114.654433
114.654433
114.654433
114.654433
114.654433
114.654433
114.654433
114.654433
114.654433
114.654433
114.654433
114.654433
114.654433
114.654433
114.654433
114.654433
114.654433
114.654433
114.654433
114.654433
114.654433
114.654433
114.654433
114.654433
114.654433
114.654433
114.654433
114.654433
114.654433
114.654433
114.654433
114.654433
114.654433
114.654433
114.654433
114.654433
114.654433
114.654433
114.654433
114.654433
114.654433
114.654433
114.654433
114.654433
114.654433
114.654433
114.654433
114.654433
114.654433
114.654433
114.654433
114.654433
114.654433
114.654433
114.654433
114.654433
114.654433
114.654433
114.654433
114.654433
114.654433
114.654433
114.654433
114.654433
114.654433
114.654433
114.654433
114.654433
114.654433
114.654433
114.654433
114.654433
114.654433
114.654433
114.654433
114.654433
114.654433
114.654433
114.654433
114.654433
114.654433
114.654433
114.654433
114.654433
114.654433
114.654433
114.654433
114.654433
114.654433
114.654433
114.654433
114.654433
114.654433
114.654433
114.654433
114.654433
114.654433
114.654433
114.654433
114.654433
114.654433
114.654433
114.654433
114.654433
114.654433
114.654433
114.654433
114.654433
114.654433
114.654433
114.654433
114.654433
114.654433
114.654433
114.654433
114.654433
114.654433
114.654433
114.654433
114.654433
114.654433
114.654433
114.654433
114.654433
114.654433
114.654433
114.654433
114.654433
114.654433
114.654433
114.654433
114.654433
114.654433
114.654433
114.654433
114.654433
114.654433
114.654433
114.654433
114.654433
114.654433
114.654433
114.654433
114.654433
114.654433
114.654433
114.654433
114.654433
114.654433
114.654433
114.654433
114.654433
114.654433
114.654433
114.654433
114.654433
114.654433
114.654433
114.654433
114.654433
114.654433
114.654433
114.654433
114.654433
114.654433
114.654433
114.654433
114.654433
114.654433
114.654433
114.654433
114.654433
114.654433
114.654433
114.654433
114.654433
114.654433
114.654433
114.654433
114.654433
114.654433
114.654433
114.654433
114.654433
114.654433
114.654433
114.654433
114.654433
114.654433
114.654433
114.654433
114.654433
114.654433
114.654433
114.654433
114.654433
114.654433
114.654433
114.654433
114.654433
114.654433
114.654433
114.654433
114.654433
114.654433
114.654433
114.654433
114.654433
114.654433
114.654433
114.654433
114.654433
114.654433
114.654433
114.654433
114.654433
114.654433
114.654433
114.654433
114.654433
114.654433
114.654433
114.654433
114.654433
114.654433
114.654433
114.654433
114.654433
114.654433
114.654433
114.654433
114.654433
114.654433
114.654433
114.654433
114.654433
114.654433
114.654433
114.654433
114.654433
114.654433
114.654433
114.654433
114.654433
114.654433
114.654433
114.654433
114.654433
114.654433
114.654433
114.654433
114.654433
114.654433
114.654433
114.654433
114.654433
114.654433
114.654433
114.654433
114.654433
114.654433
114.654433
114.654433
114.654433
114.654433
114.654433
114.654433
114.654433
114.654433
114.654433
114.654433
114.654433
114.654433
114.654433
114.654433
114.654433
114.654433
114.654433
114.654433
114.654433
114.654433
114.654433
114.654433
114.654433
114.654433
114.654433
114.654433
114.654433
114.654433
114.654433
114.654433
114.654433
114.654433
114.654433
114.654433
114.654433
114.654433
114.654433
114.654433
114.654433
114.654433
114.654433
114.654433
114.654433
114.654433
114.654433
114.654433
114.654433
114.654433
114.654433
114.654433
114.654433
114.654433
114.654433
114.654433
114.654433
114.654433
114.654433
114.654433
114.654433
114.654433
114.654433
114.654433
114.654433
114.654433
114.654433
114.654433
114.654433
114.654433
114.654433
114.654433
114.654433
114.654433
114.654433
114.654433
114.654433
114.654433
114.654433
114.654433
114.654433
114.654433
114.654433
114.654433
114.654433
114.654433
114.654433
114.654433
114.654433
114.654433
114.654433
114.654433
114.654433
114.654433
114.654433
114.654433
114.654433
114.654433
114.654433
114.654433
114.654433
114.654433
114.654433
114.654433
114.654433
114.654433
114.654433
114.654433
114.654433
114.654433
114.654433
114.654433
114.654433
114.654433
114.654433
114.654433
114.654433
114.654433
114.654433
114.654433
114.654433
114.654433
114.654433
114.654433
114.654433
114.654433
114.654433
114.654433
114.654433
114.654433
114.654433
114.654433
114.654433
114.654433
114.654433
114.654433
114.654433
114.654433
114.654433
114.654433
114.654433
114.654433
114.654433
114.654433
114.654433
114.654433
114.654433
114.654433
114.654433
114.654433
114.654433
114.654433
114.654433
114.654433
114.654433
114.654433
114.654433
114.654433
114.654433
114.654433
114.654433
114.654433
114.654433
114.654433
114.654433
114.654433
114.654433
114.654433
114.654433
114.654433
114.654433
114.654433
114.654433
114.654433
114.654433
114.654433
114.654433
114.654433
114.654433
114.654433
114.654433
114.654433
114.654433
114.654433
114.654433
114.654433
114.654433
114.654433
114.654433
114.654433
114.654433
114.654433
114.654433
114.654433
114.654433
114.654433
114.654433
114.654433
114.654433
114.654433
114.654433
114.654433
114.654433
114.654433
114.654433
114.654433
114.654433
114.654433
114.654433
114.654433
114.654433
114.654433
114.654433
114.654433
114.654433
114.654433
114.654433
114.654433
114.654433
114.654433
114.654433
114.654433
114.654433
114.654433
114.654433
114.654433
114.654433
114.654433
114.654433
114.654433
114.654433
114.654433
114.654433
114.654433
114.654433
114.654433
114.654433
114.654433
114.654433
114.654433
114.654433
114.654433
114.654433
114.654433
114.654433
114.654433
114.654433
114.654433
114.654433
114.654433
114.654433
114.654433
114.654433
114.654433
114.654433
114.654433
114.654433
114.654433
114.654433
114.654433
114.654433
114.654433
114.654433
114.654433
114.654433
114.654433
114.654433
114.654433
114.654433
114.654433
114.654433
114.654433
114.654433
114.654433
114.654433
114.654433
114.654433
114.654433
114.654433
114.654433
114.654433
114.654433
114.654433
114.654433
114.654433
114.654433
114.654433
114.654433
114.654433
114.654433
114.654433
114.654433
114.654433
114.654433
114.654433
114.654433
114.654433
114.654433
114.654433
114.654433
114.654433
114.654433
114.654433
114.654433
114.654433
114.654433
114.654433
114.654433
114.654433
114.654433
114.654433
114.654433
114.654433
114.654433
114.654433
114.654433
114.654433
114.654433
114.654433
114.654433
114.654433
114.654433
114.654433
114.654433
114.654433
114.654433
114.654433
114.654433
114.654433
114.654433
114.654433
114.654433
114.654433
114.654433
114.654433
114.654433
114.654433
114.654433
114.654433
114.654433
114.654433
114.654433
114.654433
114.654433
114.654433
114.654433
114.654433
114.654433
114.654433
114.654433
114.654433
114.654433
114.654433
114.654433
114.654433
114.654433
114.654433
114.654433
114.654433
114.654433
114.654433
114.654433
114.654433
114.654433
114.654433
114.654433
114.654433
114.654433
114.654433
114.654433
114.654433
114.654433
114.654433
114.654433
114.654433
114.654433
114.654433
114.654433
114.654433
114.654433
114.654433
114.654433
114.654433
114.654433
114.654433
114.654433
114.654433
114.654433
114.654433
114.654433
114.654433
114.654433
114.654433
114.654433
114.654433
114.654433
114.654433
114.654433
114.654433
114.654433
114.654433
114.654433
114.654433
114.654433
114.654433
114.654433
114.654433
114.654433
114.654433
114.654433
114.654433
114.654433
114.654433
114.654433
114.654433
114.654433
114.654433
114.654433
114.654433
114.654433
114.654433
114.654433
114.654433
114.654433
114.654433
114.654433
114.654433
114.654433
114.654433
114.654433
114.654433
114.654433
114.654433
114.654433
114.654433
114.654433
114.654433
114.654433
114.654433
114.654433
114.654433
114.654433
114.654433
114.654433
114.654433
114.654433
114.654433
114.654433
114.654433
114.654433
114.654433
114.654433
114.654433
114.654433
114.654433
114.654433
114.654433
114.654433
114.654433
114.654433
114.654433
114.654433
114.654433
114.654433
114.654433
114.654433
114.654433
114.654433
114.654433
114.654433
114.654433
114.654433
114.654433
114.654433
114.654433
114.654433
114.654433
114.654433
114.654433
114.654433
114.654433
114.654433
114.654433
114.654433
114.654433
114.654433
114.654433
114.654433
114.654433
114.654433
114.654433
114.654433
114.654433
114.654433
114.654433
114.654433
114.654433
114.654433
114.654433
114.654433
114.654433
114.654433
114.654433
114.654433
114.654433
114.654433
114.654433
114.654433
114.654433
114.654433
114.654433
114.654433
114.654433
114.654433
114.654433
114.654433
114.654433
114.654433
114.654433
114.654433
114.654433
114.654433
114.654433
114.654433
114.654433
114.654433
114.654433
114.654433
114.654433
114.654433
114.654433
114.654433
114.654433
114.654433
114.654433
114.654433
114.654433
114.654433
114.654433
114.654433
114.654433
114.654433
114.654433
114.654433
114.654433
114.654433
114.654433
114.654433
114.654433
114.654433
114.654433
114.654433
114.654433
114.654433
114.654433
114.654433
114.654433
114.654433
114.654433
114.654433
114.654433
114.654433
114.654433
114.654433
114.654433
114.654433
114.654433
114.654433
114.654433
114.654433
114.654433
114.654433
114.654433
114.654433
114.654433
114.654433
114.654433
114.654433
114.654433
114.654433
114.654433
114.654433
114.654433
114.654433
114.654433
114.654433
114.654433
114.654433
114.654433
114.654433
114.654433
114.654433
114.654433
114.654433
114.654433
114.654433
114.654433
114.654433
114.654433
114.654433
114.654433
114.654433
114.654433
114.654433
114.654433
114.654433
114.654433
114.654433
114.654433
114.654433
114.654433
114.654433
114.654433
114.654433
114.654433
114.654433
114.654433
114.654433
114.654433
114.654433
114.654433
114.654433
114.654433
114.654433
114.654433
114.654433
114.654433
114.654433
114.654433
114.654433
114.654433
114.654433
114.654433
114.654433
114.654433
114.654433
114.654433
114.654433
114.654433
114.654433
114.654433
114.654433
114.654433
114.654433
114.654433
114.654433
114.654433
114.654433
114.654433
114.654433
114.654433
114.654433
114.654433
114.654433
114.654433
114.654433
114.654433
114.654433
114.654433
114.654433
114.654433
114.654433
114.654433
114.654433
114.654433
114.654433
114.654433
114.654433
114.654433
114.654433
114.654433
114.654433
114.654433
114.654433
114.654433
114.654433
114.654433
114.654433
114.654433
114.654433
114.654433
114.654433
114.654433
114.654433
114.654433
114.654433
114.654433
114.654433
114.654433
114.654433
114.654433
114.654433
114.654433
114.654433
114.654433
114.654433
114.654433
114.654433
114.654433
114.654433
114.654433
114.654433
114.654433
114.654433
114.654433
114.654433
114.654433
114.654433
114.654433
114.654433
114.654433
114.654433
114.654433
114.654433
114.654433
114.654433
114.654433
114.654433
114.654433
114.654433
114.654433
114.654433
114.654433
114.654433
114.654433
114.654433
114.654433
114.654433
114.654433
114.654433
114.654433
114.654433
114.654433
114.654433
114.654433
114.654433
114.654433
114.654433
114.654433
114.654433
114.654433
114.654433
114.654433
114.654433
114.654433
114.654433
114.654433
114.654433
114.654433
114.654433
114.654433
114.654433
114.654433
114.654433
114.654433
114.654433
114.654433
114.654433
114.654433
114.654433
114.654433
114.654433
114.654433
114.654433
114.654433
114.654433
114.654433
114.654433
114.654433
114.654433
114.654433
114.654433
114.654433
114.654433
114.654433
114.654433
114.654433
114.654433
114.654433
114.654433
114.654433
114.654433
114.654433
114.654433
114.654433
114.654433
114.654433
114.654433
114.654433
114.654433
114.654433
114.654433
114.654433
114.654433
114.654433
114.654433
114.654433
114.654433
114.654433
114.654433
114.654433
114.654433
114.654433
114.654433
114.654433
114.654433
114.654433
114.654433
114.654433
114.654433
114.654433
114.654433
114.654433
114.654433
114.654433
114.654433
114.654433
114.654433
114.654433
114.654433
114.654433
114.654433
114.654433
114.654433
114.654433
114.654433
114.654433
114.654433
114.654433
114.654433
114.654433
114.654433
114.654433
114.654433
114.654433
114.654433
114.654433
114.654433
114.654433
114.654433
114.654433
114.654433
114.654433
114.654433
114.654433
114.654433
114.654433
114.654433
114.654433
114.654433
114.654433
114.654433
114.654433
114.654433
114.654433
114.654433
114.654433
114.654433
114.654433
114.654433
114.654433
114.654433
114.654433
114.654433
114.654433
114.654433
114.654433
114.654433
114.654433
114.654433
114.654433
114.654433
114.654433
114.654433
114.654433
114.654433
114.654433
114.654433
114.654433
114.654433
114.654433
114.654433
114.654433
114.654433
114.654433
114.654433
114.654433
114.654433
114.654433
114.654433
114.654433
114.654433
114.654433
114.654433
114.654433
114.654433
114.654433
114.654433
114.654433
114.654433
114.654433
114.654433
114.654433
114.654433
114.654433
114.654433
114.654433
114.654433
114.654433
114.654433
114.654433
114.654433
114.654433
114.654433
114.654433
114.654433
114.654433
114.654433
114.654433
114.654433
114.654433
114.654433
114.654433
114.654433
114.654433
114.654433
114.654433
114.654433
114.654433
114.654433
114.654433
114.654433
114.654433
114.654433
114.654433
114.654433
114.654433
114.654433
114.654433
114.654433
114.654433
114.654433
114.654433
114.654433
114.654433
114.654433
114.654433
114.654433
114.654433
114.654433
114.654433
114.654433
114.654433
114.654433
114.654433
114.654433
114.654433
114.654433
114.654433
114.654433
114.654433
114.654433
114.654433
114.654433
114.654433
114.654433
114.654433
114.654433
114.654433
114.654433
114.654433
114.654433
114.654433
114.654433
114.654433
114.654433
114.654433
114.654433
114.654433
114.654433
114.654433
114.654433
114.654433
114.654433
114.654433
114.654433
114.654433
114.654433
114.654433
114.654433
114.654433
114.654433
114.654433
114.654433
114.654433
114.654433
114.654433
114.654433
114.654433
114.654433
114.654433
114.654433
114.654433
114.654433
114.654433
114.654433
114.654433
114.654433
114.654433
114.654433
114.654433
114.654433
114.654433
114.654433
114.654433
114.654433
114.654433
114.654433
114.654433
114.654433
114.654433
114.654433
114.654433
114.654433
114.654433
114.654433
114.654433
114.654433
114.654433
114.654433
114.654433
114.654433
114.654433
114.654433
114.654433
114.654433
114.654433
114.654433
114.654433
114.654433
114.654433
114.654433
114.654433
114.654433
114.654433
114.654433
114.654433
114.654433
114.654433
114.654433
114.654433
114.654433
114.654433
114.654433
114.654433
114.654433
114.654433
114.654433
114.654433
114.654433
114.654433
114.654433
114.654433
114.654433
114.654433
114.654433
114.654433
114.654433
114.654433
114.654433
114.654433
114.654433
114.654433
114.654433
114.654433
114.654433
114.654433
114.654433
114.654433
114.654433
114.654433
114.654433
114.654433
114.654433
114.654433
114.654433
114.654433
114.654433
114.654433
114.654433
114.654433
114.654433
114.654433
114.654433
114.654433
114.654433
114.654433
114.654433
114.654433
114.654433
114.654433
114.654433
114.654433
114.654433
114.654433
114.654433
114.654433
114.654433
114.654433
114.654433
114.654433
114.654433
114.654433
114.654433
114.654433
114.654433
114.654433
114.654433
114.654433
114.654433
114.654433
114.654433
114.654433
114.654433
114.654433
114.654433
114.654433
114.654433
114.654433
114.654433
114.654433
114.654433
114.654433
114.654433
114.654433
114.654433
114.654433
114.654433
114.654433
114.654433
114.654433
114.654433
114.654433
114.654433
114.654433
114.654433
114.654433
114.654433
114.654433
114.654433
114.654433
114.654433
114.654433
114.654433
114.654433
114.654433
114.654433
114.654433
114.654433
114.654433
114.654433
114.654433
114.654433
114.654433
114.654433
114.654433
114.654433
114.654433
114.654433
114.654433
114.654433
114.654433
114.654433
114.654433
114.654433
114.654433
114.654433
114.654433
114.654433
114.654433
114.654433
114.654433
114.654433
114.654433
114.654433
114.654433
114.654433
114.654433
114.654433
114.654433
114.654433
114.654433
114.654433
114.654433
114.654433
114.654433
114.654433
114.654433
114.654433
114.654433
114.654433
114.654433
114.654433
114.654433
114.654433
114.654433
114.654433
114.654433
114.654433
114.654433
114.654433
114.654433
114.654433
114.654433
114.654433
114.654433
114.654433
114.654433
114.654433
114.654433
114.654433
114.654433
114.654433
114.654433
114.654433
114.654433
114.654433
114.654433
114.654433
114.654433
114.654433
114.654433
114.654433
114.654433
114.654433
114.654433
114.654433
114.654433
114.654433
114.654433
114.654433
114.654433
114.654433
114.654433
114.654433
114.654433
114.654433
114.654433
114.654433
114.654433
114.654433
114.654433
114.654433
114.654433
114.654433
114.654433
114.654433
114.654433
114.654433
114.654433
114.654433
114.654433
114.654433
114.654433
114.654433
114.654433
114.654433
114.654433
114.654433
114.654433
114.654433
114.654433
114.654433
114.654433
114.654433
114.654433
114.654433
114.654433
114.654433
114.654433
114.654433
114.654433
114.654433
114.654433
114.654433
114.654433
114.654433
114.654433
114.654433
114.654433
114.654433
114.654433
114.654433
114.654433
114.654433
114.654433
114.654433
114.654433
114.654433
114.654433
114.654433
114.654433
114.654433
114.654433
114.654433
114.654433
114.654433
114.654433
114.654433
114.654433
114.654433
114.654433
114.654433
114.654433
114.654433
114.654433
114.654433
114.654433
114.654433
114.654433
114.654433
114.654433
114.654433
114.654433
114.654433
114.654433
114.654433
114.654433
114.654433
114.654433
114.654433
114.654433
114.654433
114.654433
114.654433
114.654433
114.654433
114.654433
114.654433
114.654433
114.654433
114.654433
114.654433
114.654433
114.654433
114.654433
114.654433
114.654433
114.654433
114.654433
114.654433
114.654433
114.654433
114.654433
114.654433
114.654433
114.654433
114.654433
114.654433
114.654433
114.654433
114.654433
114.654433
114.654433
114.654433
114.654433
114.654433
114.654433
114.654433
114.654433
114.654433
114.654433
114.654433
114.654433
114.654433
114.654433
114.654433
114.654433
114.654433
114.654433
114.654433
114.654433
114.654433
114.654433
114.654433
114.654433
114.654433
114.654433
114.654433
114.654433
114.654433
114.654433
114.654433
114.654433
114.654433
114.654433
114.654433
114.654433
114.654433
114.654433
114.654433
114.654433
114.654433
114.654433
114.654433
114.654433
114.654433
114.654433
114.654433
114.654433
114.654433
114.654433
114.654433
114.654433
114.654433
114.654433
114.654433
114.654433
114.654433
114.654433
114.654433
114.654433
114.654433
114.654433
114.654433
114.654433
114.654433
114.654433
114.654433
114.654433
114.654433
114.654433
114.654433
114.654433
114.654433
114.654433
114.654433
114.654433
114.654433
114.654433
114.654433
114.654433
114.654433
114.654433
114.654433
114.654433
114.654433
114.654433
114.654433
114.654433
114.654433
114.654433
114.654433
114.654433
114.654433
114.654433
114.654433
114.654433
114.654433
114.654433
114.654433
114.654433
114.654433
114.654433
114.654433
114.654433
114.654433
114.654433
114.654433
114.654433
114.654433
114.654433
114.654433
114.654433
114.654433
114.654433
114.654433
114.654433
114.654433
114.654433
114.654433
114.654433
114.654433
114.654433
114.654433
114.654433
114.654433
114.654433
114.654433
114.654433
114.654433
114.654433
114.654433
114.654433
114.654433
114.654433
114.654433
114.654433
114.654433
114.654433
114.654433
114.654433
114.654433
114.654433
114.654433
114.654433
114.654433
114.654433
114.654433
114.654433
114.654433
114.654433
114.654433
114.654433
114.654433
114.654433
114.654433
114.654433
114.654433
114.654433
114.654433
114.654433
114.654433
114.654433
114.654433
114.654433
114.654433
114.654433
114.654433
114.654433
114.654433
114.654433
114.654433
114.654433
114.654433
114.654433
114.654433
114.654433
114.654433
114.654433
114.654433
114.654433
114.654433
114.654433
114.654433
114.654433
114.654433
114.654433
114.654433
114.654433
114.654433
114.654433
114.654433
114.654433
114.654433
114.654433
114.654433
114.654433
114.654433
114.654433
114.654433
114.654433
114.654433
114.654433
114.654433
114.654433
114.654433
114.654433
114.654433
114.654433
114.654433
114.654433
114.654433
114.654433
114.654433
114.654433
114.654433
114.654433
114.654433
114.654433
114.654433
114.654433
114.654433
114.654433
114.654433
114.654433
114.654433
114.654433
114.654433
114.654433
114.654433
114.654433
114.654433
114.654433
114.654433
114.654433
114.654433
114.654433
114.654433
114.654433
114.654433
114.654433
114.654433
114.654433
114.654433
114.654433
114.654433
114.654433
114.654433
114.654433
114.654433
114.654433
114.654433
114.654433
114.654433
114.654433
114.654433
114.654433
114.654433
114.654433
114.654433
114.654433
114.654433
114.654433
114.654433
114.654433
114.654433
114.654433
114.654433
114.654433
114.654433
114.654433
114.654433
114.654433
114.654433
114.654433
114.654433
114.654433
114.654433
114.654433
114.654433
114.654433
114.654433
114.654433
114.654433
114.654433
114.654433
114.654433
114.654433
114.654433
114.654433
114.654433
114.654433
114.654433
114.654433
114.654433
114.654433
114.654433
114.654433
114.654433
114.654433
114.654433
114.654433
114.654433
114.654433
114.654433
114.654433
114.654433
114.654433
114.654433
114.654433
114.654433
114.654433
114.654433
114.654433
114.654433
114.654433
114.654433
114.654433
114.654433
114.654433
114.654433
114.654433
114.654433
114.654433
114.654433
114.654433
114.654433
114.654433
114.654433
114.654433
114.654433
114.654433
114.654433
114.654433
114.654433
114.654433
114.654433
114.654433
114.654433
114.654433
114.654433
114.654433
114.654433
114.654433
114.654433
114.654433
114.654433
114.654433
114.654433
114.654433
114.654433
114.654433
114.654433
114.654433
114.654433
114.654433
114.654433
114.654433
114.654433
114.654433
114.654433
114.654433
114.654433
114.654433
114.654433
114.654433
114.654433
114.654433
114.654433
114.654433
114.654433
114.654433
114.654433
114.654433
114.654433
114.654433
114.654433
114.654433
114.654433
114.654433
114.654433
114.654433
114.654433
114.654433
114.654433
114.654433
114.654433
114.654433
114.654433
114.654433
114.654433
114.654433
114.654433
114.654433
114.654433
114.654433
114.654433
114.654433
114.654433
114.654433
114.654433
114.654433
114.654433
114.654433
114.654433
114.654433
114.654433
114.654433
114.654433
114.654433
114.654433
114.654433
114.654433
114.654433
114.654433
114.654433
114.654433
114.654433
114.654433
114.654433
114.654433
114.654433
114.654433
114.654433
114.654433
114.654433
114.654433
114.654433
114.654433
114.654433
114.654433
114.654433
114.654433
114.654433
114.654433
114.654433
114.654433
114.654433
114.654433
114.654433
114.654433
114.654433
114.654433
114.654433
114.654433
114.654433
114.654433
114.654433
114.654433
114.654433
114.654433
114.654433
114.654433
114.654433
114.654433
114.654433
114.654433
114.654433
114.654433
114.654433
114.654433
114.654433
114.654433
114.654433
114.654433
114.654433
114.654433
114.654433
114.654433
114.654433
114.654433
114.654433
114.654433
114.654433
114.654433
114.654433
114.654433
114.654433
114.654433
114.654433
114.654433
114.654433
114.654433
114.654433
114.654433
114.654433
114.654433
114.654433
114.654433
114.654433
114.654433
114.654433
114.654433
114.654433
114.654433
114.654433
114.654433
114.654433
114.654433
114.654433
114.654433
114.654433
114.654433
114.654433
114.654433
114.654433
114.654433
114.654433
114.654433
114.654433
114.654433
114.654433
114.654433
114.654433
114.654433
114.654433
114.654433
114.654433
114.654433
114.654433
114.654433
114.654433
114.654433
114.654433
114.654433
114.654433
114.654433
114.654433
114.654433
114.654433
114.654433
114.654433
114.654433
114.654433
114.654433
114.654433
114.654433
114.654433
114.654433
114.654433
114.654433
114.654433
114.654433
114.654433
114.654433
114.654433
114.654433
114.654433
114.654433
114.654433
114.654433
114.654433
114.654433
114.654433
114.654433
114.654433
114.654433
114.654433
114.654433
114.654433
114.654433
114.654433
114.654433
114.654433
114.654433
114.654433
114.654433
114.654433
114.654433
114.654433
114.654433
114.654433
114.654433
114.654433
114.654433
114.654433
114.654433
114.654433
114.654433
114.654433
114.654433
114.654433
114.654433
114.654433
114.654433
114.654433
114.654433
114.654433
114.654433
114.654433
114.654433
114.654433
114.654433
114.654433
114.654433
114.654433
114.654433
114.654433
114.654433
114.654433
114.654433
114.654433
114.654433
114.654433
114.654433
114.654433
114.654433
114.654433
114.654433
114.654433
114.654433
114.654433
114.654433
114.654433
114.654433
114.654433
114.654433
114.654433
114.654433
114.654433
114.654433
114.654433
114.654433
114.654433
114.654433
114.654433
114.654433
114.654433
114.654433
114.654433
114.654433
114.654433
114.654433
114.654433
114.654433
114.654433
114.654433
114.654433
114.654433
114.654433
114.654433
114.654433
114.654433
114.654433
114.654433
114.654433
114.654433
114.654433
114.654433
114.654433
114.654433
114.654433
114.654433
114.654433
114.654433
114.654433
114.654433
114.654433
114.654433
114.654433
114.654433
114.654433
114.654433
114.654433
114.654433
114.654433
114.654433
114.654433
114.654433
114.654433
114.654433
114.654433
114.654433
114.654433
114.654433
114.654433
114.654433
114.654433
114.654433
114.654433
114.654433
114.654433
114.654433
114.654433
114.654433
114.654433
114.654433
114.654433
114.654433
114.654433
114.654433
114.654433
114.654433
114.654433
114.654433
114.654433
114.654433
114.654433
114.654433
114.654433
114.654433
114.654433
114.654433
114.654433
114.654433
114.654433
114.654433
114.654433
114.654433
114.654433
114.654433
114.654433
114.654433
114.654433
114.654433
114.654433
114.654433
114.654433
114.654433
114.654433
114.654433
114.654433
114.654433
114.654433
114.654433
114.654433
114.654433
114.654433
114.654433
114.654433
114.654433
114.654433
114.654433
114.654433
114.654433
114.654433
114.654433
114.654433
114.654433
114.654433
114.654433
114.654433
114.654433
114.654433
114.654433
114.654433
114.654433
114.654433
114.654433
114.654433
114.654433
114.654433
114.654433
114.654433
114.654433
114.654433
114.654433
114.654433
114.654433
114.654433
114.654433
114.654433
114.654433
114.654433
114.654433
114.654433
114.654433
114.654433
114.654433
114.654433
114.654433
114.654433
114.654433
114.654433
114.654433
114.654433
114.654433
114.654433
114.654433
114.654433
114.654433
114.654433
114.654433
114.654433
114.654433
114.654433
114.654433
114.654433
114.654433
114.654433
114.654433
114.654433
114.654433
114.654433
114.654433
114.654433
114.654433
114.654433
114.654433
114.654433
114.654433
114.654433
114.654433
114.654433
114.654433
114.654433
114.654433
114.654433
114.654433
114.654433
114.654433
114.654433
114.654433
114.654433
114.654433
114.654433
114.654433
114.654433
114.654433
114.654433
114.654433
114.654433
114.654433
114.654433
114.654433
114.654433
114.654433
114.654433
114.654433
114.654433
114.654433
114.654433
114.654433
114.654433
114.654433
114.654433
114.654433
114.654433
114.654433
114.654433
114.654433
114.654433
114.654433
114.654433
114.654433
114.654433
114.654433
114.654433
114.654433
114.654433
114.654433
114.654433
114.654433
114.654433
114.654433
114.654433
114.654433
114.654433
114.654433
114.654433
114.654433
114.654433
114.654433
114.654433
114.654433
114.654433
114.654433
114.654433
114.654433
114.654433
114.654433
114.654433
114.654433
114.654433
114.654433
114.654433
114.654433
114.654433
114.654433
114.654433
114.654433
114.654433
114.654433
114.654433
114.654433
114.654433
114.654433
114.654433
114.654433
114.654433
114.654433
114.654433
114.654433
114.654433
114.654433
114.654433
114.654433
114.654433
114.654433
114.654433
114.654433
114.654433
114.654433
114.654433
114.654433
114.654433
114.654433
114.654433
114.654433
114.654433
114.654433
114.654433
114.654433
114.654433
114.654433
114.654433
114.654433
114.654433
114.654433
114.654433
114.654433
114.654433
114.654433
114.654433
114.654433
114.654433
114.654433
114.654433
114.654433
114.654433
114.654433
114.654433
114.654433
114.654433
114.654433
114.654433
114.654433
114.654433
114.654433
114.654433
114.654433
114.654433
114.654433
114.654433
114.654433
114.654433
114.654433
114.654433
114.654433
114.654433
114.654433
114.654433
114.654433
114.654433
114.654433
114.654433
114.654433
114.654433
114.654433
114.654433
114.654433
114.654433
114.654433
114.654433
114.654433
114.654433
114.654433
114.654433
114.654433
114.654433
114.654433
114.654433
114.654433
114.654433
114.654433
114.654433
114.654433
114.654433
114.654433
114.654433
114.654433
114.654433
114.654433
114.654433
114.654433
114.654433
114.654433
114.654433
114.654433
114.654433
114.654433
114.654433
114.654433
114.654433
114.654433
114.654433
114.654433
114.654433
114.654433
114.654433
114.654433
114.654433
114.654433
114.654433
114.654433
114.654433
114.654433
114.654433
114.654433
114.654433
114.654433
114.654433
114.654433
114.654433
114.654433
114.654433
114.654433
114.654433
114.654433
114.654433
114.654433
114.654433
114.654433
114.654433
114.654433
114.654433
114.654433
114.654433
114.654433
114.654433
114.654433
114.654433
114.654433
114.654433
114.654433
114.654433
114.654433
114.654433
114.654433
114.654433
114.654433
114.654433
114.654433
114.654433
114.654433
114.654433
114.654433
114.654433
114.654433
114.654433
114.654433
114.654433
114.654433
114.654433
114.654433
114.654433
114.654433
114.654433
114.654433
114.654433
114.654433
114.654433
114.654433
114.654433
114.654433
114.654433
114.654433
114.654433
114.654433
114.654433
114.654433
114.654433
114.654433
114.654433
114.654433
114.654433
114.654433
114.654433
114.654433
114.654433
114.654433
114.654433
114.654433
114.654433
114.654433
114.654433
114.654433
114.654433
114.654433
114.654433
114.654433
114.654433
114.654433
114.654433
114.654433
114.654433
114.654433
114.654433
114.654433
114.654433
114.654433
114.654433
114.654433
114.654433
114.654433
114.654433
114.654433
114.654433
114.654433
114.654433
114.654433
114.654433
114.654433
114.654433
114.654433
114.654433
114.654433
114.654433
114.654433
114.654433
114.654433
114.654433
114.654433
114.654433
114.654433
114.654433
114.654433
114.654433
114.654433
114.654433
114.654433
114.654433
114.654433
114.654433
114.654433
114.654433
114.654433
114.654433
114.654433
114.654433
114.654433
114.654433
114.654433
114.654433
114.654433
114.654433
114.654433
114.654433
114.654433
114.654433
114.654433
114.654433
114.654433
114.654433
114.654433
114.654433
114.654433
114.654433
114.654433
114.654433
114.654433
114.654433
114.654433
114.654433
114.654433
114.654433
114.654433
114.654433
114.654433
114.654433
114.654433
114.654433
114.654433
114.654433
114.654433
114.654433
114.654433
114.654433
114.654433
114.654433
114.654433
114.654433
114.654433
114.654433
114.654433
114.654433
114.654433
114.654433
114.654433
114.654433
114.654433
114.654433
114.654433
114.654433
114.654433
114.654433
114.654433
114.654433
114.654433
114.654433
114.654433
114.654433
114.654433
114.654433
114.654433
114.654433
114.654433
114.654433
114.654433
114.654433
114.654433
114.654433
114.654433
114.654433
114.654433
114.654433
114.654433
114.654433
114.654433
114.654433
114.654433
114.654433
114.654433
114.654433
114.654433
114.654433
114.654433
114.654433
114.654433
114.654433
114.654433
114.654433
114.654433
114.654433
114.654433
114.654433
114.654433
114.654433
114.654433
114.654433
114.654433
114.654433
114.654433
114.654433
114.654433
114.654433
114.654433
114.654433
114.654433
114.654433
114.654433
114.654433
114.654433
114.654433
114.654433
114.654433
114.654433
114.654433
114.654433
114.654433
114.654433
114.654433
114.654433
114.654433
114.654433
114.654433
114.654433
114.654433
114.654433
114.654433
114.654433
114.654433
114.654433
114.654433
114.654433
114.654433
114.654433
114.654433
114.654433
114.654433
114.654433
114.654433
114.654433
114.654433
114.654433
114.654433
114.654433
114.654433
114.654433
114.654433
114.654433
114.654433
114.654433
114.654433
114.654433
114.654433
114.654433
114.654433
114.654433
114.654433
114.654433
114.654433
114.654433
114.654433
114.654433
114.654433
114.654433
114.654433
114.654433
114.654433
114.654433
114.654433
114.654433
114.654433
114.654433
114.654433
114.654433
114.654433
114.654433
114.654433
114.654433
114.654433
114.654433
114.654433
114.654433
114.654433
114.654433
114.654433
114.654433
114.654433
114.654433
114.654433
114.654433
114.654433
114.654433
114.654433
114.654433
114.654433
114.654433
114.654433
114.654433
114.654433
114.654433
114.654433
114.654433
114.654433
114.654433
114.654433
114.654433
114.654433
114.654433
114.654433
114.654433
114.654433
114.654433
114.654433
114.654433
114.654433
114.654433
114.654433
114.654433
114.654433
114.654433
114.654433
114.654433
114.654433
114.654433
114.654433
114.654433
114.654433
114.654433
114.654433
114.654433
114.654433
114.654433
114.654433
114.654433
114.654433
114.654433
114.654433
114.654433
114.654433
114.654433
114.654433
114.654433
114.654433
114.654433
114.654433
114.654433
114.654433
114.654433
114.654433
114.654433
114.654433
114.654433
114.654433
114.654433
114.654433
114.654433
114.654433
114.654433
114.654433
114.654433
114.654433
114.654433
114.654433
114.654433
114.654433
114.654433
114.654433
114.654433
114.654433
114.654433
114.654433
114.654433
114.654433
114.654433
114.654433
114.654433
114.654433
114.654433
114.654433
114.654433
114.654433
114.654433
114.654433
114.654433
114.654433
114.654433
114.654433
114.654433
114.654433
114.654433
114.654433
114.654433
114.654433
114.654433
114.654433
114.654433
114.654433
114.654433
114.654433
114.654433
114.654433
114.654433
114.654433
114.654433
114.654433
114.654433
114.654433
114.654433
114.654433
114.654433
114.654433
114.654433
114.654433
114.654433
114.654433
114.654433
114.654433
114.654433
114.654433
114.654433
114.654433
114.654433
114.654433
114.654433
114.654433
114.654433
114.654433
114.654433
114.654433
114.654433
114.654433
114.654433
114.654433
114.654433
114.654433
114.654433
114.654433
114.654433
114.654433
114.654433
114.654433
114.654433
114.654433
114.654433
114.654433
114.654433
114.654433
114.654433
114.654433
114.654433
114.654433
114.654433
114.654433
114.654433
114.654433
114.654433
114.654433
114.654433
114.654433
114.654433
114.654433
114.654433
114.654433
114.654433
114.654433
114.654433
114.654433
114.654433
114.654433
114.654433
114.654433
114.654433
114.654433
114.654433
114.654433
114.654433
114.654433
114.654433
114.654433
114.654433
114.654433
114.654433
114.654433
114.654433
114.654433
114.654433
114.654433
114.654433
114.654433
114.654433
114.654433
114.654433
114.654433
114.654433
114.654433
114.654433
114.654433
114.654433
114.654433
114.654433
114.654433
114.654433
114.654433
114.654433
114.654433
114.654433
114.654433
114.654433
114.654433
114.654433
114.654433
114.654433
114.654433
114.654433
114.654433
114.654433
114.654433
114.654433
114.654433
114.654433
114.654433
114.654433
114.654433
114.654433
114.654433
114.654433
114.654433
114.654433
114.654433
114.654433
114.654433
114.654433
114.654433
114.654433
114.654433
114.654433
114.654433
114.654433
114.654433
114.654433
114.654433
114.654433
114.654433
114.654433
114.654433
114.654433
114.654433
114.654433
114.654433
114.654433
114.654433
114.654433
114.654433
114.654433
114.654433
114.654433
114.654433
114.654433
114.654433
114.654433
114.654433
114.654433
114.654433
114.654433
114.654433
114.654433
114.654433
114.654433
114.654433
114.654433
114.654433
114.654433
114.654433
114.654433
114.654433
114.654433
114.654433
114.654433
114.654433
114.654433
114.654433
114.654433
114.654433
114.654433
114.654433
114.654433
114.654433
114.654433
114.654433
114.654433
114.654433
114.654433
114.654433
114.654433
114.654433
114.654433
114.654433
114.654433
114.654433
114.654433
114.654433
114.654433
114.654433
114.654433
114.654433
114.654433
114.654433
114.654433
114.654433
114.654433
114.654433
114.654433
114.654433
114.654433
114.654433
114.654433
114.654433
114.654433
114.654433
114.654433
114.654433
114.654433
114.654433
114.654433
114.654433
114.654433
114.654433
114.654433
114.654433
114.654433
114.654433
114.654433
114.654433
114.654433
114.654433
114.654433
114.654433
114.654433
114.654433
114.654433
114.654433
114.654433
114.654433
114.654433
114.654433
114.654433
114.654433
114.654433
114.654433
114.654433
114.654433
114.654433
114.654433
114.654433
114.654433
114.654433
114.654433
114.654433
114.654433
114.654433
114.654433
114.654433
114.654433
114.654433
114.654433
114.654433
114.654433
114.654433
114.654433
114.654433
114.654433
114.654433
114.654433
114.654433
114.654433
114.654433
114.654433
114.654433
114.654433
114.654433
114.654433
114.654433
114.654433
114.654433
114.654433
114.654433
114.654433
114.654433
114.654433
114.654433
114.654433
114.654433
114.654433
114.654433
114.654433
114.654433
114.654433
114.654433
114.654433
114.654433
114.654433
114.654433
114.654433
114.654433
114.654433
114.654433
114.654433
114.654433
114.654433
114.654433
114.654433
114.654433
114.654433
114.654433
114.654433
114.654433
114.654433
114.654433
114.654433
114.654433
114.654433
114.654433
114.654433
114.654433
114.654433
114.654433
114.654433
114.654433
114.654433
114.654433
114.654433
114.654433
114.654433
114.654433
114.654433
114.654433
114.654433
114.654433
114.654433
114.654433
114.654433
114.654433
114.654433
114.654433
114.654433
114.654433
114.654433
114.654433
114.654433
114.654433
114.654433
114.654433
114.654433
114.654433
114.654433
114.654433
114.654433
114.654433
114.654433
114.654433
114.654433
114.654433
114.654433
114.654433
114.654433
114.654433
114.654433
114.654433
114.654433
114.654433
114.654433
114.654433
114.654433
114.654433
114.654433
114.654433
114.654433
114.654433
114.654433
114.654433
114.654433
114.654433
114.654433
114.654433
114.654433
114.654433
114.654433
114.654433
114.654433
114.654433
114.654433
114.654433
114.654433
114.654433
114.654433
114.654433
114.654433
114.654433
114.654433
114.654433
114.654433
114.654433
114.654433
114.654433
114.654433
114.654433
114.654433
114.654433
114.654433
114.654433
114.654433
114.654433
114.654433
114.654433
114.654433
114.654433
114.654433
114.654433
114.654433
114.654433
114.654433
114.654433
114.654433
114.654433
114.654433
114.654433
114.654433
114.654433
114.654433
114.654433
114.654433
114.654433
114.654433
114.654433
114.654433
114.654433
114.654433
114.654433
114.654433
114.654433
114.654433
114.654433
114.654433
114.654433
114.654433
114.654433
114.654433
114.654433
114.654433
114.654433
114.654433
114.654433
114.654433
114.654433
114.654433
114.654433
114.654433
114.654433
114.654433
114.654433
114.654433
114.654433
114.654433
114.654433
114.654433
114.654433
114.654433
114.654433
114.654433
114.654433
114.654433
114.654433
114.654433
114.654433
114.654433
114.654433
114.654433
114.654433
114.654433
114.654433
114.654433
114.654433
114.654433
114.654433
114.654433
114.654433
114.654433
114.654433
114.654433
114.654433
114.654433
114.654433
114.654433
114.654433
114.654433
114.654433
114.654433
114.654433
114.654433
114.654433
114.654433
114.654433
114.654433
114.654433
114.654433
114.654433
114.654433
114.654433
114.654433
114.654433
114.654433
114.654433
114.654433
114.654433
114.654433
114.654433
114.654433
114.654433
114.654433
114.654433
114.654433
114.654433
114.654433
114.654433
114.654433
114.654433
114.654433
114.654433
114.654433
114.654433
114.654433
114.654433
114.654433
114.654433
114.654433
114.654433
114.654433
114.654433
114.654433
114.654433
114.654433
114.654433
114.654433
114.654433
114.654433
114.654433
114.654433
114.654433
114.654433
114.654433
114.654433
114.654433
114.654433
114.654433
114.654433
114.654433
114.654433
114.654433
114.654433
114.654433
114.654433
114.654433
114.654433
114.654433
114.654433
114.654433
114.654433
114.654433
114.654433
114.654433
114.654433
114.654433
114.654433
114.654433
114.654433
114.654433
114.654433
114.654433
114.654433
114.654433
114.654433
114.654433
114.654433
114.654433
114.654433
114.654433
114.654433
114.654433
114.654433
114.654433
114.654433
114.654433
114.654433
114.654433
114.654433
114.654433
114.654433
114.654433
114.654433
114.654433
114.654433
114.654433
114.654433
114.654433
114.654433
114.654433
114.654433
114.654433
114.654433
114.654433
114.654433
114.654433
114.654433
114.654433
114.654433
114.654433
114.654433
114.654433
114.654433
114.654433
114.654433
114.654433
114.654433
114.654433
114.654433
114.654433
114.654433
114.654433
114.654433
114.654433
114.654433
114.654433
114.654433
114.654433
114.654433
114.654433
114.654433
114.654433
114.654433
114.654433
114.654433
114.654433
114.654433
114.654433
114.654433
114.654433
114.654433
114.654433
114.654433
114.654433
114.654433
114.654433
114.654433
114.654433
114.654433
114.654433
114.654433
114.654433
114.654433
114.654433
114.654433
114.654433
114.654433
114.654433
114.654433
114.654433
114.654433
114.654433
114.654433
114.654433
114.654433
114.654433
114.654433
114.654433
114.654433
114.654433
114.654433
114.654433
114.654433
114.654433
114.654433
114.654433
114.654433
114.654433
114.654433
114.654433
114.654433
114.654433
114.654433
114.654433
114.654433
114.654433
114.654433
114.654433
114.654433
114.654433
114.654433
114.654433
114.654433
114.654433
114.654433
114.654433
114.654433
114.654433
114.654433
114.654433
114.654433
114.654433
114.654433
114.654433
114.654433
114.654433
114.654433
114.654433
114.654433
114.654433
114.654433
114.654433
114.654433
114.654433
114.654433
114.654433
114.654433
114.654433
114.654433
114.654433
114.654433
114.654433
114.654433
114.654433
114.654433
114.654433
114.654433
114.654433
114.654433
114.654433
114.654433
114.654433
114.654433
114.654433
114.654433
114.654433
114.654433
114.654433
114.654433
114.654433
114.654433
114.654433
114.654433
114.654433
114.654433
114.654433
114.654433
114.654433
114.654433
114.654433
114.654433
114.654433
114.654433
114.654433
114.654433
114.654433
114.654433
114.654433
114.654433
114.654433
114.654433
114.654433
114.654433
114.654433
114.654433
114.654433
114.654433
114.654433
114.654433
114.654433
114.654433
114.654433
114.654433
114.654433
114.654433
114.654433
114.654433
114.654433
114.654433
114.654433
114.654433
114.654433
114.654433
114.654433
114.654433
114.654433
114.654433
114.654433
114.654433
114.654433
114.654433
114.654433
114.654433
114.654433
114.654433
114.654433
114.654433
114.654433
114.654433
114.654433
114.654433
114.654433
114.654433
114.654433
114.654433
114.654433
114.654433
114.654433
114.654433
114.654433
114.654433
114.654433
114.654433
114.654433
114.654433
114.654433
114.654433
114.654433
114.654433
114.654433
114.654433
114.654433
114.654433
114.654433
114.654433
114.654433
114.654433
114.654433
114.654433
114.654433
114.654433
114.654433
114.654433
114.654433
114.654433
114.654433
114.654433
114.654433
114.654433
114.654433
114.654433
114.654433
114.654433
114.654433
114.654433
114.654433
114.654433
114.654433
114.654433
114.654433
114.654433
114.654433
114.654433
114.654433
114.654433
114.654433
114.654433
114.654433
114.654433
114.654433
114.654433
114.654433
114.654433
114.654433
114.654433
114.654433
114.654433
114.654433
114.654433
114.654433
114.654433
114.654433
114.654433
114.654433
114.654433
114.654433
114.654433
114.654433
114.654433
114.654433
114.654433
114.654433
114.654433
114.654433
114.654433
114.654433
114.654433
114.654433
114.654433
114.654433
114.654433
114.654433
114.654433
114.654433
114.654433
114.654433
114.654433
114.654433
114.654433
114.654433
114.654433
114.654433
114.654433
114.654433
114.654433
114.654433
114.654433
114.654433
114.654433
114.654433
114.654433
114.654433
114.654433
114.654433
114.654433
114.654433
114.654433
114.654433
114.654433
114.654433
114.654433
114.654433
114.654433
114.654433
114.654433
114.654433
114.654433
114.654433
114.654433
114.654433
114.654433
114.654433
114.654433
114.654433
114.654433
114.654433
114.654433
114.654433
114.654433
114.654433
114.654433
114.654433
114.654433
114.654433
114.654433
114.654433
114.654433
114.654433
114.654433
114.654433
114.654433
114.654433
114.654433
114.654433
114.654433
114.654433
114.654433
114.654433
114.654433
114.654433
114.654433
114.654433
114.654433
114.654433
114.654433
114.654433
114.654433
114.654433
114.654433
114.654433
114.654433
114.654433
114.654433
114.654433
114.654433
114.654433
114.654433
114.654433
114.654433
114.654433
114.654433
114.654433
114.654433
114.654433
114.654433
114.654433
114.654433
114.654433
114.654433
114.654433
114.654433
114.654433
114.654433
114.654433
114.654433
114.654433
114.654433
114.654433
114.654433
114.654433
114.654433
114.654433
114.654433
114.654433
114.654433
114.654433
114.654433
114.654433
114.654433
114.654433
114.654433
114.654433
114.654433
114.654433
114.654433
114.654433
114.654433
114.654433
114.654433
114.654433
114.654433
114.654433
114.654433
114.654433
114.654433
114.654433
114.654433
114.654433
114.654433
114.654433
114.654433
114.654433
114.654433
114.654433
114.654433
114.654433
114.654433
114.654433
114.654433
114.654433
114.654433
114.654433
114.654433
114.654433
114.654433
114.654433
114.654433
114.654433
114.654433
114.654433
114.654433
114.654433
114.654433
114.654433
114.654433
114.654433
114.654433
114.654433
114.654433
114.654433
114.654433
114.654433
114.654433
114.654433
114.654433
114.654433
114.654433
114.654433
114.654433
114.654433
114.654433
114.654433
114.654433
114.654433
114.654433
114.654433
114.654433
114.654433
114.654433
114.654433
114.654433
114.654433
114.654433
114.654433
114.654433
114.654433
114.654433
114.654433
114.654433
114.654433
114.654433
114.654433
114.654433
114.654433
114.654433
114.654433
114.654433
114.654433
114.654433
114.654433
114.654433
114.654433
114.654433
114.654433
114.654433
114.654433
114.654433
114.654433
114.654433
114.654433
114.654433
114.654433
114.654433
114.654433
114.654433
114.654433
114.654433
114.654433
114.654433
114.654433
114.654433
114.654433
114.654433
114.654433
114.654433
114.654433
114.654433
114.654433
114.654433
114.654433
114.654433
114.654433
114.654433
114.654433
114.654433
114.654433
114.654433
114.654433
114.654433
114.654433
114.654433
114.654433
114.654433
114.654433
114.654433
114.654433
114.654433
114.654433
114.654433
114.654433
114.654433
114.654433
114.654433
114.654433
114.654433
114.654433
114.654433
114.654433
114.654433
114.654433
114.654433
114.654433
114.654433
114.654433
114.654433
114.654433
114.654433
114.654433
114.654433
114.654433
114.654433
114.654433
114.654433
114.654433
114.654433
114.654433
114.654433
114.654433
114.654433
114.654433
114.654433
114.654433
114.654433
114.654433
114.654433
114.654433
114.654433
114.654433
114.654433
114.654433
114.654433
114.654433
114.654433
114.654433
114.654433
114.654433
114.654433
114.654433
114.654433
114.654433
114.654433
114.654433
114.654433
114.654433
114.654433
114.654433
114.654433
114.654433
114.654433
114.654433
114.654433
114.654433
114.654433
114.654433
114.654433
114.654433
114.654433
114.654433
114.654433
114.654433
114.654433
114.654433
114.654433
114.654433
114.654433
114.654433
114.654433
114.654433
114.654433
114.654433
114.654433
114.654433
114.654433
114.654433
114.654433
114.654433
114.654433
114.654433
114.654433
114.654433
114.654433
114.654433
114.654433
114.654433
114.654433
114.654433
114.654433
114.654433
114.654433
114.654433
114.654433
114.654433
114.654433
114.654433
114.654433
114.654433
114.654433
114.654433
114.654433
114.654433
114.654433
114.654433
114.654433
114.654433
114.654433
114.654433
114.654433
114.654433
114.654433
114.654433
114.654433
114.654433
114.654433
114.654433
114.654433
114.654433
114.654433
114.654433
114.654433
114.654433
114.654433
114.654433
114.654433
114.654433
114.654433
114.654433
114.654433
114.654433
114.654433
114.654433
114.654433
114.654433
114.654433
114.654433
114.654433
114.654433
114.654433
114.654433
114.654433
114.654433
114.654433
114.654433
114.654433
114.654433
114.654433
114.654433
114.654433
114.654433
114.654433
114.654433
114.654433
114.654433
114.654433
114.654433
114.654433
114.654433
114.654433
114.654433
114.654433
114.654433
114.654433
114.654433
114.654433
114.654433
114.654433
114.654433
114.654433
114.654433
114.654433
114.654433
114.654433
114.654433
114.654433
114.654433
114.654433
114.654433
114.654433
114.654433
114.654433
114.654433
114.654433
114.654433
114.654433
114.654433
114.654433
114.654433
114.654433
114.654433
114.654433
114.654433
114.654433
114.654433
114.654433
114.654433
114.654433
114.654433
114.654433
114.654433
114.654433
114.654433
114.654433
114.654433
114.654433
114.654433
114.654433
114.654433
114.654433
114.654433
114.654433
114.654433
114.654433
114.654433
114.654433
114.654433
114.654433
114.654433
114.654433
114.654433
114.654433
114.654433
114.654433
114.654433
114.654433
114.654433
114.654433
114.654433
114.654433
114.654433
114.654433
114.654433
114.654433
114.654433
114.654433
114.654433
114.654433
114.654433
114.654433
114.654433
114.654433
114.654433
114.654433
114.654433
114.654433
114.654433
114.654433
114.654433
114.654433
114.654433
114.654433
114.654433
114.654433
114.654433
114.654433
114.654433
114.654433
114.654433
114.654433
114.654433
114.654433
114.654433
114.654433
114.654433
114.654433
114.654433
114.654433
114.654433
114.654433
114.654433
114.654433
114.654433
114.654433
114.654433
114.654433
114.654433
114.654433
114.654433
114.654433
114.654433
114.654433
114.654433
114.654433
114.654433
114.654433
114.654433
114.654433
114.654433
114.654433
114.654433
114.654433
114.654433
114.654433
114.654433
114.654433
114.654433
114.654433
114.654433
114.654433
114.654433
114.654433
114.654433
114.654433
114.654433
114.654433
114.654433
114.654433
114.654433
114.654433
114.654433
114.654433
114.654433
114.654433
114.654433
114.654433
114.654433
114.654433
114.654433
114.654433
114.654433
114.654433
114.654433
114.654433
114.654433
114.654433
114.654433
114.654433
114.654433
114.654433
114.654433
114.654433
114.654433
114.654433
114.654433
114.654433
114.654433
114.654433
114.654433
114.654433
114.654433
114.654433
114.654433
114.654433
114.654433
114.654433
114.654433
114.654433
114.654433
114.654433
114.654433
114.654433
114.654433
114.654433
114.654433
114.654433
114.654433
114.654433
114.654433
114.654433
114.654433
114.654433
114.654433
114.654433
114.654433
114.654433
114.654433
114.654433
114.654433
114.654433
114.654433
114.654433
114.654433
114.654433
114.654433
114.654433
114.654433
114.654433
114.654433
114.654433
114.654433
114.654433
114.654433
114.654433
114.654433
114.654433
114.654433
114.654433
114.654433
114.654433
114.654433
114.654433
114.654433
114.654433
114.654433
114.654433
114.654433
114.654433
114.654433
114.654433
114.654433
114.654433
114.654433
114.654433
114.654433
114.654433
114.654433
114.654433
114.654433
114.654433
114.654433
114.654433
114.654433
114.654433
114.654433
114.654433
114.654433
114.654433
114.654433
114.654433
114.654433
114.654433
114.654433
114.654433
114.654433
114.654433
114.654433
114.654433
114.654433
114.654433
114.654433
114.654433
114.654433
114.654433
114.654433
114.654433
114.654433
114.654433
114.654433
114.654433
114.654433
114.654433
114.654433
114.654433
114.654433
114.654433
114.654433
114.654433
114.654433
114.654433
114.654433
114.654433
114.654433
114.654433
114.654433
114.654433
114.654433
114.654433
114.654433
114.654433
114.654433
114.654433
114.654433
114.654433
114.654433
114.654433
114.654433
114.654433
114.654433
114.654433
114.654433
114.654433
114.654433
114.654433
114.654433
114.654433
114.654433
114.654433
114.654433
114.654433
114.654433
114.654433
114.654433
114.654433
114.654433
114.654433
114.654433
114.654433
114.654433
114.654433
114.654433
114.654433
114.654433
114.654433
114.654433
114.654433
114.654433
114.654433
114.654433
114.654433
114.654433
114.654433
114.654433
114.654433
114.654433
114.654433
114.654433
114.654433
114.654433
114.654433
114.654433
114.654433
114.654433
114.654433
114.654433
114.654433
114.654433
114.654433
114.654433
114.654433
114.654433
114.654433
114.654433
114.654433
114.654433
114.654433
114.654433
114.654433
114.654433
114.654433
114.654433
114.654433
114.654433
114.654433
114.654433
114.654433
114.654433
114.654433
114.654433
114.654433
114.654433
114.654433
114.654433
114.654433
114.654433
114.654433
114.654433
114.654433
114.654433
114.654433
114.654433
114.654433
114.654433
114.654433
114.654433
114.654433
114.654433
114.654433
114.654433
114.654433
114.654433
114.654433
114.654433
114.654433
114.654433
114.654433
114.654433
114.654433
114.654433
114.654433
114.654433
114.654433
114.654433
114.654433
114.654433
114.654433
114.654433
114.654433
114.654433
114.654433
114.654433
114.654433
114.654433
114.654433
114.654433
114.654433
114.654433
114.654433
114.654433
114.654433
114.654433
114.654433
114.654433
114.654433
114.654433
114.654433
114.654433
114.654433
114.654433
114.654433
114.654433
114.654433
114.654433
114.654433
114.654433
114.654433
114.654433
114.654433
114.654433
114.654433
114.654433
114.654433
114.654433
114.654433
114.654433
114.654433
114.654433
114.654433
114.654433
114.654433
114.654433
114.654433
114.654433
114.654433
114.654433
114.654433
114.654433
114.654433
114.654433
114.654433
114.654433
114.654433
114.654433
114.654433
114.654433
114.654433
114.654433
114.654433
114.654433
114.654433
114.654433
114.654433
114.654433
114.654433
114.654433
114.654433
114.654433
114.654433
114.654433
114.654433
114.654433
114.654433
114.654433
114.654433
114.654433
114.654433
114.654433
114.654433
114.654433
114.654433
114.654433
114.654433
114.654433
114.654433
114.654433
114.654433
114.654433
114.654433
114.654433
114.654433
114.654433
114.654433
114.654433
114.654433
114.654433
114.654433
114.654433
114.654433
114.654433
114.654433
114.654433
114.654433
114.654433
114.654433
114.654433
114.654433
114.654433
114.654433
114.654433
114.654433
114.654433
114.654433
114.654433
114.654433
114.654433
114.654433
114.654433
114.654433
114.654433
114.654433
114.654433
114.654433
114.654433
114.654433
114.654433
114.654433
114.654433
114.654433
114.654433
114.654433
114.654433
114.654433
114.654433
114.654433
114.654433
114.654433
114.654433
114.654433
114.654433
114.654433
114.654433
114.654433
114.654433
114.654433
114.654433
114.654433
114.654433
114.654433
114.654433
114.654433
114.654433
114.654433
114.654433
114.654433
114.654433
114.654433
114.654433
114.654433
114.654433
114.654433
114.654433
114.654433
114.654433
114.654433
114.654433
114.654433
114.654433
114.654433
114.654433
114.654433
114.654433
114.654433
114.654433
114.654433
114.654433
114.654433
114.654433
114.654433
114.654433
114.654433
114.654433
114.654433
114.654433
114.654433
114.654433
114.654433
114.654433
114.654433
114.654433
114.654433
114.654433
114.654433
114.654433
114.654433
114.654433
114.654433
114.654433
114.654433
114.654433
114.654433
114.654433
114.654433
114.654433
114.654433
114.654433
114.654433
114.654433
114.654433
114.654433
114.654433
114.654433
114.654433
114.654433
114.654433
114.654433
114.654433
114.654433
114.654433
114.654433
114.654433
114.654433
114.654433
114.654433
114.654433
114.654433
114.654433
114.654433
114.654433
114.654433
114.654433
114.654433
114.654433
114.654433
114.654433
114.654433
114.654433
114.654433
114.654433
114.654433
114.654433
114.654433
114.654433
114.654433
114.654433
114.654433
114.654433
114.654433
114.654433
114.654433
114.654433
114.654433
114.654433
114.654433
114.654433
114.654433
114.654433
114.654433
114.654433
114.654433
114.654433
114.654433
114.654433
114.654433
114.654433
114.654433
114.654433
114.654433
114.654433
114.654433
114.654433
114.654433
114.654433
114.654433
114.654433
114.654433
114.654433
114.654433
114.654433
114.654433
114.654433
114.654433
114.654433
114.654433
114.654433
114.654433
114.654433
114.654433
114.654433
114.654433
114.654433
114.654433
114.654433
114.654433
114.654433
114.654433
114.654433
114.654433
114.654433
114.654433
114.654433
114.654433
114.654433
114.654433
114.654433
114.654433
114.654433
114.654433
114.654433
114.654433
114.654433
114.654433
114.654433
114.654433
114.654433
114.654433
114.654433
114.654433
114.654433
114.654433
114.654433
114.654433
114.654433
114.654433
114.654433
114.654433
114.654433
114.654433
114.654433
114.654433
114.654433
114.654433
114.654433
114.654433
114.654433
114.654433
114.654433
114.654433
114.654433
114.654433
114.654433
114.654433
114.654433
114.654433
114.654433
114.654433
114.654433
114.654433
114.654433
114.654433
114.654433
114.654433
114.654433
114.654433
114.654433
114.654433
114.654433
114.654433
114.654433
114.654433
114.654433
114.654433
114.654433
114.654433
114.654433
114.654433
114.654433
114.654433
114.654433
114.654433
114.654433
114.654433
114.654433
114.654433
114.654433
114.654433
114.654433
114.654433
114.654433
114.654433
114.654433
114.654433
114.654433
114.654433
114.654433
114.654433
114.654433
114.654433
114.654433
114.654433
114.654433
114.654433
114.654433
114.654433
114.654433
114.654433
114.654433
114.654433
114.654433
114.654433
114.654433
114.654433
114.654433
114.654433
114.654433
114.654433
114.654433
114.654433
114.654433
114.654433
114.654433
114.654433
114.654433
114.654433
114.654433
114.654433
114.654433
114.654433
114.654433
114.654433
114.654433
114.654433
114.654433
114.654433
114.654433
114.654433
114.654433
114.654433
114.654433
114.654433
114.654433
114.654433
114.654433
114.654433
114.654433
114.654433
114.654433
114.654433
114.654433
114.654433
114.654433
114.654433
114.654433
114.654433
114.654433
114.654433
114.654433
114.654433
114.654433
114.654433
114.654433
114.654433
114.654433
114.654433
114.654433
114.654433
114.654433
114.654433
114.654433
114.654433
114.654433
114.654433
114.654433
114.654433
114.654433
114.654433
114.654433
114.654433
114.654433
114.654433
114.654433
114.654433
114.654433
114.654433
114.654433
114.654433
114.654433
114.654433
114.654433
114.654433
114.654433
114.654433
114.654433
114.654433
114.654433
114.654433
114.654433
114.654433
114.654433
114.654433
114.654433
114.654433
114.654433
114.654433
114.654433
114.654433
114.654433
114.654433
114.654433
114.654433
114.654433
114.654433
114.654433
114.654433
114.654433
114.654433
114.654433
114.654433
114.654433
114.654433
114.654433
114.654433
114.654433
114.654433
114.654433
114.654433
114.654433
114.654433
114.654433
114.654433
114.654433
114.654433
114.654433
114.654433
114.654433
114.654433
114.654433
114.654433
114.654433
114.654433
114.654433
114.654433
114.654433
114.654433
114.654433
114.654433
114.654433
114.654433
114.654433
114.654433
114.654433
114.654433
114.654433
114.654433
114.654433
114.654433
114.654433
114.654433
114.654433
114.654433
114.654433
114.654433
114.654433
114.654433
114.654433
114.654433
114.654433
114.654433
114.654433
114.654433
114.654433
114.654433
114.654433
114.654433
114.654433
114.654433
114.654433
114.654433
114.654433
114.654433
114.654433
114.654433
114.654433
114.654433
114.654433
114.654433
114.654433
114.654433
114.654433
114.654433
114.654433
114.654433
114.654433
114.654433
114.654433
114.654433
114.654433
114.654433
114.654433
114.654433
114.654433
114.654433
114.654433
114.654433
114.654433
114.654433
114.654433
114.654433
114.654433
114.654433
114.654433
114.654433
114.654433
114.654433
114.654433
114.654433
114.654433
114.654433
114.654433
114.654433
114.654433
114.654433
114.654433
114.654433
114.654433
114.654433
114.654433
114.654433
114.654433
114.654433
114.654433
114.654433
114.654433
114.654433
114.654433
114.654433
114.654433
114.654433
114.654433
114.654433
114.654433
114.654433
114.654433
114.654433
114.654433
114.654433
114.654433
114.654433
114.654433
114.654433
114.654433
114.654433
114.654433
114.654433
114.654433
114.654433
114.654433
114.654433
114.654433
114.654433
114.654433
114.654433
114.654433
114.654433
114.654433
114.654433
114.654433
114.654433
114.654433
114.654433
114.654433
114.654433
114.654433
114.654433
114.654433
114.654433
114.654433
114.654433
114.654433
114.654433
114.654433
114.654433
114.654433
114.654433
114.654433
114.654433
114.654433
114.654433
114.654433
114.654433
114.654433
114.654433
114.654433
114.654433
114.654433
114.654433
114.654433
114.654433
114.654433
114.654433
114.654433
114.654433
114.654433
114.654433
114.654433
114.654433
114.654433
114.654433
114.654433
114.654433
114.654433
114.654433
114.654433
114.654433
114.654433
114.654433
114.654433
114.654433
114.654433
114.654433
114.654433
114.654433
114.654433
114.654433
114.654433
114.654433
114.654433
114.654433
114.654433
114.654433
114.654433
114.654433
114.654433
114.654433
114.654433
114.654433
114.654433
114.654433
114.654433
114.654433
114.654433
114.654433
114.654433
114.654433
114.654433
114.654433
114.654433
114.654433
114.654433
114.654433
114.654433
114.654433
114.654433
114.654433
114.654433
114.654433
114.654433
114.654433
114.654433
114.654433
114.654433
114.654433
114.654433
114.654433
114.654433
114.654433
114.654433
114.654433
114.654433
114.654433
114.654433
114.654433
114.654433
114.654433
114.654433
114.654433
114.654433
114.654433
114.654433
114.654433
114.654433
114.654433
114.654433
114.654433
114.654433
114.654433
114.654433
114.654433
114.654433
114.654433
114.654433
114.654433
114.654433
114.654433
114.654433
114.654433
114.654433
114.654433
114.654433
114.654433
114.654433
114.654433
114.654433
114.654433
114.654433
114.654433
114.654433
114.654433
114.654433
114.654433
114.654433
114.654433
114.654433
114.654433
114.654433
114.654433
114.654433
114.654433
114.654433
114.654433
114.654433
114.654433
114.654433
114.654433
114.654433
114.654433
114.654433
114.654433
114.654433
114.654433
114.654433
114.654433
114.654433
114.654433
114.654433
114.654433
114.654433
114.654433
114.654433
114.654433
114.654433
114.654433
114.654433
114.654433
114.654433
114.654433
114.654433
114.654433
114.654433
114.654433
114.654433
114.654433
114.654433
114.654433
114.654433
114.654433
114.654433
114.654433
114.654433
114.654433
114.654433
114.654433
114.654433
114.654433
114.654433
114.654433
114.654433
114.654433
114.654433
114.654433
114.654433
114.654433
114.654433
114.654433
114.654433
114.654433
114.654433
114.654433
114.654433
114.654433
114.654433
114.654433
114.654433
114.654433
114.654433
114.654433
114.654433
114.654433
114.654433
114.654433
114.654433
114.654433
114.654433
114.654433
114.654433
114.654433
114.654433
114.654433
114.654433
114.654433
114.654433
114.654433
114.654433
114.654433
114.654433
114.654433
114.654433
114.654433
114.654433
114.654433
114.654433
114.654433
114.654433
114.654433
114.654433
114.654433
114.654433
114.654433
114.654433
114.654433
114.654433
114.654433
114.654433
114.654433
114.654433
114.654433
114.654433
114.654433
114.654433
114.654433
114.654433
114.654433
114.654433
114.654433
114.654433
114.654433
114.654433
114.654433
114.654433
114.654433
114.654433
114.654433
114.654433
114.654433
114.654433
114.654433
114.654433
114.654433
114.654433
114.654433
114.654433
114.654433
114.654433
114.654433
114.654433
114.654433
114.654433
114.654433
114.654433
114.654433
114.654433
114.654433
114.654433
114.654433
114.654433
114.654433
114.654433
114.654433
114.654433
114.654433
114.654433
114.654433
114.654433
114.654433
114.654433
114.654433
114.654433
114.654433
114.654433
114.654433
114.654433
114.654433
114.654433
114.654433
114.654433
114.654433
114.654433
114.654433
114.654433
114.654433
114.654433
114.654433
114.654433
114.654433
114.654433
114.654433
114.654433
114.654433
114.654433
114.654433
114.654433
114.654433
114.654433
114.654433
114.654433
114.654433
114.654433
114.654433
114.654433
114.654433
114.654433
114.654433
114.654433
114.654433
114.654433
114.654433
114.654433
114.654433
114.654433
114.654433
114.654433
114.654433
114.654433
114.654433
114.654433
114.654433
114.654433
114.654433
114.654433
114.654433
114.654433
114.654433
114.654433
114.654433
114.654433
114.654433
114.654433
114.654433
114.654433
114.654433
114.654433
114.654433
114.654433
114.654433
114.654433
114.654433
114.654433
114.654433
114.654433
114.654433
114.654433
114.654433
114.654433
114.654433
114.654433
114.654433
114.654433
114.654433
114.654433
114.654433
114.654433
114.654433
114.654433
114.654433
114.654433
114.654433
114.654433
114.654433
114.654433
114.654433
114.654433
114.654433
114.654433
114.654433
114.654433
114.654433
114.654433
114.654433
114.654433
114.654433
114.654433
114.654433
114.654433
114.654433
114.654433
114.654433
114.654433
114.654433
114.654433
114.654433
114.654433
114.654433
114.654433
114.654433
114.654433
114.654433
114.654433
114.654433
114.654433
114.654433
114.654433
114.654433
114.654433
114.654433
114.654433
114.654433
114.654433
114.654433
114.654433
114.654433
114.654433
114.654433
114.654433
114.654433
114.654433
114.654433
114.654433
114.654433
114.654433
114.654433
114.654433
114.654433
114.654433
114.654433
114.654433
114.654433
114.654433
114.654433
114.654433
114.654433
114.654433
114.654433
114.654433
114.654433
114.654433
114.654433
114.654433
114.654433
114.654433
114.654433
114.654433
114.654433
114.654433
114.654433
114.654433
114.654433
114.654433
114.654433
114.654433
114.654433
114.654433
114.654433
114.654433
114.654433
114.654433
114.654433
114.654433
114.654433
114.654433
114.654433
114.654433
114.654433
114.654433
114.654433
114.654433
114.654433
114.654433
114.654433
114.654433
114.654433
114.654433
114.654433
114.654433
114.654433
114.654433
114.654433
114.654433
114.654433
114.654433
114.654433
114.654433
114.654433
114.654433
114.654433
114.654433
114.654433
114.654433
114.654433
114.654433
114.654433
114.654433
114.654433
114.654433
114.654433
114.654433
114.654433
114.654433
114.654433
114.654433
114.654433
114.654433
114.654433
114.654433
114.654433
114.654433
114.654433
114.654433
114.654433
114.654433
114.654433
114.654433
114.654433
114.654433
114.654433
114.654433
114.654433
114.654433
114.654433
114.654433
114.654433
114.654433
114.654433
114.654433
114.654433
114.654433
114.654433
114.654433
114.654433
114.654433
114.654433
114.654433
114.654433
114.654433
114.654433
114.654433
114.654433
114.654433
114.654433
114.654433
114.654433
114.654433
114.654433
114.654433
114.654433
114.654433
114.654433
114.654433
114.654433
114.654433
114.654433
114.654433
114.654433
114.654433
114.654433
114.654433
114.654433
114.654433
114.654433
114.654433
114.654433
114.654433
114.654433
114.654433
114.654433
114.654433
114.654433
114.654433
114.654433
114.654433
114.654433
114.654433
114.654433
114.654433
114.654433
114.654433
114.654433
114.654433
114.654433
114.654433
114.654433
114.654433
114.654433
114.654433
114.654433
114.654433
114.654433
114.654433
114.654433
114.654433
114.654433
114.654433
114.654433
114.654433
114.654433
114.654433
114.654433
114.654433
114.654433
114.654433
114.654433
114.654433
114.654433
114.654433
114.654433
114.654433
114.654433
114.654433
114.654433
114.654433
114.654433
114.654433
114.654433
114.654433
114.654433
114.654433
114.654433
114.654433
114.654433
114.654433
114.654433
114.654433
114.654433
114.654433
114.654433
114.654433
114.654433
114.654433
114.654433
114.654433
114.654433
114.654433
114.654433
114.654433
114.654433
114.654433
114.654433
114.654433
114.654433
114.654433
114.654433
114.654433
114.654433
114.654433
114.654433
114.654433
114.654433
114.654433
114.654433
114.654433
114.654433
114.654433
114.654433
114.654433
114.654433
114.654433
114.654433
114.654433
114.654433
114.654433
114.654433
114.654433
114.654433
114.654433
114.654433
114.654433
114.654433
114.654433
114.654433
114.654433
114.654433
114.654433
114.654433
114.654433
114.654433
114.654433
114.654433
114.654433
114.654433
114.654433
114.654433
114.654433
114.654433
114.654433
114.654433
114.654433
114.654433
114.654433
114.654433
114.654433
114.654433
114.654433
114.654433
114.654433
114.654433
114.654433
114.654433
114.654433
114.654433
114.654433
114.654433
114.654433
114.654433
114.654433
114.654433
114.654433
114.654433
114.654433
114.654433
114.654433
114.654433
114.654433
114.654433
114.654433
114.654433
114.654433
114.654433
114.654433
114.654433
114.654433
114.654433
114.654433
114.654433
114.654433
114.654433
114.654433
114.654433
114.654433
114.654433
114.654433
114.654433
114.654433
114.654433
114.654433
114.654433
114.654433
114.654433
114.654433
114.654433
114.654433
114.654433
114.654433
114.654433
114.654433
114.654433
114.654433
114.654433
114.654433
114.654433
114.654433
114.654433
114.654433
114.654433
114.654433
114.654433
114.654433
114.654433
114.654433
114.654433
114.654433
114.654433
114.654433
114.654433
114.654433
114.654433
114.654433
114.654433
114.654433
114.654433
114.654433
114.654433
114.654433
114.654433
114.654433
114.654433
114.654433
114.654433
114.654433
114.654433
114.654433
114.654433
114.654433
114.654433
114.654433
114.654433
114.654433
114.654433
114.654433
114.654433
114.654433
114.654433
114.654433
114.654433
114.654433
114.654433
114.654433
114.654433
114.654433
114.654433
114.654433
114.654433
114.654433
114.654433
114.654433
114.654433
114.654433
114.654433
114.654433
114.654433
114.654433
114.654433
114.654433
114.654433
114.654433
114.654433
114.654433
114.654433
114.654433
114.654433
114.654433
114.654433
114.654433
114.654433
114.654433
114.654433
114.654433
114.654433
114.654433
114.654433
114.654433
114.654433
114.654433
114.654433
114.654433
114.654433
114.654433
114.654433
114.654433
114.654433
114.654433
114.654433
114.654433
114.654433
114.654433
114.654433
114.654433
114.654433
114.654433
114.654433
114.654433
114.654433
114.654433
114.654433
114.654433
114.654433
114.654433
114.654433
114.654433
114.654433
114.654433
114.654433
114.654433
114.654433
114.654433
114.654433
114.654433
114.654433
114.654433
114.654433
114.654433
114.654433
114.654433
114.654433
114.654433
114.654433
114.654433
114.654433
114.654433
114.654433
114.654433
114.654433
114.654433
114.654433
114.654433
114.654433
114.654433
114.654433
114.654433
114.654433
114.654433
114.654433
114.654433
114.654433
114.654433
114.654433
114.654433
114.654433
114.654433
114.654433
114.654433
114.654433
114.654433
114.654433
114.654433
114.654433
114.654433
114.654433
114.654433
114.654433
114.654433
114.654433
114.654433
114.654433
114.654433
114.654433
114.654433
114.654433
114.654433
114.654433
114.654433
114.654433
114.654433
114.654433
114.654433
114.654433
114.654433
114.654433
114.654433
114.654433
114.654433
114.654433
114.654433
114.654433
114.654433
114.654433
114.654433
114.654433
114.654433
114.654433
114.654433
114.654433
114.654433
114.654433
114.654433
114.654433
114.654433
114.654433
114.654433
114.654433
114.654433
114.654433
114.654433
114.654433
114.654433
114.654433
114.654433
114.654433
114.654433
114.654433
114.654433
114.654433
114.654433
114.654433
114.654433
114.654433
114.654433
114.654433
114.654433
114.654433
114.654433
114.654433
114.654433
114.654433
114.654433
114.654433
114.654433
114.654433
114.654433
114.654433
114.654433
114.654433
114.654433
114.654433
114.654433
114.654433
114.654433
114.654433
114.654433
114.654433
114.654433
114.654433
114.654433
114.654433
114.654433
114.654433
114.654433
114.654433
114.654433
114.654433
114.654433
114.654433
114.654433
114.654433
114.654433
114.654433
114.654433
114.654433
114.654433
114.654433
114.654433
114.654433
114.654433
114.654433
114.654433
114.654433
114.654433
114.654433
114.654433
114.654433
114.654433
114.654433
114.654433
114.654433
114.654433
114.654433
114.654433
114.654433
114.654433
114.654433
114.654433
114.654433
114.654433
114.654433
114.654433
114.654433
114.654433
114.654433
114.654433
114.654433
114.654433
114.654433
114.654433
114.654433
114.654433
114.654433
114.654433
114.654433
114.654433
114.654433
114.654433
114.654433
114.654433
114.654433
114.654433
114.654433
114.654433
114.654433
114.654433
114.654433
114.654433
114.654433
114.654433
114.654433
114.654433
114.654433
114.654433
114.654433
114.654433
114.654433
114.654433
114.654433
114.654433
114.654433
114.654433
114.654433
114.654433
114.654433
114.654433
114.654433
114.654433
114.654433
114.654433
114.654433
114.654433
114.654433
114.654433
114.654433
114.654433
114.654433
114.654433
114.654433
114.654433
114.654433
114.654433
114.654433
114.654433
114.654433
114.654433
114.654433
114.654433
114.654433
114.654433
114.654433
114.654433
114.654433
114.654433
114.654433
114.654433
114.654433
114.654433
114.654433
114.654433
114.654433
114.654433
114.654433
114.654433
114.654433
114.654433
114.654433
114.654433
114.654433
114.654433
114.654433
114.654433
114.654433
114.654433
114.654433
114.654433
114.654433
114.654433
114.654433
114.654433
114.654433
114.654433
114.654433
114.654433
114.654433
114.654433
114.654433
114.654433
114.654433
114.654433
114.654433
114.654433
114.654433
114.654433
114.654433
114.654433
114.654433
114.654433
114.654433
114.654433
114.654433
114.654433
114.654433
114.654433
114.654433
114.654433
114.654433
114.654433
114.654433
114.654433
114.654433
114.654433
114.654433
114.654433
114.654433
114.654433
114.654433
114.654433
114.654433
114.654433
114.654433
114.654433
114.654433
114.654433
114.654433
114.654433
114.654433
114.654433
114.654433
114.654433
114.654433
114.654433
114.654433
114.654433
114.654433
114.654433
114.654433
114.654433
114.654433
114.654433
114.654433
114.654433
114.654433
114.654433
114.654433
114.654433
114.654433
114.654433
114.654433
114.654433
114.654433
114.654433
114.654433
114.654433
114.654433
114.654433
114.654433
114.654433
114.654433
114.654433
114.654433
114.654433
114.654433
114.654433
114.654433
114.654433
114.654433
114.654433
114.654433
114.654433
114.654433
114.654433
114.654433
114.654433
114.654433
114.654433
114.654433
114.654433
114.654433
114.654433
114.654433
114.654433
114.654433
114.654433
114.654433
114.654433
114.654433
114.654433
114.654433
114.654433
114.654433
114.654433
114.654433
114.654433
114.654433
114.654433
114.654433
114.654433
114.654433
114.654433
114.654433
114.654433
114.654433
114.654433
114.654433
114.654433
114.654433
114.654433
114.654433
114.654433
114.654433
114.654433
114.654433
114.654433
114.654433
114.654433
114.654433
114.654433
114.654433
114.654433
114.654433
114.654433
114.654433
114.654433
114.654433
114.654433
114.654433
114.654433
114.654433
114.654433
114.654433
114.654433
114.654433
114.654433
114.654433
114.654433
114.654433
114.654433
114.654433
114.654433
114.654433
114.654433
114.654433
114.654433
114.654433
114.654433
114.654433
114.654433
114.654433
114.654433
114.654433
114.654433
114.654433
114.654433
114.654433
114.654433
114.654433
114.654433
114.654433
114.654433
114.654433
114.654433
114.654433
114.654433
114.654433
114.654433
114.654433
114.654433
114.654433
114.654433
114.654433
114.654433
114.654433
114.654433
114.654433
114.654433
114.654433
114.654433
114.654433
114.654433
114.654433
114.654433
114.654433
114.654433
114.654433
114.654433
114.654433
114.654433
114.654433
114.654433
114.654433
114.654433
114.654433
114.654433
114.654433
114.654433
114.654433
114.654433
114.654433
114.654433
114.654433
114.654433
114.654433
114.654433
114.654433
114.654433
114.654433
114.654433
114.654433
114.654433
114.654433
114.654433
114.654433
114.654433
114.654433
114.654433
114.654433
114.654433
114.654433
114.654433
114.654433
114.654433
114.654433
114.654433
114.654433
114.654433
114.654433
114.654433
114.654433
114.654433
114.654433
114.654433
114.654433
114.654433
114.654433
114.654433
114.654433
114.654433
114.654433
114.654433
114.654433
114.654433
114.654433
114.654433
114.654433
114.654433
114.654433
114.654433
114.654433
114.654433
114.654433
114.654433
114.654433
114.654433
114.654433
114.654433
114.654433
114.654433
114.654433
114.654433
114.654433
114.654433
114.654433
114.654433
114.654433
114.654433
114.654433
114.654433
114.654433
114.654433
114.654433
114.654433
114.654433
114.654433
114.654433
114.654433
114.654433
114.654433
114.654433
114.654433
114.654433
114.654433
114.654433
114.654433
114.654433
114.654433
114.654433
114.654433
114.654433
114.654433
114.654433
114.654433
114.654433
114.654433
114.654433
114.654433
114.654433
114.654433
114.654433
114.654433
114.654433
114.654433
114.654433
114.654433
114.654433
114.654433
114.654433
114.654433
114.654433
114.654433
114.654433
114.654433
114.654433
114.654433
114.654433
114.654433
114.654433
114.654433
114.654433
114.654433
114.654433
114.654433
114.654433
114.654433
114.654433
114.654433
114.654433
114.654433
114.654433
114.654433
114.654433
114.654433
114.654433
114.654433
114.654433
114.654433
114.654433
114.654433
114.654433
114.654433
114.654433
114.654433
114.654433
114.654433
114.654433
114.654433
114.654433
114.654433
114.654433
114.654433
114.654433
114.654433
114.654433
114.654433
114.654433
114.654433
114.654433
114.654433
114.654433
114.654433
114.654433
114.654433
114.654433
114.654433
114.654433
114.654433
114.654433
114.654433
114.654433
114.654433
114.654433
114.654433
114.654433
114.654433
114.654433
114.654433
114.654433
114.654433
114.654433
114.654433
114.654433
114.654433
114.654433
114.654433
114.654433
114.654433
114.654433
114.654433
114.654433
114.654433
114.654433
114.654433
114.654433
114.654433
114.654433
114.654433
114.654433
114.654433
114.654433
114.654433
114.654433
114.654433
114.654433
114.654433
114.654433
114.654433
114.654433
114.654433
114.654433
114.654433
114.654433
114.654433
114.654433
114.654433
114.654433
114.654433
114.654433
114.654433
114.654433
114.654433
114.654433
114.654433
114.654433
114.654433
114.654433
114.654433
114.654433
114.654433
114.654433
114.654433
114.654433
114.654433
114.654433
114.654433
114.654433
114.654433
114.654433
114.654433
114.654433
114.654433
114.654433
114.654433
114.654433
114.654433
114.654433
114.654433
114.654433
114.654433
114.654433
114.654433
114.654433
114.654433
114.654433
114.654433
114.654433
114.654433
114.654433
114.654433
114.654433
114.654433
114.654433
114.654433
114.654433
114.654433
114.654433
114.654433
114.654433
114.654433
114.654433
114.654433
114.654433
114.654433
114.654433
114.654433
114.654433
114.654433
114.654433
114.654433
114.654433
114.654433
114.654433
114.654433
114.654433
114.654433
114.654433
114.654433
114.654433
114.654433
114.654433
114.654433
114.654433
114.654433
114.654433
114.654433
114.654433
114.654433
114.654433
114.654433
114.654433
114.654433
114.654433
114.654433
114.654433
114.654433
114.654433
114.654433
114.654433
114.654433
114.654433
114.654433
114.654433
114.654433
114.654433
114.654433
114.654433
114.654433
114.654433
114.654433
114.654433
114.654433
114.654433
114.654433
114.654433
114.654433
114.654433
114.654433
114.654433
114.654433
114.654433
114.654433
114.654433
114.654433
114.654433
114.654433
114.654433
114.654433
114.654433
114.654433
114.654433
114.654433
114.654433
114.654433
114.654433
114.654433
114.654433
114.654433
114.654433
114.654433
114.654433
114.654433
114.654433
114.654433
114.654433
114.654433
114.654433
114.654433
114.654433
114.654433
114.654433
114.654433
114.654433
114.654433
114.654433
114.654433
114.654433
114.654433
114.654433
114.654433
114.654433
114.654433
114.654433
114.654433
114.654433
114.654433
114.654433
114.654433
114.654433
114.654433
114.654433
114.654433
114.654433
114.654433
114.654433
114.654433
114.654433
114.654433
114.654433
114.654433
114.654433
114.654433
114.654433
114.654433
114.654433
114.654433
114.654433
114.654433
114.654433
114.654433
114.654433
114.654433
114.654433
114.654433
114.654433
114.654433
114.654433
114.654433
114.654433
114.654433
114.654433
114.654433
114.654433
114.654433
114.654433
114.654433
114.654433
114.654433
114.654433
114.654433
114.654433
114.654433
114.654433
114.654433
114.654433
114.654433
114.654433
114.654433
114.654433
114.654433
114.654433
114.654433
114.654433
114.654433
114.654433
114.654433
114.654433
114.654433
114.654433
114.654433
114.654433
114.654433
114.654433
114.654433
114.654433
114.654433
114.654433
114.654433
114.654433
114.654433
114.654433
114.654433
114.654433
114.654433
114.654433
114.654433
114.654433
114.654433
114.654433
114.654433
114.654433
114.654433
114.654433
114.654433
114.654433
114.654433
114.654433
114.654433
114.654433
114.654433
114.654433
114.654433
114.654433
114.654433
114.654433
114.654433
114.654433
114.654433
114.654433
114.654433
114.654433
114.654433
114.654433
114.654433
114.654433
114.654433
114.654433
114.654433
114.654433
114.654433
114.654433
114.654433
114.654433
114.654433
114.654433
114.654433
114.654433
114.654433
114.654433
114.654433
114.654433
114.654433
114.654433
114.654433
114.654433
114.654433
114.654433
114.654433
114.654433
114.654433
114.654433
114.654433
114.654433
114.654433
114.654433
114.654433
114.654433
114.654433
114.654433
114.654433
114.654433
114.654433
114.654433
114.654433
114.654433
114.654433
114.654433
114.654433
114.654433
114.654433
114.654433
114.654433
114.654433
114.654433
114.654433
114.654433
114.654433
114.654433
114.654433
114.654433
114.654433
114.654433
114.654433
114.654433
114.654433
114.654433
114.654433
114.654433
114.654433
114.654433
114.654433
114.654433
114.654433
114.654433
114.654433
114.654433
114.654433
114.654433
114.654433
114.654433
114.654433
114.654433
114.654433
114.654433
114.654433
114.654433
114.654433
114.654433
114.654433
114.654433
114.654433
114.654433
114.654433
114.654433
114.654433
114.654433
114.654433
114.654433
114.654433
114.654433
114.654433
114.654433
114.654433
114.654433
114.654433
114.654433
114.654433
114.654433
114.654433
114.654433
114.654433
114.654433
114.654433
114.654433
114.654433
114.654433
114.654433
114.654433
114.654433
114.654433
114.654433
114.654433
114.654433
114.654433
114.654433
114.654433
114.654433
114.654433
114.654433
114.654433
114.654433
114.654433
114.654433
114.654433
114.654433
114.654433
114.654433
114.654433
114.654433
114.654433
114.654433
114.654433
114.654433
114.654433
114.654433
114.654433
114.654433
114.654433
114.654433
114.654433
114.654433
114.654433
114.654433
114.654433
114.654433
114.654433
114.654433
114.654433
114.654433
114.654433
114.654433
114.654433
114.654433
114.654433
114.654433
114.654433
114.654433
114.654433
114.654433
114.654433
114.654433
114.654433
114.654433
114.654433
114.654433
114.654433
114.654433
114.654433
114.654433
114.654433
114.654433
114.654433
114.654433
114.654433
114.654433
114.654433
114.654433
114.654433
114.654433
114.654433
114.654433
114.654433
114.654433
114.654433
114.654433
114.654433
114.654433
114.654433
114.654433
114.654433
114.654433
114.654433
114.654433
114.654433
114.654433
114.654433
114.654433
114.654433
114.654433
114.654433
114.654433
114.654433
114.654433
114.654433
114.654433
114.654433
114.654433
114.654433
114.654433
114.654433
114.654433
114.654433
114.654433
114.654433
114.654433
114.654433
114.654433
114.654433
114.654433
114.654433
114.654433
114.654433
114.654433
114.654433
114.654433
114.654433
114.654433
114.654433
114.654433
114.654433
114.654433
114.654433
114.654433
114.654433
114.654433
114.654433
114.654433
114.654433
114.654433
114.654433
114.654433
114.654433
114.654433
114.654433
114.654433
114.654433
114.654433
114.654433
114.654433
114.654433
114.654433
114.654433
114.654433
114.654433
114.654433
114.654433
114.654433
114.654433
114.654433
114.654433
114.654433
114.654433
114.654433
114.654433
114.654433
114.654433
114.654433
114.654433
114.654433
114.654433
114.654433
114.654433
114.654433
114.654433
114.654433
114.654433
114.654433
114.654433
114.654433
114.654433
114.654433
114.654433
114.654433
114.654433
114.654433
114.654433
114.654433
114.654433
114.654433
114.654433
114.654433
114.654433
114.654433
114.654433
114.654433
114.654433
114.654433
114.654433
114.654433
114.654433
114.654433
114.654433
114.654433
114.654433
114.654433
114.654433
114.654433
114.654433
114.654433
114.654433
114.654433
114.654433
114.654433
114.654433
114.654433
114.654433
114.654433
114.654433
114.654433
114.654433
114.654433
114.654433
114.654433
114.654433
114.654433
114.654433
114.654433
114.654433
114.654433
114.654433
114.654433
114.654433
114.654433
114.654433
114.654433
114.654433
114.654433
114.654433
114.654433
114.654433
114.654433
114.654433
114.654433
114.654433
114.654433
114.654433
114.654433
114.654433
114.654433
114.654433
114.654433
114.654433
114.654433
114.654433
114.654433
114.654433
114.654433
114.654433
114.654433
114.654433
114.654433
114.654433
114.654433
114.654433
114.654433
114.654433
114.654433
114.654433
114.654433
114.654433
114.654433
114.654433
114.654433
114.654433
114.654433
114.654433
114.654433
114.654433
114.654433
114.654433
114.654433
114.654433
114.654433
114.654433
114.654433
114.654433
114.654433
114.654433
114.654433
114.654433
114.654433
114.654433
114.654433
114.654433
114.654433
114.654433
114.654433
114.654433
114.654433
114.654433
114.654433
114.654433
114.654433
114.654433
114.654433
114.654433
114.654433
114.654433
114.654433
114.654433
114.654433
114.654433
114.654433
114.654433
114.654433
114.654433
114.654433
114.654433
114.654433
114.654433
114.654433
114.654433
114.654433
114.654433
114.654433
114.654433
114.654433
114.654433
114.654433
114.654433
114.654433
114.654433
114.654433
114.654433
114.654433
114.654433
114.654433
114.654433
114.654433
114.654433
114.654433
114.654433
114.654433
114.654433
114.654433
114.654433
114.654433
114.654433
114.654433
114.654433
114.654433
114.654433
114.654433
114.654433
114.654433
114.654433
114.654433
114.654433
114.654433
114.654433
114.654433
114.654433
114.654433
114.654433
114.654433
114.654433
114.654433
114.654433
114.654433
114.654433
114.654433
114.654433
114.654433
114.654433
114.654433
114.654433
114.654433
114.654433
114.654433
114.654433
114.654433
114.654433
114.654433
114.654433
114.654433
114.654433
114.654433
114.654433
114.654433
114.654433
114.654433
114.654433
114.654433
114.654433
114.654433
114.654433
114.654433
114.654433
114.654433
114.654433
114.654433
114.654433
114.654433
114.654433
114.654433
114.654433
114.654433
114.654433
114.654433
114.654433
114.654433
114.654433
114.654433
114.654433
114.654433
114.654433
114.654433
114.654433
114.654433
114.654433
114.654433
114.654433
114.654433
114.654433
114.654433
114.654433
114.654433
114.654433
114.654433
114.654433
114.654433
114.654433
114.654433
114.654433
114.654433
114.654433
114.654433
114.654433
114.654433
114.654433
114.654433
114.654433
114.654433
114.654433
114.654433
114.654433
114.654433
114.654433
114.654433
114.654433
114.654433
114.654433
114.654433
114.654433
114.654433
114.654433
114.654433
114.654433
114.654433
114.654433
114.654433
114.654433
114.654433
114.654433
114.654433
114.654433
114.654433
114.654433
114.654433
114.654433
114.654433
114.654433
114.654433
114.654433
114.654433
114.654433
114.654433
114.654433
114.654433
114.654433
114.654433
114.654433
114.654433
114.654433
114.654433
114.654433
114.654433
114.654433
114.654433
114.654433
114.654433
114.654433
114.654433
114.654433
114.654433
114.654433
114.654433
114.654433
114.654433
114.654433
114.654433
114.654433
114.654433
114.654433
114.654433
114.654433
114.654433
114.654433
114.654433
114.654433
114.654433
114.654433
114.654433
114.654433
114.654433
114.654433
114.654433
114.654433
114.654433
114.654433
114.654433
114.654433
114.654433
114.654433
114.654433
114.654433
114.654433
114.654433
114.654433
114.654433
114.654433
114.654433
114.654433
114.654433
114.654433
114.654433
114.654433
114.654433
114.654433
114.654433
114.654433
114.654433
114.654433
114.654433
114.654433
114.654433
114.654433
114.654433
114.654433
114.654433
114.654433
114.654433
114.654433
114.654433
114.654433
114.654433
114.654433
114.654433
114.654433
114.654433
114.654433
114.654433
114.654433
114.654433
114.654433
114.654433
114.654433
114.654433
114.654433
114.654433
114.654433
114.654433
114.654433
114.654433
114.654433
114.654433
114.654433
114.654433
114.654433
114.654433
114.654433
114.654433
114.654433
114.654433
114.654433
114.654433
114.654433
114.654433
114.654433
114.654433
114.654433
114.654433
114.654433
114.654433
114.654433
114.654433
114.654433
114.654433
114.654433
114.654433
114.654433
114.654433
114.654433
114.654433
114.654433
114.654433
114.654433
114.654433
114.654433
114.654433
114.654433
114.654433
114.654433
114.654433
114.654433
114.654433
114.654433
114.654433
114.654433
114.654433
114.654433
114.654433
114.654433
114.654433
114.654433
114.654433
114.654433
114.654433
114.654433
114.654433
114.654433
114.654433
114.654433
114.654433
114.654433
114.654433
114.654433
114.654433
114.654433
114.654433
114.654433
114.654433
114.654433
114.654433
114.654433
114.654433
114.654433
114.654433
114.654433
114.654433
114.654433
114.654433
114.654433
114.654433
114.654433
114.654433
114.654433
114.654433
114.654433
114.654433
114.654433
114.654433
114.654433
114.654433
114.654433
114.654433
114.654433
114.654433
114.654433
114.654433
114.654433
114.654433
114.654433
114.654433
114.654433
114.654433
114.654433
114.654433
114.654433
114.654433
114.654433
114.654433
114.654433
114.654433
114.654433
114.654433
114.654433
114.654433
114.654433
114.654433
114.654433
114.654433
114.654433
114.654433
114.654433
114.654433
114.654433
114.654433
114.654433
114.654433
114.654433
114.654433
114.654433
114.654433
114.654433
114.654433
114.654433
114.654433
114.654433
114.654433
114.654433
114.654433
114.654433
114.654433
114.654433
114.654433
114.654433
114.654433
114.654433
114.654433
114.654433
114.654433
114.654433
114.654433
114.654433
114.654433
114.654433
114.654433
114.654433
114.654433
114.654433
114.654433
114.654433
114.654433
114.654433
114.654433
114.654433
114.654433
114.654433
114.654433
114.654433
114.654433
114.654433
114.654433
114.654433
114.654433
114.654433
114.654433
114.654433
114.654433
114.654433
114.654433
114.654433
114.654433
114.654433
114.654433
114.654433
114.654433
114.654433
114.654433
114.654433
114.654433
114.654433
114.654433
114.654433
114.654433
114.654433
114.654433
114.654433
114.654433
114.654433
114.654433
114.654433
114.654433
114.654433
114.654433
114.654433
114.654433
114.654433
114.654433
114.654433
114.654433
114.654433
114.654433
114.654433
114.654433
114.654433
114.654433
114.654433
114.654433
114.654433
114.654433
114.654433
114.654433
114.654433
114.654433
114.654433
114.654433
114.654433
114.654433
114.654433
114.654433
114.654433
114.654433
114.654433
114.654433
114.654433
114.654433
114.654433
114.654433
114.654433
114.654433
114.654433
114.654433
114.654433
114.654433
114.654433
114.654433
114.654433
114.654433
114.654433
114.654433
114.654433
114.654433
114.654433
114.654433
114.654433
114.654433
114.654433
114.654433
114.654433
114.654433
114.654433
114.654433
114.654433
114.654433
114.654433
114.654433
114.654433
114.654433
114.654433
114.654433
114.654433
114.654433
114.654433
114.654433
114.654433
114.654433
114.654433
114.654433
114.654433
114.654433
114.654433
114.654433
114.654433
114.654433
114.654433
114.654433
114.654433
114.654433
114.654433
114.654433
114.654433
114.654433
114.654433
114.654433
114.654433
114.654433
114.654433
114.654433
114.654433
114.654433
114.654433
114.654433
114.654433
114.654433
114.654433
114.654433
114.654433
114.654433
114.654433
114.654433
114.654433
114.654433
114.654433
114.654433
114.654433
114.654433
114.654433
114.654433
114.654433
114.654433
114.654433
114.654433
114.654433
114.654433
114.654433
114.654433
114.654433
114.654433
114.654433
114.654433
114.654433
114.654433
114.654433
114.654433
114.654433
114.654433
114.654433
114.654433
114.654433
114.654433
114.654433
114.654433
114.654433
114.654433
114.654433
114.654433
114.654433
114.654433
114.654433
114.654433
114.654433
114.654433
114.654433
114.654433
114.654433
114.654433
114.654433
114.654433
114.654433
114.654433
114.654433
114.654433
114.654433
114.654433
114.654433
114.654433
114.654433
114.654433
114.654433
114.654433
114.654433
114.654433
114.654433
114.654433
114.654433
114.654433
114.654433
114.654433
114.654433
114.654433
114.654433
114.654433
114.654433
114.654433
114.654433
114.654433
114.654433
114.654433
114.654433
114.654433
114.654433
114.654433
114.654433
114.654433
114.654433
114.654433
114.654433
114.654433
114.654433
114.654433
114.654433
114.654433
114.654433
114.654433
114.654433
114.654433
114.654433
114.654433
114.654433
114.654433
114.654433
114.654433
114.654433
114.654433
114.654433
114.654433
114.654433
114.654433
114.654433
114.654433
114.654433
114.654433
114.654433
114.654433
114.654433
114.654433
114.654433
114.654433
114.654433
114.654433
114.654433
114.654433
114.654433
114.654433
114.654433
114.654433
114.654433
114.654433
114.654433
114.654433
114.654433
114.654433
114.654433
114.654433
114.654433
114.654433
114.654433
114.654433
114.654433
114.654433
114.654433
114.654433
114.654433
114.654433
114.654433
114.654433
114.654433
114.654433
114.654433
114.654433
114.654433
114.654433
114.654433
114.654433
114.654433
114.654433
114.654433
114.654433
114.654433
114.654433
114.654433
114.654433
114.654433
114.654433
114.654433
114.654433
114.654433
114.654433
114.654433
114.654433
114.654433
114.654433
114.654433
114.654433
114.654433
114.654433
114.654433
114.654433
114.654433
114.654433
114.654433
114.654433
114.654433
114.654433
114.654433
114.654433
114.654433
114.654433
114.654433
114.654433
114.654433
114.654433
114.654433
114.654433
114.654433
114.654433
114.654433
114.654433
114.654433
114.654433
114.654433
114.654433
114.654433
114.654433
114.654433
114.654433
114.654433
114.654433
114.654433
114.654433
114.654433
114.654433
114.654433
114.654433
114.654433
114.654433
114.654433
114.654433
114.654433
114.654433
114.654433
114.654433
114.654433
114.654433
114.654433
114.654433
114.654433
114.654433
114.654433
114.654433
114.654433
114.654433
114.654433
114.654433
114.654433
114.654433
114.654433
114.654433
114.654433
114.654433
114.654433
114.654433
114.654433
114.654433
114.654433
114.654433
114.654433
114.654433
114.654433
114.654433
114.654433
114.654433
114.654433
114.654433
114.654433
114.654433
114.654433
114.654433
114.654433
114.654433
114.654433
114.654433
114.654433
114.654433
114.654433
114.654433
114.654433
114.654433
114.654433
114.654433
114.654433
114.654433
114.654433
114.654433
114.654433
114.654433
114.654433
114.654433
114.654433
114.654433
114.654433
114.654433
114.654433
114.654433
114.654433
114.654433
114.654433
114.654433
114.654433
114.654433
114.654433
114.654433
114.654433
114.654433
114.654433
114.654433
114.654433
114.654433
114.654433
114.654433
114.654433
114.654433
114.654433
114.654433
114.654433
114.654433
114.654433
114.654433
114.654433
114.654433
114.654433
114.654433
114.654433
114.654433
114.654433
114.654433
114.654433
114.654433
114.654433
114.654433
114.654433
114.654433
114.654433
114.654433
114.654433
114.654433
114.654433
114.654433
114.654433
114.654433
114.654433
114.654433
114.654433
114.654433
114.654433
114.654433
114.654433
114.654433
114.654433
114.654433
114.654433
114.654433
114.654433
114.654433
114.654433
114.654433
114.654433
114.654433
114.654433
114.654433
114.654433
114.654433
114.654433
114.654433
114.654433
114.654433
114.654433
114.654433
114.654433
114.654433
114.654433
114.654433
114.654433
114.654433
114.654433
114.654433
114.654433
114.654433
114.654433
114.654433
114.654433
114.654433
114.654433
114.654433
114.654433
114.654433
114.654433
114.654433
114.654433
114.654433
114.654433
114.654433
114.654433
114.654433
114.654433
114.654433
114.654433
114.654433
114.654433
114.654433
114.654433
114.654433
114.654433
114.654433
114.654433
114.654433
114.654433
114.654433
114.654433
114.654433
114.654433
114.654433
114.654433
114.654433
114.654433
114.654433
114.654433
114.654433
114.654433
114.654433
114.654433
114.654433
114.654433
114.654433
114.654433
114.654433
114.654433
114.654433
114.654433
114.654433
114.654433
114.654433
114.654433
114.654433
114.654433
114.654433
114.654433
114.654433
114.654433
114.654433
114.654433
114.654433
114.654433
114.654433
114.654433
114.654433
114.654433
114.654433
114.654433
114.654433
114.654433
114.654433
114.654433
114.654433
114.654433
114.654433
114.654433
114.654433
114.654433
114.654433
114.654433
114.654433
114.654433
114.654433
114.654433
114.654433
114.654433
114.654433
114.654433
114.654433
114.654433
114.654433
114.654433
114.654433
114.654433
114.654433
114.654433
114.654433
114.654433
114.654433
114.654433
114.654433
114.654433
114.654433
114.654433
114.654433
114.654433
114.654433
114.654433
114.654433
114.654433
114.654433
114.654433
114.654433
114.654433
114.654433
114.654433
114.654433
114.654433
114.654433
114.654433
114.654433
114.654433
114.654433
114.654433
114.654433
114.654433
114.654433
114.654433
114.654433
114.654433
114.654433
114.654433
114.654433
114.654433
114.654433
114.654433
114.654433
114.654433
114.654433
114.654433
114.654433
114.654433
114.654433
114.654433
114.654433
114.654433
114.654433
114.654433
114.654433
114.654433
114.654433
114.654433
114.654433
114.654433
114.654433
114.654433
114.654433
114.654433
114.654433
114.654433
114.654433
114.654433
114.654433
114.654433
114.654433
114.654433
114.654433
114.654433
114.654433
114.654433
114.654433
114.654433
114.654433
114.654433
114.654433
114.654433
114.654433
114.654433
114.654433
114.654433
114.654433
114.654433
114.654433
114.654433
114.654433
114.654433
114.654433
114.654433
114.654433
114.654433
114.654433
114.654433
114.654433
114.654433
114.654433
114.654433
114.654433
114.654433
114.654433
114.654433
114.654433
114.654433
114.654433
114.654433
114.654433
114.654433
114.654433
114.654433
114.654433
114.654433
114.654433
114.654433
114.654433
114.654433
114.654433
114.654433
114.654433
114.654433
114.654433
114.654433
114.654433
114.654433
114.654433
114.654433
114.654433
114.654433
114.654433
114.654433
114.654433
114.654433
114.654433
114.654433
114.654433
114.654433
114.654433
114.654433
114.654433
114.654433
114.654433
114.654433
114.654433
114.654433
114.654433
114.654433
114.654433
114.654433
114.654433
114.654433
114.654433
114.654433
114.654433
114.654433
114.654433
114.654433
114.654433
114.654433
114.654433
114.654433
114.654433
114.654433
114.654433
114.654433
114.654433
114.654433
114.654433
114.654433
114.654433
114.654433
114.654433
114.654433
114.654433
114.654433
114.654433
114.654433
114.654433
114.654433
114.654433
114.654433
114.654433
114.654433
114.654433
114.654433
114.654433
114.654433
114.654433
114.654433
114.654433
114.654433
114.654433
114.654433
114.654433
114.654433
114.654433
114.654433
114.654433
114.654433
114.654433
114.654433
114.654433
114.654433
114.654433
114.654433
114.654433
114.654433
114.654433
114.654433
114.654433
114.654433
114.654433
114.654433
114.654433
114.654433
114.654433
114.654433
114.654433
114.654433
114.654433
114.654433
114.654433
114.654433
114.654433
114.654433
114.654433
114.654433
114.654433
114.654433
114.654433
114.654433
114.654433
114.654433
114.654433
114.654433
114.654433
114.654433
114.654433
114.654433
114.654433
114.654433
114.654433
114.654433
114.654433
114.654433
114.654433
114.654433
114.654433
114.654433
114.654433
114.654433
114.654433
114.654433
114.654433
114.654433
114.654433
114.654433
114.654433
114.654433
114.654433
114.654433
114.654433
114.654433
114.654433
114.654433
114.654433
114.654433
114.654433
114.654433
114.654433
114.654433
114.654433
114.654433
114.654433
114.654433
114.654433
114.654433
114.654433
114.654433
114.654433
114.654433
114.654433
114.654433
114.654433
114.654433
114.654433
114.654433
114.654433
114.654433
114.654433
114.654433
114.654433
114.654433
114.654433
114.654433
114.654433
114.654433
114.654433
114.654433
114.654433
114.654433
114.654433
114.654433
114.654433
114.654433
114.654433
114.654433
114.654433
114.654433
114.654433
114.654433
114.654433
114.654433
114.654433
114.654433
114.654433
114.654433
114.654433
114.654433
114.654433
114.654433
114.654433
114.654433
114.654433
114.654433
114.654433
114.654433
114.654433
114.654433
114.654433
114.654433
114.654433
114.654433
114.654433
114.654433
114.654433
114.654433
114.654433
114.654433
114.654433
114.654433
114.654433
114.654433
114.654433
114.654433
114.654433
114.654433
114.654433
114.654433
114.654433
114.654433
114.654433
114.654433
114.654433
114.654433
114.654433
114.654433
114.654433
114.654433
114.654433
114.654433
114.654433
114.654433
114.654433
114.654433
114.654433
114.654433
114.654433
114.654433
114.654433
114.654433
114.654433
114.654433
114.654433
114.654433
114.654433
114.654433
114.654433
114.654433
114.654433
114.654433
114.654433
114.654433
114.654433
114.654433
114.654433
114.654433
114.654433
114.654433
114.654433
114.654433
114.654433
114.654433
114.654433
114.654433
114.654433
114.654433
114.654433
114.654433
114.654433
114.654433
114.654433
114.654433
114.654433
114.654433
114.654433
114.654433
114.654433
114.654433
114.654433
114.654433
114.654433
114.654433
114.654433
114.654433
114.654433
114.654433
114.654433
114.654433
114.654433
114.654433
114.654433
114.654433
114.654433
114.654433
114.654433
114.654433
114.654433
114.654433
114.654433
114.654433
114.654433
114.654433
114.654433
114.654433
114.654433
114.654433
114.654433
114.654433
114.654433
114.654433
114.654433
114.654433
114.654433
114.654433
114.654433
114.654433
114.654433
114.654433
114.654433
114.654433
114.654433
114.654433
114.654433
114.654433
114.654433
114.654433
114.654433
114.654433
114.654433
114.654433
114.654433
114.654433
114.654433
114.654433
114.654433
114.654433
114.654433
114.654433
114.654433
114.654433
114.654433
114.654433
114.654433
114.654433
114.654433
114.654433
114.654433
114.654433
114.654433
114.654433
114.654433
114.654433
114.654433
114.654433
114.654433
114.654433
114.654433
114.654433
114.654433
114.654433
114.654433
114.654433
114.654433
114.654433
114.654433
114.654433
114.654433
114.654433
114.654433
114.654433
114.654433
114.654433
114.654433
114.654433
114.654433
114.654433
114.654433
114.654433
114.654433
114.654433
114.654433
114.654433
114.654433
114.654433
114.654433
114.654433
114.654433
114.654433
114.654433
114.654433
114.654433
114.654433
114.654433
114.654433
114.654433
114.654433
114.654433
114.654433
114.654433
114.654433
114.654433
114.654433
114.654433
114.654433
114.654433
114.654433
114.654433
114.654433
114.654433
114.654433
114.654433
114.654433
114.654433
114.654433
114.654433
114.654433
114.654433
114.654433
114.654433
114.654433
114.654433
114.654433
114.654433
114.654433
114.654433
114.654433
114.654433
114.654433
114.654433
114.654433
114.654433
114.654433
114.654433
114.654433
114.654433
114.654433
114.654433
114.654433
114.654433
114.654433
114.654433
114.654433
114.654433
114.654433
114.654433
114.654433
114.654433
114.654433
114.654433
114.654433
114.654433
114.654433
114.654433
114.654433
114.654433
114.654433
114.654433
114.654433
114.654433
114.654433
114.654433
114.654433
114.654433
114.654433
114.654433
114.654433
114.654433
114.654433
114.654433
114.654433
114.654433
114.654433
114.654433
114.654433
114.654433
114.654433
114.654433
114.654433
114.654433
114.654433
114.654433
114.654433
114.654433
114.654433
114.654433
114.654433
114.654433
114.654433
114.654433
114.654433
114.654433
114.654433
114.654433
114.654433
114.654433
114.654433
114.654433
114.654433
114.654433
114.654433
114.654433
114.654433
114.654433
114.654433
114.654433
114.654433
114.654433
114.654433
114.654433
114.654433
114.654433
114.654433
114.654433
114.654433
114.654433
114.654433
114.654433
114.654433
114.654433
114.654433
114.654433
114.654433
114.654433
114.654433
114.654433
114.654433
114.654433
114.654433
114.654433
114.654433
114.654433
114.654433
114.654433
114.654433
114.654433
114.654433
114.654433
114.654433
114.654433
114.654433
114.654433
114.654433
114.654433
114.654433
114.654433
114.654433
114.654433
114.654433
114.654433
114.654433
114.654433
114.654433
114.654433
114.654433
114.654433
114.654433
114.654433
114.654433
114.654433
114.654433
114.654433
114.654433
114.654433
114.654433
114.654433
114.654433
114.654433
114.654433
114.654433
114.654433
114.654433
114.654433
114.654433
114.654433
114.654433
114.654433
114.654433
114.654433
114.654433
114.654433
114.654433
114.654433
114.654433
114.654433
114.654433
114.654433
114.654433
114.654433
114.654433
114.654433
114.654433
114.654433
114.654433
114.654433
114.654433
114.654433
114.654433
114.654433
114.654433
114.654433
114.654433
114.654433
114.654433
114.654433
114.654433
114.654433
114.654433
114.654433
114.654433
114.654433
114.654433
114.654433
114.654433
114.654433
114.654433
114.654433
114.654433
114.654433
114.654433
114.654433
114.654433
114.654433
114.654433
114.654433
114.654433
114.654433
114.654433
114.654433
114.654433
114.654433
114.654433
114.654433
114.654433
114.654433
114.654433
114.654433
114.654433
114.654433
114.654433
114.654433
114.654433
114.654433
114.654433
114.654433
114.654433
114.654433
114.654433
114.654433
114.654433
114.654433
114.654433
114.654433
114.654433
114.654433
114.654433
114.654433
114.654433
114.654433
114.654433
114.654433
114.654433
114.654433
114.654433
114.654433
114.654433
114.654433
114.654433
114.654433
114.654433
114.654433
114.654433
114.654433
114.654433
114.654433
114.654433
114.654433
114.654433
114.654433
114.654433
114.654433
114.654433
114.654433
114.654433
114.654433
114.654433
114.654433
114.654433
114.654433
114.654433
114.654433
114.654433
114.654433
114.654433
114.654433
114.654433
114.654433
114.654433
114.654433
114.654433
114.654433
114.654433
114.654433
114.654433
114.654433
114.654433
114.654433
114.654433
114.654433
114.654433
114.654433
114.654433
114.654433
114.654433
114.654433
114.654433
114.654433
114.654433
114.654433
114.654433
114.654433
114.654433
114.654433
114.654433
114.654433
114.654433
114.654433
114.654433
114.654433
114.654433
114.654433
114.654433
114.654433
114.654433
114.654433
114.654433
114.654433
114.654433
114.654433
114.654433
114.654433
114.654433
114.654433
114.654433
114.654433
114.654433
114.654433
114.654433
114.654433
114.654433
114.654433
114.654433
114.654433
114.654433
114.654433
114.654433
114.654433
114.654433
114.654433
114.654433
114.654433
114.654433
114.654433
114.654433
114.654433
114.654433
114.654433
114.654433
114.654433
114.654433
114.654433
114.654433
114.654433
114.654433
114.654433
114.654433
114.654433
114.654433
114.654433
114.654433
114.654433
114.654433
114.654433
114.654433
114.654433
114.654433
114.654433
114.654433
114.654433
114.654433
114.654433
114.654433
114.654433
114.654433
114.654433
114.654433
114.654433
114.654433
114.654433
114.654433
114.654433
114.654433
114.654433
114.654433
114.654433
114.654433
114.654433
114.654433
114.654433
114.654433
114.654433
114.654433
114.654433
114.654433
114.654433
114.654433
114.654433
114.654433
114.654433
114.654433
114.654433
114.654433
114.654433
114.654433
114.654433
114.654433
114.654433
114.654433
114.654433
114.654433
114.654433
114.654433
114.654433
114.654433
114.654433
114.654433
114.654433
114.654433
114.654433
114.654433
114.654433
114.654433
114.654433
114.654433
114.654433
114.654433
114.654433
114.654433
114.654433
114.654433
114.654433
114.654433
114.654433
114.654433
114.654433
114.654433
114.654433
114.654433
114.654433
114.654433
114.654433
114.654433
114.654433
114.654433
114.654433
114.654433
114.654433
114.654433
114.654433
114.654433
114.654433
114.654433
114.654433
114.654433
114.654433
114.654433
114.654433
114.654433
114.654433
114.654433
114.654433
114.654433
114.654433
114.654433
114.654433
114.654433
114.654433
114.654433
114.654433
114.654433
114.654433
114.654433
114.654433
114.654433
114.654433
114.654433
114.654433
114.654433
114.654433
114.654433
114.654433
114.654433
114.654433
114.654433
114.654433
114.654433
114.654433
114.654433
114.654433
114.654433
114.654433
114.654433
114.654433
114.654433
114.654433
114.654433
114.654433
114.654433
114.654433
114.654433
114.654433
114.654433
114.654433
114.654433
114.654433
114.654433
114.654433
114.654433
114.654433
114.654433
114.654433
114.654433
114.654433
114.654433
114.654433
114.654433
114.654433
114.654433
114.654433
114.654433
114.654433
114.654433
114.654433
114.654433
114.654433
114.654433
114.654433
114.654433
114.654433
114.654433
114.654433
114.654433
114.654433
114.654433
114.654433
114.654433
114.654433
114.654433
114.654433
114.654433
114.654433
114.654433
114.654433
114.654433
114.654433
114.654433
114.654433
114.654433
114.654433
114.654433
114.654433
114.654433
114.654433
114.654433
114.654433
114.654433
114.654433
114.654433
114.654433
114.654433
114.654433
114.654433
114.654433
114.654433
114.654433
114.654433
114.654433
114.654433
114.654433
114.654433
114.654433
114.654433
114.654433
114.654433
114.654433
114.654433
114.654433
114.654433
114.654433
114.654433
114.654433
114.654433
114.654433
114.654433
114.654433
114.654433
114.654433
114.654433
114.654433
114.654433
114.654433
114.654433
114.654433
114.654433
114.654433
114.654433
114.654433
114.654433
114.654433
114.654433
114.654433
114.654433
114.654433
114.654433
114.654433
114.654433
114.654433
114.654433
114.654433
114.654433
114.654433
114.654433
114.654433
114.654433
114.654433
114.654433
114.654433
114.654433
114.654433
114.654433
114.654433
114.654433
114.654433
114.654433
114.654433
114.654433
114.654433
114.654433
114.654433
114.654433
114.654433
114.654433
114.654433
114.654433
114.654433
114.654433
114.654433
114.654433
114.654433
114.654433
114.654433
114.654433
114.654433
114.654433
114.654433
114.654433
114.654433
114.654433
114.654433
114.654433
114.654433
114.654433
114.654433
114.654433
114.654433
114.654433
114.654433
114.654433
114.654433
114.654433
114.654433
114.654433
114.654433
114.654433
114.654433
114.654433
114.654433
114.654433
114.654433
114.654433
114.654433
114.654433
114.654433
114.654433
114.654433
114.654433
114.654433
114.654433
114.654433
114.654433
114.654433
114.654433
114.654433
114.654433
114.654433
114.654433
114.654433
114.654433
114.654433
114.654433
114.654433
114.654433
114.654433
114.654433
114.654433
114.654433
114.654433
114.654433
114.654433
114.654433
114.654433
114.654433
114.654433
114.654433
114.654433
114.654433
114.654433
114.654433
114.654433
114.654433
114.654433
114.654433
114.654433
114.654433
114.654433
114.654433
114.654433
114.654433
114.654433
114.654433
114.654433
114.654433
114.654433
114.654433
114.654433
114.654433
114.654433
114.654433
114.654433
114.654433
114.654433
114.654433
114.654433
114.654433
114.654433
114.654433
114.654433
114.654433
114.654433
114.654433
114.654433
114.654433
114.654433
114.654433
114.654433
114.654433
114.654433
114.654433
114.654433
114.654433
114.654433
114.654433
114.654433
114.654433
114.654433
114.654433
114.654433
114.654433
114.654433
114.654433
114.654433
114.654433
114.654433
114.654433
114.654433
114.654433
114.654433
114.654433
114.654433
114.654433
114.654433
114.654433
114.654433
114.654433
114.654433
114.654433
114.654433
114.654433
114.654433
114.654433
114.654433
114.654433
114.654433
114.654433
114.654433
114.654433
114.654433
114.654433
114.654433
114.654433
114.654433
114.654433
114.654433
114.654433
114.654433
114.654433
114.654433
114.654433
114.654433
114.654433
114.654433
114.654433
114.654433
114.654433
114.654433
114.654433
114.654433
114.654433
114.654433
114.654433
114.654433
114.654433
114.654433
114.654433
114.654433
114.654433
114.654433
114.654433
114.654433
114.654433
114.654433
114.654433
114.654433
114.654433
114.654433
114.654433
114.654433
114.654433
114.654433
114.654433
114.654433
114.654433
114.654433
114.654433
114.654433
114.654433
114.654433
114.654433
114.654433
114.654433
114.654433
114.654433
114.654433
114.654433
114.654433
114.654433
114.654433
114.654433
114.654433
114.654433
114.654433
114.654433
114.654433
114.654433
114.654433
114.654433
114.654433
114.654433
114.654433
114.654433
114.654433
114.654433
114.654433
114.654433
114.654433
114.654433
114.654433
114.654433
114.654433
114.654433
114.654433
114.654433
114.654433
114.654433
114.654433
114.654433
114.654433
114.654433
114.654433
114.654433
114.654433
114.654433
114.654433
114.654433
114.654433
114.654433
114.654433
114.654433
114.654433
114.654433
114.654433
114.654433
114.654433
114.654433
114.654433
114.654433
114.654433
114.654433
114.654433
114.654433
114.654433
114.654433
114.654433
114.654433
114.654433
114.654433
114.654433
114.654433
114.654433
114.654433
114.654433
114.654433
114.654433
114.654433
114.654433
114.654433
114.654433
114.654433
114.654433
114.654433
114.654433
114.654433
114.654433
114.654433
114.654433
114.654433
114.654433
114.654433
114.654433
114.654433
114.654433
114.654433
114.654433
114.654433
114.654433
114.654433
114.654433
114.654433
114.654433
114.654433
114.654433
114.654433
114.654433
114.654433
114.654433
114.654433
114.654433
114.654433
114.654433
114.654433
114.654433
114.654433
114.654433
114.654433
114.654433
114.654433
114.654433
114.654433
114.654433
114.654433
114.654433
114.654433
114.654433
114.654433
114.654433
114.654433
114.654433
114.654433
114.654433
114.654433
114.654433
114.654433
114.654433
114.654433
114.654433
114.654433
114.654433
114.654433
114.654433
114.654433
114.654433
114.654433
114.654433
114.654433
114.654433
114.654433
114.654433
114.654433
114.654433
114.654433
114.654433
114.654433
114.654433
114.654433
114.654433
114.654433
114.654433
114.654433
114.654433
114.654433
114.654433
114.654433
114.654433
114.654433
114.654433
114.654433
114.654433
114.654433
114.654433
114.654433
114.654433
114.654433
114.654433
114.654433
114.654433
114.654433
114.654433
114.654433
114.654433
114.654433
114.654433
114.654433
114.654433
114.654433
114.654433
114.654433
114.654433
114.654433
114.654433
114.654433
114.654433
114.654433
114.654433
114.654433
114.654433
114.654433
114.654433
114.654433
114.654433
114.654433
114.654433
114.654433
114.654433
114.654433
114.654433
114.654433
114.654433
114.654433
114.654433
114.654433
114.654433
114.654433
114.654433
114.654433
114.654433
114.654433
114.654433
114.654433
114.654433
114.654433
114.654433
114.654433
114.654433
114.654433
114.654433
114.654433
114.654433
114.654433
114.654433
114.654433
114.654433
114.654433
114.654433
114.654433
114.654433
114.654433
114.654433
114.654433
114.654433
114.654433
114.654433
114.654433
114.654433
114.654433
114.654433
114.654433
114.654433
114.654433
114.654433
114.654433
114.654433
114.654433
114.654433
114.654433
114.654433
114.654433
114.654433
114.654433
114.654433
114.654433
114.654433
114.654433
114.654433
114.654433
114.654433
114.654433
114.654433
114.654433
114.654433
114.654433
114.654433
114.654433
114.654433
114.654433
114.654433
114.654433
114.654433
114.654433
114.654433
114.654433
114.654433
114.654433
114.654433
114.654433
114.654433
114.654433
114.654433
114.654433
114.654433
114.654433
114.654433
114.654433
114.654433
114.654433
114.654433
114.654433
114.654433
114.654433
114.654433
114.654433
114.654433
114.654433
114.654433
114.654433
114.654433
114.654433
114.654433
114.654433
114.654433
114.654433
114.654433
114.654433
114.654433
114.654433
114.654433
114.654433
114.654433
114.654433
114.654433
114.654433
114.654433
114.654433
114.654433
114.654433
114.654433
114.654433
114.654433
114.654433
114.654433
114.654433
114.654433
114.654433
114.654433
114.654433
114.654433
114.654433
114.654433
114.654433
114.654433
114.654433
114.654433
114.654433
114.654433
114.654433
114.654433
114.654433
114.654433
114.654433
114.654433
114.654433
114.654433
114.654433
114.654433
114.654433
114.654433
114.654433
114.654433
114.654433
114.654433
114.654433
114.654433
114.654433
114.654433
114.654433
114.654433
114.654433
114.654433
114.654433
114.654433
114.654433
114.654433
114.654433
114.654433
114.654433
114.654433
114.654433
114.654433
114.654433
114.654433
114.654433
114.654433
114.654433
114.654433
114.654433
114.654433
114.654433
114.654433
114.654433
114.654433
114.654433
114.654433
114.654433
114.654433
114.654433
114.654433
114.654433
114.654433
114.654433
114.654433
114.654433
114.654433
114.654433
114.654433
114.654433
114.654433
114.654433
114.654433
114.654433
114.654433
114.654433
114.654433
114.654433
114.654433
114.654433
114.654433
114.654433
114.654433
114.654433
114.654433
114.654433
114.654433
114.654433
114.654433
114.654433
114.654433
114.654433
114.654433
114.654433
114.654433
114.654433
114.654433
114.654433
114.654433
114.654433
114.654433
114.654433
114.654433
114.654433
114.654433
114.654433
114.654433
114.654433
114.654433
114.654433
114.654433
114.654433
114.654433
114.654433
114.654433
114.654433
114.654433
114.654433
114.654433
114.654433
114.654433
114.654433
114.654433
114.654433
114.654433
114.654433
114.654433
114.654433
114.654433
114.654433
114.654433
114.654433
114.654433
114.654433
114.654433
114.654433
114.654433
114.654433
114.654433
114.654433
114.654433
114.654433
114.654433
114.654433
114.654433
114.654433
114.654433
114.654433
114.654433
114.654433
114.654433
114.654433
114.654433
114.654433
114.654433
114.654433
114.654433
114.654433
114.654433
114.654433
114.654433
114.654433
114.654433
114.654433
114.654433
114.654433
114.654433
114.654433
114.654433
114.654433
114.654433
114.654433
114.654433
114.654433
114.654433
114.654433
114.654433
114.654433
114.654433
114.654433
114.654433
114.654433
114.654433
114.654433
114.654433
114.654433
114.654433
114.654433
114.654433
114.654433
114.654433
114.654433
114.654433
114.654433
114.654433
114.654433
114.654433
114.654433
114.654433
114.654433
114.654433
114.654433
114.654433
114.654433
114.654433
114.654433
114.654433
114.654433
114.654433
114.654433
114.654433
114.654433
114.654433
114.654433
114.654433
114.654433
114.654433
114.654433
114.654433
114.654433
114.654433
114.654433
114.654433
114.654433
114.654433
114.654433
114.654433
114.654433
114.654433
114.654433
114.654433
114.654433
114.654433
114.654433
114.654433
114.654433
114.654433
114.654433
114.654433
114.654433
114.654433
114.654433
114.654433
114.654433
114.654433
114.654433
114.654433
114.654433
114.654433
114.654433
114.654433
114.654433
114.654433
114.654433
114.654433
114.654433
114.654433
114.654433
114.654433
114.654433
114.654433
114.654433
114.654433
114.654433
114.654433
114.654433
114.654433
114.654433
114.654433
114.654433
114.654433
114.654433
114.654433
114.654433
114.654433
114.654433
114.654433
114.654433
114.654433
114.654433
114.654433
114.654433
114.654433
114.654433
114.654433
114.654433
114.654433
114.654433
114.654433
114.654433
114.654433
114.654433
114.654433
114.654433
114.654433
114.654433
114.654433
114.654433
114.654433
114.654433
114.654433
114.654433
114.654433
114.654433
114.654433
114.654433
114.654433
114.654433
114.654433
114.654433
114.654433
114.654433
114.654433
114.654433
114.654433
114.654433
114.654433
114.654433
114.654433
114.654433
114.654433
114.654433
114.654433
114.654433
114.654433
114.654433
114.654433
114.654433
114.654433
114.654433
114.654433
114.654433
114.654433
114.654433
114.654433
114.654433
114.654433
114.654433
114.654433
114.654433
114.654433
114.654433
114.654433
114.654433
114.654433
114.654433
114.654433
114.654433
114.654433
114.654433
114.654433
114.654433
114.654433
114.654433
114.654433
114.654433
114.654433
114.654433
114.654433
114.654433
114.654433
114.654433
114.654433
114.654433
114.654433
114.654433
114.654433
114.654433
114.654433
114.654433
114.654433
114.654433
114.654433
114.654433
114.654433
114.654433
114.654433
114.654433
114.654433
114.654433
114.654433
114.654433
114.654433
114.654433
114.654433
114.654433
114.654433
114.654433
114.654433
114.654433
114.654433
114.654433
114.654433
114.654433
114.654433
114.654433
114.654433
114.654433
114.654433
114.654433
114.654433
114.654433
114.654433
114.654433
114.654433
114.654433
114.654433
114.654433
114.654433
114.654433
114.654433
114.654433
114.654433
114.654433
114.654433
114.654433
114.654433
114.654433
114.654433
114.654433
114.654433
114.654433
114.654433
114.654433
114.654433
114.654433
114.654433
114.654433
114.654433
114.654433
114.654433
114.654433
114.654433
114.654433
114.654433
114.654433
114.654433
114.654433
114.654433
114.654433
114.654433
114.654433
114.654433
114.654433
114.654433
114.654433
114.654433
114.654433
114.654433
114.654433
114.654433
114.654433
114.654433
114.654433
114.654433
114.654433
114.654433
114.654433
114.654433
114.654433
114.654433
114.654433
114.654433
114.654433
114.654433
114.654433
114.654433
114.654433
114.654433
114.654433
114.654433
114.654433
114.654433
114.654433
114.654433
114.654433
114.654433
114.654433
114.654433
114.654433
114.654433
114.654433
114.654433
114.654433
114.654433
114.654433
114.654433
114.654433
114.654433
114.654433
114.654433
114.654433
114.654433
114.654433
114.654433
114.654433
114.654433
114.654433
114.654433
114.654433
114.654433
114.654433
114.654433
114.654433
114.654433
114.654433
114.654433
114.654433
114.654433
114.654433
114.654433
114.654433
114.654433
114.654433
114.654433
114.654433
114.654433
114.654433
114.654433
114.654433
114.654433
114.654433
114.654433
114.654433
114.654433
114.654433
114.654433
114.654433
114.654433
114.654433
114.654433
114.654433
114.654433
114.654433
114.654433
114.654433
114.654433
114.654433
114.654433
114.654433
114.654433
114.654433
114.654433
114.654433
114.654433
114.654433
114.654433
114.654433
114.654433
114.654433
114.654433
114.654433
114.654433
114.654433
114.654433
114.654433
114.654433
114.654433
114.654433
114.654433
114.654433
114.654433
114.654433
114.654433
114.654433
114.654433
114.654433
114.654433
114.654433
114.654433
114.654433
114.654433
114.654433
114.654433
114.654433
114.654433
114.654433
114.654433
114.654433
114.654433
114.654433
114.654433
114.654433
114.654433
114.654433
114.654433
114.654433
114.654433
114.654433
114.654433
114.654433
114.654433
114.654433
114.654433
114.654433
114.654433
114.654433
114.654433
114.654433
114.654433
114.654433
114.654433
114.654433
114.654433
114.654433
114.654433
114.654433
114.654433
114.654433
114.654433
114.654433
114.654433
114.654433
114.654433
114.654433
114.654433
114.654433
114.654433
114.654433
114.654433
114.654433
114.654433
114.654433
114.654433
114.654433
114.654433
114.654433
114.654433
114.654433
114.654433
114.654433
114.654433
114.654433
114.654433
114.654433
114.654433
114.654433
114.654433
114.654433
114.654433
114.654433
114.654433
114.654433
114.654433
114.654433
114.654433
114.654433
114.654433
114.654433
114.654433
114.654433
114.654433
114.654433
114.654433
114.654433
114.654433
114.654433
114.654433
114.654433
114.654433
114.654433
114.654433
114.654433
114.654433
114.654433
114.654433
114.654433
114.654433
114.654433
114.654433
114.654433
114.654433
114.654433
114.654433
114.654433
114.654433
114.654433
114.654433
114.654433
114.654433
114.654433
114.654433
114.654433
114.654433
114.654433
114.654433
114.654433
114.654433
114.654433
114.654433
114.654433
114.654433
114.654433
114.654433
114.654433
114.654433
114.654433
114.654433
114.654433
114.654433
114.654433
114.654433
114.654433
114.654433
114.654433
114.654433
114.654433
114.654433
114.654433
114.654433
114.654433
114.654433
114.654433
114.654433
114.654433
114.654433
114.654433
114.654433
114.654433
114.654433
114.654433
114.654433
114.654433
114.654433
114.654433
114.654433
114.654433
114.654433
114.654433
114.654433
114.654433
114.654433
114.654433
114.654433
114.654433
114.654433
114.654433
114.654433
114.654433
114.654433
114.654433
114.654433
114.654433
114.654433
114.654433
114.654433
114.654433
114.654433
114.654433
114.654433
114.654433
114.654433
114.654433
114.654433
114.654433
114.654433
114.654433
114.654433
114.654433
114.654433
114.654433
114.654433
114.654433
114.654433
114.654433
114.654433
114.654433
114.654433
114.654433
114.654433
114.654433
114.654433
114.654433
114.654433
114.654433
114.654433
114.654433
114.654433
114.654433
114.654433
114.654433
114.654433
114.654433
114.654433
114.654433
114.654433
114.654433
114.654433
114.654433
114.654433
114.654433
114.654433
114.654433
114.654433
114.654433
114.654433
114.654433
114.654433
114.654433
114.654433
114.654433
114.654433
114.654433
114.654433
114.654433
114.654433
114.654433
114.654433
114.654433
114.654433
114.654433
114.654433
114.654433
114.654433
114.654433
114.654433
114.654433
114.654433
114.654433
114.654433
114.654433
114.654433
114.654433
114.654433
114.654433
114.654433
114.654433
114.654433
114.654433
114.654433
114.654433
114.654433
114.654433
114.654433
114.654433
114.654433
114.654433
114.654433
114.654433
114.654433
114.654433
114.654433
114.654433
114.654433
114.654433
114.654433
114.654433
114.654433
114.654433
114.654433
114.654433
114.654433
114.654433
114.654433
114.654433
114.654433
114.654433
114.654433
114.654433
114.654433
114.654433
114.654433
114.654433
114.654433
114.654433
114.654433
114.654433
114.654433
114.654433
114.654433
114.654433
114.654433
114.654433
114.654433
114.654433
114.654433
114.654433
114.654433
114.654433
114.654433
114.654433
114.654433
114.654433
114.654433
114.654433
114.654433
114.654433
114.654433
114.654433
114.654433
114.654433
114.654433
114.654433
114.654433
114.654433
114.654433
114.654433
114.654433
114.654433
114.654433
114.654433
114.654433
114.654433
114.654433
114.654433
114.654433
114.654433
114.654433
114.654433
114.654433
114.654433
114.654433
114.654433
114.654433
114.654433
114.654433
114.654433
114.654433
114.654433
114.654433
114.654433
114.654433
114.654433
114.654433
114.654433
114.654433
114.654433
114.654433
114.654433
114.654433
114.654433
114.654433
114.654433
114.654433
114.654433
114.654433
114.654433
114.654433
114.654433
114.654433
114.654433
114.654433
114.654433
114.654433
114.654433
114.654433
114.654433
114.654433
114.654433
114.654433
114.654433
114.654433
114.654433
114.654433
114.654433
114.654433
114.654433
114.654433
114.654433
114.654433
114.654433
114.654433
114.654433
114.654433
114.654433
114.654433
114.654433
114.654433
114.654433
114.654433
114.654433
114.654433
114.654433
114.654433
114.654433
114.654433
114.654433
114.654433
114.654433
114.654433
114.654433
114.654433
114.654433
114.654433
114.654433
114.654433
114.654433
114.654433
114.654433
114.654433
114.654433
114.654433
114.654433
114.654433
114.654433
114.654433
114.654433
114.654433
114.654433
114.654433
114.654433
114.654433
114.654433
114.654433
114.654433
114.654433
114.654433
114.654433
114.654433
114.654433
114.654433
114.654433
114.654433
114.654433
114.654433
114.654433
114.654433
114.654433
114.654433
114.654433
114.654433
114.654433
114.654433
114.654433
114.654433
114.654433
114.654433
114.654433
114.654433
114.654433
114.654433
114.654433
114.654433
114.654433
114.654433
114.654433
114.654433
114.654433
114.654433
114.654433
114.654433
114.654433
114.654433
114.654433
114.654433
114.654433
114.654433
114.654433
114.654433
114.654433
114.654433
114.654433
114.654433
114.654433
114.654433
114.654433
114.654433
114.654433
114.654433
114.654433
114.654433
114.654433
114.654433
114.654433
114.654433
114.654433
114.654433
114.654433
114.654433
114.654433
114.654433
114.654433
114.654433
114.654433
114.654433
114.654433
114.654433
114.654433
114.654433
114.654433
114.654433
114.654433
114.654433
114.654433
114.654433
114.654433
114.654433
114.654433
114.654433
114.654433
114.654433
114.654433
114.654433
114.654433
114.654433
114.654433
114.654433
114.654433
114.654433
114.654433
114.654433
114.654433
114.654433
114.654433
114.654433
114.654433
114.654433
114.654433
114.654433
114.654433
114.654433
114.654433
114.654433
114.654433
114.654433
114.654433
114.654433
114.654433
114.654433
114.654433
114.654433
114.654433
114.654433
114.654433
114.654433
114.654433
114.654433
114.654433
114.654433
114.654433
114.654433
114.654433
114.654433
114.654433
114.654433
114.654433
114.654433
114.654433
114.654433
114.654433
114.654433
114.654433
114.654433
114.654433
114.654433
114.654433
114.654433
114.654433
114.654433
114.654433
114.654433
114.654433
114.654433
114.654433
114.654433
114.654433
114.654433
114.654433
114.654433
114.654433
114.654433
114.654433
114.654433
114.654433
114.654433
114.654433
114.654433
114.654433
114.654433
114.654433
114.654433
114.654433
114.654433
114.654433
114.654433
114.654433
114.654433
114.654433
114.654433
114.654433
114.654433
114.654433
114.654433
114.654433
114.654433
114.654433
114.654433
114.654433
114.654433
114.654433
114.654433
114.654433
114.654433
114.654433
114.654433
114.654433
114.654433
114.654433
114.654433
114.654433
114.654433
114.654433
114.654433
114.654433
114.654433
114.654433
114.654433
114.654433
114.654433
114.654433
114.654433
114.654433
114.654433
114.654433
114.654433
114.654433
114.654433
114.654433
114.654433
114.654433
114.654433
114.654433
114.654433
114.654433
114.654433
114.654433
114.654433
114.654433
114.654433
114.654433
114.654433
114.654433
114.654433
114.654433
114.654433
114.654433
114.654433
114.654433
114.654433
114.654433
114.654433
114.654433
114.654433
114.654433
114.654433
114.654433
114.654433
114.654433
114.654433
114.654433
114.654433
114.654433
114.654433
114.654433
114.654433
114.654433
114.654433
114.654433
114.654433
114.654433
114.654433
114.654433
114.654433
114.654433
114.654433
114.654433
114.654433
114.654433
114.654433
114.654433
114.654433
114.654433
114.654433
114.654433
114.654433
114.654433
114.654433
114.654433
114.654433
114.654433
114.654433
114.654433
114.654433
114.654433
114.654433
114.654433
114.654433
114.654433
114.654433
114.654433
114.654433
114.654433
114.654433
114.654433
114.654433
114.654433
114.654433
114.654433
114.654433
114.654433
114.654433
114.654433
114.654433
114.654433
114.654433
114.654433
114.654433
114.654433
114.654433
114.654433
114.654433
114.654433
114.654433
114.654433
114.654433
114.654433
114.654433
114.654433
114.654433
114.654433
114.654433
114.654433
114.654433
114.654433
114.654433
114.654433
114.654433
114.654433
114.654433
114.654433
114.654433
114.654433
114.654433
114.654433
114.654433
114.654433
114.654433
114.654433
114.654433
114.654433
114.654433
114.654433
114.654433
114.654433
114.654433
114.654433
114.654433
114.654433
114.654433
114.654433
114.654433
114.654433
114.654433
114.654433
114.654433
114.654433
114.654433
114.654433
114.654433
114.654433
114.654433
114.654433
114.654433
114.654433
114.654433
114.654433
114.654433
114.654433
114.654433
114.654433
114.654433
114.654433
114.654433
114.654433
114.654433
114.654433
114.654433
114.654433
114.654433
114.654433
114.654433
114.654433
114.654433
114.654433
114.654433
114.654433
114.654433
114.654433
114.654433
114.654433
114.654433
114.654433
114.654433
114.654433
114.654433
114.654433
114.654433
114.654433
114.654433
114.654433
114.654433
114.654433
114.654433
114.654433
114.654433
114.654433
114.654433
114.654433
114.654433
114.654433
114.654433
114.654433
114.654433
114.654433
114.654433
114.654433
114.654433
114.654433
114.654433
114.654433
114.654433
114.654433
114.654433
114.654433
114.654433
114.654433
114.654433
114.654433
114.654433
114.654433
114.654433
114.654433
114.654433
114.654433
114.654433
114.654433
114.654433
114.654433
114.654433
114.654433
114.654433
114.654433
114.654433
114.654433
114.654433
114.654433
114.654433
114.654433
114.654433
114.654433
114.654433
114.654433
114.654433
114.654433
114.654433
114.654433
114.654433
114.654433
114.654433
114.654433
114.654433
114.654433
114.654433
114.654433
114.654433
114.654433
114.654433
114.654433
114.654433
114.654433
114.654433
114.654433
114.654433
114.654433
114.654433
114.654433
114.654433
114.654433
114.654433
114.654433
114.654433
114.654433
114.654433
114.654433
114.654433
114.654433
114.654433
114.654433
114.654433
114.654433
114.654433
114.654433
114.654433
114.654433
114.654433
114.654433
114.654433
114.654433
114.654433
114.654433
114.654433
114.654433
114.654433
114.654433
114.654433
114.654433
114.654433
114.654433
114.654433
114.654433
114.654433
114.654433
114.654433
114.654433
114.654433
114.654433
114.654433
114.654433
114.654433
114.654433
114.654433
114.654433
114.654433
114.654433
114.654433
114.654433
114.654433
114.654433
114.654433
114.654433
114.654433
114.654433
114.654433
114.654433
114.654433
114.654433
114.654433
114.654433
114.654433
114.654433
114.654433
114.654433
114.654433
114.654433
114.654433
114.654433
114.654433
114.654433
114.654433
114.654433
114.654433
114.654433
114.654433
114.654433
114.654433
114.654433
114.654433
114.654433
114.654433
114.654433
114.654433
114.654433
114.654433
114.654433
114.654433
114.654433
114.654433
114.654433
114.654433
114.654433
114.654433
114.654433
114.654433
114.654433
114.654433
114.654433
114.654433
114.654433
114.654433
114.654433
114.654433
114.654433
114.654433
114.654433
114.654433
114.654433
114.654433
114.654433
114.654433
114.654433
114.654433
114.654433
114.654433
114.654433
114.654433
114.654433
114.654433
114.654433
114.654433
114.654433
114.654433
114.654433
114.654433
114.654433
114.654433
114.654433
114.654433
114.654433
114.654433
114.654433
114.654433
114.654433
114.654433
114.654433
114.654433
114.654433
114.654433
114.654433
114.654433
114.654433
114.654433
114.654433
114.654433
114.654433
114.654433
114.654433
114.654433
114.654433
114.654433
114.654433
114.654433
114.654433
114.654433
114.654433
114.654433
114.654433
114.654433
114.654433
114.654433
114.654433
114.654433
114.654433
114.654433
114.654433
114.654433
114.654433
114.654433
114.654433
114.654433
114.654433
114.654433
114.654433
114.654433
114.654433
114.654433
114.654433
114.654433
114.654433
114.654433
114.654433
114.654433
114.654433
114.654433
114.654433
114.654433
114.654433
114.654433
114.654433
114.654433
114.654433
114.654433
114.654433
114.654433
114.654433
114.654433
114.654433
114.654433
114.654433
114.654433
114.654433
114.654433
114.654433
114.654433
114.654433
114.654433
114.654433
114.654433
114.654433
114.654433
114.654433
114.654433
114.654433
114.654433
114.654433
114.654433
114.654433
114.654433
114.654433
114.654433
114.654433
114.654433
114.654433
114.654433
114.654433
114.654433
114.654433
114.654433
114.654433
114.654433
114.654433
114.654433
114.654433
114.654433
114.654433
114.654433
114.654433
114.654433
114.654433
114.654433
114.654433
114.654433
114.654433
114.654433
114.654433
114.654433
114.654433
114.654433
114.654433
114.654433
114.654433
114.654433
114.654433
114.654433
114.654433
114.654433
114.654433
114.654433
114.654433
114.654433
114.654433
114.654433
114.654433
114.654433
114.654433
114.654433
114.654433
114.654433
114.654433
114.654433
114.654433
114.654433
114.654433
114.654433
114.654433
114.654433
114.654433
114.654433
114.654433
114.654433
114.654433
114.654433
114.654433
114.654433
114.654433
114.654433
114.654433
114.654433
114.654433
114.654433
114.654433
114.654433
114.654433
114.654433
114.654433
114.654433
114.654433
114.654433
114.654433
114.654433
114.654433
114.654433
114.654433
114.654433
114.654433
114.654433
114.654433
114.654433
114.654433
114.654433
114.654433
114.654433
114.654433
114.654433
114.654433
114.654433
114.654433
114.654433
114.654433
114.654433
114.654433
114.654433
114.654433
114.654433
114.654433
114.654433
114.654433
114.654433
114.654433
114.654433
114.654433
114.654433
114.654433
114.654433
114.654433
114.654433
114.654433
114.654433
114.654433
114.654433
114.654433
114.654433
114.654433
114.654433
114.654433
114.654433
114.654433
114.654433
114.654433
114.654433
114.654433
114.654433
114.654433
114.654433
114.654433
114.654433
114.654433
114.654433
114.654433
114.654433
114.654433
114.654433
114.654433
114.654433
114.654433
114.654433
114.654433
114.654433
114.654433
114.654433
114.654433
114.654433
114.654433
114.654433
114.654433
114.654433
114.654433
114.654433
114.654433
114.654433
114.654433
114.654433
114.654433
114.654433
114.654433
114.654433
114.654433
114.654433
114.654433
114.654433
114.654433
114.654433
114.654433
114.654433
114.654433
114.654433
114.654433
114.654433
114.654433
114.654433
114.654433
114.654433
114.654433
114.654433
114.654433
114.654433
114.654433
114.654433
114.654433
114.654433
114.654433
114.654433
114.654433
114.654433
114.654433
114.654433
114.654433
114.654433
114.654433
114.654433
114.654433
114.654433
114.654433
114.654433
114.654433
114.654433
114.654433
114.654433
114.654433
114.654433
114.654433
114.654433
114.654433
114.654433
114.654433
114.654433
114.654433
114.654433
114.654433
114.654433
114.654433
114.654433
114.654433
114.654433
114.654433
114.654433
114.654433
114.654433
114.654433
114.654433
114.654433
114.654433
114.654433
114.654433
114.654433
114.654433
114.654433
114.654433
114.654433
114.654433
114.654433
114.654433
114.654433
114.654433
114.654433
114.654433
114.654433
114.654433
114.654433
114.654433
114.654433
114.654433
114.654433
114.654433
114.654433
114.654433
114.654433
114.654433
114.654433
114.654433
114.654433
114.654433
114.654433
114.654433
114.654433
114.654433
114.654433
114.654433
114.654433
114.654433
114.654433
114.654433
114.654433
114.654433
114.654433
114.654433
114.654433
114.654433
114.654433
114.654433
114.654433
114.654433
114.654433
114.654433
114.654433
114.654433
114.654433
114.654433
114.654433
114.654433
114.654433
114.654433
114.654433
114.654433
114.654433
114.654433
114.654433
114.654433
114.654433
114.654433
114.654433
114.654433
114.654433
114.654433
114.654433
114.654433
114.654433
114.654433
114.654433
114.654433
114.654433
114.654433
114.654433
114.654433
114.654433
114.654433
114.654433
114.654433
114.654433
114.654433
114.654433
114.654433
114.654433
114.654433
114.654433
114.654433
114.654433
114.654433
114.654433
114.654433
114.654433
114.654433
114.654433
114.654433
114.654433
114.654433
114.654433
114.654433
114.654433
114.654433
114.654433
114.654433
114.654433
114.654433
114.654433
114.654433
114.654433
114.654433
114.654433
114.654433
114.654433
114.654433
114.654433
114.654433
114.654433
114.654433
114.654433
114.654433
114.654433
114.654433
114.654433
114.654433
114.654433
114.654433
114.654433
114.654433
114.654433
114.654433
114.654433
114.654433
114.654433
114.654433
114.654433
114.654433
114.654433
114.654433
114.654433
114.654433
114.654433
114.654433
114.654433
114.654433
114.654433
114.654433
114.654433
114.654433
114.654433
114.654433
114.654433
114.654433
114.654433
114.654433
114.654433
114.654433
114.654433
114.654433
114.654433
114.654433
114.654433
114.654433
114.654433
114.654433
114.654433
114.654433
114.654433
114.654433
114.654433
114.654433
114.654433
114.654433
114.654433
114.654433
114.654433
114.654433
114.654433
114.654433
114.654433
114.654433
114.654433
114.654433
114.654433
114.654433
114.654433
114.654433
114.654433
114.654433
114.654433
114.654433
114.654433
114.654433
114.654433
114.654433
114.654433
114.654433
114.654433
114.654433
114.654433
114.654433
114.654433
114.654433
114.654433
114.654433
114.654433
114.654433
114.654433
114.654433
114.654433
114.654433
114.654433
114.654433
114.654433
114.654433
114.654433
114.654433
114.654433
114.654433
114.654433
114.654433
114.654433
114.654433
114.654433
114.654433
114.654433
114.654433
114.654433
114.654433
114.654433
114.654433
114.654433
114.654433
114.654433
114.654433
114.654433
114.654433
114.654433
114.654433
114.654433
114.654433
114.654433
114.654433
114.654433
114.654433
114.654433
114.654433
114.654433
114.654433
114.654433
114.654433
114.654433
114.654433
114.654433
114.654433
114.654433
114.654433
114.654433
114.654433
114.654433
114.654433
114.654433
114.654433
114.654433
114.654433
114.654433
114.654433
114.654433
114.654433
114.654433
114.654433
114.654433
114.654433
114.654433
114.654433
114.654433
114.654433
114.654433
114.654433
114.654433
114.654433
114.654433
114.654433
114.654433
114.654433
114.654433
114.654433
114.654433
114.654433
114.654433
114.654433
114.654433
114.654433
114.654433
114.654433
114.654433
114.654433
114.654433
114.654433
114.654433
114.654433
114.654433
114.654433
114.654433
114.654433
114.654433
114.654433
114.654433
114.654433
114.654433
114.654433
114.654433
114.654433
114.654433
114.654433
114.654433
114.654433
114.654433
114.654433
114.654433
114.654433
114.654433
114.654433
114.654433
114.654433
114.654433
114.654433
114.654433
114.654433
114.654433
114.654433
114.654433
114.654433
114.654433
114.654433
114.654433
114.654433
114.654433
114.654433
114.654433
114.654433
114.654433
114.654433
114.654433
114.654433
114.654433
114.654433
114.654433
114.654433
114.654433
114.654433
114.654433
114.654433
114.654433
114.654433
114.654433
114.654433
114.654433
114.654433
114.654433
114.654433
114.654433
114.654433
114.654433
114.654433
114.654433
114.654433
114.654433
114.654433
114.654433
114.654433
114.654433
114.654433
114.654433
114.654433
114.654433
114.654433
114.654433
114.654433
114.654433
114.654433
114.654433
114.654433
114.654433
114.654433
114.654433
114.654433
114.654433
114.654433
114.654433
114.654433
114.654433
114.654433
114.654433
114.654433
114.654433
114.654433
114.654433
114.654433
114.654433
114.654433
114.654433
114.654433
114.654433
114.654433
114.654433
114.654433
114.654433
114.654433
114.654433
114.654433
114.654433
114.654433
114.654433
114.654433
114.654433
114.654433
114.654433
114.654433
114.654433
114.654433
114.654433
114.654433
114.654433
114.654433
114.654433
114.654433
114.654433
114.654433
114.654433
114.654433
114.654433
114.654433
114.654433
114.654433
114.654433
114.654433
114.654433
114.654433
114.654433
114.654433
114.654433
114.654433
114.654433
114.654433
114.654433
114.654433
114.654433
114.654433
114.654433
114.654433
114.654433
114.654433
114.654433
114.654433
114.654433
114.654433
114.654433
114.654433
114.654433
114.654433
114.654433
114.654433
114.654433
114.654433
114.654433
114.654433
114.654433
114.654433
114.654433
114.654433
114.654433
114.654433
114.654433
114.654433
114.654433
114.654433
114.654433
114.654433
114.654433
114.654433
114.654433
114.654433
114.654433
114.654433
114.654433
114.654433
114.654433
114.654433
114.654433
114.654433
114.654433
114.654433
114.654433
114.654433
114.654433
114.654433
114.654433
114.654433
114.654433
114.654433
114.654433
114.654433
114.654433
114.654433
114.654433
114.654433
114.654433
114.654433
114.654433
114.654433
114.654433
114.654433
114.654433
114.654433
114.654433
114.654433
114.654433
114.654433
114.654433
114.654433
114.654433
114.654433
114.654433
114.654433
114.654433
114.654433
114.654433
114.654433
114.654433
114.654433
114.654433
114.654433
114.654433
114.654433
114.654433
114.654433
114.654433
114.654433
114.654433
114.654433
114.654433
114.654433
114.654433
114.654433
114.654433
114.654433
114.654433
114.654433
114.654433
114.654433
114.654433
114.654433
114.654433
114.654433
114.654433
114.654433
114.654433
114.654433
114.654433
114.654433
114.654433
114.654433
114.654433
114.654433
114.654433
114.654433
114.654433
114.654433
114.654433
114.654433
114.654433
114.654433
114.654433
114.654433
114.654433
114.654433
114.654433
114.654433
114.654433
114.654433
114.654433
114.654433
114.654433
114.654433
114.654433
114.654433
114.654433
114.654433
114.654433
114.654433
114.654433
114.654433
114.654433
114.654433
114.654433
114.654433
114.654433
114.654433
114.654433
114.654433
114.654433
114.654433
114.654433
114.654433
114.654433
114.654433
114.654433
114.654433
114.654433
114.654433
114.654433
114.654433
114.654433
114.654433
114.654433
114.654433
114.654433
114.654433
114.654433
114.654433
114.654433
114.654433
114.654433
114.654433
114.654433
114.654433
114.654433
114.654433
114.654433
114.654433
114.654433
114.654433
114.654433
114.654433
114.654433
114.654433
114.654433
114.654433
114.654433
114.654433
114.654433
114.654433
114.654433
114.654433
114.654433
114.654433
114.654433
114.654433
114.654433
114.654433
114.654433
114.654433
114.654433
114.654433
114.654433
114.654433
114.654433
114.654433
114.654433
114.654433
114.654433
114.654433
114.654433
114.654433
114.654433
114.654433
114.654433
114.654433
114.654433
114.654433
114.654433
114.654433
114.654433
114.654433
114.654433
114.654433
114.654433
114.654433
114.654433
114.654433
114.654433
114.654433
114.654433
114.654433
114.654433
114.654433
114.654433
114.654433
114.654433
114.654433
114.654433
114.654433
114.654433
114.654433
114.654433
114.654433
114.654433
114.654433
114.654433
114.654433
114.654433
114.654433
114.654433
114.654433
114.654433
114.654433
114.654433
114.654433
114.654433
114.654433
114.654433
114.654433
114.654433
114.654433
114.654433
114.654433
114.654433
114.654433
114.654433
114.654433
114.654433
114.654433
114.654433
114.654433
114.654433
114.654433
114.654433
114.654433
114.654433
114.654433
114.654433
114.654433
114.654433
114.654433
114.654433
114.654433
114.654433
114.654433
114.654433
114.654433
114.654433
114.654433
114.654433
114.654433
114.654433
114.654433
114.654433
114.654433
114.654433
114.654433
114.654433
114.654433
114.654433
114.654433
114.654433
114.654433
114.654433
114.654433
114.654433
114.654433
114.654433
114.654433
114.654433
114.654433
114.654433
114.654433
114.654433
114.654433
114.654433
114.654433
114.654433
114.654433
114.654433
114.654433
114.654433
114.654433
114.654433
114.654433
114.654433
114.654433
114.654433
114.654433
114.654433
114.654433
114.654433
114.654433
114.654433
114.654433
114.654433
114.654433
114.654433
114.654433
114.654433
114.654433
114.654433
114.654433
114.654433
114.654433
114.654433
114.654433
114.654433
114.654433
114.654433
114.654433
114.654433
114.654433
114.654433
114.654433
114.654433
114.654433
114.654433
114.654433
114.654433
114.654433
114.654433
114.654433
114.654433
114.654433
114.654433
114.654433
114.654433
114.654433
114.654433
114.654433
114.654433
114.654433
114.654433
114.654433
114.654433
114.654433
114.654433
114.654433
114.654433
114.654433
114.654433
114.654433
114.654433
114.654433
114.654433
114.654433
114.654433
114.654433
114.654433
114.654433
114.654433
114.654433
114.654433
114.654433
114.654433
114.654433
114.654433
114.654433
114.654433
114.654433
114.654433
114.654433
114.654433
114.654433
114.654433
114.654433
114.654433
114.654433
114.654433
114.654433
114.654433
114.654433
114.654433
114.654433
114.654433
114.654433
114.654433
114.654433
114.654433
114.654433
114.654433
114.654433
114.654433
114.654433
114.654433
114.654433
114.654433
114.654433
114.654433
114.654433
114.654433
114.654433
114.654433
114.654433
114.654433
114.654433
114.654433
114.654433
114.654433
114.654433
114.654433
114.654433
114.654433
114.654433
114.654433
114.654433
114.654433
114.654433
114.654433
114.654433
114.654433
114.654433
114.654433
114.654433
114.654433
114.654433
114.654433
114.654433
114.654433
114.654433
114.654433
114.654433
114.654433
114.654433
114.654433
114.654433
114.654433
114.654433
114.654433
114.654433
114.654433
114.654433
114.654433
114.654433
114.654433
114.654433
114.654433
114.654433
114.654433
114.654433
114.654433
114.654433
114.654433
114.654433
114.654433
114.654433
114.654433
114.654433
114.654433
114.654433
114.654433
114.654433
114.654433
114.654433
114.654433
114.654433
114.654433
114.654433
114.654433
114.654433
114.654433
114.654433
114.654433
114.654433
114.654433
114.654433
114.654433
114.654433
114.654433
114.654433
114.654433
114.654433
114.654433
114.654433
114.654433
114.654433
114.654433
114.654433
114.654433
114.654433
114.654433
114.654433
114.654433
114.654433
114.654433
114.654433
114.654433
114.654433
114.654433
114.654433
114.654433
114.654433
114.654433
114.654433
114.654433
114.654433
114.654433
114.654433
114.654433
114.654433
114.654433
114.654433
114.654433
114.654433
114.654433
114.654433
114.654433
114.654433
114.654433
114.654433
114.654433
114.654433
114.654433
114.654433
114.654433
114.654433
114.654433
114.654433
114.654433
114.654433
114.654433
114.654433
114.654433
114.654433
114.654433
114.654433
114.654433
114.654433
114.654433
114.654433
114.654433
114.654433
114.654433
114.654433
114.654433
114.654433
114.654433
114.654433
114.654433
114.654433
114.654433
114.654433
114.654433
114.654433
114.654433
114.654433
114.654433
114.654433
114.654433
114.654433
114.654433
114.654433
114.654433
114.654433
114.654433
114.654433
114.654433
114.654433
114.654433
114.654433
114.654433
114.654433
114.654433
114.654433
114.654433
114.654433
114.654433
114.654433
114.654433
114.654433
114.654433
114.654433
114.654433
114.654433
114.654433
114.654433
114.654433
114.654433
114.654433
114.654433
114.654433
114.654433
114.654433
114.654433
114.654433
114.654433
114.654433
114.654433
114.654433
114.654433
114.654433
114.654433
114.654433
114.654433
114.654433
114.654433
114.654433
114.654433
114.654433
114.654433
114.654433
114.654433
114.654433
114.654433
114.654433
114.654433
114.654433
114.654433
114.654433
114.654433
114.654433
114.654433
114.654433
114.654433
114.654433
114.654433
114.654433
114.654433
114.654433
114.654433
114.654433
114.654433
114.654433
114.654433
114.654433
114.654433
114.654433
114.654433
114.654433
114.654433
114.654433
114.654433
114.654433
114.654433
114.654433
114.654433
114.654433
114.654433
114.654433
114.654433
114.654433
114.654433
114.654433
114.654433
114.654433
114.654433
114.654433
114.654433
114.654433
114.654433
114.654433
114.654433
114.654433
114.654433
114.654433
114.654433
114.654433
114.654433
114.654433
114.654433
114.654433
114.654433
114.654433
114.654433
114.654433
114.654433
114.654433
114.654433
114.654433
114.654433
114.654433
114.654433
114.654433
114.654433
114.654433
114.654433
114.654433
114.654433
114.654433
114.654433
114.654433
114.654433
114.654433
114.654433
114.654433
114.654433
114.654433
114.654433
114.654433
114.654433
114.654433
114.654433
114.654433
114.654433
114.654433
114.654433
114.654433
114.654433
114.654433
114.654433
114.654433
114.654433
114.654433
114.654433
114.654433
114.654433
114.654433
114.654433
114.654433
114.654433
114.654433
114.654433
114.654433
114.654433
114.654433
114.654433
114.654433
114.654433
114.654433
114.654433
114.654433
114.654433
114.654433
114.654433
114.654433
114.654433
114.654433
114.654433
114.654433
114.654433
114.654433
114.654433
114.654433
114.654433
114.654433
114.654433
114.654433
114.654433
114.654433
114.654433
114.654433
114.654433
114.654433
114.654433
114.654433
114.654433
114.654433
114.654433
114.654433
114.654433
114.654433
114.654433
114.654433
114.654433
114.654433
114.654433
114.654433
114.654433
114.654433
114.654433
114.654433
114.654433
114.654433
114.654433
114.654433
114.654433
114.654433
114.654433
114.654433
114.654433
114.654433
114.654433
114.654433
114.654433
114.654433
114.654433
114.654433
114.654433
114.654433
114.654433
114.654433
114.654433
114.654433
114.654433
114.654433
114.654433
114.654433
114.654433
114.654433
114.654433
114.654433
114.654433
114.654433
114.654433
114.654433
114.654433
114.654433
114.654433
114.654433
114.654433
114.654433
114.654433
114.654433
114.654433
114.654433
114.654433
114.654433
114.654433
114.654433
114.654433
114.654433
114.654433
114.654433
114.654433
114.654433
114.654433
114.654433
114.654433
114.654433
114.654433
114.654433
114.654433
114.654433
114.654433
114.654433
114.654433
114.654433
114.654433
114.654433
114.654433
114.654433
114.654433
114.654433
114.654433
114.654433
114.654433
114.654433
114.654433
114.654433
114.654433
114.654433
114.654433
114.654433
114.654433
114.654433
114.654433
114.654433
114.654433
114.654433
114.654433
114.654433
114.654433
114.654433
114.654433
114.654433
114.654433
114.654433
114.654433
114.654433
114.654433
114.654433
114.654433
114.654433
114.654433
114.654433
114.654433
114.654433
114.654433
114.654433
114.654433
114.654433
114.654433
114.654433
114.654433
114.654433
114.654433
114.654433
114.654433
114.654433
114.654433
114.654433
114.654433
114.654433
114.654433
114.654433
114.654433
114.654433
114.654433
114.654433
114.654433
114.654433
114.654433
114.654433
114.654433
114.654433
114.654433
114.654433
114.654433
114.654433
114.654433
114.654433
114.654433
114.654433
114.654433
114.654433
114.654433
114.654433
114.654433
114.654433
114.654433
114.654433
114.654433
114.654433
114.654433
114.654433
114.654433
114.654433
114.654433
114.654433
114.654433
114.654433
114.654433
114.654433
114.654433
114.654433
114.654433
114.654433
114.654433
114.654433
114.654433
114.654433
114.654433
114.654433
114.654433
114.654433
114.654433
114.654433
114.654433
114.654433
114.654433
114.654433
114.654433
114.654433
114.654433
114.654433
114.654433
114.654433
114.654433
114.654433
114.654433
114.654433
114.654433
114.654433
114.654433
114.654433
114.654433
114.654433
114.654433
114.654433
114.654433
114.654433
114.654433
114.654433
114.654433
114.654433
114.654433
114.654433
114.654433
114.654433
114.654433
114.654433
114.654433
114.654433
114.654433
114.654433
114.654433
114.654433
114.654433
114.654433
114.654433
114.654433
114.654433
114.654433
114.654433
114.654433
114.654433
114.654433
114.654433
114.654433
114.654433
114.654433
114.654433
114.654433
114.654433
114.654433
114.654433
114.654433
114.654433
114.654433
114.654433
114.654433
114.654433
114.654433
114.654433
114.654433
114.654433
114.654433
114.654433
114.654433
114.654433
114.654433
114.654433
114.654433
114.654433
114.654433
114.654433
114.654433
114.654433
114.654433
114.654433
114.654433
114.654433
114.654433
114.654433
114.654433
114.654433
114.654433
114.654433
114.654433
114.654433
114.654433
114.654433
114.654433
114.654433
114.654433
114.654433
114.654433
114.654433
114.654433
114.654433
114.654433
114.654433
114.654433
114.654433
114.654433
114.654433
114.654433
114.654433
114.654433
114.654433
114.654433
114.654433
114.654433
114.654433
114.654433
114.654433
114.654433
114.654433
114.654433
114.654433
114.654433
114.654433
114.654433
114.654433
114.654433
114.654433
114.654433
114.654433
114.654433
114.654433
114.654433
114.654433
114.654433
114.654433
114.654433
114.654433
114.654433
114.654433
114.654433
114.654433
114.654433
114.654433
114.654433
114.654433
114.654433
114.654433
114.654433
114.654433
114.654433
114.654433
114.654433
114.654433
114.654433
114.654433
114.654433
114.654433
114.654433
114.654433
114.654433
114.654433
114.654433
114.654433
114.654433
114.654433
114.654433
114.654433
114.654433
114.654433
114.654433
114.654433
114.654433
114.654433
114.654433
114.654433
114.654433
114.654433
114.654433
114.654433
114.654433
114.654433
114.654433
114.654433
114.654433
114.654433
114.654433
114.654433
114.654433
114.654433
114.654433
114.654433
114.654433
114.654433
114.654433
114.654433
114.654433
114.654433
114.654433
114.654433
114.654433
114.654433
114.654433
114.654433
114.654433
114.654433
114.654433
114.654433
114.654433
114.654433
114.654433
114.654433
114.654433
114.654433
114.654433
114.654433
114.654433
114.654433
114.654433
114.654433
114.654433
114.654433
114.654433
114.654433
114.654433
114.654433
114.654433
114.654433
114.654433
114.654433
114.654433
114.654433
114.654433
114.654433
114.654433
114.654433
114.654433
114.654433
114.654433
114.654433
114.654433
114.654433
114.654433
114.654433
114.654433
114.654433
114.654433
114.654433
114.654433
114.654433
114.654433
114.654433
114.654433
114.654433
114.654433
114.654433
114.654433
114.654433
114.654433
114.654433
114.654433
114.654433
114.654433
114.654433
114.654433
114.654433
114.654433
114.654433
114.654433
114.654433
114.654433
114.654433
114.654433
114.654433
114.654433
114.654433
114.654433
114.654433
114.654433
114.654433
114.654433
114.654433
114.654433
114.654433
114.654433
114.654433
114.654433
114.654433
114.654433
114.654433
114.654433
114.654433
114.654433
114.654433
114.654433
114.654433
114.654433
114.654433
114.654433
114.654433
114.654433
114.654433
114.654433
114.654433
114.654433
114.654433
114.654433
114.654433
114.654433
114.654433
114.654433
114.654433
114.654433
114.654433
114.654433
114.654433
114.654433
114.654433
114.654433
114.654433
114.654433
114.654433
114.654433
114.654433
114.654433
114.654433
114.654433
114.654433
114.654433
114.654433
114.654433
114.654433
114.654433
114.654433
114.654433
114.654433
114.654433
114.654433
114.654433
114.654433
114.654433
114.654433
114.654433
114.654433
114.654433
114.654433
114.654433
114.654433
114.654433
114.654433
114.654433
114.654433
114.654433
114.654433
114.654433
114.654433
114.654433
114.654433
114.654433
114.654433
114.654433
114.654433
114.654433
114.654433
114.654433
114.654433
114.654433
114.654433
114.654433
114.654433
114.654433
114.654433
114.654433
114.654433
114.654433
114.654433
114.654433
114.654433
114.654433
114.654433
114.654433
114.654433
114.654433
114.654433
114.654433
114.654433
114.654433
114.654433
114.654433
114.654433
114.654433
114.654433
114.654433
114.654433
114.654433
114.654433
114.654433
114.654433
114.654433
114.654433
114.654433
114.654433
114.654433
114.654433
114.654433
114.654433
114.654433
114.654433
114.654433
114.654433
114.654433
114.654433
114.654433
114.654433
114.654433
114.654433
114.654433
114.654433
114.654433
114.654433
114.654433
114.654433
114.654433
114.654433
114.654433
114.654433
114.654433
114.654433
114.654433
114.654433
114.654433
114.654433
114.654433
114.654433
114.654433
114.654433
114.654433
114.654433
114.654433
114.654433
114.654433
114.654433
114.654433
114.654433
114.654433
114.654433
114.654433
114.654433
114.654433
114.654433
114.654433
114.654433
114.654433
114.654433
114.654433
114.654433
114.654433
114.654433
114.654433
114.654433
114.654433
114.654433
114.654433
114.654433
114.654433
114.654433
114.654433
114.654433
114.654433
114.654433
114.654433
114.654433
114.654433
114.654433
114.654433
114.654433
114.654433
114.654433
114.654433
114.654433
114.654433
114.654433
114.654433
114.654433
114.654433
114.654433
114.654433
114.654433
114.654433
114.654433
114.654433
114.654433
114.654433
114.654433
114.654433
114.654433
114.654433
114.654433
114.654433
114.654433
114.654433
114.654433
114.654433
114.654433
114.654433
114.654433
114.654433
114.654433
114.654433
114.654433
114.654433
114.654433
114.654433
114.654433
114.654433
114.654433
114.654433
114.654433
114.654433
114.654433
114.654433
114.654433
114.654433
114.654433
114.654433
114.654433
114.654433
114.654433
114.654433
114.654433
114.654433
114.654433
114.654433
114.654433
114.654433
114.654433
114.654433
114.654433
114.654433
114.654433
114.654433
114.654433
114.654433
114.654433
114.654433
114.654433
114.654433
114.654433
114.654433
114.654433
114.654433
114.654433
114.654433
114.654433
114.654433
114.654433
114.654433
114.654433
114.654433
114.654433
114.654433
114.654433
114.654433
114.654433
114.654433
114.654433
114.654433
114.654433
114.654433
114.654433
114.654433
114.654433
114.654433
114.654433
114.654433
114.654433
114.654433
114.654433
114.654433
114.654433
114.654433
114.654433
114.654433
114.654433
114.654433
114.654433
114.654433
114.654433
114.654433
114.654433
114.654433
114.654433
114.654433
114.654433
114.654433
114.654433
114.654433
114.654433
114.654433
114.654433
114.654433
114.654433
114.654433
114.654433
114.654433
114.654433
114.654433
114.654433
114.654433
114.654433
114.654433
114.654433
114.654433
114.654433
114.654433
114.654433
114.654433
114.654433
114.654433
114.654433
114.654433
114.654433
114.654433
114.654433
114.654433
114.654433
114.654433
114.654433
114.654433
114.654433
114.654433
114.654433
114.654433
114.654433
114.654433
114.654433
114.654433
114.654433
114.654433
114.654433
114.654433
114.654433
114.654433
114.654433
114.654433
114.654433
114.654433
114.654433
114.654433
114.654433
114.654433
114.654433
114.654433
114.654433
114.654433
114.654433
114.654433
114.654433
114.654433
114.654433
114.654433
114.654433
114.654433
114.654433
114.654433
114.654433
114.654433
114.654433
114.654433
114.654433
114.654433
114.654433
114.654433
114.654433
114.654433
114.654433
114.654433
114.654433
114.654433
114.654433
114.654433
114.654433
114.654433
114.654433
114.654433
114.654433
114.654433
114.654433
114.654433
114.654433
114.654433
114.654433
114.654433
114.654433
114.654433
114.654433
114.654433
114.654433
114.654433
114.654433
114.654433
114.654433
114.654433
114.654433
114.654433
114.654433
114.654433
114.654433
114.654433
114.654433
114.654433
114.654433
114.654433
114.654433
114.654433
114.654433
114.654433
114.654433
114.654433
114.654433
114.654433
114.654433
114.654433
114.654433
114.654433
114.654433
114.654433
114.654433
114.654433
114.654433
114.654433
114.654433
114.654433
114.654433
114.654433
114.654433
114.654433
114.654433
114.654433
114.654433
114.654433
114.654433
114.654433
114.654433
114.654433
114.654433
114.654433
114.654433
114.654433
114.654433
114.654433
114.654433
114.654433
114.654433
114.654433
114.654433
114.654433
114.654433
114.654433
114.654433
114.654433
114.654433
114.654433
114.654433
114.654433
114.654433
114.654433
114.654433
114.654433
114.654433
114.654433
114.654433
114.654433
114.654433
114.654433
114.654433
114.654433
114.654433
114.654433
114.654433
114.654433
114.654433
114.654433
114.654433
114.654433
114.654433
114.654433
114.654433
114.654433
114.654433
114.654433
114.654433
114.654433
114.654433
114.654433
114.654433
114.654433
114.654433
114.654433
114.654433
114.654433
114.654433
114.654433
114.654433
114.654433
114.654433
114.654433
114.654433
114.654433
114.654433
114.654433
114.654433
114.654433
114.654433
114.654433
114.654433
114.654433
114.654433
114.654433
114.654433
114.654433
114.654433
114.654433
114.654433
114.654433
114.654433
114.654433
114.654433
114.654433
114.654433
114.654433
114.654433
114.654433
114.654433
114.654433
114.654433
114.654433
114.654433
114.654433
114.654433
114.654433
114.654433
114.654433
114.654433
114.654433
114.654433
114.654433
114.654433
114.654433
114.654433
114.654433
114.654433
114.654433
114.654433
114.654433
114.654433
114.654433
114.654433
114.654433
114.654433
114.654433
114.654433
114.654433
114.654433
114.654433
114.654433
114.654433
114.654433
114.654433
114.654433
114.654433
114.654433
114.654433
114.654433
114.654433
114.654433
114.654433
114.654433
114.654433
114.654433
114.654433
114.654433
114.654433
114.654433
114.654433
114.654433
114.654433
114.654433
114.654433
114.654433
114.654433
114.654433
114.654433
114.654433
114.654433
114.654433
114.654433
114.654433
114.654433
114.654433
114.654433
114.654433
114.654433
114.654433
114.654433
114.654433
114.654433
114.654433
114.654433
114.654433
114.654433
114.654433
114.654433
114.654433
114.654433
114.654433
114.654433
114.654433
114.654433
114.654433
114.654433
114.654433
114.654433
114.654433
114.654433
114.654433
114.654433
114.654433
114.654433
114.654433
114.654433
114.654433
114.654433
114.654433
114.654433
114.654433
114.654433
114.654433
114.654433
114.654433
114.654433
114.654433
114.654433
114.654433
114.654433
114.654433
114.654433
114.654433
114.654433
114.654433
114.654433
114.654433
114.654433
114.654433
114.654433
114.654433
114.654433
114.654433
114.654433
114.654433
114.654433
114.654433
114.654433
114.654433
114.654433
114.654433
114.654433
114.654433
114.654433
114.654433
114.654433
114.654433
114.654433
114.654433
114.654433
114.654433
114.654433
114.654433
114.654433
114.654433
114.654433
114.654433
114.654433
114.654433
114.654433
114.654433
114.654433
114.654433
114.654433
114.654433
114.654433
114.654433
114.654433
114.654433
114.654433
114.654433
114.654433
114.654433
114.654433
114.654433
114.654433
114.654433
114.654433
114.654433
114.654433
114.654433
114.654433
114.654433
114.654433
114.654433
114.654433
114.654433
114.654433
114.654433
114.654433
114.654433
114.654433
114.654433
114.654433
114.654433
114.654433
114.654433
114.654433
114.654433
114.654433
114.654433
114.654433
114.654433
114.654433
114.654433
114.654433
114.654433
114.654433
114.654433
114.654433
114.654433
114.654433
114.654433
114.654433
114.654433
114.654433
114.654433
114.654433
114.654433
114.654433
114.654433
114.654433
114.654433
114.654433
114.654433
114.654433
114.654433
114.654433
114.654433
114.654433
114.654433
114.654433
114.654433
114.654433
114.654433
114.654433
114.654433
114.654433
114.654433
114.654433
114.654433
114.654433
114.654433
114.654433
114.654433
114.654433
114.654433
114.654433
114.654433
114.654433
114.654433
114.654433
114.654433
114.654433
114.654433
114.654433
114.654433
114.654433
114.654433
114.654433
114.654433
114.654433
114.654433
114.654433
114.654433
114.654433
114.654433
114.654433
114.654433
114.654433
114.654433
114.654433
114.654433
114.654433
114.654433
114.654433
114.654433
114.654433
114.654433
114.654433
114.654433
114.654433
114.654433
114.654433
114.654433
114.654433
114.654433
114.654433
114.654433
114.654433
114.654433
114.654433
114.654433
114.654433
114.654433
114.654433
114.654433
114.654433
114.654433
114.654433
114.654433
114.654433
114.654433
114.654433
114.654433
114.654433
114.654433
114.654433
114.654433
114.654433
114.654433
114.654433
114.654433
114.654433
114.654433
114.654433
114.654433
114.654433
114.654433
114.654433
114.654433
114.654433
114.654433
114.654433
114.654433
114.654433
114.654433
114.654433
114.654433
114.654433
114.654433
114.654433
114.654433
114.654433
114.654433
114.654433
114.654433
114.654433
114.654433
114.654433
114.654433
114.654433
114.654433
114.654433
114.654433
114.654433
114.654433
114.654433
114.654433
114.654433
114.654433
114.654433
114.654433
114.654433
114.654433
114.654433
114.654433
114.654433
114.654433
114.654433
114.654433
114.654433
114.654433
114.654433
114.654433
114.654433
114.654433
114.654433
114.654433
114.654433
114.654433
114.654433
114.654433
114.654433
114.654433
114.654433
114.654433
114.654433
114.654433
114.654433
114.654433
114.654433
114.654433
114.654433
114.654433
114.654433
114.654433
114.654433
114.654433
114.654433
114.654433
114.654433
114.654433
114.654433
114.654433
114.654433
114.654433
114.654433
114.654433
114.654433
114.654433
114.654433
114.654433
114.654433
114.654433
114.654433
114.654433
114.654433
114.654433
114.654433
114.654433
114.654433
114.654433
114.654433
114.654433
114.654433
114.654433
114.654433
114.654433
114.654433
114.654433
114.654433
114.654433
114.654433
114.654433
114.654433
114.654433
114.654433
114.654433
114.654433
114.654433
114.654433
114.654433
114.654433
114.654433
114.654433
114.654433
114.654433
114.654433
114.654433
114.654433
114.654433
114.654433
114.654433
114.654433
114.654433
114.654433
114.654433
114.654433
114.654433
114.654433
114.654433
114.654433
114.654433
114.654433
114.654433
114.654433
114.654433
114.654433
114.654433
114.654433
114.654433
114.654433
114.654433
114.654433
114.654433
114.654433
114.654433
114.654433
114.654433
114.654433
114.654433
114.654433
114.654433
114.654433
114.654433
114.654433
114.654433
114.654433
114.654433
114.654433
114.654433
114.654433
114.654433
114.654433
114.654433
114.654433
114.654433
114.654433
114.654433
114.654433
114.654433
114.654433
114.654433
114.654433
114.654433
114.654433
114.654433
114.654433
114.654433
114.654433
114.654433
114.654433
114.654433
114.654433
114.654433
114.654433
114.654433
114.654433
114.654433
114.654433
114.654433
114.654433
114.654433
114.654433
114.654433
114.654433
114.654433
114.654433
114.654433
114.654433
114.654433
114.654433
114.654433
114.654433
114.654433
114.654433
114.654433
114.654433
114.654433
114.654433
114.654433
114.654433
114.654433
114.654433
114.654433
114.654433
114.654433
114.654433
114.654433
114.654433
114.654433
114.654433
114.654433
114.654433
114.654433
114.654433
114.654433
114.654433
114.654433
114.654433
114.654433
114.654433
114.654433
114.654433
114.654433
114.654433
114.654433
114.654433
114.654433
114.654433
114.654433
114.654433
114.654433
114.654433
114.654433
114.654433
114.654433
114.654433
114.654433
114.654433
114.654433
114.654433
114.654433
114.654433
114.654433
114.654433
114.654433
114.654433
114.654433
114.654433
114.654433
114.654433
114.654433
114.654433
114.654433
114.654433
114.654433
114.654433
114.654433
114.654433
114.654433
114.654433
114.654433
114.654433
114.654433
114.654433
114.654433
114.654433
114.654433
114.654433
114.654433
114.654433
114.654433
114.654433
114.654433
114.654433
114.654433
114.654433
114.654433
114.654433
114.654433
114.654433
114.654433
114.654433
114.654433
114.654433
114.654433
114.654433
114.654433
114.654433
114.654433
114.654433
114.654433
114.654433
114.654433
114.654433
114.654433
114.654433
114.654433
114.654433
114.654433
114.654433
114.654433
114.654433
114.654433
114.654433
114.654433
114.654433
114.654433
114.654433
114.654433
114.654433
114.654433
114.654433
114.654433
114.654433
114.654433
114.654433
114.654433
114.654433
114.654433
114.654433
114.654433
114.654433
114.654433
114.654433
114.654433
114.654433
114.654433
114.654433
114.654433
114.654433
114.654433
114.654433
114.654433
114.654433
114.654433
114.654433
114.654433
114.654433
114.654433
114.654433
114.654433
114.654433
114.654433
114.654433
114.654433
114.654433
114.654433
114.654433
114.654433
114.654433
114.654433
114.654433
114.654433
114.654433
114.654433
114.654433
114.654433
114.654433
114.654433
114.654433
114.654433
114.654433
114.654433
114.654433
114.654433
114.654433
114.654433
114.654433
114.654433
114.654433
114.654433
114.654433
114.654433
114.654433
114.654433
114.654433
114.654433
114.654433
114.654433
114.654433
114.654433
114.654433
114.654433
114.654433
114.654433
114.654433
114.654433
114.654433
114.654433
114.654433
114.654433
114.654433
114.654433
114.654433
114.654433
114.654433
114.654433
114.654433
114.654433
114.654433
114.654433
114.654433
114.654433
114.654433
114.654433
114.654433
114.654433
114.654433
114.654433
114.654433
114.654433
114.654433
114.654433
114.654433
114.654433
114.654433
114.654433
114.654433
114.654433
114.654433
114.654433
114.654433
114.654433
114.654433
114.654433
114.654433
114.654433
114.654433
114.654433
114.654433
114.654433
114.654433
114.654433
114.654433
114.654433
114.654433
114.654433
114.654433
114.654433
114.654433
114.654433
114.654433
114.654433
114.654433
114.654433
114.654433
114.654433
114.654433
114.654433
114.654433
114.654433
114.654433
114.654433
114.654433
114.654433
114.654433
114.654433
114.654433
114.654433
114.654433
114.654433
114.654433
114.654433
114.654433
114.654433
114.654433
114.654433
114.654433
114.654433
114.654433
114.654433
114.654433
114.654433
114.654433
114.654433
114.654433
114.654433
114.654433
114.654433
114.654433
114.654433
114.654433
114.654433
114.654433
114.654433
114.654433
114.654433
114.654433
114.654433
114.654433
114.654433
114.654433
114.654433
114.654433
114.654433
114.654433
114.654433
114.654433
114.654433
114.654433
114.654433
114.654433
114.654433
114.654433
114.654433
114.654433
114.654433
114.654433
114.654433
114.654433
114.654433
114.654433
114.654433
114.654433
114.654433
114.654433
114.654433
114.654433
114.654433
114.654433
114.654433
114.654433
114.654433
114.654433
114.654433
114.654433
114.654433
114.654433
114.654433
114.654433
114.654433
114.654433
114.654433
114.654433
114.654433
114.654433
114.654433
114.654433
114.654433
114.654433
114.654433
114.654433
114.654433
114.654433
114.654433
114.654433
114.654433
114.654433
114.654433
114.654433
114.654433
114.654433
114.654433
114.654433
114.654433
114.654433
114.654433
114.654433
114.654433
114.654433
114.654433
114.654433
114.654433
114.654433
114.654433
114.654433
114.654433
114.654433
114.654433
114.654433
114.654433
114.654433
114.654433
114.654433
114.654433
114.654433
114.654433
114.654433
114.654433
114.654433
114.654433
114.654433
114.654433
114.654433
114.654433
114.654433
114.654433
114.654433
114.654433
114.654433
114.654433
114.654433
114.654433
114.654433
114.654433
114.654433
114.654433
114.654433
114.654433
114.654433
114.654433
114.654433
114.654433
114.654433
114.654433
114.654433
114.654433
114.654433
114.654433
114.654433
114.654433
114.654433
114.654433
114.654433
114.654433
114.654433
114.654433
114.654433
114.654433
114.654433
114.654433
114.654433
114.654433
114.654433
114.654433
114.654433
114.654433
114.654433
114.654433
114.654433
114.654433
114.654433
114.654433
114.654433
114.654433
114.654433
114.654433
114.654433
114.654433
114.654433
114.654433
114.654433
114.654433
114.654433
114.654433
114.654433
114.654433
114.654433
114.654433
114.654433
114.654433
114.654433
114.654433
114.654433
114.654433
114.654433
114.654433
114.654433
114.654433
114.654433
114.654433
114.654433
114.654433
114.654433
114.654433
114.654433
114.654433
114.654433
114.654433
114.654433
114.654433
114.654433
114.654433
114.654433
114.654433
114.654433
114.654433
114.654433
114.654433
114.654433
114.654433
114.654433
114.654433
114.654433
114.654433
114.654433
114.654433
114.654433
114.654433
114.654433
114.654433
114.654433
114.654433
114.654433
114.654433
114.654433
114.654433
114.654433
114.654433
114.654433
114.654433
114.654433
114.654433
114.654433
114.654433
114.654433
114.654433
114.654433
114.654433
114.654433
114.654433
114.654433
114.654433
114.654433
114.654433
114.654433
114.654433
114.654433
114.654433
114.654433
114.654433
114.654433
114.654433
114.654433
114.654433
114.654433
114.654433
114.654433
114.654433
114.654433
114.654433
114.654433
114.654433
114.654433
114.654433
114.654433
114.654433
114.654433
114.654433
114.654433
114.654433
114.654433
114.654433
114.654433
114.654433
114.654433
114.654433
114.654433
114.654433
114.654433
114.654433
114.654433
114.654433
114.654433
114.654433
114.654433
114.654433
114.654433
114.654433
114.654433
114.654433
114.654433
114.654433
114.654433
114.654433
114.654433
114.654433
114.654433
114.654433
114.654433
114.654433
114.654433
114.654433
114.654433
114.654433
114.654433
114.654433
114.654433
114.654433
114.654433
114.654433
114.654433
114.654433
114.654433
114.654433
114.654433
114.654433
114.654433
114.654433
114.654433
114.654433
114.654433
114.654433
114.654433
114.654433
114.654433
114.654433
114.654433
114.654433
114.654433
114.654433
114.654433
114.654433
114.654433
114.654433
114.654433
114.654433
114.654433
114.654433
114.654433
114.654433
114.654433
114.654433
114.654433
114.654433
114.654433
114.654433
114.654433
114.654433
114.654433
114.654433
114.654433
114.654433
114.654433
114.654433
114.654433
114.654433
114.654433
114.654433
114.654433
114.654433
114.654433
114.654433
114.654433
114.654433
114.654433
114.654433
114.654433
114.654433
114.654433
114.654433
114.654433
114.654433
114.654433
114.654433
114.654433
114.654433
114.654433
114.654433
114.654433
114.654433
114.654433
114.654433
114.654433
114.654433
114.654433
114.654433
114.654433
114.654433
114.654433
114.654433
114.654433
114.654433
114.654433
114.654433
114.654433
114.654433
114.654433
114.654433
114.654433
114.654433
114.654433
114.654433
114.654433
114.654433
114.654433
114.654433
114.654433
114.654433
114.654433
114.654433
114.654433
114.654433
114.654433
114.654433
114.654433
114.654433
114.654433
114.654433
114.654433
114.654433
114.654433
114.654433
114.654433
114.654433
114.654433
114.654433
114.654433
114.654433
114.654433
114.654433
114.654433
114.654433
114.654433
114.654433
114.654433
114.654433
114.654433
114.654433
114.654433
114.654433
114.654433
114.654433
114.654433
114.654433
114.654433
114.654433
114.654433
114.654433
114.654433
114.654433
114.654433
114.654433
114.654433
114.654433
114.654433
114.654433
114.654433
114.654433
114.654433
114.654433
114.654433
114.654433
114.654433
114.654433
114.654433
114.654433
114.654433
114.654433
114.654433
114.654433
114.654433
114.654433
114.654433
114.654433
114.654433
114.654433
114.654433
114.654433
114.654433
114.654433
114.654433
114.654433
114.654433
114.654433
114.654433
114.654433
114.654433
114.654433
114.654433
114.654433
114.654433
114.654433
114.654433
114.654433
114.654433
114.654433
114.654433
114.654433
114.654433
114.654433
114.654433
114.654433
114.654433
114.654433
114.654433
114.654433
114.654433
114.654433
114.654433
114.654433
114.654433
114.654433
114.654433
114.654433
114.654433
114.654433
114.654433
114.654433
114.654433
114.654433
114.654433
114.654433
114.654433
114.654433
114.654433
114.654433
114.654433
114.654433
114.654433
114.654433
114.654433
114.654433
114.654433
114.654433
114.654433
114.654433
114.654433
114.654433
114.654433
114.654433
114.654433
114.654433
114.654433
114.654433
114.654433
114.654433
114.654433
114.654433
114.654433
114.654433
114.654433
114.654433
114.654433
114.654433
114.654433
114.654433
114.654433
114.654433
114.654433
114.654433
114.654433
114.654433
114.654433
114.654433
114.654433
114.654433
114.654433
114.654433
114.654433
114.654433
114.654433
114.654433
114.654433
114.654433
114.654433
114.654433
114.654433
114.654433
114.654433
114.654433
114.654433
114.654433
114.654433
114.654433
114.654433
114.654433
114.654433
114.654433
114.654433
114.654433
114.654433
114.654433
114.654433
114.654433
114.654433
114.654433
114.654433
114.654433
114.654433
114.654433
114.654433
114.654433
114.654433
114.654433
114.654433
114.654433
114.654433
114.654433
114.654433
114.654433
114.654433
114.654433
114.654433
114.654433
114.654433
114.654433
114.654433
114.654433
114.654433
114.654433
114.654433
114.654433
114.654433
114.654433
114.654433
114.654433
114.654433
114.654433
114.654433
114.654433
114.654433
114.654433
114.654433
114.654433
114.654433
114.654433
114.654433
114.654433
114.654433
114.654433
114.654433
114.654433
114.654433
114.654433
114.654433
114.654433
114.654433
114.654433
114.654433
114.654433
114.654433
114.654433
114.654433
114.654433
114.654433
114.654433
114.654433
114.654433
114.654433
114.654433
114.654433
114.654433
114.654433
114.654433
114.654433
114.654433
114.654433
114.654433
114.654433
114.654433
114.654433
114.654433
114.654433
114.654433
114.654433
114.654433
114.654433
114.654433
114.654433
114.654433
114.654433
114.654433
114.654433
114.654433
114.654433
114.654433
114.654433
114.654433
114.654433
114.654433
114.654433
114.654433
114.654433
114.654433
114.654433
114.654433
114.654433
114.654433
114.654433
114.654433
114.654433
114.654433
114.654433
114.654433
114.654433
114.654433
114.654433
114.654433
114.654433
114.654433
114.654433
114.654433
114.654433
114.654433
114.654433
114.654433
114.654433
114.654433
114.654433
114.654433
114.654433
114.654433
114.654433
114.654433
114.654433
114.654433
114.654433
114.654433
114.654433
114.654433
114.654433
114.654433
114.654433
114.654433
114.654433
114.654433
114.654433
114.654433
114.654433
114.654433
114.654433
114.654433
114.654433
114.654433
114.654433
114.654433
114.654433
114.654433
114.654433
114.654433
114.654433
114.654433
114.654433
114.654433
114.654433
114.654433
114.654433
114.654433
114.654433
114.654433
114.654433
114.654433
114.654433
114.654433
114.654433
114.654433
114.654433
114.654433
114.654433
114.654433
114.654433
114.654433
114.654433
114.654433
114.654433
114.654433
114.654433
114.654433
114.654433
114.654433
114.654433
114.654433
114.654433
114.654433
114.654433
114.654433
114.654433
114.654433
114.654433
114.654433
114.654433
114.654433
114.654433
114.654433
114.654433
114.654433
114.654433
114.654433
114.654433
114.654433
114.654433
114.654433
114.654433
114.654433
114.654433
114.654433
114.654433
114.654433
114.654433
114.654433
114.654433
114.654433
114.654433
114.654433
114.654433
114.654433
114.654433
114.654433
114.654433
114.654433
114.654433
114.654433
114.654433
114.654433
114.654433
114.654433
114.654433
114.654433
114.654433
114.654433
114.654433
114.654433
114.654433
114.654433
114.654433
114.654433
114.654433
114.654433
114.654433
114.654433
114.654433
114.654433
114.654433
114.654433
114.654433
114.654433
114.654433
114.654433
114.654433
114.654433
114.654433
114.654433
114.654433
114.654433
114.654433
114.654433
114.654433
114.654433
114.654433
114.654433
114.654433
114.654433
114.654433
114.654433
114.654433
114.654433
114.654433
114.654433
114.654433
114.654433
114.654433
114.654433
114.654433
114.654433
114.654433
114.654433
114.654433
114.654433
114.654433
114.654433
114.654433
114.654433
114.654433
114.654433
114.654433
114.654433
114.654433
114.654433
114.654433
114.654433
114.654433
114.654433
114.654433
114.654433
114.654433
114.654433
114.654433
114.654433
114.654433
114.654433
114.654433
114.654433
114.654433
114.654433
114.654433
114.654433
114.654433
114.654433
114.654433
114.654433
114.654433
114.654433
114.654433
114.654433
114.654433
114.654433
114.654433
114.654433
114.654433
114.654433
114.654433
114.654433
114.654433
114.654433
114.654433
114.654433
114.654433
114.654433
114.654433
114.654433
114.654433
114.654433
114.654433
114.654433
114.654433
114.654433
114.654433
114.654433
114.654433
114.654433
114.654433
114.654433
114.654433
114.654433
114.654433
114.654433
114.654433
114.654433
114.654433
114.654433
114.654433
114.654433
114.654433
114.654433
114.654433
114.654433
114.654433
114.654433
114.654433
114.654433
114.654433
114.654433
114.654433
114.654433
114.654433
114.654433
114.654433
114.654433
114.654433
114.654433
114.654433
114.654433
114.654433
114.654433
114.654433
114.654433
114.654433
114.654433
114.654433
114.654433
114.654433
114.654433
114.654433
114.654433
114.654433
114.654433
114.654433
114.654433
114.654433
114.654433
114.654433
114.654433
114.654433
114.654433
114.654433
114.654433
114.654433
114.654433
114.654433
114.654433
114.654433
114.654433
114.654433
114.654433
114.654433
114.654433
114.654433
114.654433
114.654433
114.654433
114.654433
114.654433
114.654433
114.654433
114.654433
114.654433
114.654433
114.654433
114.654433
114.654433
114.654433
114.654433
114.654433
114.654433
114.654433
114.654433
114.654433
114.654433
114.654433
114.654433
114.654433
114.654433
114.654433
114.654433
114.654433
114.654433
114.654433
114.654433
114.654433
114.654433
114.654433
114.654433
114.654433
114.654433
114.654433
114.654433
114.654433
114.654433
114.654433
114.654433
114.654433
114.654433
114.654433
114.654433
114.654433
114.654433
114.654433
114.654433
114.654433
114.654433
114.654433
114.654433
114.654433
114.654433
114.654433
114.654433
114.654433
114.654433
114.654433
114.654433
114.654433
114.654433
114.654433
114.654433
114.654433
114.654433
114.654433
114.654433
114.654433
114.654433
114.654433
114.654433
114.654433
114.654433
114.654433
114.654433
114.654433
114.654433
114.654433
114.654433
114.654433
114.654433
114.654433
114.654433
114.654433
114.654433
114.654433
114.654433
114.654433
114.654433
114.654433
114.654433
114.654433
114.654433
114.654433
114.654433
114.654433
114.654433
114.654433
114.654433
114.654433
114.654433
114.654433
114.654433
114.654433
114.654433
114.654433
114.654433
114.654433
114.654433
114.654433
114.654433
114.654433
114.654433
114.654433
114.654433
114.654433
114.654433
114.654433
114.654433
114.654433
114.654433
114.654433
114.654433
114.654433
114.654433
114.654433
114.654433
114.654433
114.654433
114.654433
114.654433
114.654433
114.654433
114.654433
114.654433
114.654433
114.654433
114.654433
114.654433
114.654433
114.654433
114.654433
114.654433
114.654433
114.654433
114.654433
114.654433
114.654433
114.654433
114.654433
114.654433
114.654433
114.654433
114.654433
114.654433
114.654433
114.654433
114.654433
114.654433
114.654433
114.654433
114.654433
114.654433
114.654433
114.654433
114.654433
114.654433
114.654433
114.654433
114.654433
114.654433
114.654433
114.654433
114.654433
114.654433
114.654433
114.654433
114.654433
114.654433
114.654433
114.654433
114.654433
114.654433
114.654433
114.654433
114.654433
114.654433
114.654433
114.654433
114.654433
114.654433
114.654433
114.654433
114.654433
114.654433
114.654433
114.654433
114.654433
114.654433
114.654433
114.654433
114.654433
114.654433
114.654433
114.654433
114.654433
114.654433
114.654433
114.654433
114.654433
114.654433
114.654433
114.654433
114.654433
114.654433
114.654433
114.654433
114.654433
114.654433
114.654433
114.654433
114.654433
114.654433
114.654433
114.654433
114.654433
114.654433
114.654433
114.654433
114.654433
114.654433
114.654433
114.654433
114.654433
114.654433
114.654433
114.654433
114.654433
114.654433
114.654433
114.654433
114.654433
114.654433
114.654433
114.654433
114.654433
114.654433
114.654433
114.654433
114.654433
114.654433
114.654433
114.654433
114.654433
114.654433
114.654433
114.654433
114.654433
114.654433
114.654433
114.654433
114.654433
114.654433
114.654433
114.654433
114.654433
114.654433
114.654433
114.654433
114.654433
114.654433
114.654433
114.654433
114.654433
114.654433
114.654433
114.654433
114.654433
114.654433
114.654433
114.654433
114.654433
114.654433
114.654433
114.654433
114.654433
114.654433
114.654433
114.654433
114.654433
114.654433
114.654433
114.654433
114.654433
114.654433
114.654433
114.654433
114.654433
114.654433
114.654433
114.654433
114.654433
114.654433
114.654433
114.654433
114.654433
114.654433
114.654433
114.654433
114.654433
114.654433
114.654433
114.654433
114.654433
114.654433
114.654433
114.654433
114.654433
114.654433
114.654433
114.654433
114.654433
114.654433
114.654433
114.654433
114.654433
114.654433
114.654433
114.654433
114.654433
114.654433
114.654433
114.654433
114.654433
114.654433
114.654433
114.654433
114.654433
114.654433
114.654433
114.654433
114.654433
114.654433
114.654433
114.654433
114.654433
114.654433
114.654433
114.654433
114.654433
114.654433
114.654433
114.654433
114.654433
114.654433
114.654433
114.654433
114.654433
114.654433
114.654433
114.654433
114.654433
114.654433
114.654433
114.654433
114.654433
114.654433
114.654433
114.654433
114.654433
114.654433
114.654433
114.654433
114.654433
114.654433
114.654433
114.654433
114.654433
114.654433
114.654433
114.654433
114.654433
114.654433
114.654433
114.654433
114.654433
114.654433
114.654433
114.654433
114.654433
114.654433
114.654433
114.654433
114.654433
114.654433
114.654433
114.654433
114.654433
114.654433
114.654433
114.654433
114.654433
114.654433
114.654433
114.654433
114.654433
114.654433
114.654433
114.654433
114.654433
114.654433
114.654433
114.654433
114.654433
114.654433
114.654433
114.654433
114.654433
114.654433
114.654433
114.654433
114.654433
114.654433
114.654433
114.654433
114.654433
114.654433
114.654433
114.654433
114.654433
114.654433
114.654433
114.654433
114.654433
114.654433
114.654433
114.654433
114.654433
114.654433
114.654433
114.654433
114.654433
114.654433
114.654433
114.654433
114.654433
114.654433
114.654433
114.654433
114.654433
114.654433
114.654433
114.654433
114.654433
114.654433
114.654433
114.654433
114.654433
114.654433
114.654433
114.654433
114.654433
114.654433
114.654433
114.654433
114.654433
114.654433
114.654433
114.654433
114.654433
114.654433
114.654433
114.654433
114.654433
114.654433
114.654433
114.654433
114.654433
114.654433
114.654433
114.654433
114.654433
114.654433
114.654433
114.654433
114.654433
114.654433
114.654433
114.654433
114.654433
114.654433
114.654433
114.654433
114.654433
114.654433
114.654433
114.654433
114.654433
114.654433
114.654433
114.654433
114.654433
114.654433
114.654433
114.654433
114.654433
114.654433
114.654433
114.654433
114.654433
114.654433
114.654433
114.654433
114.654433
114.654433
114.654433
114.654433
114.654433
114.654433
114.654433
114.654433
114.654433
114.654433
114.654433
114.654433
114.654433
114.654433
114.654433
114.654433
114.654433
114.654433
114.654433
114.654433
114.654433
114.654433
114.654433
114.654433
114.654433
114.654433
114.654433
114.654433
114.654433
114.654433
114.654433
114.654433
114.654433
114.654433
114.654433
114.654433
114.654433
114.654433
114.654433
114.654433
114.654433
114.654433
114.654433
114.654433
114.654433
114.654433
114.654433
114.654433
114.654433
114.654433
114.654433
114.654433
114.654433
114.654433
114.654433
114.654433
114.654433
114.654433
114.654433
114.654433
114.654433
114.654433
114.654433
114.654433
114.654433
114.654433
114.654433
114.654433
114.654433
114.654433
114.654433
114.654433
114.654433
114.654433
114.654433
114.654433
114.654433
114.654433
114.654433
114.654433
114.654433
114.654433
114.654433
114.654433
114.654433
114.654433
114.654433
114.654433
114.654433
114.654433
114.654433
114.654433
114.654433
114.654433
114.654433
114.654433
114.654433
114.654433
114.654433
114.654433
114.654433
114.654433
114.654433
114.654433
114.654433
114.654433
114.654433
114.654433
114.654433
114.654433
114.654433
114.654433
114.654433
114.654433
114.654433
114.654433
114.654433
114.654433
114.654433
114.654433
114.654433
114.654433
114.654433
114.654433
114.654433
114.654433
114.654433
114.654433
114.654433
114.654433
114.654433
114.654433
114.654433
114.654433
114.654433
114.654433
114.654433
114.654433
114.654433
114.654433
114.654433
114.654433
114.654433
114.654433
114.654433
114.654433
114.654433
114.654433
114.654433
114.654433
114.654433
114.654433
114.654433
114.654433
114.654433
114.654433
114.654433
114.654433
114.654433
114.654433
114.654433
114.654433
114.654433
114.654433
114.654433
114.654433
114.654433
114.654433
114.654433
114.654433
114.654433
114.654433
114.654433
114.654433
114.654433
114.654433
114.654433
114.654433
114.654433
114.654433
114.654433
114.654433
114.654433
114.654433
114.654433
114.654433
114.654433
114.654433
114.654433
114.654433
114.654433
114.654433
114.654433
114.654433
114.654433
114.654433
114.654433
114.654433
114.654433
114.654433
114.654433
114.654433
114.654433
114.654433
114.654433
114.654433
114.654433
114.654433
114.654433
114.654433
114.654433
114.654433
114.654433
114.654433
114.654433
114.654433
114.654433
114.654433
114.654433
114.654433
114.654433
114.654433
114.654433
114.654433
114.654433
114.654433
114.654433
114.654433
114.654433
114.654433
114.654433
114.654433
114.654433
114.654433
114.654433
114.654433
114.654433
114.654433
114.654433
114.654433
114.654433
114.654433
114.654433
114.654433
114.654433
114.654433
114.654433
114.654433
114.654433
114.654433
114.654433
114.654433
114.654433
114.654433
114.654433
114.654433
114.654433
114.654433
114.654433
114.654433
114.654433
114.654433
114.654433
114.654433
114.654433
114.654433
114.654433
114.654433
114.654433
114.654433
114.654433
114.654433
114.654433
114.654433
114.654433
114.654433
114.654433
114.654433
114.654433
114.654433
114.654433
114.654433
114.654433
114.654433
114.654433
114.654433
114.654433
114.654433
114.654433
114.654433
114.654433
114.654433
114.654433
114.654433
114.654433
114.654433
114.654433
114.654433
114.654433
114.654433
114.654433
114.654433
114.654433
114.654433
114.654433
114.654433
114.654433
114.654433
114.654433
114.654433
114.654433
114.654433
114.654433
114.654433
114.654433
114.654433
114.654433
114.654433
114.654433
114.654433
114.654433
114.654433
114.654433
114.654433
114.654433
114.654433
114.654433
114.654433
114.654433
114.654433
114.654433
114.654433
114.654433
114.654433
114.654433
114.654433
114.654433
114.654433
114.654433
114.654433
114.654433
114.654433
114.654433
114.654433
114.654433
114.654433
114.654433
114.654433
114.654433
114.654433
114.654433
114.654433
114.654433
114.654433
114.654433
114.654433
114.654433
114.654433
114.654433
114.654433
114.654433
114.654433
114.654433
114.654433
114.654433
114.654433
114.654433
114.654433
114.654433
114.654433
114.654433
114.654433
114.654433
114.654433
114.654433
114.654433
114.654433
114.654433
114.654433
114.654433
114.654433
114.654433
114.654433
114.654433
114.654433
114.654433
114.654433
114.654433
114.654433
114.654433
114.654433
114.654433
114.654433
114.654433
114.654433
114.654433
114.654433
114.654433
114.654433
114.654433
114.654433
114.654433
114.654433
114.654433
114.654433
114.654433
114.654433
114.654433
114.654433
114.654433
114.654433
114.654433
114.654433
114.654433
114.654433
114.654433
114.654433
114.654433
114.654433
114.654433
114.654433
114.654433
114.654433
114.654433
114.654433
114.654433
114.654433
114.654433
114.654433
114.654433
114.654433
114.654433
114.654433
114.654433
114.654433
114.654433
114.654433
114.654433
114.654433
114.654433
114.654433
114.654433
114.654433
114.654433
114.654433
114.654433
114.654433
114.654433
114.654433
114.654433
114.654433
114.654433
114.654433
114.654433
114.654433
114.654433
114.654433
114.654433
114.654433
114.654433
114.654433
114.654433
114.654433
114.654433
114.654433
114.654433
114.654433
114.654433
114.654433
114.654433
114.654433
114.654433
114.654433
114.654433
114.654433
114.654433
114.654433
114.654433
114.654433
114.654433
114.654433
114.654433
114.654433
114.654433
114.654433
114.654433
114.654433
114.654433
114.654433
114.654433
114.654433
114.654433
114.654433
114.654433
114.654433
114.654433
114.654433
114.654433
114.654433
114.654433
114.654433
114.654433
114.654433
114.654433
114.654433
114.654433
114.654433
114.654433
114.654433
114.654433
114.654433
114.654433
114.654433
114.654433
114.654433
114.654433
114.654433
114.654433
114.654433
114.654433
114.654433
114.654433
114.654433
114.654433
114.654433
114.654433
114.654433
114.654433
114.654433
114.654433
114.654433
114.654433
114.654433
114.654433
114.654433
114.654433
114.654433
114.654433
114.654433
114.654433
114.654433
114.654433
114.654433
114.654433
114.654433
114.654433
114.654433
114.654433
114.654433
114.654433
114.654433
114.654433
114.654433
114.654433
114.654433
114.654433
114.654433
114.654433
114.654433
114.654433
114.654433
114.654433
114.654433
114.654433
114.654433
114.654433
114.654433
114.654433
114.654433
114.654433
114.654433
114.654433
114.654433
114.654433
114.654433
114.654433
114.654433
114.654433
114.654433
114.654433
114.654433
114.654433
114.654433
114.654433
114.654433
114.654433
114.654433
114.654433
114.654433
114.654433
114.654433
114.654433
114.654433
114.654433
114.654433
114.654433
114.654433
114.654433
114.654433
114.654433
114.654433
114.654433
114.654433
114.654433
114.654433
114.654433
114.654433
114.654433
114.654433
114.654433
114.654433
114.654433
114.654433
114.654433
114.654433
114.654433
114.654433
114.654433
114.654433
114.654433
114.654433
114.654433
114.654433
114.654433
114.654433
114.654433
114.654433
114.654433
114.654433
114.654433
114.654433
114.654433
114.654433
114.654433
114.654433
114.654433
114.654433
114.654433
114.654433
114.654433
114.654433
114.654433
114.654433
114.654433
114.654433
114.654433
114.654433
114.654433
114.654433
114.654433
114.654433
114.654433
114.654433
114.654433
114.654433
114.654433
114.654433
114.654433
114.654433
114.654433
114.654433
114.654433
114.654433
114.654433
114.654433
114.654433
114.654433
114.654433
114.654433
114.654433
114.654433
114.654433
114.654433
114.654433
114.654433
114.654433
114.654433
114.654433
114.654433
114.654433
114.654433
114.654433
114.654433
114.654433
114.654433
114.654433
114.654433
114.654433
114.654433
114.654433
114.654433
114.654433
114.654433
114.654433
114.654433
114.654433
114.654433
114.654433
114.654433
114.654433
114.654433
114.654433
114.654433
114.654433
114.654433
114.654433
114.654433
114.654433
114.654433
114.654433
114.654433
114.654433
114.654433
114.654433
114.654433
114.654433
114.654433
114.654433
114.654433
114.654433
114.654433
114.654433
114.654433
114.654433
114.654433
114.654433
114.654433
114.654433
114.654433
114.654433
114.654433
114.654433
114.654433
114.654433
114.654433
114.654433
114.654433
114.654433
114.654433
114.654433
114.654433
114.654433
114.654433
114.654433
114.654433
114.654433
114.654433
114.654433
114.654433
114.654433
114.654433
114.654433
114.654433
114.654433
114.654433
114.654433
114.654433
114.654433
114.654433
114.654433
114.654433
114.654433
114.654433
114.654433
114.654433
114.654433
114.654433
114.654433
114.654433
114.654433
114.654433
114.654433
114.654433
114.654433
114.654433
114.654433
114.654433
114.654433
114.654433
114.654433
114.654433
114.654433
114.654433
114.654433
114.654433
114.654433
114.654433
114.654433
114.654433
114.654433
114.654433
114.654433
114.654433
114.654433
114.654433
114.654433
114.654433
114.654433
114.654433
114.654433
114.654433
114.654433
114.654433
114.654433
114.654433
114.654433
114.654433
114.654433
114.654433
114.654433
114.654433
114.654433
114.654433
114.654433
114.654433
114.654433
114.654433
114.654433
114.654433
114.654433
114.654433
114.654433
114.654433
114.654433
114.654433
114.654433
114.654433
114.654433
114.654433
114.654433
114.654433
114.654433
114.654433
114.654433
114.654433
114.654433
114.654433
114.654433
114.654433
114.654433
114.654433
114.654433
114.654433
114.654433
114.654433
114.654433
114.654433
114.654433
114.654433
114.654433
114.654433
114.654433
114.654433
114.654433
114.654433
114.654433
114.654433
114.654433
114.654433
114.654433
114.654433
114.654433
114.654433
114.654433
114.654433
114.654433
114.654433
114.654433
114.654433
114.654433
114.654433
114.654433
114.654433
114.654433
114.654433
114.654433
114.654433
114.654433
114.654433
114.654433
114.654433
114.654433
114.654433
114.654433
114.654433
114.654433
114.654433
114.654433
114.654433
114.654433
114.654433
114.654433
114.654433
114.654433
114.654433
114.654433
114.654433
114.654433
114.654433
114.654433
114.654433
114.654433
114.654433
114.654433
114.654433
114.654433
114.654433
114.654433
114.654433
114.654433
114.654433
114.654433
114.654433
114.654433
114.654433
114.654433
114.654433
114.654433
114.654433
114.654433
114.654433
114.654433
114.654433
114.654433
114.654433
114.654433
114.654433
114.654433
114.654433
114.654433
114.654433
114.654433
114.654433
114.654433
114.654433
114.654433
114.654433
114.654433
114.654433
114.654433
114.654433
114.654433
114.654433
114.654433
114.654433
114.654433
114.654433
114.654433
114.654433
114.654433
114.654433
114.654433
114.654433
114.654433
114.654433
114.654433
114.654433
114.654433
114.654433
114.654433
114.654433
114.654433
114.654433
114.654433
114.654433
114.654433
114.654433
114.654433
114.654433
114.654433
114.654433
114.654433
114.654433
114.654433
114.654433
114.654433
114.654433
114.654433
114.654433
114.654433
114.654433
114.654433
114.654433
114.654433
114.654433
114.654433
114.654433
114.654433
114.654433
114.654433
114.654433
114.654433
114.654433
114.654433
114.654433
114.654433
114.654433
114.654433
114.654433
114.654433
114.654433
114.654433
114.654433
114.654433
114.654433
114.654433
114.654433
114.654433
114.654433
114.654433
114.654433
114.654433
114.654433
114.654433
114.654433
114.654433
114.654433
114.654433
114.654433
114.654433
114.654433
114.654433
114.654433
114.654433
114.654433
114.654433
114.654433
114.654433
114.654433
114.654433
114.654433
114.654433
114.654433
114.654433
114.654433
114.654433
114.654433
114.654433
114.654433
114.654433
114.654433
114.654433
114.654433
114.654433
114.654433
114.654433
114.654433
114.654433
114.654433
114.654433
114.654433
114.654433
114.654433
114.654433
114.654433
114.654433
114.654433
114.654433
114.654433
114.654433
114.654433
114.654433
114.654433
114.654433
114.654433
114.654433
114.654433
114.654433
114.654433
114.654433
114.654433
114.654433
114.654433
114.654433
114.654433
114.654433
114.654433
114.654433
114.654433
114.654433
114.654433
114.654433
114.654433
114.654433
114.654433
114.654433
114.654433
114.654433
114.654433
114.654433
114.654433
114.654433
114.654433
114.654433
114.654433
114.654433
114.654433
114.654433
114.654433
114.654433
114.654433
114.654433
114.654433
114.654433
114.654433
114.654433
114.654433
114.654433
114.654433
114.654433
114.654433
114.654433
114.654433
114.654433
114.654433
114.654433
114.654433
114.654433
114.654433
114.654433
114.654433
114.654433
114.654433
114.654433
114.654433
114.654433
114.654433
114.654433
114.654433
114.654433
114.654433
114.654433
114.654433
114.654433
114.654433
114.654433
114.654433
114.654433
114.654433
114.654433
114.654433
114.654433
114.654433
114.654433
114.654433
114.654433
114.654433
114.654433
114.654433
114.654433
114.654433
114.654433
114.654433
114.654433
114.654433
114.654433
114.654433
114.654433
114.654433
114.654433
114.654433
114.654433
114.654433
114.654433
114.654433
114.654433
114.654433
114.654433
114.654433
114.654433
114.654433
114.654433
114.654433
114.654433
114.654433
114.654433
114.654433
114.654433
114.654433
114.654433
114.654433
114.654433
114.654433
114.654433
114.654433
114.654433
114.654433
114.654433
114.654433
114.654433
114.654433
114.654433
114.654433
114.654433
114.654433
114.654433
114.654433
114.654433
114.654433
114.654433
114.654433
114.654433
114.654433
114.654433
114.654433
114.654433
114.654433
114.654433
114.654433
114.654433
114.654433
114.654433
114.654433
114.654433
114.654433
114.654433
114.654433
114.654433
114.654433
114.654433
114.654433
114.654433
114.654433
114.654433
114.654433
114.654433
114.654433
114.654433
114.654433
114.654433
114.654433
114.654433
114.654433
114.654433
114.654433
114.654433
114.654433
114.654433
114.654433
114.654433
114.654433
114.654433
114.654433
114.654433
114.654433
114.654433
114.654433
114.654433
114.654433
114.654433
114.654433
114.654433
114.654433
114.654433
114.654433
114.654433
114.654433
114.654433
114.654433
114.654433
114.654433
114.654433
114.654433
114.654433
114.654433
114.654433
114.654433
114.654433
114.654433
114.654433
114.654433
114.654433
114.654433
114.654433
114.654433
114.654433
114.654433
114.654433
114.654433
114.654433
114.654433
114.654433
114.654433
114.654433
114.654433
114.654433
114.654433
114.654433
114.654433
114.654433
114.654433
114.654433
114.654433
114.654433
114.654433
114.654433
114.654433
114.654433
114.654433
114.654433
114.654433
114.654433
114.654433
114.654433
114.654433
114.654433
114.654433
114.654433
114.654433
114.654433
114.654433
114.654433
114.654433
114.654433
114.654433
114.654433
114.654433
114.654433
114.654433
114.654433
114.654433
114.654433
114.654433
114.654433
114.654433
114.654433
114.654433
114.654433
114.654433
114.654433
114.654433
114.654433
114.654433
114.654433
114.654433
114.654433
114.654433
114.654433
114.654433
114.654433
114.654433
114.654433
114.654433
114.654433
114.654433
114.654433
114.654433
114.654433
114.654433
114.654433
114.654433
114.654433
114.654433
114.654433
114.654433
114.654433
114.654433
114.654433
114.654433
114.654433
114.654433
114.654433
114.654433
114.654433
114.654433
114.654433
114.654433
114.654433
114.654433
114.654433
114.654433
114.654433
114.654433
114.654433
114.654433
114.654433
114.654433
114.654433
114.654433
114.654433
114.654433
114.654433
114.654433
114.654433
114.654433
114.654433
114.654433
114.654433
114.654433
114.654433
114.654433
114.654433
114.654433
114.654433
114.654433
114.654433
114.654433
114.654433
114.654433
114.654433
114.654433
114.654433
114.654433
114.654433
114.654433
114.654433
114.654433
114.654433
114.654433
114.654433
114.654433
114.654433
114.654433
114.654433
114.654433
114.654433
114.654433
114.654433
114.654433
114.654433
114.654433
114.654433
114.654433
114.654433
114.654433
114.654433
114.654433
114.654433
114.654433
114.654433
114.654433
114.654433
114.654433
114.654433
114.654433
114.654433
114.654433
114.654433
114.654433
114.654433
114.654433
114.654433
114.654433
114.654433
114.654433
114.654433
114.654433
114.654433
114.654433
114.654433
114.654433
114.654433
114.654433
114.654433
114.654433
114.654433
114.654433
114.654433
114.654433
114.654433
114.654433
114.654433
114.654433
114.654433
114.654433
114.654433
114.654433
114.654433
114.654433
114.654433
114.654433
114.654433
114.654433
114.654433
114.654433
114.654433
114.654433
114.654433
114.654433
114.654433
114.654433
114.654433
114.654433
114.654433
114.654433
114.654433
114.654433
114.654433
114.654433
114.654433
114.654433
114.654433
114.654433
114.654433
114.654433
114.654433
114.654433
114.654433
114.654433
114.654433
114.654433
114.654433
114.654433
114.654433
114.654433
114.654433
114.654433
114.654433
114.654433
114.654433
114.654433
114.654433
114.654433
114.654433
114.654433
114.654433
114.654433
114.654433
114.654433
114.654433
114.654433
114.654433
114.654433
114.654433
114.654433
114.654433
114.654433
114.654433
114.654433
114.654433
114.654433
114.654433
114.654433
114.654433
114.654433
114.654433
114.654433
114.654433
114.654433
114.654433
114.654433
114.654433
114.654433
114.654433
114.654433
114.654433
114.654433
114.654433
114.654433
114.654433
114.654433
114.654433
114.654433
114.654433
114.654433
114.654433
114.654433
114.654433
114.654433
114.654433
114.654433
114.654433
114.654433
114.654433
114.654433
114.654433
114.654433
114.654433
114.654433
114.654433
114.654433
114.654433
114.654433
114.654433
114.654433
114.654433
114.654433
114.654433
114.654433
114.654433
114.654433
114.654433
114.654433
114.654433
114.654433
114.654433
114.654433
114.654433
114.654433
114.654433
114.654433
114.654433
114.654433
114.654433
114.654433
114.654433
114.654433
114.654433
114.654433
114.654433
114.654433
114.654433
114.654433
114.654433
114.654433
114.654433
114.654433
114.654433
114.654433
114.654433
114.654433
114.654433
114.654433
114.654433
114.654433
114.654433
114.654433
114.654433
114.654433
114.654433
114.654433
114.654433
114.654433
114.654433
114.654433
114.654433
114.654433
114.654433
114.654433
114.654433
114.654433
114.654433
114.654433
114.654433
114.654433
114.654433
114.654433
114.654433
114.654433
114.654433
114.654433
114.654433
114.654433
114.654433
114.654433
114.654433
114.654433
114.654433
114.654433
114.654433
114.654433
114.654433
114.654433
114.654433
114.654433
114.654433
114.654433
114.654433
114.654433
114.654433
114.654433
114.654433
114.654433
114.654433
114.654433
114.654433
114.654433
114.654433
114.654433
114.654433
114.654433
114.654433
114.654433
114.654433
114.654433
114.654433
114.654433
114.654433
114.654433
114.654433
114.654433
114.654433
114.654433
114.654433
114.654433
114.654433
114.654433
114.654433
114.654433
114.654433
114.654433
114.654433
114.654433
114.654433
114.654433
114.654433
114.654433
114.654433
114.654433
114.654433
114.654433
114.654433
114.654433
114.654433
114.654433
114.654433
114.654433
114.654433
114.654433
114.654433
114.654433
114.654433
114.654433
114.654433
114.654433
114.654433
114.654433
114.654433
114.654433
114.654433
114.654433
114.654433
114.654433
114.654433
114.654433
114.654433
114.654433
114.654433
114.654433
114.654433
114.654433
114.654433
114.654433
114.654433
114.654433
114.654433
114.654433
114.654433
114.654433
114.654433
114.654433
114.654433
114.654433
114.654433
114.654433
114.654433
114.654433
114.654433
114.654433
114.654433
114.654433
114.654433
114.654433
114.654433
114.654433
114.654433
114.654433
114.654433
114.654433
114.654433
114.654433
114.654433
114.654433
114.654433
114.654433
114.654433
114.654433
114.654433
114.654433
114.654433
114.654433
114.654433
114.654433
114.654433
114.654433
114.654433
114.654433
114.654433
114.654433
114.654433
114.654433
114.654433
114.654433
114.654433
114.654433
114.654433
114.654433
114.654433
114.654433
114.654433
114.654433
114.654433
114.654433
114.654433
114.654433
114.654433
114.654433
114.654433
114.654433
114.654433
114.654433
114.654433
114.654433
114.654433
114.654433
114.654433
114.654433
114.654433
114.654433
114.654433
114.654433
114.654433
114.654433
114.654433
114.654433
114.654433
114.654433
114.654433
114.654433
114.654433
114.654433
114.654433
114.654433
114.654433
114.654433
114.654433
114.654433
114.654433
114.654433
114.654433
114.654433
114.654433
114.654433
114.654433
114.654433
114.654433
114.654433
114.654433
114.654433
114.654433
114.654433
114.654433
114.654433
114.654433
114.654433
114.654433
114.654433
114.654433
114.654433
114.654433
114.654433
114.654433
114.654433
114.654433
114.654433
114.654433
114.654433
114.654433
114.654433
114.654433
114.654433
114.654433
114.654433
114.654433
114.654433
114.654433
114.654433
114.654433
114.654433
114.654433
114.654433
114.654433
114.654433
114.654433
114.654433
114.654433
114.654433
114.654433
114.654433
114.654433
114.654433
114.654433
114.654433
114.654433
114.654433
114.654433
114.654433
114.654433
114.654433
114.654433
114.654433
114.654433
114.654433
114.654433
114.654433
114.654433
114.654433
114.654433
114.654433
114.654433
114.654433
114.654433
114.654433
114.654433
114.654433
114.654433
114.654433
114.654433
114.654433
114.654433
114.654433
114.654433
114.654433
114.654433
114.654433
114.654433
114.654433
114.654433
114.654433
114.654433
114.654433
114.654433
114.654433
114.654433
114.654433
114.654433
114.654433
114.654433
114.654433
114.654433
114.654433
114.654433
114.654433
114.654433
114.654433
114.654433
114.654433
114.654433
114.654433
114.654433
114.654433
114.654433
114.654433
114.654433
114.654433
114.654433
114.654433
114.654433
114.654433
114.654433
114.654433
114.654433
114.654433
114.654433
114.654433
114.654433
114.654433
114.654433
114.654433
114.654433
114.654433
114.654433
114.654433
114.654433
114.654433
114.654433
114.654433
114.654433
114.654433
114.654433
114.654433
114.654433
114.654433
114.654433
114.654433
114.654433
114.654433
114.654433
114.654433
114.654433
114.654433
114.654433
114.654433
114.654433
114.654433
114.654433
114.654433
114.654433
114.654433
114.654433
114.654433
114.654433
114.654433
114.654433
114.654433
114.654433
114.654433
114.654433
114.654433
114.654433
114.654433
114.654433
114.654433
114.654433
114.654433
114.654433
114.654433
114.654433
114.654433
114.654433
114.654433
114.654433
114.654433
114.654433
114.654433
114.654433
114.654433
114.654433
114.654433
114.654433
114.654433
114.654433
114.654433
114.654433
114.654433
114.654433
114.654433
114.654433
114.654433
114.654433
114.654433
114.654433
114.654433
114.654433
114.654433
114.654433
114.654433
114.654433
114.654433
114.654433
114.654433
114.654433
114.654433
114.654433
114.654433
114.654433
114.654433
114.654433
114.654433
114.654433
114.654433
114.654433
114.654433
114.654433
114.654433
114.654433
114.654433
114.654433
114.654433
114.654433
114.654433
114.654433
114.654433
114.654433
114.654433
114.654433
114.654433
114.654433
114.654433
114.654433
114.654433
114.654433
114.654433
114.654433
114.654433
114.654433
114.654433
114.654433
114.654433
114.654433
114.654433
114.654433
114.654433
114.654433
114.654433
114.654433
114.654433
114.654433
114.654433
114.654433
114.654433
114.654433
114.654433
114.654433
114.654433
114.654433
114.654433
114.654433
114.654433
114.654433
114.654433
114.654433
114.654433
114.654433
114.654433
114.654433
114.654433
114.654433
114.654433
114.654433
114.654433
114.654433
114.654433
114.654433
114.654433
114.654433
114.654433
114.654433
114.654433
114.654433
114.654433
114.654433
114.654433
114.654433
114.654433
114.654433
114.654433
114.654433
114.654433
114.654433
114.654433
114.654433
114.654433
114.654433
114.654433
114.654433
114.654433
114.654433
114.654433
114.654433
114.654433
114.654433
114.654433
114.654433
114.654433
114.654433
114.654433
114.654433
114.654433
114.654433
114.654433
114.654433
114.654433
114.654433
114.654433
114.654433
114.654433
114.654433
114.654433
114.654433
114.654433
114.654433
114.654433
114.654433
114.654433
114.654433
114.654433
114.654433
114.654433
114.654433
114.654433
114.654433
114.654433
114.654433
114.654433
114.654433
114.654433
114.654433
114.654433
114.654433
114.654433
114.654433
114.654433
114.654433
114.654433
114.654433
114.654433
114.654433
114.654433
114.654433
114.654433
114.654433
114.654433
114.654433
114.654433
114.654433
114.654433
114.654433
114.654433
114.654433
114.654433
114.654433
114.654433
114.654433
114.654433
114.654433
114.654433
114.654433
114.654433
114.654433
114.654433
114.654433
114.654433
114.654433
114.654433
114.654433
114.654433
114.654433
114.654433
114.654433
114.654433
114.654433
114.654433
114.654433
114.654433
114.654433
114.654433
114.654433
114.654433
114.654433
114.654433
114.654433
114.654433
114.654433
114.654433
114.654433
114.654433
114.654433
114.654433
114.654433
114.654433
114.654433
114.654433
114.654433
114.654433
114.654433
114.654433
114.654433
114.654433
114.654433
114.654433
114.654433
114.654433
114.654433
114.654433
114.654433
114.654433
114.654433
114.654433
114.654433
114.654433
114.654433
114.654433
114.654433
114.654433
114.654433
114.654433
114.654433
114.654433
114.654433
114.654433
114.654433
114.654433
114.654433
114.654433
114.654433
114.654433
114.654433
114.654433
114.654433
114.654433
114.654433
114.654433
114.654433
114.654433
114.654433
114.654433
114.654433
114.654433
114.654433
114.654433
114.654433
114.654433
114.654433
114.654433
114.654433
114.654433
114.654433
114.654433
114.654433
114.654433
114.654433
114.654433
114.654433
114.654433
114.654433
114.654433
114.654433
114.654433
114.654433
114.654433
114.654433
114.654433
114.654433
114.654433
114.654433
114.654433
114.654433
114.654433
114.654433
114.654433
114.654433
114.654433
114.654433
114.654433
114.654433
114.654433
114.654433
114.654433
114.654433
114.654433
114.654433
114.654433
114.654433
114.654433
114.654433
114.654433
114.654433
114.654433
114.654433
114.654433
114.654433
114.654433
114.654433
114.654433
114.654433
114.654433
114.654433
114.654433
114.654433
114.654433
114.654433
114.654433
114.654433
114.654433
114.654433
114.654433
114.654433
114.654433
114.654433
114.654433
114.654433
114.654433
114.654433
114.654433
114.654433
114.654433
114.654433
114.654433
114.654433
114.654433
114.654433
114.654433
114.654433
114.654433
114.654433
114.654433
114.654433
114.654433
114.654433
114.654433
114.654433
114.654433
114.654433
114.654433
114.654433
114.654433
114.654433
114.654433
114.654433
114.654433
114.654433
114.654433
114.654433
114.654433
114.654433
114.654433
114.654433
114.654433
114.654433
114.654433
114.654433
114.654433
114.654433
114.654433
114.654433
114.654433
114.654433
114.654433
114.654433
114.654433
114.654433
114.654433
114.654433
114.654433
114.654433
114.654433
114.654433
114.654433
114.654433
114.654433
114.654433
114.654433
114.654433
114.654433
114.654433
114.654433
114.654433
114.654433
114.654433
114.654433
114.654433
114.654433
114.654433
114.654433
114.654433
114.654433
114.654433
114.654433
114.654433
114.654433
114.654433
114.654433
114.654433
114.654433
114.654433
114.654433
114.654433
114.654433
114.654433
114.654433
114.654433
114.654433
114.654433
114.654433
114.654433
114.654433
114.654433
114.654433
114.654433
114.654433
114.654433
114.654433
114.654433
114.654433
114.654433
114.654433
114.654433
114.654433
114.654433
114.654433
114.654433
114.654433
114.654433
114.654433
114.654433
114.654433
114.654433
114.654433
114.654433
114.654433
114.654433
114.654433
114.654433
114.654433
114.654433
114.654433
114.654433
114.654433
114.654433
114.654433
114.654433
114.654433
114.654433
114.654433
114.654433
114.654433
114.654433
114.654433
114.654433
114.654433
114.654433
114.654433
114.654433
114.654433
114.654433
114.654433
114.654433
114.654433
114.654433
114.654433
114.654433
114.654433
114.654433
114.654433
114.654433
114.654433
114.654433
114.654433
114.654433
114.654433
114.654433
114.654433
114.654433
114.654433
114.654433
114.654433
114.654433
114.654433
114.654433
114.654433
114.654433
114.654433
114.654433
114.654433
114.654433
114.654433
114.654433
114.654433
114.654433
114.654433
114.654433
114.654433
114.654433
114.654433
114.654433
114.654433
114.654433
114.654433
114.654433
114.654433
114.654433
114.654433
114.654433
114.654433
114.654433
114.654433
114.654433
114.654433
114.654433
114.654433
114.654433
114.654433
114.654433
114.654433
114.654433
114.654433
114.654433
114.654433
114.654433
114.654433
114.654433
114.654433
114.654433
114.654433
114.654433
114.654433
114.654433
114.654433
114.654433
114.654433
114.654433
114.654433
114.654433
114.654433
114.654433
114.654433
114.654433
114.654433
114.654433
114.654433
114.654433
114.654433
114.654433
114.654433
114.654433
114.654433
114.654433
114.654433
114.654433
114.654433
114.654433
114.654433
114.654433
114.654433
114.654433
114.654433
114.654433
114.654433
114.654433
114.654433
114.654433
114.654433
114.654433
114.654433
114.654433
114.654433
114.654433
114.654433
114.654433
114.654433
114.654433
114.654433
114.654433
114.654433
114.654433
114.654433
114.654433
114.654433
114.654433
114.654433
114.654433
114.654433
114.654433
114.654433
114.654433
114.654433
114.654433
114.654433
114.654433
114.654433
114.654433
114.654433
114.654433
114.654433
114.654433
114.654433
114.654433
114.654433
114.654433
114.654433
114.654433
114.654433
114.654433
114.654433
114.654433
114.654433
114.654433
114.654433
114.654433
114.654433
114.654433
114.654433
114.654433
114.654433
114.654433
114.654433
114.654433
114.654433
114.654433
114.654433
114.654433
114.654433
114.654433
114.654433
114.654433
114.654433
114.654433
114.654433
114.654433
114.654433
114.654433
114.654433
114.654433
114.654433
114.654433
114.654433
114.654433
114.654433
114.654433
114.654433
114.654433
114.654433
114.654433
114.654433
114.654433
114.654433
114.654433
114.654433
114.654433
114.654433
114.654433
114.654433
114.654433
114.654433
114.654433
114.654433
114.654433
114.654433
114.654433
114.654433
114.654433
114.654433
114.654433
114.654433
114.654433
114.654433
114.654433
114.654433
114.654433
114.654433
114.654433
114.654433
114.654433
114.654433
114.654433
114.654433
114.654433
114.654433
114.654433
114.654433
114.654433
114.654433
114.654433
114.654433
114.654433
114.654433
114.654433
114.654433
114.654433
114.654433
114.654433
114.654433
114.654433
114.654433
114.654433
114.654433
114.654433
114.654433
114.654433
114.654433
114.654433
114.654433
114.654433
114.654433
114.654433
114.654433
114.654433
114.654433
114.654433
114.654433
114.654433
114.654433
114.654433
114.654433
114.654433
114.654433
114.654433
114.654433
114.654433
114.654433
114.654433
114.654433
114.654433
114.654433
114.654433
114.654433
114.654433
114.654433
114.654433
114.654433
114.654433
114.654433
114.654433
114.654433
114.654433
114.654433
114.654433
114.654433
114.654433
114.654433
114.654433
114.654433
114.654433
114.654433
114.654433
114.654433
114.654433
114.654433
114.654433
114.654433
114.654433
114.654433
114.654433
114.654433
114.654433
114.654433
114.654433
114.654433
114.654433
114.654433
114.654433
114.654433
114.654433
114.654433
114.654433
114.654433
114.654433
114.654433
114.654433
114.654433
114.654433
114.654433
114.654433
114.654433
114.654433
114.654433
114.654433
114.654433
114.654433
114.654433
114.654433
114.654433
114.654433
114.654433
114.654433
114.654433
114.654433
114.654433
114.654433
114.654433
114.654433
114.654433
114.654433
114.654433
114.654433
114.654433
114.654433
114.654433
114.654433
114.654433
114.654433
114.654433
114.654433
114.654433
114.654433
114.654433
114.654433
114.654433
114.654433
114.654433
114.654433
114.654433
114.654433
114.654433
114.654433
114.654433
114.654433
114.654433
114.654433
114.654433
114.654433
114.654433
114.654433
114.654433
114.654433
114.654433
114.654433
114.654433
114.654433
114.654433
114.654433
114.654433
114.654433
114.654433
114.654433
114.654433
114.654433
114.654433
114.654433
114.654433
114.654433
114.654433
114.654433
114.654433
114.654433
114.654433
114.654433
114.654433
114.654433
114.654433
114.654433
114.654433
114.654433
114.654433
114.654433
114.654433
114.654433
114.654433
114.654433
114.654433
114.654433
114.654433
114.654433
114.654433
114.654433
114.654433
114.654433
114.654433
114.654433
114.654433
114.654433
114.654433
114.654433
114.654433
114.654433
114.654433
114.654433
114.654433
114.654433
114.654433
114.654433
114.654433
114.654433
114.654433
114.654433
114.654433
114.654433
114.654433
114.654433
114.654433
114.654433
114.654433
114.654433
114.654433
114.654433
114.654433
114.654433
114.654433
114.654433
114.654433
114.654433
114.654433
114.654433
114.654433
114.654433
114.654433
114.654433
114.654433
114.654433
114.654433
114.654433
114.654433
114.654433
114.654433
114.654433
114.654433
114.654433
114.654433
114.654433
114.654433
114.654433
114.654433
114.654433
114.654433
114.654433
114.654433
114.654433
114.654433
114.654433
114.654433
114.654433
114.654433
114.654433
114.654433
114.654433
114.654433
114.654433
114.654433
114.654433
114.654433
114.654433
114.654433
114.654433
114.654433
114.654433
114.654433
114.654433
114.654433
114.654433
114.654433
114.654433
114.654433
114.654433
114.654433
114.654433
114.654433
114.654433
114.654433
114.654433
114.654433
114.654433
114.654433
114.654433
114.654433
114.654433
114.654433
114.654433
114.654433
114.654433
114.654433
114.654433
114.654433
114.654433
114.654433
114.654433
114.654433
114.654433
114.654433
114.654433
114.654433
114.654433
114.654433
114.654433
114.654433
114.654433
114.654433
114.654433
114.654433
114.654433
114.654433
114.654433
114.654433
114.654433
114.654433
114.654433
114.654433
114.654433
114.654433
114.654433
114.654433
114.654433
114.654433
114.654433
114.654433
114.654433
114.654433
114.654433
114.654433
114.654433
114.654433
114.654433
114.654433
114.654433
114.654433
114.654433
114.654433
114.654433
114.654433
114.654433
114.654433
114.654433
114.654433
114.654433
114.654433
114.654433
114.654433
114.654433
114.654433
114.654433
114.654433
114.654433
114.654433
114.654433
114.654433
114.654433
114.654433
114.654433
114.654433
114.654433
114.654433
114.654433
114.654433
114.654433
114.654433
114.654433
114.654433
114.654433
114.654433
114.654433
114.654433
114.654433
114.654433
114.654433
114.654433
114.654433
114.654433
114.654433
114.654433
114.654433
114.654433
114.654433
114.654433
114.654433
114.654433
114.654433
114.654433
114.654433
114.654433
114.654433
114.654433
114.654433
114.654433
114.654433
114.654433
114.654433
114.654433
114.654433
114.654433
114.654433
114.654433
114.654433
114.654433
114.654433
114.654433
114.654433
114.654433
114.654433
114.654433
114.654433
114.654433
114.654433
114.654433
114.654433
114.654433
114.654433
114.654433
114.654433
114.654433
114.654433
114.654433
114.654433
114.654433
114.654433
114.654433
114.654433
114.654433
114.654433
114.654433
114.654433
114.654433
114.654433
114.654433
114.654433
114.654433
114.654433
114.654433
114.654433
114.654433
114.654433
114.654433
114.654433
114.654433
114.654433
114.654433
114.654433
114.654433
114.654433
114.654433
114.654433
114.654433
114.654433
114.654433
114.654433
114.654433
114.654433
114.654433
114.654433
114.654433
114.654433
114.654433
114.654433
114.654433
114.654433
114.654433
114.654433
114.654433
114.654433
114.654433
114.654433
114.654433
114.654433
114.654433
114.654433
114.654433
114.654433
114.654433
114.654433
114.654433
114.654433
114.654433
114.654433
114.654433
114.654433
114.654433
114.654433
114.654433
114.654433
114.654433
114.654433
114.654433
114.654433
114.654433
114.654433
114.654433
114.654433
114.654433
114.654433
114.654433
114.654433
114.654433
114.654433
114.654433
114.654433
114.654433
114.654433
114.654433
114.654433
114.654433
114.654433
114.654433
114.654433
114.654433
114.654433
114.654433
114.654433
114.654433
114.654433
114.654433
114.654433
114.654433
114.654433
114.654433
114.654433
114.654433
114.654433
114.654433
114.654433
114.654433
114.654433
114.654433
114.654433
114.654433
114.654433
114.654433
114.654433
114.654433
114.654433
114.654433
114.654433
114.654433
114.654433
114.654433
114.654433
114.654433
114.654433
114.654433
114.654433
114.654433
114.654433
114.654433
114.654433
114.654433
114.654433
114.654433
114.654433
114.654433
114.654433
114.654433
114.654433
114.654433
114.654433
114.654433
114.654433
114.654433
114.654433
114.654433
114.654433
114.654433
114.654433
114.654433
114.654433
114.654433
114.654433
114.654433
114.654433
114.654433
114.654433
114.654433
114.654433
114.654433
114.654433
114.654433
114.654433
114.654433
114.654433
114.654433
114.654433
114.654433
114.654433
114.654433
114.654433
114.654433
114.654433
114.654433
114.654433
114.654433
114.654433
114.654433
114.654433
114.654433
114.654433
114.654433
114.654433
114.654433
114.654433
114.654433
114.654433
114.654433
114.654433
114.654433
114.654433
114.654433
114.654433
114.654433
114.654433
114.654433
114.654433
114.654433
114.654433
114.654433
114.654433
114.654433
114.654433
114.654433
114.654433
114.654433
114.654433
114.654433
114.654433
114.654433
114.654433
114.654433
114.654433
114.654433
114.654433
114.654433
114.654433
114.654433
114.654433
114.654433
114.654433
114.654433
114.654433
114.654433
114.654433
114.654433
114.654433
114.654433
114.654433
114.654433
114.654433
114.654433
114.654433
114.654433
114.654433
114.654433
114.654433
114.654433
114.654433
114.654433
114.654433
114.654433
114.654433
114.654433
114.654433
114.654433
114.654433
114.654433
114.654433
114.654433
114.654433
114.654433
114.654433
114.654433
114.654433
114.654433
114.654433
114.654433
114.654433
114.654433
114.654433
114.654433
114.654433
114.654433
114.654433
114.654433
114.654433
114.654433
114.654433
114.654433
114.654433
114.654433
114.654433
114.654433
114.654433
114.654433
114.654433
114.654433
114.654433
114.654433
114.654433
114.654433
114.654433
114.654433
114.654433
114.654433
114.654433
114.654433
114.654433
114.654433
114.654433
114.654433
114.654433
114.654433
114.654433
114.654433
114.654433
114.654433
114.654433
114.654433
114.654433
114.654433
114.654433
114.654433
114.654433
114.654433
114.654433
114.654433
114.654433
114.654433
114.654433
114.654433
114.654433
114.654433
114.654433
114.654433
114.654433
114.654433
114.654433
114.654433
114.654433
114.654433
114.654433
114.654433
114.654433
114.654433
114.654433
114.654433
114.654433
114.654433
114.654433
114.654433
114.654433
114.654433
114.654433
114.654433
114.654433
114.654433
114.654433
114.654433
114.654433
114.654433
114.654433
114.654433
114.654433
114.654433
114.654433
114.654433
114.654433
114.654433
114.654433
114.654433
114.654433
114.654433
114.654433
114.654433
114.654433
114.654433
114.654433
114.654433
114.654433
114.654433
114.654433
114.654433
114.654433
114.654433
114.654433
114.654433
114.654433
114.654433
114.654433
114.654433
114.654433
114.654433
114.654433
114.654433
114.654433
114.654433
114.654433
114.654433
114.654433
114.654433
114.654433
114.654433
114.654433
114.654433
114.654433
114.654433
114.654433
114.654433
114.654433
114.654433
114.654433
114.654433
114.654433
114.654433
114.654433
114.654433
114.654433
114.654433
114.654433
114.654433
114.654433
114.654433
114.654433
114.654433
114.654433
114.654433
114.654433
114.654433
114.654433
114.654433
114.654433
114.654433
114.654433
114.654433
114.654433
114.654433
114.654433
114.654433
114.654433
114.654433
114.654433
114.654433
114.654433
114.654433
114.654433
114.654433
114.654433
114.654433
114.654433
114.654433
114.654433
114.654433
114.654433
114.654433
114.654433
114.654433
114.654433
114.654433
114.654433
114.654433
114.654433
114.654433
114.654433
114.654433
114.654433
114.654433
114.654433
114.654433
114.654433
114.654433
114.654433
114.654433
114.654433
114.654433
114.654433
114.654433
114.654433
114.654433
114.654433
114.654433
114.654433
114.654433
114.654433
114.654433
114.654433
114.654433
114.654433
114.654433
114.654433
114.654433
114.654433
114.654433
114.654433
114.654433
114.654433
114.654433
114.654433
114.654433
114.654433
114.654433
114.654433
114.654433
114.654433
114.654433
114.654433
114.654433
114.654433
114.654433
114.654433
114.654433
114.654433
114.654433
114.654433
114.654433
114.654433
114.654433
114.654433
114.654433
114.654433
114.654433
114.654433
114.654433
114.654433
114.654433
114.654433
114.654433
114.654433
114.654433
114.654433
114.654433
114.654433
114.654433
114.654433
114.654433
114.654433
114.654433
114.654433
114.654433
114.654433
114.654433
114.654433
114.654433
114.654433
114.654433
114.654433
114.654433
114.654433
114.654433
114.654433
114.654433
114.654433
114.654433
114.654433
114.654433
114.654433
114.654433
114.654433
114.654433
114.654433
114.654433
114.654433
114.654433
114.654433
114.654433
114.654433
114.654433
114.654433
114.654433
114.654433
114.654433
114.654433
114.654433
114.654433
114.654433
114.654433
114.654433
114.654433
114.654433
114.654433
114.654433
114.654433
114.654433
114.654433
114.654433
114.654433
114.654433
114.654433
114.654433
114.654433
114.654433
114.654433
114.654433
114.654433
114.654433
114.654433
114.654433
114.654433
114.654433
114.654433
114.654433
114.654433
114.654433
114.654433
114.654433
114.654433
114.654433
114.654433
114.654433
114.654433
114.654433
114.654433
114.654433
114.654433
114.654433
114.654433
114.654433
114.654433
114.654433
114.654433
114.654433
114.654433
114.654433
114.654433
114.654433
114.654433
114.654433
114.654433
114.654433
114.654433
114.654433
114.654433
114.654433
114.654433
114.654433
114.654433
114.654433
114.654433
114.654433
114.654433
114.654433
114.654433
114.654433
114.654433
114.654433
114.654433
114.654433
114.654433
114.654433
114.654433
114.654433
114.654433
114.654433
114.654433
114.654433
114.654433
114.654433
114.654433
114.654433
114.654433
114.654433
114.654433
114.654433
114.654433
114.654433
114.654433
114.654433
114.654433
114.654433
114.654433
114.654433
114.654433
114.654433
114.654433
114.654433
114.654433
114.654433
114.654433
114.654433
114.654433
114.654433
114.654433
114.654433
114.654433
114.654433
114.654433
114.654433
114.654433
114.654433
114.654433
114.654433
114.654433
114.654433
114.654433
114.654433
114.654433
114.654433
114.654433
114.654433
114.654433
114.654433
114.654433
114.654433
114.654433
114.654433
114.654433
114.654433
114.654433
114.654433
114.654433
114.654433
114.654433
114.654433
114.654433
114.654433
114.654433
114.654433
114.654433
114.654433
114.654433
114.654433
114.654433
114.654433
114.654433
114.654433
114.654433
114.654433
114.654433
114.654433
114.654433
114.654433
114.654433
114.654433
114.654433
114.654433
114.654433
114.654433
114.654433
114.654433
114.654433
114.654433
114.654433
114.654433
114.654433
114.654433
114.654433
114.654433
114.654433
114.654433
114.654433
114.654433
114.654433
114.654433
114.654433
114.654433
114.654433
114.654433
114.654433
114.654433
114.654433
114.654433
114.654433
114.654433
114.654433
114.654433
114.654433
114.654433
114.654433
114.654433
114.654433
114.654433
114.654433
114.654433
114.654433
114.654433
114.654433
114.654433
114.654433
114.654433
114.654433
114.654433
114.654433
114.654433
114.654433
114.654433
114.654433
114.654433
114.654433
114.654433
114.654433
114.654433
114.654433
114.654433
114.654433
114.654433
114.654433
114.654433
114.654433
114.654433
114.654433
114.654433
114.654433
114.654433
114.654433
114.654433
114.654433
114.654433
114.654433
114.654433
114.654433
114.654433
114.654433
114.654433
114.654433
114.654433
114.654433
114.654433
114.654433
114.654433
114.654433
114.654433
114.654433
114.654433
114.654433
114.654433
114.654433
114.654433
114.654433
114.654433
114.654433
114.654433
114.654433
114.654433
114.654433
114.654433
114.654433
114.654433
114.654433
114.654433
114.654433
114.654433
114.654433
114.654433
114.654433
114.654433
114.654433
114.654433
114.654433
114.654433
114.654433
114.654433
114.654433
114.654433
114.654433
114.654433
114.654433
114.654433
114.654433
114.654433
114.654433
114.654433
114.654433
114.654433
114.654433
114.654433
114.654433
114.654433
114.654433
114.654433
114.654433
114.654433
114.654433
114.654433
114.654433
114.654433
114.654433
114.654433
114.654433
114.654433
114.654433
114.654433
114.654433
114.654433
114.654433
114.654433
114.654433
114.654433
114.654433
114.654433
114.654433
114.654433
114.654433
114.654433
114.654433
114.654433
114.654433
114.654433
114.654433
114.654433
114.654433
114.654433
114.654433
114.654433
114.654433
114.654433
114.654433
114.654433
114.654433
114.654433
114.654433
114.654433
114.654433
114.654433
114.654433
114.654433
114.654433
114.654433
114.654433
114.654433
114.654433
114.654433
114.654433
114.654433
114.654433
114.654433
114.654433
114.654433
114.654433
114.654433
114.654433
114.654433
114.654433
114.654433
114.654433
114.654433
114.654433
114.654433
114.654433
114.654433
114.654433
114.654433
114.654433
114.654433
114.654433
114.654433
114.654433
114.654433
114.654433
114.654433
114.654433
114.654433
114.654433
114.654433
114.654433
114.654433
114.654433
114.654433
114.654433
114.654433
114.654433
114.654433
114.654433
114.654433
114.654433
114.654433
114.654433
114.654433
114.654433
114.654433
114.654433
114.654433
114.654433
114.654433
114.654433
114.654433
114.654433
114.654433
114.654433
114.654433
114.654433
114.654433
114.654433
114.654433
114.654433
114.654433
114.654433
114.654433
114.654433
114.654433
114.654433
114.654433
114.654433
114.654433
114.654433
114.654433
114.654433
114.654433
114.654433
114.654433
114.654433
114.654433
114.654433
114.654433
114.654433
114.654433
114.654433
114.654433
114.654433
114.654433
114.654433
114.654433
114.654433
114.654433
114.654433
114.654433
114.654433
114.654433
114.654433
114.654433
114.654433
114.654433
114.654433
114.654433
114.654433
114.654433
114.654433
114.654433
114.654433
114.654433
114.654433
114.654433
114.654433
114.654433
114.654433
114.654433
114.654433
114.654433
114.654433
114.654433
114.654433
114.654433
114.654433
114.654433
114.654433
114.654433
114.654433
114.654433
114.654433
114.654433
114.654433
114.654433
114.654433
114.654433
114.654433
114.654433
114.654433
114.654433
114.654433
114.654433
114.654433
114.654433
114.654433
114.654433
114.654433
114.654433
114.654433
114.654433
114.654433
114.654433
114.654433
114.654433
114.654433
114.654433
114.654433
114.654433
114.654433
114.654433
114.654433
114.654433
114.654433
114.654433
114.654433
114.654433
114.654433
114.654433
114.654433
114.654433
114.654433
114.654433
114.654433
114.654433
114.654433
114.654433
114.654433
114.654433
114.654433
114.654433
114.654433
114.654433
114.654433
114.654433
114.654433
114.654433
114.654433
114.654433
114.654433
114.654433
114.654433
114.654433
114.654433
114.654433
114.654433
114.654433
114.654433
114.654433
114.654433
114.654433
114.654433
114.654433
114.654433
114.654433
114.654433
114.654433
114.654433
114.654433
114.654433
114.654433
114.654433
114.654433
114.654433
114.654433
114.654433
114.654433
114.654433
114.654433
114.654433
114.654433
114.654433
114.654433
114.654433
114.654433
114.654433
114.654433
114.654433
114.654433
114.654433
114.654433
114.654433
114.654433
114.654433
114.654433
114.654433
114.654433
114.654433
114.654433
114.654433
114.654433
114.654433
114.654433
114.654433
114.654433
114.654433
114.654433
114.654433
114.654433
114.654433
114.654433
114.654433
114.654433
114.654433
114.654433
114.654433
114.654433
114.654433
114.654433
114.654433
114.654433
114.654433
114.654433
114.654433
114.654433
114.654433
114.654433
114.654433
114.654433
114.654433
114.654433
114.654433
114.654433
114.654433
114.654433
114.654433
114.654433
114.654433
114.654433
114.654433
114.654433
114.654433
114.654433
114.654433
114.654433
114.654433
114.654433
114.654433
114.654433
114.654433
114.654433
114.654433
114.654433
114.654433
114.654433
114.654433
114.654433
114.654433
114.654433
114.654433
114.654433
114.654433
114.654433
114.654433
114.654433
114.654433
114.654433
114.654433
114.654433
114.654433
114.654433
114.654433
114.654433
114.654433
114.654433
114.654433
114.654433
114.654433
114.654433
114.654433
114.654433
114.654433
114.654433
114.654433
114.654433
114.654433
114.654433
114.654433
114.654433
114.654433
114.654433
114.654433
114.654433
114.654433
114.654433
114.654433
114.654433
114.654433
114.654433
114.654433
114.654433
114.654433
114.654433
114.654433
114.654433
114.654433
114.654433
114.654433
114.654433
114.654433
114.654433
114.654433
114.654433
114.654433
114.654433
114.654433
114.654433
114.654433
114.654433
114.654433
114.654433
114.654433
114.654433
114.654433
114.654433
114.654433
114.654433
114.654433
114.654433
114.654433
114.654433
114.654433
114.654433
114.654433
114.654433
114.654433
114.654433
114.654433
114.654433
114.654433
114.654433
114.654433
114.654433
114.654433
114.654433
114.654433
114.654433
114.654433
114.654433
114.654433
114.654433
114.654433
114.654433
114.654433
114.654433
114.654433
114.654433
114.654433
114.654433
114.654433
114.654433
114.654433
114.654433
114.654433
114.654433
114.654433
114.654433
114.654433
114.654433
114.654433
114.654433
114.654433
114.654433
114.654433
114.654433
114.654433
114.654433
114.654433
114.654433
114.654433
114.654433
114.654433
114.654433
114.654433
114.654433
114.654433
114.654433
114.654433
114.654433
114.654433
114.654433
114.654433
114.654433
114.654433
114.654433
114.654433
114.654433
114.654433
114.654433
114.654433
114.654433
114.654433
114.654433
114.654433
114.654433
114.654433
114.654433
114.654433
114.654433
114.654433
114.654433
114.654433
114.654433
114.654433
114.654433
114.654433
114.654433
114.654433
114.654433
114.654433
114.654433
114.654433
114.654433
114.654433
114.654433
114.654433
114.654433
114.654433
114.654433
114.654433
114.654433
114.654433
114.654433
114.654433
114.654433
114.654433
114.654433
114.654433
114.654433
114.654433
114.654433
114.654433
114.654433
114.654433
114.654433
114.654433
114.654433
114.654433
114.654433
114.654433
114.654433
114.654433
114.654433
114.654433
114.654433
114.654433
114.654433
114.654433
114.654433
114.654433
114.654433
114.654433
114.654433
114.654433
114.654433
114.654433
114.654433
114.654433
114.654433
114.654433
114.654433
114.654433
114.654433
114.654433
114.654433
114.654433
114.654433
114.654433
114.654433
114.654433
114.654433
114.654433
114.654433
114.654433
114.654433
114.654433
114.654433
114.654433
114.654433
114.654433
114.654433
114.654433
114.654433
114.654433
114.654433
114.654433
114.654433
114.654433
114.654433
114.654433
114.654433
114.654433
114.654433
114.654433
114.654433
114.654433
114.654433
114.654433
114.654433
114.654433
114.654433
114.654433
114.654433
114.654433
114.654433
114.654433
114.654433
114.654433
114.654433
114.654433
114.654433
114.654433
114.654433
114.654433
114.654433
114.654433
114.654433
114.654433
114.654433
114.654433
114.654433
114.654433
114.654433
114.654433
114.654433
114.654433
114.654433
114.654433
114.654433
114.654433
114.654433
114.654433
114.654433
114.654433
114.654433
114.654433
114.654433
114.654433
114.654433
114.654433
114.654433
114.654433
114.654433
114.654433
114.654433
114.654433
114.654433
114.654433
114.654433
114.654433
114.654433
114.654433
114.654433
114.654433
114.654433
114.654433
114.654433
114.654433
114.654433
114.654433
114.654433
114.654433
114.654433
114.654433
114.654433
114.654433
114.654433
114.654433
114.654433
114.654433
114.654433
114.654433
114.654433
114.654433
114.654433
114.654433
114.654433
114.654433
114.654433
114.654433
114.654433
114.654433
114.654433
114.654433
114.654433
114.654433
114.654433
114.654433
114.654433
114.654433
114.654433
114.654433
114.654433
114.654433
114.654433
114.654433
114.654433
114.654433
114.654433
114.654433
114.654433
114.654433
114.654433
114.654433
114.654433
114.654433
114.654433
114.654433
114.654433
114.654433
114.654433
114.654433
114.654433
114.654433
114.654433
114.654433
114.654433
114.654433
114.654433
114.654433
114.654433
114.654433
114.654433
114.654433
114.654433
114.654433
114.654433
114.654433
114.654433
114.654433
114.654433
114.654433
114.654433
114.654433
114.654433
114.654433
114.654433
114.654433
114.654433
114.654433
114.654433
114.654433
114.654433
114.654433
114.654433
114.654433
114.654433
114.654433
114.654433
114.654433
114.654433
114.654433
114.654433
114.654433
114.654433
114.654433
114.654433
114.654433
114.654433
114.654433
114.654433
114.654433
114.654433
114.654433
114.654433
114.654433
114.654433
114.654433
114.654433
114.654433
114.654433
114.654433
114.654433
114.654433
114.654433
114.654433
114.654433
114.654433
114.654433
114.654433
114.654433
114.654433
114.654433
114.654433
114.654433
114.654433
114.654433
114.654433
114.654433
114.654433
114.654433
114.654433
114.654433
114.654433
114.654433
114.654433
114.654433
114.654433
114.654433
114.654433
114.654433
114.654433
114.654433
114.654433
114.654433
114.654433
114.654433
114.654433
114.654433
114.654433
114.654433
114.654433
114.654433
114.654433
114.654433
114.654433
114.654433
114.654433
114.654433
114.654433
114.654433
114.654433
114.654433
114.654433
114.654433
114.654433
114.654433
114.654433
114.654433
114.654433
114.654433
114.654433
114.654433
114.654433
114.654433
114.654433
114.654433
114.654433
114.654433
114.654433
114.654433
114.654433
114.654433
114.654433
114.654433
114.654433
114.654433
114.654433
114.654433
114.654433
114.654433
114.654433
114.654433
114.654433
114.654433
114.654433
114.654433
114.654433
114.654433
114.654433
114.654433
114.654433
114.654433
114.654433
114.654433
114.654433
114.654433
114.654433
114.654433
114.654433
114.654433
114.654433
114.654433
114.654433
114.654433
114.654433
114.654433
114.654433
114.654433
114.654433
114.654433
114.654433
114.654433
114.654433
114.654433
114.654433
114.654433
114.654433
114.654433
114.654433
114.654433
114.654433
114.654433
114.654433
114.654433
114.654433
114.654433
114.654433
114.654433
114.654433
114.654433
114.654433
114.654433
114.654433
114.654433
114.654433
114.654433
114.654433
114.654433
114.654433
114.654433
114.654433
114.654433
114.654433
114.654433
114.654433
114.654433
114.654433
114.654433
114.654433
114.654433
114.654433
114.654433
114.654433
114.654433
114.654433
114.654433
114.654433
114.654433
114.654433
114.654433
114.654433
114.654433
114.654433
114.654433
114.654433
114.654433
114.654433
114.654433
114.654433
114.654433
114.654433
114.654433
114.654433
114.654433
114.654433
114.654433
114.654433
114.654433
114.654433
114.654433
114.654433
114.654433
114.654433
114.654433
114.654433
114.654433
114.654433
114.654433
114.654433
114.654433
114.654433
114.654433
114.654433
114.654433
114.654433
114.654433
114.654433
114.654433
114.654433
114.654433
114.654433
114.654433
114.654433
114.654433
114.654433
114.654433
114.654433
114.654433
114.654433
114.654433
114.654433
114.654433
114.654433
114.654433
114.654433
114.654433
114.654433
114.654433
114.654433
114.654433
114.654433
114.654433
114.654433
114.654433
114.654433
114.654433
114.654433
114.654433
114.654433
114.654433
114.654433
114.654433
114.654433
114.654433
114.654433
114.654433
114.654433
114.654433
114.654433
114.654433
114.654433
114.654433
114.654433
114.654433
114.654433
114.654433
114.654433
114.654433
114.654433
114.654433
114.654433
114.654433
114.654433
114.654433
114.654433
114.654433
114.654433
114.654433
114.654433
114.654433
114.654433
114.654433
114.654433
114.654433
114.654433
114.654433
114.654433
114.654433
114.654433
114.654433
114.654433
114.654433
114.654433
114.654433
114.654433
114.654433
114.654433
114.654433
114.654433
114.654433
114.654433
114.654433
114.654433
114.654433
114.654433
114.654433
114.654433
114.654433
114.654433
114.654433
114.654433
114.654433
114.654433
114.654433
114.654433
114.654433
114.654433
114.654433
114.654433
114.654433
114.654433
114.654433
114.654433
114.654433
114.654433
114.654433
114.654433
114.654433
114.654433
114.654433
114.654433
114.654433
114.654433
114.654433
114.654433
114.654433
114.654433
114.654433
114.654433
114.654433
114.654433
114.654433
114.654433
114.654433
114.654433
114.654433
114.654433
114.654433
114.654433
114.654433
114.654433
114.654433
114.654433
114.654433
114.654433
114.654433
114.654433
114.654433
114.654433
114.654433
114.654433
114.654433
114.654433
114.654433
114.654433
114.654433
114.654433
114.654433
114.654433
114.654433
114.654433
114.654433
114.654433
114.654433
114.654433
114.654433
114.654433
114.654433
114.654433
114.654433
114.654433
114.654433
114.654433
114.654433
114.654433
114.654433
114.654433
114.654433
114.654433
114.654433
114.654433
114.654433
114.654433
114.654433
114.654433
114.654433
114.654433
114.654433
114.654433
114.654433
114.654433
114.654433
114.654433
114.654433
114.654433
114.654433
114.654433
114.654433
114.654433
114.654433
114.654433
114.654433
114.654433
114.654433
114.654433
114.654433
114.654433
114.654433
114.654433
114.654433
114.654433
114.654433
114.654433
114.654433
114.654433
114.654433
114.654433
114.654433
114.654433
114.654433
114.654433
114.654433
114.654433
114.654433
114.654433
114.654433
114.654433
114.654433
114.654433
114.654433
114.654433
114.654433
114.654433
114.654433
114.654433
114.654433
114.654433
114.654433
114.654433
114.654433
114.654433
114.654433
114.654433
114.654433
114.654433
114.654433
114.654433
114.654433
114.654433
114.654433
114.654433
114.654433
114.654433
114.654433
114.654433
114.654433
114.654433
114.654433
114.654433
114.654433
114.654433
114.654433
114.654433
114.654433
114.654433
114.654433
114.654433
114.654433
114.654433
114.654433
114.654433
114.654433
114.654433
114.654433
114.654433
114.654433
114.654433
114.654433
114.654433
114.654433
114.654433
114.654433
114.654433
114.654433
114.654433
114.654433
114.654433
114.654433
114.654433
114.654433
114.654433
114.654433
114.654433
114.654433
114.654433
114.654433
114.654433
114.654433
114.654433
114.654433
114.654433
114.654433
114.654433
114.654433
114.654433
114.654433
114.654433
114.654433
114.654433
114.654433
114.654433
114.654433
114.654433
114.654433
114.654433
114.654433
114.654433
114.654433
114.654433
114.654433
114.654433
114.654433
114.654433
114.654433
114.654433
114.654433
114.654433
114.654433
114.654433
114.654433
114.654433
114.654433
114.654433
114.654433
114.654433
114.654433
114.654433
114.654433
114.654433
114.654433
114.654433
114.654433
114.654433
114.654433
114.654433
114.654433
114.654433
114.654433
114.654433
114.654433
114.654433
114.654433
114.654433
114.654433
114.654433
114.654433
114.654433
114.654433
114.654433
114.654433
114.654433
114.654433
114.654433
114.654433
114.654433
114.654433
114.654433
114.654433
114.654433
114.654433
114.654433
114.654433
114.654433
114.654433
114.654433
114.654433
114.654433
114.654433
114.654433
114.654433
114.654433
114.654433
114.654433
114.654433
114.654433
114.654433
114.654433
114.654433
114.654433
114.654433
114.654433
114.654433
114.654433
114.654433
114.654433
114.654433
114.654433
114.654433
114.654433
114.654433
114.654433
114.654433
114.654433
114.654433
114.654433
114.654433
114.654433
114.654433
114.654433
114.654433
114.654433
114.654433
114.654433
114.654433
114.654433
114.654433
114.654433
114.654433
114.654433
114.654433
114.654433
114.654433
114.654433
114.654433
114.654433
114.654433
114.654433
114.654433
114.654433
114.654433
114.654433
114.654433
114.654433
114.654433
114.654433
114.654433
114.654433
114.654433
114.654433
114.654433
114.654433
114.654433
114.654433
114.654433
114.654433
114.654433
114.654433
114.654433
114.654433
114.654433
114.654433
114.654433
114.654433
114.654433
114.654433
114.654433
114.654433
114.654433
114.654433
114.654433
114.654433
114.654433
114.654433
114.654433
114.654433
114.654433
114.654433
114.654433
114.654433
114.654433
114.654433
114.654433
114.654433
114.654433
114.654433
114.654433
114.654433
114.654433
114.654433
114.654433
114.654433
114.654433
114.654433
114.654433
114.654433
114.654433
114.654433
114.654433
114.654433
114.654433
114.654433
114.654433
114.654433
114.654433
114.654433
114.654433
114.654433
114.654433
114.654433
114.654433
114.654433
114.654433
114.654433
114.654433
114.654433
114.654433
114.654433
114.654433
114.654433
114.654433
114.654433
114.654433
114.654433
114.654433
114.654433
114.654433
114.654433
114.654433
114.654433
114.654433
114.654433
114.654433
114.654433
114.654433
114.654433
114.654433
114.654433
114.654433
114.654433
114.654433
114.654433
114.654433
114.654433
114.654433
114.654433
114.654433
114.654433
114.654433
114.654433
114.654433
114.654433
114.654433
114.654433
114.654433
114.654433
114.654433
114.654433
114.654433
114.654433
114.654433
114.654433
114.654433
114.654433
114.654433
114.654433
114.654433
114.654433
114.654433
114.654433
114.654433
114.654433
114.654433
114.654433
114.654433
114.654433
114.654433
114.654433
114.654433
114.654433
114.654433
114.654433
114.654433
114.654433
114.654433
114.654433
114.654433
114.654433
114.654433
114.654433
114.654433
114.654433
114.654433
114.654433
114.654433
114.654433
114.654433
114.654433
114.654433
114.654433
114.654433
114.654433
114.654433
114.654433
114.654433
114.654433
114.654433
114.654433
114.654433
114.654433
114.654433
114.654433
114.654433
114.654433
114.654433
114.654433
114.654433
114.654433
114.654433
114.654433
114.654433
114.654433
114.654433
114.654433
114.654433
114.654433
114.654433
114.654433
114.654433
114.654433
114.654433
114.654433
114.654433
114.654433
114.654433
114.654433
114.654433
114.654433
114.654433
114.654433
114.654433
114.654433
114.654433
114.654433
114.654433
114.654433
114.654433
114.654433
114.654433
114.654433
114.654433
114.654433
114.654433
114.654433
114.654433
114.654433
114.654433
114.654433
114.654433
114.654433
114.654433
114.654433
114.654433
114.654433
114.654433
114.654433
114.654433
114.654433
114.654433
114.654433
114.654433
114.654433
114.654433
114.654433
114.654433
114.654433
114.654433
114.654433
114.654433
114.654433
114.654433
114.654433
114.654433
114.654433
114.654433
114.654433
114.654433
114.654433
114.654433
114.654433
114.654433
114.654433
114.654433
114.654433
114.654433
114.654433
114.654433
114.654433
114.654433
114.654433
114.654433
114.654433
114.654433
114.654433
114.654433
114.654433
114.654433
114.654433
114.654433
114.654433
114.654433
114.654433
114.654433
114.654433
114.654433
114.654433
114.654433
114.654433
114.654433
114.654433
114.654433
114.654433
114.654433
114.654433
114.654433
114.654433
114.654433
114.654433
114.654433
114.654433
114.654433
114.654433
114.654433
114.654433
114.654433
114.654433
114.654433
114.654433
114.654433
114.654433
114.654433
114.654433
114.654433
114.654433
114.654433
114.654433
114.654433
114.654433
114.654433
114.654433
114.654433
114.654433
114.654433
114.654433
114.654433
114.654433
114.654433
114.654433
114.654433
114.654433
114.654433
114.654433
114.654433
114.654433
114.654433
114.654433
114.654433
114.654433
114.654433
114.654433
114.654433
114.654433
114.654433
114.654433
114.654433
114.654433
114.654433
114.654433
114.654433
114.654433
114.654433
114.654433
114.654433
114.654433
114.654433
114.654433
114.654433
114.654433
114.654433
114.654433
114.654433
114.654433
114.654433
114.654433
114.654433
114.654433
114.654433
114.654433
114.654433
114.654433
114.654433
114.654433
114.654433
114.654433
114.654433
114.654433
114.654433
114.654433
114.654433
114.654433
114.654433
114.654433
114.654433
114.654433
114.654433
114.654433
114.654433
114.654433
114.654433
114.654433
114.654433
114.654433
114.654433
114.654433
114.654433
114.654433
114.654433
114.654433
114.654433
114.654433
114.654433
114.654433
114.654433
114.654433
114.654433
114.654433
114.654433
114.654433
114.654433
114.654433
114.654433
114.654433
114.654433
114.654433
114.654433
114.654433
114.654433
114.654433
114.654433
114.654433
114.654433
114.654433
114.654433
114.654433
114.654433
114.654433
114.654433
114.654433
114.654433
114.654433
114.654433
114.654433
114.654433
114.654433
114.654433
114.654433
114.654433
114.654433
114.654433
114.654433
114.654433
114.654433
114.654433
114.654433
114.654433
114.654433
114.654433
114.654433
114.654433
114.654433
114.654433
114.654433
114.654433
114.654433
114.654433
114.654433
114.654433
114.654433
114.654433
114.654433
114.654433
114.654433
114.654433
114.654433
114.654433
114.654433
114.654433
114.654433
114.654433
114.654433
114.654433
114.654433
114.654433
114.654433
114.654433
114.654433
114.654433
114.654433
114.654433
114.654433
114.654433
114.654433
114.654433
114.654433
114.654433
114.654433
114.654433
114.654433
114.654433
114.654433
114.654433
114.654433
114.654433
114.654433
114.654433
114.654433
114.654433
114.654433
114.654433
114.654433
114.654433
114.654433
114.654433
114.654433
114.654433
114.654433
114.654433
114.654433
114.654433
114.654433
114.654433
114.654433
114.654433
114.654433
114.654433
114.654433
114.654433
114.654433
114.654433
114.654433
114.654433
114.654433
114.654433
114.654433
114.654433
114.654433
114.654433
114.654433
114.654433
114.654433
114.654433
114.654433
114.654433
114.654433
114.654433
114.654433
114.654433
114.654433
114.654433
114.654433
114.654433
114.654433
114.654433
114.654433
114.654433
114.654433
114.654433
114.654433
114.654433
114.654433
114.654433
114.654433
114.654433
114.654433
114.654433
114.654433
114.654433
114.654433
114.654433
114.654433
114.654433
114.654433
114.654433
114.654433
114.654433
114.654433
114.654433
114.654433
114.654433
114.654433
114.654433
114.654433
114.654433
114.654433
114.654433
114.654433
114.654433
114.654433
114.654433
114.654433
114.654433
114.654433
114.654433
114.654433
114.654433
114.654433
114.654433
114.654433
114.654433
114.654433
114.654433
114.654433
114.654433
114.654433
114.654433
114.654433
114.654433
114.654433
114.654433
114.654433
114.654433
114.654433
114.654433
114.654433
114.654433
114.654433
114.654433
114.654433
114.654433
114.654433
114.654433
114.654433
114.654433
114.654433
114.654433
114.654433
114.654433
114.654433
114.654433
114.654433
114.654433
114.654433
114.654433
114.654433
114.654433
114.654433
114.654433
114.654433
114.654433
114.654433
114.654433
114.654433
114.654433
114.654433
114.654433
114.654433
114.654433
114.654433
114.654433
114.654433
114.654433
114.654433
114.654433
114.654433
114.654433
114.654433
114.654433
114.654433
114.654433
114.654433
114.654433
114.654433
114.654433
114.654433
114.654433
114.654433
114.654433
114.654433
114.654433
114.654433
114.654433
114.654433
114.654433
114.654433
114.654433
114.654433
114.654433
114.654433
114.654433
114.654433
114.654433
114.654433
114.654433
114.654433
114.654433
114.654433
114.654433
114.654433
114.654433
114.654433
114.654433
114.654433
114.654433
114.654433
114.654433
114.654433
114.654433
114.654433
114.654433
114.654433
114.654433
114.654433
114.654433
114.654433
114.654433
114.654433
114.654433
114.654433
114.654433
114.654433
114.654433
114.654433
114.654433
114.654433
114.654433
114.654433
114.654433
114.654433
114.654433
114.654433
114.654433
114.654433
114.654433
114.654433
114.654433
114.654433
114.654433
114.654433
114.654433
114.654433
114.654433
114.654433
114.654433
114.654433
114.654433
114.654433
114.654433
114.654433
114.654433
114.654433
114.654433
114.654433
114.654433
114.654433
114.654433
114.654433
114.654433
114.654433
114.654433
114.654433
114.654433
114.654433
114.654433
114.654433
114.654433
114.654433
114.654433
114.654433
114.654433
114.654433
114.654433
114.654433
114.654433
114.654433
114.654433
114.654433
114.654433
114.654433
114.654433
114.654433
114.654433
114.654433
114.654433
114.654433
114.654433
114.654433
114.654433
114.654433
114.654433
114.654433
114.654433
114.654433
114.654433
114.654433
114.654433
114.654433
114.654433
114.654433
114.654433
114.654433
114.654433
114.654433
114.654433
114.654433
114.654433
114.654433
114.654433
114.654433
114.654433
114.654433
114.654433
114.654433
114.654433
114.654433
114.654433
114.654433
114.654433
114.654433
114.654433
114.654433
114.654433
114.654433
114.654433
114.654433
114.654433
114.654433
114.654433
114.654433
114.654433
114.654433
114.654433
114.654433
114.654433
114.654433
114.654433
114.654433
114.654433
114.654433
114.654433
114.654433
114.654433
114.654433
114.654433
114.654433
114.654433
114.654433
114.654433
114.654433
114.654433
114.654433
114.654433
114.654433
114.654433
114.654433
114.654433
114.654433
114.654433
114.654433
114.654433
114.654433
114.654433
114.654433
114.654433
114.654433
114.654433
114.654433
114.654433
114.654433
114.654433
114.654433
114.654433
114.654433
114.654433
114.654433
114.654433
114.654433
114.654433
114.654433
114.654433
114.654433
114.654433
114.654433
114.654433
114.654433
114.654433
114.654433
114.654433
114.654433
114.654433
114.654433
114.654433
114.654433
114.654433
114.654433
114.654433
114.654433
114.654433
114.654433
114.654433
114.654433
114.654433
114.654433
114.654433
114.654433
114.654433
114.654433
114.654433
114.654433
114.654433
114.654433
114.654433
114.654433
114.654433
114.654433
114.654433
114.654433
114.654433
114.654433
114.654433
114.654433
114.654433
114.654433
114.654433
114.654433
114.654433
114.654433
114.654433
114.654433
114.654433
114.654433
114.654433
114.654433
114.654433
114.654433
114.654433
114.654433
114.654433
114.654433
114.654433
114.654433
114.654433
114.654433
114.654433
114.654433
114.654433
114.654433
114.654433
114.654433
114.654433
114.654433
114.654433
114.654433
114.654433
114.654433
114.654433
114.654433
114.654433
114.654433
114.654433
114.654433
114.654433
114.654433
114.654433
114.654433
114.654433
114.654433
114.654433
114.654433
114.654433
114.654433
114.654433
114.654433
114.654433
114.654433
114.654433
114.654433
114.654433
114.654433
114.654433
114.654433
114.654433
114.654433
114.654433
114.654433
114.654433
114.654433
114.654433
114.654433
114.654433
114.654433
114.654433
114.654433
114.654433
114.654433
114.654433
114.654433
114.654433
114.654433
114.654433
114.654433
114.654433
114.654433
114.654433
114.654433
114.654433
114.654433
114.654433
114.654433
114.654433
114.654433
114.654433
114.654433
114.654433
114.654433
114.654433
114.654433
114.654433
114.654433
114.654433
114.654433
114.654433
114.654433
114.654433
114.654433
114.654433
114.654433
114.654433
114.654433
114.654433
114.654433
114.654433
114.654433
114.654433
114.654433
114.654433
114.654433
114.654433
114.654433
114.654433
114.654433
114.654433
114.654433
114.654433
114.654433
114.654433
114.654433
114.654433
114.654433
114.654433
114.654433
114.654433
114.654433
114.654433
114.654433
114.654433
114.654433
114.654433
114.654433
114.654433
114.654433
114.654433
114.654433
114.654433
114.654433
114.654433
114.654433
114.654433
114.654433
114.654433
114.654433
114.654433
114.654433
114.654433
114.654433
114.654433
114.654433
114.654433
114.654433
114.654433
114.654433
114.654433
114.654433
114.654433
114.654433
114.654433
114.654433
114.654433
114.654433
114.654433
114.654433
114.654433
114.654433
114.654433
114.654433
114.654433
114.654433
114.654433
114.654433
114.654433
114.654433
114.654433
114.654433
114.654433
114.654433
114.654433
114.654433
114.654433
114.654433
114.654433
114.654433
114.654433
114.654433
114.654433
114.654433
114.654433
114.654433
114.654433
114.654433
114.654433
114.654433
114.654433
114.654433
114.654433
114.654433
114.654433
114.654433
114.654433
114.654433
114.654433
114.654433
114.654433
114.654433
114.654433
114.654433
114.654433
114.654433
114.654433
114.654433
114.654433
114.654433
114.654433
114.654433
114.654433
114.654433
114.654433
114.654433
114.654433
114.654433
114.654433
114.654433
114.654433
114.654433
114.654433
114.654433
114.654433
114.654433
114.654433
114.654433
114.654433
114.654433
114.654433
114.654433
114.654433
114.654433
114.654433
114.654433
114.654433
114.654433
114.654433
114.654433
114.654433
114.654433
114.654433
114.654433
114.654433
114.654433
114.654433
114.654433
114.654433
114.654433
114.654433
114.654433
114.654433
114.654433
114.654433
114.654433
114.654433
114.654433
114.654433
114.654433
114.654433
114.654433
114.654433
114.654433
114.654433
114.654433
114.654433
114.654433
114.654433
114.654433
114.654433
114.654433
114.654433
114.654433
114.654433
114.654433
114.654433
114.654433
114.654433
114.654433
114.654433
114.654433
114.654433
114.654433
114.654433
114.654433
114.654433
114.654433
114.654433
114.654433
114.654433
114.654433
114.654433
114.654433
114.654433
114.654433
114.654433
114.654433
114.654433
114.654433
114.654433
114.654433
114.654433
114.654433
114.654433
114.654433
114.654433
114.654433
114.654433
114.654433
114.654433
114.654433
114.654433
114.654433
114.654433
114.654433
114.654433
114.654433
114.654433
114.654433
114.654433
114.654433
114.654433
114.654433
114.654433
114.654433
114.654433
114.654433
114.654433
114.654433
114.654433
114.654433
114.654433
114.654433
114.654433
114.654433
114.654433
114.654433
114.654433
114.654433
114.654433
114.654433
114.654433
114.654433
114.654433
114.654433
114.654433
114.654433
114.654433
114.654433
114.654433
114.654433
114.654433
114.654433
114.654433
114.654433
114.654433
114.654433
114.654433
114.654433
114.654433
114.654433
114.654433
114.654433
114.654433
114.654433
114.654433
114.654433
114.654433
114.654433
114.654433
114.654433
114.654433
114.654433
114.654433
114.654433
114.654433
114.654433
114.654433
114.654433
114.654433
114.654433
114.654433
114.654433
114.654433
114.654433
114.654433
114.654433
114.654433
114.654433
114.654433
114.654433
114.654433
114.654433
114.654433
114.654433
114.654433
114.654433
114.654433
114.654433
114.654433
114.654433
114.654433
114.654433
114.654433
114.654433
114.654433
114.654433
114.654433
114.654433
114.654433
114.654433
114.654433
114.654433
114.654433
114.654433
114.654433
114.654433
114.654433
114.654433
114.654433
114.654433
114.654433
114.654433
114.654433
114.654433
114.654433
114.654433
114.654433
114.654433
114.654433
114.654433
114.654433
114.654433
114.654433
114.654433
114.654433
114.654433
114.654433
114.654433
114.654433
114.654433
114.654433
114.654433
114.654433
114.654433
114.654433
114.654433
114.654433
114.654433
114.654433
114.654433
114.654433
114.654433
114.654433
114.654433
114.654433
114.654433
114.654433
114.654433
114.654433
114.654433
114.654433
114.654433
114.654433
114.654433
114.654433
114.654433
114.654433
114.654433
114.654433
114.654433
114.654433
114.654433
114.654433
114.654433
114.654433
114.654433
114.654433
114.654433
114.654433
114.654433
114.654433
114.654433
114.654433
114.654433
114.654433
114.654433
114.654433
114.654433
114.654433
114.654433
114.654433
114.654433
114.654433
114.654433
114.654433
114.654433
114.654433
114.654433
114.654433
114.654433
114.654433
114.654433
114.654433
114.654433
114.654433
114.654433
114.654433
114.654433
114.654433
114.654433
114.654433
114.654433
114.654433
114.654433
114.654433
114.654433
114.654433
114.654433
114.654433
114.654433
114.654433
114.654433
114.654433
114.654433
114.654433
114.654433
114.654433
114.654433
114.654433
114.654433
114.654433
114.654433
114.654433
114.654433
114.654433
114.654433
114.654433
114.654433
114.654433
114.654433
114.654433
114.654433
114.654433
114.654433
114.654433
114.654433
114.654433
114.654433
114.654433
114.654433
114.654433
114.654433
114.654433
114.654433
114.654433
114.654433
114.654433
114.654433
114.654433
114.654433
114.654433
114.654433
114.654433
114.654433
114.654433
114.654433
114.654433
114.654433
114.654433
114.654433
114.654433
114.654433
114.654433
114.654433
114.654433
114.654433
114.654433
114.654433
114.654433
114.654433
114.654433
114.654433
114.654433
114.654433
114.654433
114.654433
114.654433
114.654433
114.654433
114.654433
114.654433
114.654433
114.654433
114.654433
114.654433
114.654433
114.654433
114.654433
114.654433
114.654433
114.654433
114.654433
114.654433
114.654433
114.654433
114.654433
114.654433
114.654433
114.654433
114.654433
114.654433
114.654433
114.654433
114.654433
114.654433
114.654433
114.654433
114.654433
114.654433
114.654433
114.654433
114.654433
114.654433
114.654433
114.654433
114.654433
114.654433
114.654433
114.654433
114.654433
114.654433
114.654433
114.654433
114.654433
114.654433
114.654433
114.654433
114.654433
114.654433
114.654433
114.654433
114.654433
114.654433
114.654433
114.654433
114.654433
114.654433
114.654433
114.654433
114.654433
114.654433
114.654433
114.654433
114.654433
114.654433
114.654433
114.654433
114.654433
114.654433
114.654433
114.654433
114.654433
114.654433
114.654433
114.654433
114.654433
114.654433
114.654433
114.654433
114.654433
114.654433
114.654433
114.654433
114.654433
114.654433
114.654433
114.654433
114.654433
114.654433
114.654433
114.654433
114.654433
114.654433
114.654433
114.654433
114.654433
114.654433
114.654433
114.654433
114.654433
114.654433
114.654433
114.654433
114.654433
114.654433
114.654433
114.654433
114.654433
114.654433
114.654433
114.654433
114.654433
114.654433
114.654433
114.654433
114.654433
114.654433
114.654433
114.654433
114.654433
114.654433
114.654433
114.654433
114.654433
114.654433
114.654433
114.654433
114.654433
114.654433
114.654433
114.654433
114.654433
114.654433
114.654433
114.654433
114.654433
114.654433
114.654433
114.654433
114.654433
114.654433
114.654433
114.654433
114.654433
114.654433
114.654433
114.654433
114.654433
114.654433
114.654433
114.654433
114.654433
114.654433
114.654433
114.654433
114.654433
114.654433
114.654433
114.654433
114.654433
114.654433
114.654433
114.654433
114.654433
114.654433
114.654433
114.654433
114.654433
114.654433
114.654433
114.654433
114.654433
114.654433
114.654433
114.654433
114.654433
114.654433
114.654433
114.654433
114.654433
114.654433
114.654433
114.654433
114.654433
114.654433
114.654433
114.654433
114.654433
114.654433
114.654433
114.654433
114.654433
114.654433
114.654433
114.654433
114.654433
114.654433
114.654433
114.654433
114.654433
114.654433
114.654433
114.654433
114.654433
114.654433
114.654433
114.654433
114.654433
114.654433
114.654433
114.654433
114.654433
114.654433
114.654433
114.654433
114.654433
114.654433
114.654433
114.654433
114.654433
114.654433
114.654433
114.654433
114.654433
114.654433
114.654433
114.654433
114.654433
114.654433
114.654433
114.654433
114.654433
114.654433
114.654433
114.654433
114.654433
114.654433
114.654433
114.654433
114.654433
114.654433
114.654433
114.654433
114.654433
114.654433
114.654433
114.654433
114.654433
114.654433
114.654433
114.654433
114.654433
114.654433
114.654433
114.654433
114.654433
114.654433
114.654433
114.654433
114.654433
114.654433
114.654433
114.654433
114.654433
114.654433
114.654433
114.654433
114.654433
114.654433
114.654433
114.654433
114.654433
114.654433
114.654433
114.654433
114.654433
114.654433
114.654433
114.654433
114.654433
114.654433
114.654433
114.654433
114.654433
114.654433
114.654433
114.654433
114.654433
114.654433
114.654433
114.654433
114.654433
114.654433
114.654433
114.654433
114.654433
114.654433
114.654433
114.654433
114.654433
114.654433
114.654433
114.654433
114.654433
114.654433
114.654433
114.654433
114.654433
114.654433
114.654433
114.654433
114.654433
114.654433
114.654433
114.654433
114.654433
114.654433
114.654433
114.654433
114.654433
114.654433
114.654433
114.654433
114.654433
114.654433
114.654433
114.654433
114.654433
114.654433
114.654433
114.654433
114.654433
114.654433
114.654433
114.654433
114.654433
114.654433
114.654433
114.654433
114.654433
114.654433
114.654433
114.654433
114.654433
114.654433
114.654433
114.654433
114.654433
114.654433
114.654433
114.654433
114.654433
114.654433
114.654433
114.654433
114.654433
114.654433
114.654433
114.654433
114.654433
114.654433
114.654433
114.654433
114.654433
114.654433
114.654433
114.654433
114.654433
114.654433
114.654433
114.654433
114.654433
114.654433
114.654433
114.654433
114.654433
114.654433
114.654433
114.654433
114.654433
114.654433
114.654433
114.654433
114.654433
114.654433
114.654433
114.654433
114.654433
114.654433
114.654433
114.654433
114.654433
114.654433
114.654433
114.654433
114.654433
114.654433
114.654433
114.654433
114.654433
114.654433
114.654433
114.654433
114.654433
114.654433
114.654433
114.654433
114.654433
114.654433
114.654433
114.654433
114.654433
114.654433
114.654433
114.654433
114.654433
114.654433
114.654433
114.654433
114.654433
114.654433
114.654433
114.654433
114.654433
114.654433
114.654433
114.654433
114.654433
114.654433
114.654433
114.654433
114.654433
114.654433
114.654433
114.654433
114.654433
114.654433
114.654433
114.654433
114.654433
114.654433
114.654433
114.654433
114.654433
114.654433
114.654433
114.654433
114.654433
114.654433
114.654433
114.654433
114.654433
114.654433
114.654433
114.654433
114.654433
114.654433
114.654433
114.654433
114.654433
114.654433
114.654433
114.654433
114.654433
114.654433
114.654433
114.654433
114.654433
114.654433
114.654433
114.654433
114.654433
114.654433
114.654433
114.654433
114.654433
114.654433
114.654433
114.654433
114.654433
114.654433
114.654433
114.654433
114.654433
114.654433
114.654433
114.654433
114.654433
114.654433
114.654433
114.654433
114.654433
114.654433
114.654433
114.654433
114.654433
114.654433
114.654433
114.654433
114.654433
114.654433
114.654433
114.654433
114.654433
114.654433
114.654433
114.654433
114.654433
114.654433
114.654433
114.654433
114.654433
114.654433
114.654433
114.654433
114.654433
114.654433
114.654433
114.654433
114.654433
114.654433
114.654433
114.654433
114.654433
114.654433
114.654433
114.654433
114.654433
114.654433
114.654433
114.654433
114.654433
114.654433
114.654433
114.654433
114.654433
114.654433
114.654433
114.654433
114.654433
114.654433
114.654433
114.654433
114.654433
114.654433
114.654433
114.654433
114.654433
114.654433
114.654433
114.654433
114.654433
114.654433
114.654433
114.654433
114.654433
114.654433
114.654433
114.654433
114.654433
114.654433
114.654433
114.654433
114.654433
114.654433
114.654433
114.654433
114.654433
114.654433
114.654433
114.654433
114.654433
114.654433
114.654433
114.654433
114.654433
114.654433
114.654433
114.654433
114.654433
114.654433
114.654433
114.654433
114.654433
114.654433
114.654433
114.654433
114.654433
114.654433
114.654433
114.654433
114.654433
114.654433
114.654433
114.654433
114.654433
114.654433
114.654433
114.654433
114.654433
114.654433
114.654433
114.654433
114.654433
114.654433
114.654433
114.654433
114.654433
114.654433
114.654433
114.654433
114.654433
114.654433
114.654433
114.654433
114.654433
114.654433
114.654433
114.654433
114.654433
114.654433
114.654433
114.654433
114.654433
114.654433
114.654433
114.654433
114.654433
114.654433
114.654433
114.654433
114.654433
114.654433
114.654433
114.654433
114.654433
114.654433
114.654433
114.654433
114.654433
114.654433
114.654433
114.654433
114.654433
114.654433
114.654433
114.654433
114.654433
114.654433
114.654433
114.654433
114.654433
114.654433
114.654433
114.654433
114.654433
114.654433
114.654433
114.654433
114.654433
114.654433
114.654433
114.654433
114.654433
114.654433
114.654433
114.654433
114.654433
114.654433
114.654433
114.654433
114.654433
114.654433
114.654433
114.654433
114.654433
114.654433
114.654433
114.654433
114.654433
114.654433
114.654433
114.654433
114.654433
114.654433
114.654433
114.654433
114.654433
114.654433
114.654433
114.654433
114.654433
114.654433
114.654433
114.654433
114.654433
114.654433
114.654433
114.654433
114.654433
114.654433
114.654433
114.654433
114.654433
114.654433
114.654433
114.654433
114.654433
114.654433
114.654433
114.654433
114.654433
114.654433
114.654433
114.654433
114.654433
114.654433
114.654433
114.654433
114.654433
114.654433
114.654433
114.654433
114.654433
114.654433
114.654433
114.654433
114.654433
114.654433
114.654433
114.654433
114.654433
114.654433
114.654433
114.654433
114.654433
114.654433
114.654433
114.654433
114.654433
114.654433
114.654433
114.654433
114.654433
114.654433
114.654433
114.654433
114.654433
114.654433
114.654433
114.654433
114.654433
114.654433
114.654433
114.654433
114.654433
114.654433
114.654433
114.654433
114.654433
114.654433
114.654433
114.654433
114.654433
114.654433
114.654433
114.654433
114.654433
114.654433
114.654433
114.654433
114.654433
114.654433
114.654433
114.654433
114.654433
114.654433
114.654433
114.654433
114.654433
114.654433
114.654433
114.654433
114.654433
114.654433
114.654433
114.654433
114.654433
114.654433
114.654433
114.654433
114.654433
114.654433
114.654433
114.654433
114.654433
114.654433
114.654433
114.654433
114.654433
114.654433
114.654433
114.654433
114.654433
114.654433
114.654433
114.654433
114.654433
114.654433
114.654433
114.654433
114.654433
114.654433
114.654433
114.654433
114.654433
114.654433
114.654433
114.654433
114.654433
114.654433
114.654433
114.654433
114.654433
114.654433
114.654433
114.654433
114.654433
114.654433
114.654433
114.654433
114.654433
114.654433
114.654433
114.654433
114.654433
114.654433
114.654433
114.654433
114.654433
114.654433
114.654433
114.654433
114.654433
114.654433
114.654433
114.654433
114.654433
114.654433
114.654433
114.654433
114.654433
114.654433
114.654433
114.654433
114.654433
114.654433
114.654433
114.654433
114.654433
114.654433
114.654433
114.654433
114.654433
114.654433
114.654433
114.654433
114.654433
114.654433
114.654433
114.654433
114.654433
114.654433
114.654433
114.654433
114.654433
114.654433
114.654433
114.654433
114.654433
114.654433
114.654433
114.654433
114.654433
114.654433
114.654433
114.654433
114.654433
114.654433
114.654433
114.654433
114.654433
114.654433
114.654433
114.654433
114.654433
114.654433
114.654433
114.654433
114.654433
114.654433
114.654433
114.654433
114.654433
114.654433
114.654433
114.654433
114.654433
114.654433
114.654433
114.654433
114.654433
114.654433
114.654433
114.654433
114.654433
114.654433
114.654433
114.654433
114.654433
114.654433
114.654433
114.654433
114.654433
114.654433
114.654433
114.654433
114.654433
114.654433
114.654433
114.654433
114.654433
114.654433
114.654433
114.654433
114.654433
114.654433
114.654433
114.654433
114.654433
114.654433
114.654433
114.654433
114.654433
114.654433
114.654433
114.654433
114.654433
114.654433
114.654433
114.654433
114.654433
114.654433
114.654433
114.654433
114.654433
114.654433
114.654433
114.654433
114.654433
114.654433
114.654433
114.654433
114.654433
114.654433
114.654433
114.654433
114.654433
114.654433
114.654433
114.654433
114.654433
114.654433
114.654433
114.654433
114.654433
114.654433
114.654433
114.654433
114.654433
114.654433
114.654433
114.654433
114.654433
114.654433
114.654433
114.654433
114.654433
114.654433
114.654433
114.654433
114.654433
114.654433
114.654433
114.654433
114.654433
114.654433
114.654433
114.654433
114.654433
114.654433
114.654433
114.654433
114.654433
114.654433
114.654433
114.654433
114.654433
114.654433
114.654433
114.654433
114.654433
114.654433
114.654433
114.654433
114.654433
114.654433
114.654433
114.654433
114.654433
114.654433
114.654433
114.654433
114.654433
114.654433
114.654433
114.654433
114.654433
114.654433
114.654433
114.654433
114.654433
114.654433
114.654433
114.654433
114.654433
114.654433
114.654433
114.654433
114.654433
114.654433
114.654433
114.654433
114.654433
114.654433
114.654433
114.654433
114.654433
114.654433
114.654433
114.654433
114.654433
114.654433
114.654433
114.654433
114.654433
114.654433
114.654433
114.654433
114.654433
114.654433
114.654433
114.654433
114.654433
114.654433
114.654433
114.654433
114.654433
114.654433
114.654433
114.654433
114.654433
114.654433
114.654433
114.654433
114.654433
114.654433
114.654433
114.654433
114.654433
114.654433
114.654433
114.654433
114.654433
114.654433
114.654433
114.654433
114.654433
114.654433
114.654433
114.654433
114.654433
114.654433
114.654433
114.654433
114.654433
114.654433
114.654433
114.654433
114.654433
114.654433
114.654433
114.654433
114.654433
114.654433
114.654433
114.654433
114.654433
114.654433
114.654433
114.654433
114.654433
114.654433
114.654433
114.654433
114.654433
114.654433
114.654433
114.654433
114.654433
114.654433
114.654433
114.654433
114.654433
114.654433
114.654433
114.654433
114.654433
114.654433
114.654433
114.654433
114.654433
114.654433
114.654433
114.654433
114.654433
114.654433
114.654433
114.654433
114.654433
114.654433
114.654433
114.654433
114.654433
114.654433
114.654433
114.654433
114.654433
114.654433
114.654433
114.654433
114.654433
114.654433
114.654433
114.654433
114.654433
114.654433
114.654433
114.654433
114.654433
114.654433
114.654433
114.654433
114.654433
114.654433
114.654433
114.654433
114.654433
114.654433
114.654433
114.654433
114.654433
114.654433
114.654433
114.654433
114.654433
114.654433
114.654433
114.654433
114.654433
114.654433
114.654433
114.654433
114.654433
114.654433
114.654433
114.654433
114.654433
114.654433
114.654433
114.654433
114.654433
114.654433
114.654433
114.654433
114.654433
114.654433
114.654433
114.654433
114.654433
114.654433
114.654433
114.654433
114.654433
114.654433
114.654433
114.654433
114.654433
114.654433
114.654433
114.654433
114.654433
114.654433
114.654433
114.654433
114.654433
114.654433
114.654433
114.654433
114.654433
114.654433
114.654433
114.654433
114.654433
114.654433
114.654433
114.654433
114.654433
114.654433
114.654433
114.654433
114.654433
114.654433
114.654433
114.654433
114.654433
114.654433
114.654433
114.654433
114.654433
114.654433
114.654433
114.654433
114.654433
114.654433
114.654433
114.654433
114.654433
114.654433
114.654433
114.654433
114.654433
114.654433
114.654433
114.654433
114.654433
114.654433
114.654433
114.654433
114.654433
114.654433
114.654433
114.654433
114.654433
114.654433
114.654433
114.654433
114.654433
114.654433
114.654433
114.654433
114.654433
114.654433
114.654433
114.654433
114.654433
114.654433
114.654433
114.654433
114.654433
114.654433
114.654433
114.654433
114.654433
114.654433
114.654433
114.654433
114.654433
114.654433
114.654433
114.654433
114.654433
114.654433
114.654433
114.654433
114.654433
114.654433
114.654433
114.654433
114.654433
114.654433
114.654433
114.654433
114.654433
114.654433
114.654433
114.654433
114.654433
114.654433
114.654433
114.654433
114.654433
114.654433
114.654433
114.654433
114.654433
114.654433
114.654433
114.654433
114.654433
114.654433
114.654433
114.654433
114.654433
114.654433
114.654433
114.654433
114.654433
114.654433
114.654433
114.654433
114.654433
114.654433
114.654433
114.654433
114.654433
114.654433
114.654433
114.654433
114.654433
114.654433
114.654433
114.654433
114.654433
114.654433
114.654433
114.654433
114.654433
114.654433
114.654433
114.654433
114.654433
114.654433
114.654433
114.654433
114.654433
114.654433
114.654433
114.654433
114.654433
114.654433
114.654433
114.654433
114.654433
114.654433
114.654433
114.654433
114.654433
114.654433
114.654433
114.654433
114.654433
114.654433
114.654433
114.654433
114.654433
114.654433
114.654433
114.654433
114.654433
114.654433
114.654433
114.654433
114.654433
114.654433
114.654433
114.654433
114.654433
114.654433
114.654433
114.654433
114.654433
114.654433
114.654433
114.654433
114.654433
114.654433
114.654433
114.654433
114.654433
114.654433
114.654433
114.654433
114.654433
114.654433
114.654433
114.654433
114.654433
114.654433
114.654433
114.654433
114.654433
114.654433
114.654433
114.654433
114.654433
114.654433
114.654433
114.654433
114.654433
114.654433
114.654433
114.654433
114.654433
114.654433
114.654433
114.654433
114.654433
114.654433
114.654433
114.654433
114.654433
114.654433
114.654433
114.654433
114.654433
114.654433
114.654433
114.654433
114.654433
114.654433
114.654433
114.654433
114.654433
114.654433
114.654433
114.654433
114.654433
114.654433
114.654433
114.654433
114.654433
114.654433
114.654433
114.654433
114.654433
114.654433
114.654433
114.654433
114.654433
114.654433
114.654433
114.654433
114.654433
114.654433
114.654433
114.654433
114.654433
114.654433
114.654433
114.654433
114.654433
114.654433
114.654433
114.654433
114.654433
114.654433
114.654433
114.654433
114.654433
114.654433
114.654433
114.654433
114.654433
114.654433
114.654433
114.654433
114.654433
114.654433
114.654433
114.654433
114.654433
114.654433
114.654433
114.654433
114.654433
114.654433
114.654433
114.654433
114.654433
114.654433
114.654433
114.654433
114.654433
114.654433
114.654433
114.654433
114.654433
114.654433
114.654433
114.654433
114.654433
114.654433
114.654433
114.654433
114.654433
114.654433
114.654433
114.654433
114.654433
114.654433
114.654433
114.654433
114.654433
114.654433
114.654433
114.654433
114.654433
114.654433
114.654433
114.654433
114.654433
114.654433
114.654433
114.654433
114.654433
114.654433
114.654433
114.654433
114.654433
114.654433
114.654433
114.654433
114.654433
114.654433
114.654433
114.654433
114.654433
114.654433
114.654433
114.654433
114.654433
114.654433
114.654433
114.654433
114.654433
114.654433
114.654433
114.654433
114.654433
114.654433
114.654433
114.654433
114.654433
114.654433
114.654433
114.654433
114.654433
114.654433
114.654433
114.654433
114.654433
114.654433
114.654433
114.654433
114.654433
114.654433
114.654433
114.654433
114.654433
114.654433
114.654433
114.654433
114.654433
114.654433
114.654433
114.654433
114.654433
114.654433
114.654433
114.654433
114.654433
114.654433
114.654433
114.654433
114.654433
114.654433
114.654433
114.654433
114.654433
114.654433
114.654433
114.654433
114.654433
114.654433
114.654433
114.654433
114.654433
114.654433
114.654433
114.654433
114.654433
114.654433
114.654433
114.654433
114.654433
114.654433
114.654433
114.654433
114.654433
114.654433
114.654433
114.654433
114.654433
114.654433
114.654433
114.654433
114.654433
114.654433
114.654433
114.654433
114.654433
114.654433
114.654433
114.654433
114.654433
114.654433
114.654433
114.654433
114.654433
114.654433
114.654433
114.654433
114.654433
114.654433
114.654433
114.654433
114.654433
114.654433
114.654433
114.654433
114.654433
114.654433
114.654433
114.654433
114.654433
114.654433
114.654433
114.654433
114.654433
114.654433
114.654433
114.654433
114.654433
114.654433
114.654433
114.654433
114.654433
114.654433
114.654433
114.654433
114.654433
114.654433
114.654433
114.654433
114.654433
114.654433
114.654433
114.654433
114.654433
114.654433
114.654433
114.654433
114.654433
114.654433
114.654433
114.654433
114.654433
114.654433
114.654433
114.654433
114.654433
114.654433
114.654433
114.654433
114.654433
114.654433
114.654433
114.654433
114.654433
114.654433
114.654433
114.654433
114.654433
114.654433
114.654433
114.654433
114.654433
114.654433
114.654433
114.654433
114.654433
114.654433
114.654433
114.654433
114.654433
114.654433
114.654433
114.654433
114.654433
114.654433
114.654433
114.654433
114.654433
114.654433
114.654433
114.654433
114.654433
114.654433
114.654433
114.654433
114.654433
114.654433
114.654433
114.654433
114.654433
114.654433
114.654433
114.654433
114.654433
114.654433
114.654433
114.654433
114.654433
114.654433
114.654433
114.654433
114.654433
114.654433
114.654433
114.654433
114.654433
114.654433
114.654433
114.654433
114.654433
114.654433
114.654433
114.654433
114.654433
114.654433
114.654433
114.654433
114.654433
114.654433
114.654433
114.654433
114.654433
114.654433
114.654433
114.654433
114.654433
114.654433
114.654433
114.654433
114.654433
114.654433
114.654433
114.654433
114.654433
114.654433
114.654433
114.654433
114.654433
114.654433
114.654433
114.654433
114.654433
114.654433
114.654433
114.654433
114.654433
114.654433
114.654433
114.654433
114.654433
114.654433
114.654433
114.654433
114.654433
114.654433
114.654433
114.654433
114.654433
114.654433
114.654433
114.654433
114.654433
114.654433
114.654433
114.654433
114.654433
114.654433
114.654433
114.654433
114.654433
114.654433
114.654433
114.654433
114.654433
114.654433
114.654433
114.654433
114.654433
114.654433
114.654433
114.654433
114.654433
114.654433
114.654433
114.654433
114.654433
114.654433
114.654433
114.654433
114.654433
114.654433
114.654433
114.654433
114.654433
114.654433
114.654433
114.654433
114.654433
114.654433
114.654433
114.654433
114.654433
114.654433
114.654433
114.654433
114.654433
114.654433
114.654433
114.654433
114.654433
114.654433
114.654433
114.654433
114.654433
114.654433
114.654433
114.654433
114.654433
114.654433
114.654433
114.654433
114.654433
114.654433
114.654433
114.654433
114.654433
114.654433
114.654433
114.654433
114.654433
114.654433
114.654433
114.654433
114.654433
114.654433
114.654433
114.654433
114.654433
114.654433
114.654433
114.654433
114.654433
114.654433
114.654433
114.654433
114.654433
114.654433
114.654433
114.654433
114.654433
114.654433
114.654433
114.654433
114.654433
114.654433
114.654433
114.654433
114.654433
114.654433
114.654433
114.654433
114.654433
114.654433
114.654433
114.654433
114.654433
114.654433
114.654433
114.654433
114.654433
114.654433
114.654433
114.654433
114.654433
114.654433
114.654433
114.654433
114.654433
114.654433
114.654433
114.654433
114.654433
114.654433
114.654433
114.654433
114.654433
114.654433
114.654433
114.654433
114.654433
114.654433
114.654433
114.654433
114.654433
114.654433
114.654433
114.654433
114.654433
114.654433
114.654433
114.654433
114.654433
114.654433
114.654433
114.654433
114.654433
114.654433
114.654433
114.654433
114.654433
114.654433
114.654433
114.654433
114.654433
114.654433
114.654433
114.654433
114.654433
114.654433
114.654433
114.654433
114.654433
114.654433
114.654433
114.654433
114.654433
114.654433
114.654433
114.654433
114.654433
114.654433
114.654433
114.654433
114.654433
114.654433
114.654433
114.654433
114.654433
114.654433
114.654433
114.654433
114.654433
114.654433
114.654433
114.654433
114.654433
114.654433
114.654433
114.654433
114.654433
114.654433
114.654433
114.654433
114.654433
114.654433
114.654433
114.654433
114.654433
114.654433
114.654433
114.654433
114.654433
114.654433
114.654433
114.654433
114.654433
114.654433
114.654433
114.654433
114.654433
114.654433
114.654433
114.654433
114.654433
114.654433
114.654433
114.654433
114.654433
114.654433
114.654433
114.654433
114.654433
114.654433
114.654433
114.654433
114.654433
114.654433
114.654433
114.654433
114.654433
114.654433
114.654433
114.654433
114.654433
114.654433
114.654433
114.654433
114.654433
114.654433
114.654433
114.654433
114.654433
114.654433
114.654433
114.654433
114.654433
114.654433
114.654433
114.654433
114.654433
114.654433
114.654433
114.654433
114.654433
114.654433
114.654433
114.654433
114.654433
114.654433
114.654433
114.654433
114.654433
114.654433
114.654433
114.654433
114.654433
114.654433
114.654433
114.654433
114.654433
114.654433
114.654433
114.654433
114.654433
114.654433
114.654433
114.654433
114.654433
114.654433
114.654433
114.654433
114.654433
114.654433
114.654433
114.654433
114.654433
114.654433
114.654433
114.654433
114.654433
114.654433
114.654433
114.654433
114.654433
114.654433
114.654433
114.654433
114.654433
114.654433
114.654433
114.654433
114.654433
114.654433
114.654433
114.654433
114.654433
114.654433
114.654433
114.654433
114.654433
114.654433
114.654433
114.654433
114.654433
114.654433
114.654433
114.654433
114.654433
114.654433
114.654433
114.654433
114.654433
114.654433
114.654433
114.654433
114.654433
114.654433
114.654433
114.654433
114.654433
114.654433
114.654433
114.654433
114.654433
114.654433
114.654433
114.654433
114.654433
114.654433
114.654433
114.654433
114.654433
114.654433
114.654433
114.654433
114.654433
114.654433
114.654433
114.654433
114.654433
114.654433
114.654433
114.654433
114.654433
114.654433
114.654433
114.654433
114.654433
114.654433
114.654433
114.654433
114.654433
114.654433
114.654433
114.654433
114.654433
114.654433
114.654433
114.654433
114.654433
114.654433
114.654433
114.654433
114.654433
114.654433
114.654433
114.654433
114.654433
114.654433
114.654433
114.654433
114.654433
114.654433
114.654433
114.654433
114.654433
114.654433
114.654433
114.654433
114.654433
114.654433
114.654433
114.654433
114.654433
114.654433
114.654433
114.654433
114.654433
114.654433
114.654433
114.654433
114.654433
114.654433
114.654433
114.654433
114.654433
114.654433
114.654433
114.654433
114.654433
114.654433
114.654433
114.654433
114.654433
114.654433
114.654433
114.654433
114.654433
114.654433
114.654433
114.654433
114.654433
114.654433
114.654433
114.654433
114.654433
114.654433
114.654433
114.654433
114.654433
114.654433
114.654433
114.654433
114.654433
114.654433
114.654433
114.654433
114.654433
114.654433
114.654433
114.654433
114.654433
114.654433
114.654433
114.654433
114.654433
114.654433
114.654433
114.654433
114.654433
114.654433
114.654433
114.654433
114.654433
114.654433
114.654433
114.654433
114.654433
114.654433
114.654433
114.654433
114.654433
114.654433
114.654433
114.654433
114.654433
114.654433
114.654433
114.654433
114.654433
114.654433
114.654433
114.654433
114.654433
114.654433
114.654433
114.654433
114.654433
114.654433
114.654433
114.654433
114.654433
114.654433
114.654433
114.654433
114.654433
114.654433
114.654433
114.654433
114.654433
114.654433
114.654433
114.654433
114.654433
114.654433
114.654433
114.654433
114.654433
114.654433
114.654433
114.654433
114.654433
114.654433
114.654433
114.654433
114.654433
114.654433
114.654433
114.654433
114.654433
114.654433
114.654433
114.654433
114.654433
114.654433
114.654433
114.654433
114.654433
114.654433
114.654433
114.654433
114.654433
114.654433
114.654433
114.654433
114.654433
114.654433
114.654433
114.654433
114.654433
114.654433
114.654433
114.654433
114.654433
114.654433
114.654433
114.654433
114.654433
114.654433
114.654433
114.654433
114.654433
114.654433
114.654433
114.654433
114.654433
114.654433
114.654433
114.654433
114.654433
114.654433
114.654433
114.654433
114.654433
114.654433
114.654433
114.654433
114.654433
114.654433
114.654433
114.654433
114.654433
114.654433
114.654433
114.654433
114.654433
114.654433
114.654433
114.654433
114.654433
114.654433
114.654433
114.654433
114.654433
114.654433
114.654433
114.654433
114.654433
114.654433
114.654433
114.654433
114.654433
114.654433
114.654433
114.654433
114.654433
114.654433
114.654433
114.654433
114.654433
114.654433
114.654433
114.654433
114.654433
114.654433
114.654433
114.654433
114.654433
114.654433
114.654433
114.654433
114.654433
114.654433
114.654433
114.654433
114.654433
114.654433
114.654433
114.654433
114.654433
114.654433
114.654433
114.654433
114.654433
114.654433
114.654433
114.654433
114.654433
114.654433
114.654433
114.654433
114.654433
114.654433
114.654433
114.654433
114.654433
114.654433
114.654433
114.654433
114.654433
114.654433
114.654433
114.654433
114.654433
114.654433
114.654433
114.654433
114.654433
114.654433
114.654433
114.654433
114.654433
114.654433
114.654433
114.654433
114.654433
114.654433
114.654433
114.654433
114.654433
114.654433
114.654433
114.654433
114.654433
114.654433
114.654433
114.654433
114.654433
114.654433
114.654433
114.654433
114.654433
114.654433
114.654433
114.654433
114.654433
114.654433
114.654433
114.654433
114.654433
114.654433
114.654433
114.654433
114.654433
114.654433
114.654433
114.654433
114.654433
114.654433
114.654433
114.654433
114.654433
114.654433
114.654433
114.654433
114.654433
114.654433
114.654433
114.654433
114.654433
114.654433
114.654433
114.654433
114.654433
114.654433
114.654433
114.654433
114.654433
114.654433
114.654433
114.654433
114.654433
114.654433
114.654433
114.654433
114.654433
114.654433
114.654433
114.654433
114.654433
114.654433
114.654433
114.654433
114.654433
114.654433
114.654433
114.654433
114.654433
114.654433
114.654433
114.654433
114.654433
114.654433
114.654433
114.654433
114.654433
114.654433
114.654433
114.654433
114.654433
114.654433
114.654433
114.654433
114.654433
114.654433
114.654433
114.654433
114.654433
114.654433
114.654433
114.654433
114.654433
114.654433
114.654433
114.654433
114.654433
114.654433
114.654433
114.654433
114.654433
114.654433
114.654433
114.654433
114.654433
114.654433
114.654433
114.654433
114.654433
114.654433
114.654433
114.654433
114.654433
114.654433
114.654433
114.654433
114.654433
114.654433
114.654433
114.654433
114.654433
114.654433
114.654433
114.654433
114.654433
114.654433
114.654433
114.654433
114.654433
114.654433
114.654433
114.654433
114.654433
114.654433
114.654433
114.654433
114.654433
114.654433
114.654433
114.654433
114.654433
114.654433
114.654433
114.654433
114.654433
114.654433
114.654433
114.654433
114.654433
114.654433
114.654433
114.654433
114.654433
114.654433
114.654433
114.654433
114.654433
114.654433
114.654433
114.654433
114.654433
114.654433
114.654433
114.654433
114.654433
114.654433
114.654433
114.654433
114.654433
114.654433
114.654433
114.654433
114.654433
114.654433
114.654433
114.654433
114.654433
114.654433
114.654433
114.654433
114.654433
114.654433
114.654433
114.654433
114.654433
114.654433
114.654433
114.654433
114.654433
114.654433
114.654433
114.654433
114.654433
114.654433
114.654433
114.654433
114.654433
114.654433
114.654433
114.654433
114.654433
114.654433
114.654433
114.654433
114.654433
114.654433
114.654433
114.654433
114.654433
114.654433
114.654433
114.654433
114.654433
114.654433
114.654433
114.654433
114.654433
114.654433
114.654433
114.654433
114.654433
114.654433
114.654433
114.654433
114.654433
114.654433
114.654433
114.654433
114.654433
114.654433
114.654433
114.654433
114.654433
114.654433
114.654433
114.654433
114.654433
114.654433
114.654433
114.654433
114.654433
114.654433
114.654433
114.654433
114.654433
114.654433
114.654433
114.654433
114.654433
114.654433
114.654433
114.654433
114.654433
114.654433
114.654433
114.654433
114.654433
114.654433
114.654433
114.654433
114.654433
114.654433
114.654433
114.654433
114.654433
114.654433
114.654433
114.654433
114.654433
114.654433
114.654433
114.654433
114.654433
114.654433
114.654433
114.654433
114.654433
114.654433
114.654433
114.654433
114.654433
114.654433
114.654433
114.654433
114.654433
114.654433
114.654433
114.654433
114.654433
114.654433
114.654433
114.654433
114.654433
114.654433
114.654433
114.654433
114.654433
114.654433
114.654433
114.654433
114.654433
114.654433
114.654433
114.654433
114.654433
114.654433
114.654433
114.654433
114.654433
114.654433
114.654433
114.654433
114.654433
114.654433
114.654433
114.654433
114.654433
114.654433
114.654433
114.654433
114.654433
114.654433
114.654433
114.654433
114.654433
114.654433
114.654433
114.654433
114.654433
114.654433
114.654433
114.654433
114.654433
114.654433
114.654433
114.654433
114.654433
114.654433
114.654433
114.654433
114.654433
114.654433
114.654433
114.654433
114.654433
114.654433
114.654433
114.654433
114.654433
114.654433
114.654433
114.654433
114.654433
114.654433
114.654433
114.654433
114.654433
114.654433
114.654433
114.654433
114.654433
114.654433
114.654433
114.654433
114.654433
114.654433
114.654433
114.654433
114.654433
114.654433
114.654433
114.654433
114.654433
114.654433
114.654433
114.654433
114.654433
114.654433
114.654433
114.654433
114.654433
114.654433
114.654433
114.654433
114.654433
114.654433
114.654433
114.654433
114.654433
114.654433
114.654433
114.654433
114.654433
114.654433
114.654433
114.654433
114.654433
114.654433
114.654433
114.654433
114.654433
114.654433
114.654433
114.654433
114.654433
114.654433
114.654433
114.654433
114.654433
114.654433
114.654433
114.654433
114.654433
114.654433
114.654433
114.654433
114.654433
114.654433
114.654433
114.654433
114.654433
114.654433
114.654433
114.654433
114.654433
114.654433
114.654433
114.654433
114.654433
114.654433
114.654433
114.654433
114.654433
114.654433
114.654433
114.654433
114.654433
114.654433
114.654433
114.654433
114.654433
114.654433
114.654433
114.654433
114.654433
114.654433
114.654433
114.654433
114.654433
114.654433
114.654433
114.654433
114.654433
114.654433
114.654433
114.654433
114.654433
114.654433
114.654433
114.654433
114.654433
114.654433
114.654433
114.654433
114.654433
114.654433
114.654433
114.654433
114.654433
114.654433
114.654433
114.654433
114.654433
114.654433
114.654433
114.654433
114.654433
114.654433
114.654433
114.654433
114.654433
114.654433
114.654433
114.654433
114.654433
114.654433
114.654433
114.654433
114.654433
114.654433
114.654433
114.654433
114.654433
114.654433
114.654433
114.654433
114.654433
114.654433
114.654433
114.654433
114.654433
114.654433
114.654433
114.654433
114.654433
114.654433
114.654433
114.654433
114.654433
114.654433
114.654433
114.654433
114.654433
114.654433
114.654433
114.654433
114.654433
114.654433
114.654433
114.654433
114.654433
114.654433
114.654433
114.654433
114.654433
114.654433
114.654433
114.654433
114.654433
114.654433
114.654433
114.654433
114.654433
114.654433
114.654433
114.654433
114.654433
114.654433
114.654433
114.654433
114.654433
114.654433
114.654433
114.654433
114.654433
114.654433
114.654433
114.654433
114.654433
114.654433
114.654433
114.654433
114.654433
114.654433
114.654433
114.654433
114.654433
114.654433
114.654433
114.654433
114.654433
114.654433
114.654433
114.654433
114.654433
114.654433
114.654433
114.654433
114.654433
114.654433
114.654433
114.654433
114.654433
114.654433
114.654433
114.654433
114.654433
114.654433
114.654433
114.654433
114.654433
114.654433
114.654433
114.654433
114.654433
114.654433
114.654433
114.654433
114.654433
114.654433
114.654433
114.654433
114.654433
114.654433
114.654433
114.654433
114.654433
114.654433
114.654433
114.654433
114.654433
114.654433
114.654433
114.654433
114.654433
114.654433
114.654433
114.654433
114.654433
114.654433
114.654433
114.654433
114.654433
114.654433
114.654433
114.654433
114.654433
114.654433
114.654433
114.654433
114.654433
114.654433
114.654433
114.654433
114.654433
114.654433
114.654433
114.654433
114.654433
114.654433
114.654433
114.654433
114.654433
114.654433
114.654433
114.654433
114.654433
114.654433
114.654433
114.654433
114.654433
114.654433
114.654433
114.654433
114.654433
114.654433
114.654433
114.654433
114.654433
114.654433
114.654433
114.654433
114.654433
114.654433
114.654433
114.654433
114.654433
114.654433
114.654433
114.654433
114.654433
114.654433
114.654433
114.654433
114.654433
114.654433
114.654433
114.654433
114.654433
114.654433
114.654433
114.654433
114.654433
114.654433
114.654433
114.654433
114.654433
114.654433
114.654433
114.654433
114.654433
114.654433
114.654433
114.654433
114.654433
114.654433
114.654433
114.654433
114.654433
114.654433
114.654433
114.654433
114.654433
114.654433
114.654433
114.654433
114.654433
114.654433
114.654433
114.654433
114.654433
114.654433
114.654433
114.654433
114.654433
114.654433
114.654433
114.654433
114.654433
114.654433
114.654433
114.654433
114.654433
114.654433
114.654433
114.654433
114.654433
114.654433
114.654433
114.654433
114.654433
114.654433
114.654433
114.654433
114.654433
114.654433
114.654433
114.654433
114.654433
114.654433
114.654433
114.654433
114.654433
114.654433
114.654433
114.654433
114.654433
114.654433
114.654433
114.654433
114.654433
114.654433
114.654433
114.654433
114.654433
114.654433
114.654433
114.654433
114.654433
114.654433
114.654433
114.654433
114.654433
114.654433
114.654433
114.654433
114.654433
114.654433
114.654433
114.654433
114.654433
114.654433
114.654433
114.654433
114.654433
114.654433
114.654433
114.654433
114.654433
114.654433
114.654433
114.654433
114.654433
114.654433
114.654433
114.654433
114.654433
114.654433
114.654433
114.654433
114.654433
114.654433
114.654433
114.654433
114.654433
114.654433
114.654433
114.654433
114.654433
114.654433
114.654433
114.654433
114.654433
114.654433
114.654433
114.654433
114.654433
114.654433
114.654433
114.654433
114.654433
114.654433
114.654433
114.654433
114.654433
114.654433
114.654433
114.654433
114.654433
114.654433
114.654433
114.654433
114.654433
114.654433
114.654433
114.654433
114.654433
114.654433
114.654433
114.654433
114.654433
114.654433
114.654433
114.654433
114.654433
114.654433
114.654433
114.654433
114.654433
114.654433
114.654433
114.654433
114.654433
114.654433
114.654433
114.654433
114.654433
114.654433
114.654433
114.654433
114.654433
114.654433
114.654433
114.654433
114.654433
114.654433
114.654433
114.654433
114.654433
114.654433
114.654433
114.654433
114.654433
114.654433
114.654433
114.654433
114.654433
114.654433
114.654433
114.654433
114.654433
114.654433
114.654433
114.654433
114.654433
114.654433
114.654433
114.654433
114.654433
114.654433
114.654433
114.654433
114.654433
114.654433
114.654433
114.654433
114.654433
114.654433
114.654433
114.654433
114.654433
114.654433
114.654433
114.654433
114.654433
114.654433
114.654433
114.654433
114.654433
114.654433
114.654433
114.654433
114.654433
114.654433
114.654433
114.654433
114.654433
114.654433
114.654433
114.654433
114.654433
114.654433
114.654433
114.654433
114.654433
114.654433
114.654433
114.654433
114.654433
114.654433
114.654433
114.654433
114.654433
114.654433
114.654433
114.654433
114.654433
114.654433
114.654433
114.654433
114.654433
114.654433
114.654433
114.654433
114.654433
114.654433
114.654433
114.654433
114.654433
114.654433
114.654433
114.654433
114.654433
114.654433
114.654433
114.654433
114.654433
114.654433
114.654433
114.654433
114.654433
114.654433
114.654433
114.654433
114.654433
114.654433
114.654433
114.654433
114.654433
114.654433
114.654433
114.654433
114.654433
114.654433
114.654433
114.654433
114.654433
114.654433
114.654433
114.654433
114.654433
114.654433
114.654433
114.654433
114.654433
114.654433
114.654433
114.654433
114.654433
114.654433
114.654433
114.654433
114.654433
114.654433
114.654433
114.654433
114.654433
114.654433
114.654433
114.654433
114.654433
114.654433
114.654433
114.654433
114.654433
114.654433
114.654433
114.654433
114.654433
114.654433
114.654433
114.654433
114.654433
114.654433
114.654433
114.654433
114.654433
114.654433
114.654433
114.654433
114.654433
114.654433
114.654433
114.654433
114.654433
114.654433
114.654433
114.654433
114.654433
114.654433
114.654433
114.654433
114.654433
114.654433
114.654433
114.654433
114.654433
114.654433
114.654433
114.654433
114.654433
114.654433
114.654433
114.654433
114.654433
114.654433
114.654433
114.654433
114.654433
114.654433
114.654433
114.654433
114.654433
114.654433
114.654433
114.654433
114.654433
114.654433
114.654433
114.654433
114.654433
114.654433
114.654433
114.654433
114.654433
114.654433
114.654433
114.654433
114.654433
114.654433
114.654433
114.654433
114.654433
114.654433
114.654433
114.654433
114.654433
114.654433
114.654433
114.654433
114.654433
114.654433
114.654433
114.654433
114.654433
114.654433
114.654433
114.654433
114.654433
114.654433
114.654433
114.654433
114.654433
114.654433
114.654433
114.654433
114.654433
114.654433
114.654433
114.654433
114.654433
114.654433
114.654433
114.654433
114.654433
114.654433
114.654433
114.654433
114.654433
114.654433
114.654433
114.654433
114.654433
114.654433
114.654433
114.654433
114.654433
114.654433
114.654433
114.654433
114.654433
114.654433
114.654433
114.654433
114.654433
114.654433
114.654433
114.654433
114.654433
114.654433
114.654433
114.654433
114.654433
114.654433
114.654433
114.654433
114.654433
114.654433
114.654433
114.654433
114.654433
114.654433
114.654433
114.654433
114.654433
114.654433
114.654433
114.654433
114.654433
114.654433
114.654433
114.654433
114.654433
114.654433
114.654433
114.654433
114.654433
114.654433
114.654433
114.654433
114.654433
114.654433
114.654433
114.654433
114.654433
114.654433
114.654433
114.654433
114.654433
114.654433
114.654433
114.654433
114.654433
114.654433
114.654433
114.654433
114.654433
114.654433
114.654433
114.654433
114.654433
114.654433
114.654433
114.654433
114.654433
114.654433
114.654433
114.654433
114.654433
114.654433
114.654433
114.654433
114.654433
114.654433
114.654433
114.654433
114.654433
114.654433
114.654433
114.654433
114.654433
114.654433
114.654433
114.654433
114.654433
114.654433
114.654433
114.654433
114.654433
114.654433
114.654433
114.654433
114.654433
114.654433
114.654433
114.654433
114.654433
114.654433
114.654433
114.654433
114.654433
114.654433
114.654433
114.654433
114.654433
114.654433
114.654433
114.654433
114.654433
114.654433
114.654433
114.654433
114.654433
114.654433
114.654433
114.654433
114.654433
114.654433
114.654433
114.654433
114.654433
114.654433
114.654433
114.654433
114.654433
114.654433
114.654433
114.654433
114.654433
114.654433
114.654433
114.654433
114.654433
114.654433
114.654433
114.654433
114.654433
114.654433
114.654433
114.654433
114.654433
114.654433
114.654433
114.654433
114.654433
114.654433
114.654433
114.654433
114.654433
114.654433
114.654433
114.654433
114.654433
114.654433
114.654433
114.654433
114.654433
114.654433
114.654433
114.654433
114.654433
114.654433
114.654433
114.654433
114.654433
114.654433
114.654433
114.654433
114.654433
114.654433
114.654433
114.654433
114.654433
114.654433
114.654433
114.654433
114.654433
114.654433
114.654433
114.654433
114.654433
114.654433
114.654433
114.654433
114.654433
114.654433
114.654433
114.654433
114.654433
114.654433
114.654433
114.654433
114.654433
114.654433
114.654433
114.654433
114.654433
114.654433
114.654433
114.654433
114.654433
114.654433
114.654433
114.654433
114.654433
114.654433
114.654433
114.654433
114.654433
114.654433
114.654433
114.654433
114.654433
114.654433
114.654433
114.654433
114.654433
114.654433
114.654433
114.654433
114.654433
114.654433
114.654433
114.654433
114.654433
114.654433
114.654433
114.654433
114.654433
114.654433
114.654433
114.654433
114.654433
114.654433
114.654433
114.654433
114.654433
114.654433
114.654433
114.654433
114.654433
114.654433
114.654433
114.654433
114.654433
114.654433
114.654433
114.654433
114.654433
114.654433
114.654433
114.654433
114.654433
114.654433
114.654433
114.654433
114.654433
114.654433
114.654433
114.654433
114.654433
114.654433
114.654433
114.654433
114.654433
114.654433
114.654433
114.654433
114.654433
114.654433
114.654433
114.654433
114.654433
114.654433
114.654433
114.654433
114.654433
114.654433
114.654433
114.654433
114.654433
114.654433
114.654433
114.654433
114.654433
114.654433
114.654433
114.654433
114.654433
114.654433
114.654433
114.654433
114.654433
114.654433
114.654433
114.654433
114.654433
114.654433
114.654433
114.654433
114.654433
114.654433
114.654433
114.654433
114.654433
114.654433
114.654433
114.654433
114.654433
114.654433
114.654433
114.654433
114.654433
114.654433
114.654433
114.654433
114.654433
114.654433
114.654433
114.654433
114.654433
114.654433
114.654433
114.654433
114.654433
114.654433
114.654433
114.654433
114.654433
114.654433
114.654433
114.654433
114.654433
114.654433
114.654433
114.654433
114.654433
114.654433
114.654433
114.654433
114.654433
114.654433
114.654433
114.654433
114.654433
114.654433
114.654433
114.654433
114.654433
114.654433
114.654433
114.654433
114.654433
114.654433
114.654433
114.654433
114.654433
114.654433
114.654433
114.654433
114.654433
114.654433
114.654433
114.654433
114.654433
114.654433
114.654433
114.654433
114.654433
114.654433
114.654433
114.654433
114.654433
114.654433
114.654433
114.654433
114.654433
114.654433
114.654433
114.654433
114.654433
114.654433
114.654433
114.654433
114.654433
114.654433
114.654433
114.654433
114.654433
114.654433
114.654433
114.654433
114.654433
114.654433
114.654433
114.654433
114.654433
114.654433
114.654433
114.654433
114.654433
114.654433
114.654433
114.654433
114.654433
114.654433
114.654433
114.654433
114.654433
114.654433
114.654433
114.654433
114.654433
114.654433
114.654433
114.654433
114.654433
114.654433
114.654433
114.654433
114.654433
114.654433
114.654433
114.654433
114.654433
114.654433
114.654433
114.654433
114.654433
114.654433
114.654433
114.654433
114.654433
114.654433
114.654433
114.654433
114.654433
114.654433
114.654433
114.654433
114.654433
114.654433
114.654433
114.654433
114.654433
114.654433
114.654433
114.654433
114.654433
114.654433
114.654433
114.654433
114.654433
114.654433
114.654433
114.654433
114.654433
114.654433
114.654433
114.654433
114.654433
114.654433
114.654433
114.654433
114.654433
114.654433
114.654433
114.654433
114.654433
114.654433
114.654433
114.654433
114.654433
114.654433
114.654433
114.654433
114.654433
114.654433
114.654433
114.654433
114.654433
114.654433
114.654433
114.654433
114.654433
114.654433
114.654433
114.654433
114.654433
114.654433
114.654433
114.654433
114.654433
114.654433
114.654433
114.654433
114.654433
114.654433
114.654433
114.654433
114.654433
114.654433
114.654433
114.654433
114.654433
114.654433
114.654433
114.654433
114.654433
114.654433
114.654433
114.654433
114.654433
114.654433
114.654433
114.654433
114.654433
114.654433
114.654433
114.654433
114.654433
114.654433
114.654433
114.654433
114.654433
114.654433
114.654433
114.654433
114.654433
114.654433
114.654433
114.654433
114.654433
114.654433
114.654433
114.654433
114.654433
114.654433
114.654433
114.654433
114.654433
114.654433
114.654433
114.654433
114.654433
114.654433
114.654433
114.654433
114.654433
114.654433
114.654433
114.654433
114.654433
114.654433
114.654433
114.654433
114.654433
114.654433
114.654433
114.654433
114.654433
114.654433
114.654433
114.654433
114.654433
114.654433
114.654433
114.654433
114.654433
114.654433
114.654433
114.654433
114.654433
114.654433
114.654433
114.654433
114.654433
114.654433
114.654433
114.654433
114.654433
114.654433
114.654433
114.654433
114.654433
114.654433
114.654433
114.654433
114.654433
114.654433
114.654433
114.654433
114.654433
114.654433
114.654433
114.654433
114.654433
114.654433
114.654433
114.654433
114.654433
114.654433
114.654433
114.654433
114.654433
114.654433
114.654433
114.654433
114.654433
114.654433
114.654433
114.654433
114.654433
114.654433
114.654433
114.654433
114.654433
114.654433
114.654433
114.654433
114.654433
114.654433
114.654433
114.654433
114.654433
114.654433
114.654433
114.654433
114.654433
114.654433
114.654433
114.654433
114.654433
114.654433
114.654433
114.654433
114.654433
114.654433
114.654433
114.654433
114.654433
114.654433
114.654433
114.654433
114.654433
114.654433
114.654433
114.654433
114.654433
114.654433
114.654433
114.654433
114.654433
114.654433
114.654433
114.654433
114.654433
114.654433
114.654433
114.654433
114.654433
114.654433
114.654433
114.654433
114.654433
114.654433
114.654433
114.654433
114.654433
114.654433
114.654433
114.654433
114.654433
114.654433
114.654433
114.654433
114.654433
114.654433
114.654433
114.654433
114.654433
114.654433
114.654433
114.654433
114.654433
114.654433
114.654433
114.654433
114.654433
114.654433
114.654433
114.654433
114.654433
114.654433
114.654433
114.654433
114.654433
114.654433
114.654433
114.654433
114.654433
114.654433
114.654433
114.654433
114.654433
114.654433
114.654433
114.654433
114.654433
114.654433
114.654433
114.654433
114.654433
114.654433
114.654433
114.654433
114.654433
114.654433
114.654433
114.654433
114.654433
114.654433
114.654433
114.654433
114.654433
114.654433
114.654433
114.654433
114.654433
114.654433
114.654433
114.654433
114.654433
114.654433
114.654433
114.654433
114.654433
114.654433
114.654433
114.654433
114.654433
114.654433
114.654433
114.654433
114.654433
114.654433
114.654433
114.654433
114.654433
114.654433
114.654433
114.654433
114.654433
114.654433
114.654433
114.654433
114.654433
114.654433
114.654433
114.654433
114.654433
114.654433
114.654433
114.654433
114.654433
114.654433
114.654433
114.654433
114.654433
114.654433
114.654433
114.654433
114.654433
114.654433
114.654433
114.654433
114.654433
114.654433
114.654433
114.654433
114.654433
114.654433
114.654433
114.654433
114.654433
114.654433
114.654433
114.654433
114.654433
114.654433
114.654433
114.654433
114.654433
114.654433
114.654433
114.654433
114.654433
114.654433
114.654433
114.654433
114.654433
114.654433
114.654433
114.654433
114.654433
114.654433
114.654433
114.654433
114.654433
114.654433
114.654433
114.654433
114.654433
114.654433
114.654433
114.654433
114.654433
114.654433
114.654433
114.654433
114.654433
114.654433
114.654433
114.654433
114.654433
114.654433
114.654433
114.654433
114.654433
114.654433
114.654433
114.654433
114.654433
114.654433
114.654433
114.654433
114.654433
114.654433
114.654433
114.654433
114.654433
114.654433
114.654433
114.654433
114.654433
114.654433
114.654433
114.654433
114.654433
114.654433
114.654433
114.654433
114.654433
114.654433
114.654433
114.654433
114.654433
114.654433
114.654433
114.654433
114.654433
114.654433
114.654433
114.654433
114.654433
114.654433
114.654433
114.654433
114.654433
114.654433
114.654433
114.654433
114.654433
114.654433
114.654433
114.654433
114.654433
114.654433
114.654433
114.654433
114.654433
114.654433
114.654433
114.654433
114.654433
114.654433
114.654433
114.654433
114.654433
114.654433
114.654433
114.654433
114.654433
114.654433
114.654433
114.654433
114.654433
114.654433
114.654433
114.654433
114.654433
114.654433
114.654433
114.654433
114.654433
114.654433
114.654433
114.654433
114.654433
114.654433
114.654433
114.654433
114.654433
114.654433
114.654433
114.654433
114.654433
114.654433
114.654433
114.654433
114.654433
114.654433
114.654433
114.654433
114.654433
114.654433
114.654433
114.654433
114.654433
114.654433
114.654433
114.654433
114.654433
114.654433
114.654433
114.654433
114.654433
114.654433
114.654433
114.654433
114.654433
114.654433
114.654433
114.654433
114.654433
114.654433
114.654433
114.654433
114.654433
114.654433
114.654433
114.654433
114.654433
114.654433
114.654433
114.654433
114.654433
114.654433
114.654433
114.654433
114.654433
114.654433
114.654433
114.654433
114.654433
114.654433
114.654433
114.654433
114.654433
114.654433
114.654433
114.654433
114.654433
114.654433
114.654433
114.654433
114.654433
114.654433
114.654433
114.654433
114.654433
114.654433
114.654433
114.654433
114.654433
114.654433
114.654433
114.654433
114.654433
114.654433
114.654433
114.654433
114.654433
114.654433
114.654433
114.654433
114.654433
114.654433
114.654433
114.654433
114.654433
114.654433
114.654433
114.654433
114.654433
114.654433
114.654433
114.654433
114.654433
114.654433
114.654433
114.654433
114.654433
114.654433
114.654433
114.654433
114.654433
114.654433
114.654433
114.654433
114.654433
114.654433
114.654433
114.654433
114.654433
114.654433
114.654433
114.654433
114.654433
114.654433
114.654433
114.654433
114.654433
114.654433
114.654433
114.654433
114.654433
114.654433
114.654433
114.654433
114.654433
114.654433
114.654433
114.654433
114.654433
114.654433
114.654433
114.654433
114.654433
114.654433
114.654433
114.654433
114.654433
114.654433
114.654433
114.654433
114.654433
114.654433
114.654433
114.654433
114.654433
114.654433
114.654433
114.654433
114.654433
114.654433
114.654433
114.654433
114.654433
114.654433
114.654433
114.654433
114.654433
114.654433
114.654433
114.654433
114.654433
114.654433
114.654433
114.654433
114.654433
114.654433
114.654433
114.654433
114.654433
114.654433
114.654433
114.654433
114.654433
114.654433
114.654433
114.654433
114.654433
114.654433
114.654433
114.654433
114.654433
114.654433
114.654433
114.654433
114.654433
114.654433
114.654433
114.654433
114.654433
114.654433
114.654433
114.654433
114.654433
114.654433
114.654433
114.654433
114.654433
114.654433
114.654433
114.654433
114.654433
114.654433
114.654433
114.654433
114.654433
114.654433
114.654433
114.654433
114.654433
114.654433
114.654433
114.654433
114.654433
114.654433
114.654433
114.654433
114.654433
114.654433
114.654433
114.654433
114.654433
114.654433
114.654433
114.654433
114.654433
114.654433
114.654433
114.654433
114.654433
114.654433
114.654433
114.654433
114.654433
114.654433
114.654433
114.654433
114.654433
114.654433
114.654433
114.654433
114.654433
114.654433
114.654433
114.654433
114.654433
114.654433
114.654433
114.654433
114.654433
114.654433
114.654433
114.654433
114.654433
114.654433
114.654433
114.654433
114.654433
114.654433
114.654433
114.654433
114.654433
114.654433
114.654433
114.654433
114.654433
114.654433
114.654433
114.654433
114.654433
114.654433
114.654433
114.654433
114.654433
114.654433
114.654433
114.654433
114.654433
114.654433
114.654433
114.654433
114.654433
114.654433
114.654433
114.654433
114.654433
114.654433
114.654433
114.654433
114.654433
114.654433
114.654433
114.654433
114.654433
114.654433
114.654433
114.654433
114.654433
114.654433
114.654433
114.654433
114.654433
114.654433
114.654433
114.654433
114.654433
114.654433
114.654433
114.654433
114.654433
114.654433
114.654433
114.654433
114.654433
114.654433
114.654433
114.654433
114.654433
114.654433
114.654433
114.654433
114.654433
114.654433
114.654433
114.654433
114.654433
114.654433
114.654433
114.654433
114.654433
114.654433
114.654433
114.654433
114.654433
114.654433
114.654433
114.654433
114.654433
114.654433
114.654433
114.654433
114.654433
114.654433
114.654433
114.654433
114.654433
114.654433
114.654433
114.654433
114.654433
114.654433
114.654433
114.654433
114.654433
114.654433
114.654433
114.654433
114.654433
114.654433
114.654433
114.654433
114.654433
114.654433
114.654433
114.654433
114.654433
114.654433
114.654433
114.654433
114.654433
114.654433
114.654433
114.654433
114.654433
114.654433
114.654433
114.654433
114.654433
114.654433
114.654433
114.654433
114.654433
114.654433
114.654433
114.654433
114.654433
114.654433
114.654433
114.654433
114.654433
114.654433
114.654433
114.654433
114.654433
114.654433
114.654433
114.654433
114.654433
114.654433
114.654433
114.654433
114.654433
114.654433
114.654433
114.654433
114.654433
114.654433
114.654433
114.654433
114.654433
114.654433
114.654433
114.654433
114.654433
114.654433
114.654433
114.654433
114.654433
114.654433
114.654433
114.654433
114.654433
114.654433
114.654433
114.654433
114.654433
114.654433
114.654433
114.654433
114.654433
114.654433
114.654433
114.654433
114.654433
114.654433
114.654433
114.654433
114.654433
114.654433
114.654433
114.654433
114.654433
114.654433
114.654433
114.654433
114.654433
114.654433
114.654433
114.654433
114.654433
114.654433
114.654433
114.654433
114.654433
114.654433
114.654433
114.654433
114.654433
114.654433
114.654433
114.654433
114.654433
114.654433
114.654433
114.654433
114.654433
114.654433
114.654433
114.654433
114.654433
114.654433
114.654433
114.654433
114.654433
114.654433
114.654433
114.654433
114.654433
114.654433
114.654433
114.654433
114.654433
114.654433
114.654433
114.654433
114.654433
114.654433
114.654433
114.654433
114.654433
114.654433
114.654433
114.654433
114.654433
114.654433
114.654433
114.654433
114.654433
114.654433
114.654433
114.654433
114.654433
114.654433
114.654433
114.654433
114.654433
114.654433
114.654433
114.654433
114.654433
114.654433
114.654433
114.654433
114.654433
114.654433
114.654433
114.654433
114.654433
114.654433
114.654433
114.654433
114.654433
114.654433
114.654433
114.654433
114.654433
114.654433
114.654433
114.654433
114.654433
114.654433
114.654433
114.654433
114.654433
114.654433
114.654433
114.654433
114.654433
114.654433
114.654433
114.654433
114.654433
114.654433
114.654433
114.654433
114.654433
114.654433
114.654433
114.654433
114.654433
114.654433
114.654433
114.654433
114.654433
114.654433
114.654433
114.654433
114.654433
114.654433
114.654433
114.654433
114.654433
114.654433
114.654433
114.654433
114.654433
114.654433
114.654433
114.654433
114.654433
114.654433
114.654433
114.654433
114.654433
114.654433
114.654433
114.654433
114.654433
114.654433
114.654433
114.654433
114.654433
114.654433
114.654433
114.654433
114.654433
114.654433
114.654433
114.654433
114.654433
114.654433
114.654433
114.654433
114.654433
114.654433
114.654433
114.654433
114.654433
114.654433
114.654433
114.654433
114.654433
114.654433
114.654433
114.654433
114.654433
114.654433
114.654433
114.654433
114.654433
114.654433
114.654433
114.654433
114.654433
114.654433
114.654433
114.654433
114.654433
114.654433
114.654433
114.654433
114.654433
114.654433
114.654433
114.654433
114.654433
114.654433
114.654433
114.654433
114.654433
114.654433
114.654433
114.654433
114.654433
114.654433
114.654433
114.654433
114.654433
114.654433
114.654433
114.654433
114.654433
114.654433
114.654433
114.654433
114.654433
114.654433
114.654433
114.654433
114.654433
114.654433
114.654433
114.654433
114.654433
114.654433
114.654433
114.654433
114.654433
114.654433
114.654433
114.654433
114.654433
114.654433
114.654433
114.654433
114.654433
114.654433
114.654433
114.654433
114.654433
114.654433
114.654433
114.654433
114.654433
114.654433
114.654433
114.654433
114.654433
114.654433
114.654433
114.654433
114.654433
114.654433
114.654433
114.654433
114.654433
114.654433
114.654433
114.654433
114.654433
114.654433
114.654433
114.654433
114.654433
114.654433
114.654433
114.654433
114.654433
114.654433
114.654433
114.654433
114.654433
114.654433
114.654433
114.654433
114.654433
114.654433
114.654433
114.654433
114.654433
114.654433
114.654433
114.654433
114.654433
114.654433
114.654433
114.654433
114.654433
114.654433
114.654433
114.654433
114.654433
114.654433
114.654433
114.654433
114.654433
114.654433
114.654433
114.654433
114.654433
114.654433
114.654433
114.654433
114.654433
114.654433
114.654433
114.654433
114.654433
114.654433
114.654433
114.654433
114.654433
114.654433
114.654433
114.654433
114.654433
114.654433
114.654433
114.654433
114.654433
114.654433
114.654433
114.654433
114.654433
114.654433
114.654433
114.654433
114.654433
114.654433
114.654433
114.654433
114.654433
114.654433
114.654433
114.654433
114.654433
114.654433
114.654433
114.654433
114.654433
114.654433
114.654433
114.654433
114.654433
114.654433
114.654433
114.654433
114.654433
114.654433
114.654433
114.654433
114.654433
114.654433
114.654433
114.654433
114.654433
114.654433
114.654433
114.654433
114.654433
114.654433
114.654433
114.654433
114.654433
114.654433
114.654433
114.654433
114.654433
114.654433
114.654433
114.654433
114.654433
114.654433
114.654433
114.654433
114.654433
114.654433
114.654433
114.654433
114.654433
114.654433
114.654433
114.654433
114.654433
114.654433
114.654433
114.654433
114.654433
114.654433
114.654433
114.654433
114.654433
114.654433
114.654433
114.654433
114.654433
114.654433
114.654433
114.654433
114.654433
114.654433
114.654433
114.654433
114.654433
114.654433
114.654433
114.654433
114.654433
114.654433
114.654433
114.654433
114.654433
114.654433
114.654433
114.654433
114.654433
114.654433
114.654433
114.654433
114.654433
114.654433
114.654433
114.654433
114.654433
114.654433
114.654433
114.654433
114.654433
114.654433
114.654433
114.654433
114.654433
114.654433
114.654433
114.654433
114.654433
114.654433
114.654433
114.654433
114.654433
114.654433
114.654433
114.654433
114.654433
114.654433
114.654433
114.654433
114.654433
114.654433
114.654433
114.654433
114.654433
114.654433
114.654433
114.654433
114.654433
114.654433
114.654433
114.654433
114.654433
114.654433
114.654433
114.654433
114.654433
114.654433
114.654433
114.654433
114.654433
114.654433
114.654433
114.654433
114.654433
114.654433
114.654433
114.654433
114.654433
114.654433
114.654433
114.654433
114.654433
114.654433
114.654433
114.654433
114.654433
114.654433
114.654433
114.654433
114.654433
114.654433
114.654433
114.654433
114.654433
114.654433
114.654433
114.654433
114.654433
114.654433
114.654433
114.654433
114.654433
114.654433
114.654433
114.654433
114.654433
114.654433
114.654433
114.654433
114.654433
114.654433
114.654433
114.654433
114.654433
114.654433
114.654433
114.654433
114.654433
114.654433
114.654433
114.654433
114.654433
114.654433
114.654433
114.654433
114.654433
114.654433
114.654433
114.654433
114.654433
114.654433
114.654433
114.654433
114.654433
114.654433
114.654433
114.654433
114.654433
114.654433
114.654433
114.654433
114.654433
114.654433
114.654433
114.654433
114.654433
114.654433
114.654433
114.654433
114.654433
114.654433
114.654433
114.654433
114.654433
114.654433
114.654433
114.654433
114.654433
114.654433
114.654433
114.654433
114.654433
114.654433
114.654433
114.654433
114.654433
114.654433
114.654433
114.654433
114.654433
114.654433
114.654433
114.654433
114.654433
114.654433
114.654433
114.654433
114.654433
114.654433
114.654433
114.654433
114.654433
114.654433
114.654433
114.654433
114.654433
114.654433
114.654433
114.654433
114.654433
114.654433
114.654433
114.654433
114.654433
114.654433
114.654433
114.654433
114.654433
114.654433
114.654433
114.654433
114.654433
114.654433
114.654433
114.654433
114.654433
114.654433
114.654433
114.654433
114.654433
114.654433
114.654433
114.654433
114.654433
114.654433
114.654433
114.654433
114.654433
114.654433
114.654433
114.654433
114.654433
114.654433
114.654433
114.654433
114.654433
114.654433
114.654433
114.654433
114.654433
114.654433
114.654433
114.654433
114.654433
114.654433
114.654433
114.654433
114.654433
114.654433
114.654433
114.654433
114.654433
114.654433
114.654433
114.654433
114.654433
114.654433
114.654433
114.654433
114.654433
114.654433
114.654433
114.654433
114.654433
114.654433
114.654433
114.654433
114.654433
114.654433
114.654433
114.654433
114.654433
114.654433
114.654433
114.654433
114.654433
114.654433
114.654433
114.654433
114.654433
114.654433
114.654433
114.654433
114.654433
114.654433
114.654433
114.654433
114.654433
114.654433
114.654433
114.654433
114.654433
114.654433
114.654433
114.654433
114.654433
114.654433
114.654433
114.654433
114.654433
114.654433
114.654433
114.654433
114.654433
114.654433
114.654433
114.654433
114.654433
114.654433
114.654433
114.654433
114.654433
114.654433
114.654433
114.654433
114.654433
114.654433
114.654433
114.654433
114.654433
114.654433
114.654433
114.654433
114.654433
114.654433
114.654433
114.654433
114.654433
114.654433
114.654433
114.654433
114.654433
114.654433
114.654433
114.654433
114.654433
114.654433
114.654433
114.654433
114.654433
114.654433
114.654433
114.654433
114.654433
114.654433
114.654433
114.654433
114.654433
114.654433
114.654433
114.654433
114.654433
114.654433
114.654433
114.654433
114.654433
114.654433
114.654433
114.654433
114.654433
114.654433
114.654433
114.654433
114.654433
114.654433
114.654433
114.654433
114.654433
114.654433
114.654433
114.654433
114.654433
114.654433
114.654433
114.654433
114.654433
114.654433
114.654433
114.654433
114.654433
114.654433
114.654433
114.654433
114.654433
114.654433
114.654433
114.654433
114.654433
114.654433
114.654433
114.654433
114.654433
114.654433
114.654433
114.654433
114.654433
114.654433
114.654433
114.654433
114.654433
114.654433
114.654433
114.654433
114.654433
114.654433
114.654433
114.654433
114.654433
114.654433
114.654433
114.654433
114.654433
114.654433
114.654433
114.654433
114.654433
114.654433
114.654433
114.654433
114.654433
114.654433
114.654433
114.654433
114.654433
114.654433
114.654433
114.654433
114.654433
114.654433
114.654433
114.654433
114.654433
114.654433
114.654433
114.654433
114.654433
114.654433
114.654433
114.654433
114.654433
114.654433
114.654433
114.654433
114.654433
114.654433
114.654433
114.654433
114.654433
114.654433
114.654433
114.654433
114.654433
114.654433
114.654433
114.654433
114.654433
114.654433
114.654433
114.654433
114.654433
114.654433
114.654433
114.654433
114.654433
114.654433
114.654433
114.654433
114.654433
114.654433
114.654433
114.654433
114.654433
114.654433
114.654433
114.654433
114.654433
114.654433
114.654433
114.654433
114.654433
114.654433
114.654433
114.654433
114.654433
114.654433
114.654433
114.654433
114.654433
114.654433
114.654433
114.654433
114.654433
114.654433
114.654433
114.654433
114.654433
114.654433
114.654433
114.654433
114.654433
114.654433
114.654433
114.654433
114.654433
114.654433
114.654433
114.654433
114.654433
114.654433
114.654433
114.654433
114.654433
114.654433
114.654433
114.654433
114.654433
114.654433
114.654433
114.654433
114.654433
114.654433
114.654433
114.654433
114.654433
114.654433
114.654433
114.654433
114.654433
114.654433
114.654433
114.654433
114.654433
114.654433
114.654433
114.654433
114.654433
114.654433
114.654433
114.654433
114.654433
114.654433
114.654433
114.654433
114.654433
114.654433
114.654433
114.654433
114.654433
114.654433
114.654433
114.654433
114.654433
114.654433
114.654433
114.654433
114.654433
114.654433
114.654433
114.654433
114.654433
114.654433
114.654433
114.654433
114.654433
114.654433
114.654433
114.654433
114.654433
114.654433
114.654433
114.654433
114.654433
114.654433
114.654433
114.654433
114.654433
114.654433
114.654433
114.654433
114.654433
114.654433
114.654433
114.654433
114.654433
114.654433
114.654433
114.654433
114.654433
114.654433
114.654433
114.654433
114.654433
114.654433
114.654433
114.654433
114.654433
114.654433
114.654433
114.654433
114.654433
114.654433
114.654433
114.654433
114.654433
114.654433
114.654433
114.654433
114.654433
114.654433
114.654433
114.654433
114.654433
114.654433
114.654433
114.654433
114.654433
114.654433
114.654433
114.654433
114.654433
114.654433
114.654433
114.654433
114.654433
114.654433
114.654433
114.654433
114.654433
114.654433
114.654433
114.654433
114.654433
114.654433
114.654433
114.654433
114.654433
114.654433
114.654433
114.654433
114.654433
114.654433
114.654433
114.654433
114.654433
114.654433
114.654433
114.654433
114.654433
114.654433
114.654433
114.654433
114.654433
114.654433
114.654433
114.654433
114.654433
114.654433
114.654433
114.654433
114.654433
114.654433
114.654433
114.654433
114.654433
114.654433
114.654433
114.654433
114.654433
114.654433
114.654433
114.654433
114.654433
114.654433
114.654433
114.654433
114.654433
114.654433
114.654433
114.654433
114.654433
114.654433
114.654433
114.654433
114.654433
114.654433
114.654433
114.654433
114.654433
114.654433
114.654433
114.654433
114.654433
114.654433
114.654433
114.654433
114.654433
114.654433
114.654433
114.654433
114.654433
114.654433
114.654433
114.654433
114.654433
114.654433
114.654433
114.654433
114.654433
114.654433
114.654433
114.654433
114.654433
114.654433
114.654433
114.654433
114.654433
114.654433
114.654433
114.654433
114.654433
114.654433
114.654433
114.654433
114.654433
114.654433
114.654433
114.654433
114.654433
114.654433
114.654433
114.654433
114.654433
114.654433
114.654433
114.654433
114.654433
114.654433
114.654433
114.654433
114.654433
114.654433
114.654433
114.654433
114.654433
114.654433
114.654433
114.654433
114.654433
114.654433
114.654433
114.654433
114.654433
114.654433
114.654433
114.654433
114.654433
114.654433
114.654433
114.654433
114.654433
114.654433
114.654433
114.654433
114.654433
114.654433
114.654433
114.654433
114.654433
114.654433
114.654433
114.654433
114.654433
114.654433
114.654433
114.654433
114.654433
114.654433
114.654433
114.654433
114.654433
114.654433
114.654433
114.654433
114.654433
114.654433
114.654433
114.654433
114.654433
114.654433
114.654433
114.654433
114.654433
114.654433
114.654433
114.654433
114.654433
114.654433
114.654433
114.654433
114.654433
114.654433
114.654433
114.654433
114.654433
114.654433
114.654433
114.654433
114.654433
114.654433
114.654433
114.654433
114.654433
114.654433
114.654433
114.654433
114.654433
114.654433
114.654433
114.654433
114.654433
114.654433
114.654433
114.654433
114.654433
114.654433
114.654433
114.654433
114.654433
114.654433
114.654433
114.654433
114.654433
114.654433
114.654433
114.654433
114.654433
114.654433
114.654433
114.654433
114.654433
114.654433
114.654433
114.654433
114.654433
114.654433
114.654433
114.654433
114.654433
114.654433
114.654433
114.654433
114.654433
114.654433
114.654433
114.654433
114.654433
114.654433
114.654433
114.654433
114.654433
114.654433
114.654433
114.654433
114.654433
114.654433
114.654433
114.654433
114.654433
114.654433
114.654433
114.654433
114.654433
114.654433
114.654433
114.654433
114.654433
114.654433
114.654433
114.654433
114.654433
114.654433
114.654433
114.654433
114.654433
114.654433
114.654433
114.654433
114.654433
114.654433
114.654433
114.654433
114.654433
114.654433
114.654433
114.654433
114.654433
114.654433
114.654433
114.654433
114.654433
114.654433
114.654433
114.654433
114.654433
114.654433
114.654433
114.654433
114.654433
114.654433
114.654433
114.654433
114.654433
114.654433
114.654433
114.654433
114.654433
114.654433
114.654433
114.654433
114.654433
114.654433
114.654433
114.654433
114.654433
114.654433
114.654433
114.654433
114.654433
114.654433
114.654433
114.654433
114.654433
114.654433
114.654433
114.654433
114.654433
114.654433
114.654433
114.654433
114.654433
114.654433
114.654433
114.654433
114.654433
114.654433
114.654433
114.654433
114.654433
114.654433
114.654433
114.654433
114.654433
114.654433
114.654433
114.654433
114.654433
114.654433
114.654433
114.654433
114.654433
114.654433
114.654433
114.654433
114.654433
114.654433
114.654433
114.654433
114.654433
114.654433
114.654433
114.654433
114.654433
114.654433
114.654433
114.654433
114.654433
114.654433
114.654433
114.654433
114.654433
114.654433
114.654433
114.654433
114.654433
114.654433
114.654433
114.654433
114.654433
114.654433
114.654433
114.654433
114.654433
114.654433
114.654433
114.654433
114.654433
114.654433
114.654433
114.654433
114.654433
114.654433
114.654433
114.654433
114.654433
114.654433
114.654433
114.654433
114.654433
114.654433
114.654433
114.654433
114.654433
114.654433
114.654433
114.654433
114.654433
114.654433
114.654433
114.654433
114.654433
114.654433
114.654433
114.654433
114.654433
114.654433
114.654433
114.654433
114.654433
114.654433
114.654433
114.654433
114.654433
114.654433
114.654433
114.654433
114.654433
114.654433
114.654433
114.654433
114.654433
114.654433
114.654433
114.654433
114.654433
114.654433
114.654433
114.654433
114.654433
114.654433
114.654433
114.654433
114.654433
114.654433
114.654433
114.654433
114.654433
114.654433
114.654433
114.654433
114.654433
114.654433
114.654433
114.654433
114.654433
114.654433
114.654433
114.654433
114.654433
114.654433
114.654433
114.654433
114.654433
114.654433
114.654433
114.654433
114.654433
114.654433
114.654433
114.654433
114.654433
114.654433
114.654433
114.654433
114.654433
114.654433
114.654433
114.654433
114.654433
114.654433
114.654433
114.654433
114.654433
114.654433
114.654433
114.654433
114.654433
114.654433
114.654433
114.654433
114.654433
114.654433
114.654433
114.654433
114.654433
114.654433
114.654433
114.654433
114.654433
114.654433
114.654433
114.654433
114.654433
114.654433
114.654433
114.654433
114.654433
114.654433
114.654433
114.654433
114.654433
114.654433
114.654433
114.654433
114.654433
114.654433
114.654433
114.654433
114.654433
114.654433
114.654433
114.654433
114.654433
114.654433
114.654433
114.654433
114.654433
114.654433
114.654433
114.654433
114.654433
114.654433
114.654433
114.654433
114.654433
114.654433
114.654433
114.654433
114.654433
114.654433
114.654433
114.654433
114.654433
114.654433
114.654433
114.654433
114.654433
114.654433
114.654433
114.654433
114.654433
114.654433
114.654433
114.654433
114.654433
114.654433
114.654433
114.654433
114.654433
114.654433
114.654433
114.654433
114.654433
114.654433
114.654433
114.654433
114.654433
114.654433
114.654433
114.654433
114.654433
114.654433
114.654433
114.654433
114.654433
114.654433
114.654433
114.654433
114.654433
114.654433
114.654433
114.654433
114.654433
114.654433
114.654433
114.654433
114.654433
114.654433
114.654433
114.654433
114.654433
114.654433
114.654433
114.654433
114.654433
114.654433
114.654433
114.654433
114.654433
114.654433
114.654433
114.654433
114.654433
114.654433
114.654433
114.654433
114.654433
114.654433
114.654433
114.654433
114.654433
114.654433
114.654433
114.654433
114.654433
114.654433
114.654433
114.654433
114.654433
114.654433
114.654433
114.654433
114.654433
114.654433
114.654433
114.654433
114.654433
114.654433
114.654433
114.654433
114.654433
114.654433
114.654433
114.654433
114.654433
114.654433
114.654433
114.654433
114.654433
114.654433
114.654433
114.654433
114.654433
114.654433
114.654433
114.654433
114.654433
114.654433
114.654433
114.654433
114.654433
114.654433
114.654433
114.654433
114.654433
114.654433
114.654433
114.654433
114.654433
114.654433
114.654433
114.654433
114.654433
114.654433
114.654433
114.654433
114.654433
114.654433
114.654433
114.654433
114.654433
114.654433
114.654433
114.654433
114.654433
114.654433
114.654433
114.654433
114.654433
114.654433
114.654433
114.654433
114.654433
114.654433
114.654433
114.654433
114.654433
114.654433
114.654433
114.654433
114.654433
114.654433
114.654433
114.654433
114.654433
114.654433
114.654433
114.654433
114.654433
114.654433
114.654433
114.654433
114.654433
114.654433
114.654433
114.654433
114.654433
114.654433
114.654433
114.654433
114.654433
114.654433
114.654433
114.654433
114.654433
114.654433
114.654433
114.654433
114.654433
114.654433
114.654433
114.654433
114.654433
114.654433
114.654433
114.654433
114.654433
114.654433
114.654433
114.654433
114.654433
114.654433
114.654433
114.654433
114.654433
114.654433
114.654433
114.654433
114.654433
114.654433
114.654433
114.654433
114.654433
114.654433
114.654433
114.654433
114.654433
114.654433
114.654433
114.654433
114.654433
114.654433
114.654433
114.654433
114.654433
114.654433
114.654433
114.654433
114.654433
114.654433
114.654433
114.654433
114.654433
114.654433
114.654433
114.654433
114.654433
114.654433
114.654433
114.654433
114.654433
114.654433
114.654433
114.654433
114.654433
114.654433
114.654433
114.654433
114.654433
114.654433
114.654433
114.654433
114.654433
114.654433
114.654433
114.654433
114.654433
114.654433
114.654433
114.654433
114.654433
114.654433
114.654433
114.654433
114.654433
114.654433
114.654433
114.654433
114.654433
114.654433
114.654433
114.654433
114.654433
114.654433
114.654433
114.654433
114.654433
114.654433
114.654433
114.654433
114.654433
114.654433
114.654433
114.654433
114.654433
114.654433
114.654433
114.654433
114.654433
114.654433
114.654433
114.654433
114.654433
114.654433
114.654433
114.654433
114.654433
114.654433
114.654433
114.654433
114.654433
114.654433
114.654433
114.654433
114.654433
114.654433
114.654433
114.654433
114.654433
114.654433
114.654433
114.654433
114.654433
114.654433
114.654433
114.654433
114.654433
114.654433
114.654433
114.654433
114.654433
114.654433
114.654433
114.654433
114.654433
114.654433
114.654433
114.654433
114.654433
114.654433
114.654433
114.654433
114.654433
114.654433
114.654433
114.654433
114.654433
114.654433
114.654433
114.654433
114.654433
114.654433
114.654433
114.654433
114.654433
114.654433
114.654433
114.654433
114.654433
114.654433
114.654433
114.654433
114.654433
114.654433
114.654433
114.654433
114.654433
114.654433
114.654433
114.654433
114.654433
114.654433
114.654433
114.654433
114.654433
114.654433
114.654433
114.654433
114.654433
114.654433
114.654433
114.654433
114.654433
114.654433
114.654433
114.654433
114.654433
114.654433
114.654433
114.654433
114.654433
114.654433
114.654433
114.654433
114.654433
114.654433
114.654433
114.654433
114.654433
114.654433
114.654433
114.654433
114.654433
114.654433
114.654433
114.654433
114.654433
114.654433
114.654433
114.654433
114.654433
114.654433
114.654433
114.654433
114.654433
114.654433
114.654433
114.654433
114.654433
114.654433
114.654433
114.654433
114.654433
114.654433
114.654433
114.654433
114.654433
114.654433
114.654433
114.654433
114.654433
114.654433
114.654433
114.654433
114.654433
114.654433
114.654433
114.654433
114.654433
114.654433
114.654433
114.654433
114.654433
114.654433
114.654433
114.654433
114.654433
114.654433
114.654433
114.654433
114.654433
114.654433
114.654433
114.654433
114.654433
114.654433
114.654433
114.654433
114.654433
114.654433
114.654433
114.654433
114.654433
114.654433
114.654433
114.654433
114.654433
114.654433
114.654433
114.654433
114.654433
114.654433
114.654433
114.654433
114.654433
114.654433
114.654433
114.654433
114.654433
114.654433
114.654433
114.654433
114.654433
114.654433
114.654433
114.654433
114.654433
114.654433
114.654433
114.654433
114.654433
114.654433
114.654433
114.654433
114.654433
114.654433
114.654433
114.654433
114.654433
114.654433
114.654433
114.654433
114.654433
114.654433
114.654433
114.654433
114.654433
114.654433
114.654433
114.654433
114.654433
114.654433
114.654433
114.654433
114.654433
114.654433
114.654433
114.654433
114.654433
114.654433
114.654433
114.654433
114.654433
114.654433
114.654433
114.654433
114.654433
114.654433
114.654433
114.654433
114.654433
114.654433
114.654433
114.654433
114.654433
114.654433
114.654433
114.654433
114.654433
114.654433
114.654433
114.654433
114.654433
114.654433
114.654433
114.654433
114.654433
114.654433
114.654433
114.654433
114.654433
114.654433
114.654433
114.654433
114.654433
114.654433
114.654433
114.654433
114.654433
114.654433
114.654433
114.654433
114.654433
114.654433
114.654433
114.654433
114.654433
114.654433
114.654433
114.654433
114.654433
114.654433
114.654433
114.654433
114.654433
114.654433
114.654433
114.654433
114.654433
114.654433
114.654433
114.654433
114.654433
114.654433
114.654433
114.654433
114.654433
114.654433
114.654433
114.654433
114.654433
114.654433
114.654433
114.654433
114.654433
114.654433
114.654433
114.654433
114.654433
114.654433
114.654433
114.654433
114.654433
114.654433
114.654433
114.654433
114.654433
114.654433
114.654433
114.654433
114.654433
114.654433
114.654433
114.654433
114.654433
114.654433
114.654433
114.654433
114.654433
114.654433
114.654433
114.654433
114.654433
114.654433
114.654433
114.654433
114.654433
114.654433
114.654433
114.654433
114.654433
114.654433
114.654433
114.654433
114.654433
114.654433
114.654433
114.654433
114.654433
114.654433
114.654433
114.654433
114.654433
114.654433
114.654433
114.654433
114.654433
114.654433
114.654433
114.654433
114.654433
114.654433
114.654433
114.654433
114.654433
114.654433
114.654433
114.654433
114.654433
114.654433
114.654433
114.654433
114.654433
114.654433
114.654433
114.654433
114.654433
114.654433
114.654433
114.654433
114.654433
114.654433
114.654433
114.654433
114.654433
114.654433
114.654433
114.654433
114.654433
114.654433
114.654433
114.654433
114.654433
114.654433
114.654433
114.654433
114.654433
114.654433
114.654433
114.654433
114.654433
114.654433
114.654433
114.654433
114.654433
114.654433
114.654433
114.654433
114.654433
114.654433
114.654433
114.654433
114.654433
114.654433
114.654433
114.654433
114.654433
114.654433
114.654433
114.654433
114.654433
114.654433
114.654433
114.654433
114.654433
114.654433
114.654433
114.654433
114.654433
114.654433
114.654433
114.654433
114.654433
114.654433
114.654433
114.654433
114.654433
114.654433
114.654433
114.654433
114.654433
114.654433
114.654433
114.654433
114.654433
114.654433
114.654433
114.654433
114.654433
114.654433
114.654433
114.654433
114.654433
114.654433
114.654433
114.654433
114.654433
114.654433
114.654433
114.654433
114.654433
114.654433
114.654433
114.654433
114.654433
114.654433
114.654433
114.654433
114.654433
114.654433
114.654433
114.654433
114.654433
114.654433
114.654433
114.654433
114.654433
114.654433
114.654433
114.654433
114.654433
114.654433
114.654433
114.654433
114.654433
114.654433
114.654433
114.654433
114.654433
114.654433
114.654433
114.654433
114.654433
114.654433
114.654433
114.654433
114.654433
114.654433
114.654433
114.654433
114.654433
114.654433
114.654433
114.654433
114.654433
114.654433
114.654433
114.654433
114.654433
114.654433
114.654433
114.654433
114.654433
114.654433
114.654433
114.654433
114.654433
114.654433
114.654433
114.654433
114.654433
114.654433
114.654433
114.654433
114.654433
114.654433
114.654433
114.654433
114.654433
114.654433
114.654433
114.654433
114.654433
114.654433
114.654433
114.654433
114.654433
114.654433
114.654433
114.654433
114.654433
114.654433
114.654433
114.654433
114.654433
114.654433
114.654433
114.654433
114.654433
114.654433
114.654433
114.654433
114.654433
114.654433
114.654433
114.654433
114.654433
114.654433
114.654433
114.654433
114.654433
114.654433
114.654433
114.654433
114.654433
114.654433
114.654433
114.654433
114.654433
114.654433
114.654433
114.654433
114.654433
114.654433
114.654433
114.654433
114.654433
114.654433
114.654433
114.654433
114.654433
114.654433
114.654433
114.654433
114.654433
114.654433
114.654433
114.654433
114.654433
114.654433
114.654433
114.654433
114.654433
114.654433
114.654433
114.654433
114.654433
114.654433
114.654433
114.654433
114.654433
114.654433
114.654433
114.654433
114.654433
114.654433
114.654433
114.654433
114.654433
114.654433
114.654433
114.654433
114.654433
114.654433
114.654433
114.654433
114.654433
114.654433
114.654433
114.654433
114.654433
114.654433
114.654433
114.654433
114.654433
114.654433
114.654433
114.654433
114.654433
114.654433
114.654433
114.654433
114.654433
114.654433
114.654433
114.654433
114.654433
114.654433
114.654433
114.654433
114.654433
114.654433
114.654433
114.654433
114.654433
114.654433
114.654433
114.654433
114.654433
114.654433
114.654433
114.654433
114.654433
114.654433
114.654433
114.654433
114.654433
114.654433
114.654433
114.654433
114.654433
114.654433
114.654433
114.654433
114.654433
114.654433
114.654433
114.654433
114.654433
114.654433
114.654433
114.654433
114.654433
114.654433
114.654433
114.654433
114.654433
114.654433
114.654433
114.654433
114.654433
114.654433
114.654433
114.654433
114.654433
114.654433
114.654433
114.654433
114.654433
114.654433
114.654433
114.654433
114.654433
114.654433
114.654433
114.654433
114.654433
114.654433
114.654433
114.654433
114.654433
114.654433
114.654433
114.654433
114.654433
114.654433
114.654433
114.654433
114.654433
114.654433
114.654433
114.654433
114.654433
114.654433
114.654433
114.654433
114.654433
114.654433
114.654433
114.654433
114.654433
114.654433
114.654433
114.654433
114.654433
114.654433
114.654433
114.654433
114.654433
114.654433
114.654433
114.654433
114.654433
114.654433
114.654433
114.654433
114.654433
114.654433
114.654433
114.654433
114.654433
114.654433
114.654433
114.654433
114.654433
114.654433
114.654433
114.654433
114.654433
114.654433
114.654433
114.654433
114.654433
114.654433
114.654433
114.654433
114.654433
114.654433
114.654433
114.654433
114.654433
114.654433
114.654433
114.654433
114.654433
114.654433
114.654433
114.654433
114.654433
114.654433
114.654433
114.654433
114.654433
114.654433
114.654433
114.654433
114.654433
114.654433
114.654433
114.654433
114.654433
114.654433
114.654433
114.654433
114.654433
114.654433
114.654433
114.654433
114.654433
114.654433
114.654433
114.654433
114.654433
114.654433
114.654433
114.654433
114.654433
114.654433
114.654433
114.654433
114.654433
114.654433
114.654433
114.654433
114.654433
114.654433
114.654433
114.654433
114.654433
114.654433
114.654433
114.654433
114.654433
114.654433
114.654433
114.654433
114.654433
114.654433
114.654433
114.654433
114.654433
114.654433
114.654433
114.654433
114.654433
114.654433
114.654433
114.654433
114.654433
114.654433
114.654433
114.654433
114.654433
114.654433
114.654433
114.654433
114.654433
114.654433
114.654433
114.654433
114.654433
114.654433
114.654433
114.654433
114.654433
114.654433
114.654433
114.654433
114.654433
114.654433
114.654433
114.654433
114.654433
114.654433
114.654433
114.654433
114.654433
114.654433
114.654433
114.654433
114.654433
114.654433
114.654433
114.654433
114.654433
114.654433
114.654433
114.654433
114.654433
114.654433
114.654433
114.654433
114.654433
114.654433
114.654433
114.654433
114.654433
114.654433
114.654433
114.654433
114.654433
114.654433
114.654433
114.654433
114.654433
114.654433
114.654433
114.654433
114.654433
114.654433
114.654433
114.654433
114.654433
114.654433
114.654433
114.654433
114.654433
114.654433
114.654433
114.654433
114.654433
114.654433
114.654433
114.654433
114.654433
114.654433
114.654433
114.654433
114.654433
114.654433
114.654433
114.654433
114.654433
114.654433
114.654433
114.654433
114.654433
114.654433
114.654433
114.654433
114.654433
114.654433
114.654433
114.654433
114.654433
114.654433
114.654433
114.654433
114.654433
114.654433
114.654433
114.654433
114.654433
114.654433
114.654433
114.654433
114.654433
114.654433
114.654433
114.654433
114.654433
114.654433
114.654433
114.654433
114.654433
114.654433
114.654433
114.654433
114.654433
114.654433
114.654433
114.654433
114.654433
114.654433
114.654433
114.654433
114.654433
114.654433
114.654433
114.654433
114.654433
114.654433
114.654433
114.654433
114.654433
114.654433
114.654433
114.654433
114.654433
114.654433
114.654433
114.654433
114.654433
114.654433
114.654433
114.654433
114.654433
114.654433
114.654433
114.654433
114.654433
114.654433
114.654433
114.654433
114.654433
114.654433
114.654433
114.654433
114.654433
114.654433
114.654433
114.654433
114.654433
114.654433
114.654433
114.654433
114.654433
114.654433
114.654433
114.654433
114.654433
114.654433
114.654433
114.654433
114.654433
114.654433
114.654433
114.654433
114.654433
114.654433
114.654433
114.654433
114.654433
114.654433
114.654433
114.654433
114.654433
114.654433
114.654433
114.654433
114.654433
114.654433
114.654433
114.654433
114.654433
114.654433
114.654433
114.654433
114.654433
114.654433
114.654433
114.654433
114.654433
114.654433
114.654433
114.654433
114.654433
114.654433
114.654433
114.654433
114.654433
114.654433
114.654433
114.654433
114.654433
114.654433
114.654433
114.654433
114.654433
114.654433
114.654433
114.654433
114.654433
114.654433
114.654433
114.654433
114.654433
114.654433
114.654433
114.654433
114.654433
114.654433
114.654433
114.654433
114.654433
114.654433
114.654433
114.654433
114.654433
114.654433
114.654433
114.654433
114.654433
114.654433
114.654433
114.654433
114.654433
114.654433
114.654433
114.654433
114.654433
114.654433
114.654433
114.654433
114.654433
114.654433
114.654433
114.654433
114.654433
114.654433
114.654433
114.654433
114.654433
114.654433
114.654433
114.654433
114.654433
114.654433
114.654433
114.654433
114.654433
114.654433
114.654433
114.654433
114.654433
114.654433
114.654433
114.654433
114.654433
114.654433
114.654433
114.654433
114.654433
114.654433
114.654433
114.654433
114.654433
114.654433
114.654433
114.654433
114.654433
114.654433
114.654433
114.654433
114.654433
114.654433
114.654433
114.654433
114.654433
114.654433
114.654433
114.654433
114.654433
114.654433
114.654433
114.654433
114.654433
114.654433
114.654433
114.654433
114.654433
114.654433
114.654433
114.654433
114.654433
114.654433
114.654433
114.654433
114.654433
114.654433
114.654433
114.654433
114.654433
114.654433
114.654433
114.654433
114.654433
114.654433
114.654433
114.654433
114.654433
114.654433
114.654433
114.654433
114.654433
114.654433
114.654433
114.654433
114.654433
114.654433
114.654433
114.654433
114.654433
114.654433
114.654433
114.654433
114.654433
114.654433
114.654433
114.654433
114.654433
114.654433
114.654433
114.654433
114.654433
114.654433
114.654433
114.654433
114.654433
114.654433
114.654433
114.654433
114.654433
114.654433
114.654433
114.654433
114.654433
114.654433
114.654433
114.654433
114.654433
114.654433
114.654433
114.654433
114.654433
114.654433
114.654433
114.654433
114.654433
114.654433
114.654433
114.654433
114.654433
114.654433
114.654433
114.654433
114.654433
114.654433
114.654433
114.654433
114.654433
114.654433
114.654433
114.654433
114.654433
114.654433
114.654433
114.654433
114.654433
114.654433
114.654433
114.654433
114.654433
114.654433
114.654433
114.654433
114.654433
114.654433
114.654433
114.654433
114.654433
114.654433
114.654433
114.654433
114.654433
114.654433
114.654433
114.654433
114.654433
114.654433
114.654433
114.654433
114.654433
114.654433
114.654433
114.654433
114.654433
114.654433
114.654433
114.654433
114.654433
114.654433
114.654433
114.654433
114.654433
114.654433
114.654433
114.654433
114.654433
114.654433
114.654433
114.654433
114.654433
114.654433
114.654433
114.654433
114.654433
114.654433
114.654433
114.654433
114.654433
114.654433
114.654433
114.654433
114.654433
114.654433
114.654433
114.654433
114.654433
114.654433
114.654433
114.654433
114.654433
114.654433
114.654433
114.654433
114.654433
114.654433
114.654433
114.654433
114.654433
114.654433
114.654433
114.654433
114.654433
114.654433
114.654433
114.654433
114.654433
114.654433
114.654433
114.654433
114.654433
114.654433
114.654433
114.654433
114.654433
114.654433
114.654433
114.654433
114.654433
114.654433
114.654433
114.654433
114.654433
114.654433
114.654433
114.654433
114.654433
114.654433
114.654433
114.654433
114.654433
114.654433
114.654433
114.654433
114.654433
114.654433
114.654433
114.654433
114.654433
114.654433
114.654433
114.654433
114.654433
114.654433
114.654433
114.654433
114.654433
114.654433
114.654433
114.654433
114.654433
114.654433
114.654433
114.654433
114.654433
114.654433
114.654433
114.654433
114.654433
114.654433
114.654433
114.654433
114.654433
114.654433
114.654433
114.654433
114.654433
114.654433
114.654433
114.654433
114.654433
114.654433
114.654433
114.654433
114.654433
114.654433
114.654433
114.654433
114.654433
114.654433
114.654433
114.654433
114.654433
114.654433
114.654433
114.654433
114.654433
114.654433
114.654433
114.654433
114.654433
114.654433
114.654433
114.654433
114.654433
114.654433
114.654433
114.654433
114.654433
114.654433
114.654433
114.654433
114.654433
114.654433
114.654433
114.654433
114.654433
114.654433
114.654433
114.654433
114.654433
114.654433
114.654433
114.654433
114.654433
114.654433
114.654433
114.654433
114.654433
114.654433
114.654433
114.654433
114.654433
114.654433
114.654433
114.654433
114.654433
114.654433
114.654433
114.654433
114.654433
114.654433
114.654433
114.654433
114.654433
114.654433
114.654433
114.654433
114.654433
114.654433
114.654433
114.654433
114.654433
114.654433
114.654433
114.654433
114.654433
114.654433
114.654433
114.654433
114.654433
114.654433
114.654433
114.654433
114.654433
114.654433
114.654433
114.654433
114.654433
114.654433
114.654433
114.654433
114.654433
114.654433
114.654433
114.654433
114.654433
114.654433
114.654433
114.654433
114.654433
114.654433
114.654433
114.654433
114.654433
114.654433
114.654433
114.654433
114.654433
114.654433
114.654433
114.654433
114.654433
114.654433
114.654433
114.654433
114.654433
114.654433
114.654433
114.654433
114.654433
114.654433
114.654433
114.654433
114.654433
114.654433
114.654433
114.654433
114.654433
114.654433
114.654433
114.654433
114.654433
114.654433
114.654433
114.654433
114.654433
114.654433
114.654433
114.654433
114.654433
114.654433
114.654433
114.654433
114.654433
114.654433
114.654433
114.654433
114.654433
114.654433
114.654433
114.654433
114.654433
114.654433
114.654433
114.654433
114.654433
114.654433
114.654433
114.654433
114.654433
114.654433
114.654433
114.654433
114.654433
114.654433
114.654433
114.654433
114.654433
114.654433
114.654433
114.654433
114.654433
114.654433
114.654433
114.654433
114.654433
114.654433
114.654433
114.654433
114.654433
114.654433
114.654433
114.654433
114.654433
114.654433
114.654433
114.654433
114.654433
114.654433
114.654433
114.654433
114.654433
114.654433
114.654433
114.654433
114.654433
114.654433
114.654433
114.654433
114.654433
114.654433
114.654433
114.654433
114.654433
114.654433
114.654433
114.654433
114.654433
114.654433
114.654433
114.654433
114.654433
114.654433
114.654433
114.654433
114.654433
114.654433
114.654433
114.654433
114.654433
114.654433
114.654433
114.654433
114.654433
114.654433
114.654433
114.654433
114.654433
114.654433
114.654433
114.654433
114.654433
114.654433
114.654433
114.654433
114.654433
114.654433
114.654433
114.654433
114.654433
114.654433
114.654433
114.654433
114.654433
114.654433
114.654433
114.654433
114.654433
114.654433
114.654433
114.654433
114.654433
114.654433
114.654433
114.654433
114.654433
114.654433
114.654433
114.654433
114.654433
114.654433
114.654433
114.654433
114.654433
114.654433
114.654433
114.654433
114.654433
114.654433
114.654433
114.654433
114.654433
114.654433
114.654433
114.654433
114.654433
114.654433
114.654433
114.654433
114.654433
114.654433
114.654433
114.654433
114.654433
114.654433
114.654433
114.654433
114.654433
114.654433
114.654433
114.654433
114.654433
114.654433
114.654433
114.654433
114.654433
114.654433
114.654433
114.654433
114.654433
114.654433
114.654433
114.654433
114.654433
114.654433
114.654433
114.654433
114.654433
114.654433
114.654433
114.654433
114.654433
114.654433
114.654433
114.654433
114.654433
114.654433
114.654433
114.654433
114.654433
114.654433
114.654433
114.654433
114.654433
114.654433
114.654433
114.654433
114.654433
114.654433
114.654433
114.654433
114.654433
114.654433
114.654433
114.654433
114.654433
114.654433
114.654433
114.654433
114.654433
114.654433
114.654433
114.654433
114.654433
114.654433
114.654433
114.654433
114.654433
114.654433
114.654433
114.654433
114.654433
114.654433
114.654433
114.654433
114.654433
114.654433
114.654433
114.654433
114.654433
114.654433
114.654433
114.654433
114.654433
114.654433
114.654433
114.654433
114.654433
114.654433
114.654433
114.654433
114.654433
114.654433
114.654433
114.654433
114.654433
114.654433
114.654433
114.654433
114.654433
114.654433
114.654433
114.654433
114.654433
114.654433
114.654433
114.654433
114.654433
114.654433
114.654433
114.654433
114.654433
114.654433
114.654433
114.654433
114.654433
114.654433
114.654433
114.654433
114.654433
114.654433
114.654433
114.654433
114.654433
114.654433
114.654433
114.654433
114.654433
114.654433
114.654433
114.654433
114.654433
114.654433
114.654433
114.654433
114.654433
114.654433
114.654433
114.654433
114.654433
114.654433
114.654433
114.654433
114.654433
114.654433
114.654433
114.654433
114.654433
114.654433
114.654433
114.654433
114.654433
114.654433
114.654433
114.654433
114.654433
114.654433
114.654433
114.654433
114.654433
114.654433
114.654433
114.654433
114.654433
114.654433
114.654433
114.654433
114.654433
114.654433
114.654433
114.654433
114.654433
114.654433
114.654433
114.654433
114.654433
114.654433
114.654433
114.654433
114.654433
114.654433
114.654433
114.654433
114.654433
114.654433
114.654433
114.654433
114.654433
114.654433
114.654433
114.654433
114.654433
114.654433
114.654433
114.654433
114.654433
114.654433
114.654433
114.654433
114.654433
114.654433
114.654433
114.654433
114.654433
114.654433
114.654433
114.654433
114.654433
114.654433
114.654433
114.654433
114.654433
114.654433
114.654433
114.654433
114.654433
114.654433
114.654433
114.654433
114.654433
114.654433
114.654433
114.654433
114.654433
114.654433
114.654433
114.654433
114.654433
114.654433
114.654433
114.654433
114.654433
114.654433
114.654433
114.654433
114.654433
114.654433
114.654433
114.654433
114.654433
114.654433
114.654433
114.654433
114.654433
114.654433
114.654433
114.654433
114.654433
114.654433
114.654433
114.654433
114.654433
114.654433
114.654433
114.654433
114.654433
114.654433
114.654433
114.654433
114.654433
114.654433
114.654433
114.654433
114.654433
114.654433
114.654433
114.654433
114.654433
114.654433
114.654433
114.654433
114.654433
114.654433
114.654433
114.654433
114.654433
114.654433
114.654433
114.654433
114.654433
114.654433
114.654433
114.654433
114.654433
114.654433
114.654433
114.654433
114.654433
114.654433
114.654433
114.654433
114.654433
114.654433
114.654433
114.654433
114.654433
114.654433
114.654433
114.654433
114.654433
114.654433
114.654433
114.654433
114.654433
114.654433
114.654433
114.654433
114.654433
114.654433
114.654433
114.654433
114.654433
114.654433
114.654433
114.654433
114.654433
114.654433
114.654433
114.654433
114.654433
114.654433
114.654433
114.654433
114.654433
114.654433
114.654433
114.654433
114.654433
114.654433
114.654433
114.654433
114.654433
114.654433
114.654433
114.654433
114.654433
114.654433
114.654433
114.654433
114.654433
114.654433
114.654433
114.654433
114.654433
114.654433
114.654433
114.654433
114.654433
114.654433
114.654433
114.654433
114.654433
114.654433
114.654433
114.654433
114.654433
114.654433
114.654433
114.654433
114.654433
114.654433
114.654433
114.654433
114.654433
114.654433
114.654433
114.654433
114.654433
114.654433
114.654433
114.654433
114.654433
114.654433
114.654433
114.654433
114.654433
114.654433
114.654433
114.654433
114.654433
114.654433
114.654433
114.654433
114.654433
114.654433
114.654433
114.654433
114.654433
114.654433
114.654433
114.654433
114.654433
114.654433
114.654433
114.654433
114.654433
114.654433
114.654433
114.654433
114.654433
114.654433
114.654433
114.654433
114.654433
114.654433
114.654433
114.654433
114.654433
114.654433
114.654433
114.654433
114.654433
114.654433
114.654433
114.654433
114.654433
114.654433
114.654433
114.654433
114.654433
114.654433
114.654433
114.654433
114.654433
114.654433
114.654433
114.654433
114.654433
114.654433
114.654433
114.654433
114.654433
114.654433
114.654433
114.654433
114.654433
114.654433
114.654433
114.654433
114.654433
114.654433
114.654433
114.654433
114.654433
114.654433
114.654433
114.654433
114.654433
114.654433
114.654433
114.654433
114.654433
114.654433
114.654433
114.654433
114.654433
114.654433
114.654433
114.654433
114.654433
114.654433
114.654433
114.654433
114.654433
114.654433
114.654433
114.654433
114.654433
114.654433
114.654433
114.654433
114.654433
114.654433
114.654433
114.654433
114.654433
114.654433
114.654433
114.654433
114.654433
114.654433
114.654433
114.654433
114.654433
114.654433
114.654433
114.654433
114.654433
114.654433
114.654433
114.654433
114.654433
114.654433
114.654433
114.654433
114.654433
114.654433
114.654433
114.654433
114.654433
114.654433
114.654433
114.654433
114.654433
114.654433
114.654433
114.654433
114.654433
114.654433
114.654433
114.654433
114.654433
114.654433
114.654433
114.654433
114.654433
114.654433
114.654433
114.654433
114.654433
114.654433
114.654433
114.654433
114.654433
114.654433
114.654433
114.654433
114.654433
114.654433
114.654433
114.654433
114.654433
114.654433
114.654433
114.654433
114.654433
114.654433
114.654433
114.654433
114.654433
114.654433
114.654433
114.654433
114.654433
114.654433
114.654433
114.654433
114.654433
114.654433
114.654433
114.654433
114.654433
114.654433
114.654433
114.654433
114.654433
114.654433
114.654433
114.654433
114.654433
114.654433
114.654433
114.654433
114.654433
114.654433
114.654433
114.654433
114.654433
114.654433
114.654433
114.654433
114.654433
114.654433
114.654433
114.654433
114.654433
114.654433
114.654433
114.654433
114.654433
114.654433
114.654433
114.654433
114.654433
114.654433
114.654433
114.654433
114.654433
114.654433
114.654433
114.654433
114.654433
114.654433
114.654433
114.654433
114.654433
114.654433
114.654433
114.654433
114.654433
114.654433
114.654433
114.654433
114.654433
114.654433
114.654433
114.654433
114.654433
114.654433
114.654433
114.654433
114.654433
114.654433
114.654433
114.654433
114.654433
114.654433
114.654433
114.654433
114.654433
114.654433
114.654433
114.654433
114.654433
114.654433
114.654433
114.654433
114.654433
114.654433
114.654433
114.654433
114.654433
114.654433
114.654433
114.654433
114.654433
114.654433
114.654433
114.654433
114.654433
114.654433
114.654433
114.654433
114.654433
114.654433
114.654433
114.654433
114.654433
114.654433
114.654433
114.654433
114.654433
114.654433
114.654433
114.654433
114.654433
114.654433
114.654433
114.654433
114.654433
114.654433
114.654433
114.654433
114.654433
114.654433
114.654433
114.654433
114.654433
114.654433
114.654433
114.654433
114.654433
114.654433
114.654433
114.654433
114.654433
114.654433
114.654433
114.654433
114.654433
114.654433
114.654433
114.654433
114.654433
114.654433
114.654433
114.654433
114.654433
114.654433
114.654433
114.654433
114.654433
114.654433
114.654433
114.654433
114.654433
114.654433
114.654433
114.654433
114.654433
114.654433
114.654433
114.654433
114.654433
114.654433
114.654433
114.654433
114.654433
114.654433
114.654433
114.654433
114.654433
114.654433
114.654433
114.654433
114.654433
114.654433
114.654433
114.654433
114.654433
114.654433
114.654433
114.654433
114.654433
114.654433
114.654433
114.654433
114.654433
114.654433
114.654433
114.654433
114.654433
114.654433
114.654433
114.654433
114.654433
114.654433
114.654433
114.654433
114.654433
114.654433
114.654433
114.654433
114.654433
114.654433
114.654433
114.654433
114.654433
114.654433
114.654433
114.654433
114.654433
114.654433
114.654433
114.654433
114.654433
114.654433
114.654433
114.654433
114.654433
114.654433
114.654433
114.654433
114.654433
114.654433
114.654433
114.654433
114.654433
114.654433
114.654433
114.654433
114.654433
114.654433
114.654433
114.654433
114.654433
114.654433
114.654433
114.654433
114.654433
114.654433
114.654433
114.654433
114.654433
114.654433
114.654433
114.654433
114.654433
114.654433
114.654433
114.654433
114.654433
114.654433
114.654433
114.654433
114.654433
114.654433
114.654433
114.654433
114.654433
114.654433
114.654433
114.654433
114.654433
114.654433
114.654433
114.654433
114.654433
114.654433
114.654433
114.654433
114.654433
114.654433
114.654433
114.654433
114.654433
114.654433
114.654433
114.654433
114.654433
114.654433
114.654433
114.654433
114.654433
114.654433
114.654433
114.654433
114.654433
114.654433
114.654433
114.654433
114.654433
114.654433
114.654433
114.654433
114.654433
114.654433
114.654433
114.654433
114.654433
114.654433
114.654433
114.654433
114.654433
114.654433
114.654433
114.654433
114.654433
114.654433
114.654433
114.654433
114.654433
114.654433
114.654433
114.654433
114.654433
114.654433
114.654433
114.654433
114.654433
114.654433
114.654433
114.654433
114.654433
114.654433
114.654433
114.654433
114.654433
114.654433
114.654433
114.654433
114.654433
114.654433
114.654433
114.654433
114.654433
114.654433
114.654433
114.654433
114.654433
114.654433
114.654433
114.654433
114.654433
114.654433
114.654433
114.654433
114.654433
114.654433
114.654433
114.654433
114.654433
114.654433
114.654433
114.654433
114.654433
114.654433
114.654433
114.654433
114.654433
114.654433
114.654433
114.654433
114.654433
114.654433
114.654433
114.654433
114.654433
114.654433
114.654433
114.654433
114.654433
114.654433
114.654433
114.654433
114.654433
114.654433
114.654433
114.654433
114.654433
114.654433
114.654433
114.654433
114.654433
114.654433
114.654433
114.654433
114.654433
114.654433
114.654433
114.654433
114.654433
114.654433
114.654433
114.654433
114.654433
114.654433
114.654433
114.654433
114.654433
114.654433
114.654433
114.654433
114.654433
114.654433
114.654433
114.654433
114.654433
114.654433
114.654433
114.654433
114.654433
114.654433
114.654433
114.654433
114.654433
114.654433
114.654433
114.654433
114.654433
114.654433
114.654433
114.654433
114.654433
114.654433
114.654433
114.654433
114.654433
114.654433
114.654433
114.654433
114.654433
114.654433
114.654433
114.654433
114.654433
114.654433
114.654433
114.654433
114.654433
114.654433
114.654433
114.654433
114.654433
114.654433
114.654433
114.654433
114.654433
114.654433
114.654433
114.654433
114.654433
114.654433
114.654433
114.654433
114.654433
114.654433
114.654433
114.654433
114.654433
114.654433
114.654433
114.654433
114.654433
114.654433
114.654433
114.654433
114.654433
114.654433
114.654433
114.654433
114.654433
114.654433
114.654433
114.654433
114.654433
114.654433
114.654433
114.654433
114.654433
114.654433
114.654433
114.654433
114.654433
114.654433
114.654433
114.654433
114.654433
114.654433
114.654433
114.654433
114.654433
114.654433
114.654433
114.654433
114.654433
114.654433
114.654433
114.654433
114.654433
114.654433
114.654433
114.654433
114.654433
114.654433
114.654433
114.654433
114.654433
114.654433
114.654433
114.654433
114.654433
114.654433
114.654433
114.654433
114.654433
114.654433
114.654433
114.654433
114.654433
114.654433
114.654433
114.654433
114.654433
114.654433
114.654433
114.654433
114.654433
114.654433
114.654433
114.654433
114.654433
114.654433
114.654433
114.654433
114.654433
114.654433
114.654433
114.654433
114.654433
114.654433
114.654433
114.654433
114.654433
114.654433
114.654433
114.654433
114.654433
114.654433
114.654433
114.654433
114.654433
114.654433
114.654433
114.654433
114.654433
114.654433
114.654433
114.654433
114.654433
114.654433
114.654433
114.654433
114.654433
114.654433
114.654433
114.654433
114.654433
114.654433
114.654433
114.654433
114.654433
114.654433
114.654433
114.654433
114.654433
114.654433
114.654433
114.654433
114.654433
114.654433
114.654433
114.654433
114.654433
114.654433
114.654433
114.654433
114.654433
114.654433
114.654433
114.654433
114.654433
114.654433
114.654433
114.654433
114.654433
114.654433
114.654433
114.654433
114.654433
114.654433
114.654433
114.654433
114.654433
114.654433
114.654433
114.654433
114.654433
114.654433
114.654433
114.654433
114.654433
114.654433
114.654433
114.654433
114.654433
114.654433
114.654433
114.654433
114.654433
114.654433
114.654433
114.654433
114.654433
114.654433
114.654433
114.654433
114.654433
114.654433
114.654433
114.654433
114.654433
114.654433
114.654433
114.654433
114.654433
114.654433
114.654433
114.654433
114.654433
114.654433
114.654433
114.654433
114.654433
114.654433
114.654433
114.654433
114.654433
114.654433
114.654433
114.654433
114.654433
114.654433
114.654433
114.654433
114.654433
114.654433
114.654433
114.654433
114.654433
114.654433
114.654433
114.654433
114.654433
114.654433
114.654433
114.654433
114.654433
114.654433
114.654433
114.654433
114.654433
114.654433
114.654433
114.654433
114.654433
114.654433
114.654433
114.654433
114.654433
114.654433
114.654433
114.654433
114.654433
114.654433
114.654433
114.654433
114.654433
114.654433
114.654433
114.654433
114.654433
114.654433
114.654433
114.654433
114.654433
114.654433
114.654433
114.654433
114.654433
114.654433
114.654433
114.654433
114.654433
114.654433
114.654433
114.654433
114.654433
114.654433
114.654433
114.654433
114.654433
114.654433
114.654433
114.654433
114.654433
114.654433
114.654433
114.654433
114.654433
114.654433
114.654433
114.654433
114.654433
114.654433
114.654433
114.654433
114.654433
114.654433
114.654433
114.654433
114.654433
114.654433
114.654433
114.654433
114.654433
114.654433
114.654433
114.654433
114.654433
114.654433
114.654433
114.654433
114.654433
114.654433
114.654433
114.654433
114.654433
114.654433
114.654433
114.654433
114.654433
114.654433
114.654433
114.654433
114.654433
114.654433
114.654433
114.654433
114.654433
114.654433
114.654433
114.654433
114.654433
114.654433
114.654433
114.654433
114.654433
114.654433
114.654433
114.654433
114.654433
114.654433
114.654433
114.654433
114.654433
114.654433
114.654433
114.654433
114.654433
114.654433
114.654433
114.654433
114.654433
114.654433
114.654433
114.654433
114.654433
114.654433
114.654433
114.654433
114.654433
114.654433
114.654433
114.654433
114.654433
114.654433
114.654433
114.654433
114.654433
114.654433
114.654433
114.654433
114.654433
114.654433
114.654433
114.654433
114.654433
114.654433
114.654433
114.654433
114.654433
114.654433
114.654433
114.654433
114.654433
114.654433
114.654433
114.654433
114.654433
114.654433
114.654433
114.654433
114.654433
114.654433
114.654433
114.654433
114.654433
114.654433
114.654433
114.654433
114.654433
114.654433
114.654433
114.654433
114.654433
114.654433
114.654433
114.654433
114.654433
114.654433
114.654433
114.654433
114.654433
114.654433
114.654433
114.654433
114.654433
114.654433
114.654433
114.654433
114.654433
114.654433
114.654433
114.654433
114.654433
114.654433
114.654433
114.654433
114.654433
114.654433
114.654433
114.654433
114.654433
114.654433
114.654433
114.654433
114.654433
114.654433
114.654433
114.654433
114.654433
114.654433
114.654433
114.654433
114.654433
114.654433
114.654433
114.654433
114.654433
114.654433
114.654433
114.654433
114.654433
114.654433
114.654433
114.654433
114.654433
114.654433
114.654433
114.654433
114.654433
114.654433
114.654433
114.654433
114.654433
114.654433
114.654433
114.654433
114.654433
114.654433
114.654433
114.654433
114.654433
114.654433
114.654433
114.654433
114.654433
114.654433
114.654433
114.654433
114.654433
114.654433
114.654433
114.654433
114.654433
114.654433
114.654433
114.654433
114.654433
114.654433
114.654433
114.654433
114.654433
114.654433
114.654433
114.654433
114.654433
114.654433
114.654433
114.654433
114.654433
114.654433
114.654433
114.654433
114.654433
114.654433
114.654433
114.654433
114.654433
114.654433
114.654433
114.654433
114.654433
114.654433
114.654433
114.654433
114.654433
114.654433
114.654433
114.654433
114.654433
114.654433
114.654433
114.654433
114.654433
114.654433
114.654433
114.654433
114.654433
114.654433
114.654433
114.654433
114.654433
114.654433
114.654433
114.654433
114.654433
114.654433
114.654433
114.654433
114.654433
114.654433
114.654433
114.654433
114.654433
114.654433
114.654433
114.654433
114.654433
114.654433
114.654433
114.654433
114.654433
114.654433
114.654433
114.654433
114.654433
114.654433
114.654433
114.654433
114.654433
114.654433
114.654433
114.654433
114.654433
114.654433
114.654433
114.654433
114.654433
114.654433
114.654433
114.654433
114.654433
114.654433
114.654433
114.654433
114.654433
114.654433
114.654433
114.654433
114.654433
114.654433
114.654433
114.654433
114.654433
114.654433
114.654433
114.654433
114.654433
114.654433
114.654433
114.654433
114.654433
114.654433
114.654433
114.654433
114.654433
114.654433
114.654433
114.654433
114.654433
114.654433
114.654433
114.654433
114.654433
114.654433
114.654433
114.654433
114.654433
114.654433
114.654433
114.654433
114.654433
114.654433
114.654433
114.654433
114.654433
114.654433
114.654433
114.654433
114.654433
114.654433
114.654433
114.654433
114.654433
114.654433
114.654433
114.654433
114.654433
114.654433
114.654433
114.654433
114.654433
114.654433
114.654433
114.654433
114.654433
114.654433
114.654433
114.654433
114.654433
114.654433
114.654433
114.654433
114.654433
114.654433
114.654433
114.654433
114.654433
114.654433
114.654433
114.654433
114.654433
114.654433
114.654433
114.654433
114.654433
114.654433
114.654433
114.654433
114.654433
114.654433
114.654433
114.654433
114.654433
114.654433
114.654433
114.654433
114.654433
114.654433
114.654433
114.654433
114.654433
114.654433
114.654433
114.654433
114.654433
114.654433
114.654433
114.654433
114.654433
114.654433
114.654433
114.654433
114.654433
114.654433
114.654433
114.654433
114.654433
114.654433
114.654433
114.654433
114.654433
114.654433
114.654433
114.654433
114.654433
114.654433
114.654433
114.654433
114.654433
114.654433
114.654433
114.654433
114.654433
114.654433
114.654433
114.654433
114.654433
114.654433
114.654433
114.654433
114.654433
114.654433
114.654433
114.654433
114.654433
114.654433
114.654433
114.654433
114.654433
114.654433
114.654433
114.654433
114.654433
114.654433
114.654433
114.654433
114.654433
114.654433
114.654433
114.654433
114.654433
114.654433
114.654433
114.654433
114.654433
114.654433
114.654433
114.654433
114.654433
114.654433
114.654433
114.654433
114.654433
114.654433
114.654433
114.654433
114.654433
114.654433
114.654433
114.654433
114.654433
114.654433
114.654433
114.654433
114.654433
114.654433
114.654433
114.654433
114.654433
114.654433
114.654433
114.654433
114.654433
114.654433
114.654433
114.654433
114.654433
114.654433
114.654433
114.654433
114.654433
114.654433
114.654433
114.654433
114.654433
114.654433
114.654433
114.654433
114.654433
114.654433
114.654433
114.654433
114.654433
114.654433
114.654433
114.654433
114.654433
114.654433
114.654433
114.654433
114.654433
114.654433
114.654433
114.654433
114.654433
114.654433
114.654433
114.654433
114.654433
114.654433
114.654433
114.654433
114.654433
114.654433
114.654433
114.654433
114.654433
114.654433
114.654433
114.654433
114.654433
114.654433
114.654433
114.654433
114.654433
114.654433
114.654433
114.654433
114.654433
114.654433
114.654433
114.654433
114.654433
114.654433
114.654433
114.654433
114.654433
114.654433
114.654433
114.654433
114.654433
114.654433
114.654433
114.654433
114.654433
114.654433
114.654433
114.654433
114.654433
114.654433
114.654433
114.654433
114.654433
114.654433
114.654433
114.654433
114.654433
114.654433
114.654433
114.654433
114.654433
114.654433
114.654433
114.654433
114.654433
114.654433
114.654433
114.654433
114.654433
114.654433
114.654433
114.654433
114.654433
114.654433
114.654433
114.654433
114.654433
114.654433
114.654433
114.654433
114.654433
114.654433
114.654433
114.654433
114.654433
114.654433
114.654433
114.654433
114.654433
114.654433
114.654433
114.654433
114.654433
114.654433
114.654433
114.654433
114.654433
114.654433
114.654433
114.654433
114.654433
114.654433
114.654433
114.654433
114.654433
114.654433
114.654433
114.654433
114.654433
114.654433
114.654433
114.654433
114.654433
114.654433
114.654433
114.654433
114.654433
114.654433
114.654433
114.654433
114.654433
114.654433
114.654433
114.654433
114.654433
114.654433
114.654433
114.654433
114.654433
114.654433
114.654433
114.654433
114.654433
114.654433
114.654433
114.654433
114.654433
114.654433
114.654433
114.654433
114.654433
114.654433
114.654433
114.654433
114.654433
114.654433
114.654433
114.654433
114.654433
114.654433
114.654433
114.654433
114.654433
114.654433
114.654433
114.654433
114.654433
114.654433
114.654433
114.654433
114.654433
114.654433
114.654433
114.654433
114.654433
114.654433
114.654433
114.654433
114.654433
114.654433
114.654433
114.654433
114.654433
114.654433
114.654433
114.654433
114.654433
114.654433
114.654433
114.654433
114.654433
114.654433
114.654433
114.654433
114.654433
114.654433
114.654433
114.654433
114.654433
114.654433
114.654433
114.654433
114.654433
114.654433
114.654433
114.654433
114.654433
114.654433
114.654433
114.654433
114.654433
114.654433
114.654433
114.654433
114.654433
114.654433
114.654433
114.654433
114.654433
114.654433
114.654433
114.654433
114.654433
114.654433
114.654433
114.654433
114.654433
114.654433
114.654433
114.654433
114.654433
114.654433
114.654433
114.654433
114.654433
114.654433
114.654433
114.654433
114.654433
114.654433
114.654433
114.654433
114.654433
114.654433
114.654433
114.654433
114.654433
114.654433
114.654433
114.654433
114.654433
114.654433
114.654433
114.654433
114.654433
114.654433
114.654433
114.654433
114.654433
114.654433
114.654433
114.654433
114.654433
114.654433
114.654433
114.654433
114.654433
114.654433
114.654433
114.654433
114.654433
114.654433
114.654433
114.654433
114.654433
114.654433
114.654433
114.654433
114.654433
114.654433
114.654433
114.654433
114.654433
114.654433
114.654433
114.654433
114.654433
114.654433
114.654433
114.654433
114.654433
114.654433
114.654433
114.654433
114.654433
114.654433
114.654433
114.654433
114.654433
114.654433
114.654433
114.654433
114.654433
114.654433
114.654433
114.654433
114.654433
114.654433
114.654433
114.654433
114.654433
114.654433
114.654433
114.654433
114.654433
114.654433
114.654433
114.654433
114.654433
114.654433
114.654433
114.654433
114.654433
114.654433
114.654433
114.654433
114.654433
114.654433
114.654433
114.654433
114.654433
114.654433
114.654433
114.654433
114.654433
114.654433
114.654433
114.654433
114.654433
114.654433
114.654433
114.654433
114.654433
114.654433
114.654433
114.654433
114.654433
114.654433
114.654433
114.654433
114.654433
114.654433
114.654433
114.654433
114.654433
114.654433
114.654433
114.654433
114.654433
114.654433
114.654433
114.654433
114.654433
114.654433
114.654433
114.654433
114.654433
114.654433
114.654433
114.654433
114.654433
114.654433
114.654433
114.654433
114.654433
114.654433
114.654433
114.654433
114.654433
114.654433
114.654433
114.654433
114.654433
114.654433
114.654433
114.654433
114.654433
114.654433
114.654433
114.654433
114.654433
114.654433
114.654433
114.654433
114.654433
114.654433
114.654433
114.654433
114.654433
114.654433
114.654433
114.654433
114.654433
114.654433
114.654433
114.654433
114.654433
114.654433
114.654433
114.654433
114.654433
114.654433
114.654433
114.654433
114.654433
114.654433
114.654433
114.654433
114.654433
114.654433
114.654433
114.654433
114.654433
114.654433
114.654433
114.654433
114.654433
114.654433
114.654433
114.654433
114.654433
114.654433
114.654433
114.654433
114.654433
114.654433
114.654433
114.654433
114.654433
114.654433
114.654433
114.654433
114.654433
114.654433
114.654433
114.654433
114.654433
114.654433
114.654433
114.654433
114.654433
114.654433
114.654433
114.654433
114.654433
114.654433
114.654433
114.654433
114.654433
114.654433
114.654433
114.654433
114.654433
114.654433
114.654433
114.654433
114.654433
114.654433
114.654433
114.654433
114.654433
114.654433
114.654433
114.654433
114.654433
114.654433
114.654433
114.654433
114.654433
114.654433
114.654433
114.654433
114.654433
114.654433
114.654433
114.654433
114.654433
114.654433
114.654433
114.654433
114.654433
114.654433
114.654433
114.654433
114.654433
114.654433
114.654433
114.654433
114.654433
114.654433
114.654433
114.654433
114.654433
114.654433
114.654433
114.654433
114.654433
114.654433
114.654433
114.654433
114.654433
114.654433
114.654433
114.654433
114.654433
114.654433
114.654433
114.654433
114.654433
114.654433
114.654433
114.654433
114.654433
114.654433
114.654433
114.654433
114.654433
114.654433
114.654433
114.654433
114.654433
114.654433
114.654433
114.654433
114.654433
114.654433
114.654433
114.654433
114.654433
114.654433
114.654433
114.654433
114.654433
114.654433
114.654433
114.654433
114.654433
114.654433
114.654433
114.654433
114.654433
114.654433
114.654433
114.654433
114.654433
114.654433
114.654433
114.654433
114.654433
114.654433
114.654433
114.654433
114.654433
114.654433
114.654433
114.654433
114.654433
114.654433
114.654433
114.654433
114.654433
114.654433
114.654433
114.654433
114.654433
114.654433
114.654433
114.654433
114.654433
114.654433
114.654433
114.654433
114.654433
114.654433
114.654433
114.654433
114.654433
114.654433
114.654433
114.654433
114.654433
114.654433
114.654433
114.654433
114.654433
114.654433
114.654433
114.654433
114.654433
114.654433
114.654433
114.654433
114.654433
114.654433
114.654433
114.654433
114.654433
114.654433
114.654433
114.654433
114.654433
114.654433
114.654433
114.654433
114.654433
114.654433
114.654433
114.654433
114.654433
114.654433
114.654433
114.654433
114.654433
114.654433
114.654433
114.654433
114.654433
114.654433
114.654433
114.654433
114.654433
114.654433
114.654433
114.654433
114.654433
114.654433
114.654433
114.654433
114.654433
114.654433
114.654433
114.654433
114.654433
114.654433
114.654433
114.654433
114.654433
114.654433
114.654433
114.654433
114.654433
114.654433
114.654433
114.654433
114.654433
114.654433
114.654433
114.654433
114.654433
114.654433
114.654433
114.654433
114.654433
114.654433
114.654433
114.654433
114.654433
114.654433
114.654433
114.654433
114.654433
114.654433
114.654433
114.654433
114.654433
114.654433
114.654433
114.654433
114.654433
114.654433
114.654433
114.654433
114.654433
114.654433
114.654433
114.654433
114.654433
114.654433
114.654433
114.654433
114.654433
114.654433
114.654433
114.654433
114.654433
114.654433
114.654433
114.654433
114.654433
114.654433
114.654433
114.654433
114.654433
114.654433
114.654433
114.654433
114.654433
114.654433
114.654433
114.654433
114.654433
114.654433
114.654433
114.654433
114.654433
114.654433
114.654433
114.654433
114.654433
114.654433
114.654433
114.654433
114.654433
114.654433
114.654433
114.654433
114.654433
114.654433
114.654433
114.654433
114.654433
114.654433
114.654433
114.654433
114.654433
114.654433
114.654433
114.654433
114.654433
114.654433
114.654433
114.654433
114.654433
114.654433
114.654433
114.654433
114.654433
114.654433
114.654433
114.654433
114.654433
114.654433
114.654433
114.654433
114.654433
114.654433
114.654433
114.654433
114.654433
114.654433
114.654433
114.654433
114.654433
114.654433
114.654433
114.654433
114.654433
114.654433
114.654433
114.654433
114.654433
114.654433
114.654433
114.654433
114.654433
114.654433
114.654433
114.654433
114.654433
114.654433
114.654433
114.654433
114.654433
114.654433
114.654433
114.654433
114.654433
114.654433
114.654433
114.654433
114.654433
114.654433
114.654433
114.654433
114.654433
114.654433
114.654433
114.654433
114.654433
114.654433
114.654433
114.654433
114.654433
114.654433
114.654433
114.654433
114.654433
114.654433
114.654433
114.654433
114.654433
114.654433
114.654433
114.654433
114.654433
114.654433
114.654433
114.654433
114.654433
114.654433
114.654433
114.654433
114.654433
114.654433
114.654433
114.654433
114.654433
114.654433
114.654433
114.654433
114.654433
114.654433
114.654433
114.654433
114.654433
114.654433
114.654433
114.654433
114.654433
114.654433
114.654433
114.654433
114.654433
114.654433
114.654433
114.654433
114.654433
114.654433
114.654433
114.654433
114.654433
114.654433
114.654433
114.654433
114.654433
114.654433
114.654433
114.654433
114.654433
114.654433
114.654433
114.654433
114.654433
114.654433
114.654433
114.654433
114.654433
114.654433
114.654433
114.654433
114.654433
114.654433
114.654433
114.654433
114.654433
114.654433
114.654433
114.654433
114.654433
114.654433
114.654433
114.654433
114.654433
114.654433
114.654433
114.654433
114.654433
114.654433
114.654433
114.654433
114.654433
114.654433
114.654433
114.654433
114.654433
114.654433
114.654433
114.654433
114.654433
114.654433
114.654433
114.654433
114.654433
114.654433
114.654433
114.654433
114.654433
114.654433
114.654433
114.654433
114.654433
114.654433
114.654433
114.654433
114.654433
114.654433
114.654433
114.654433
114.654433
114.654433
114.654433
114.654433
114.654433
114.654433
114.654433
114.654433
114.654433
114.654433
114.654433
114.654433
114.654433
114.654433
114.654433
114.654433
114.654433
114.654433
114.654433
114.654433
114.654433
114.654433
114.654433
114.654433
114.654433
114.654433
114.654433
114.654433
114.654433
114.654433
114.654433
114.654433
114.654433
114.654433
114.654433
114.654433
114.654433
114.654433
114.654433
114.654433
114.654433
114.654433
114.654433
114.654433
114.654433
114.654433
114.654433
114.654433
114.654433
114.654433
114.654433
114.654433
114.654433
114.654433
114.654433
114.654433
114.654433
114.654433
114.654433
114.654433
114.654433
114.654433
114.654433
114.654433
114.654433
114.654433
114.654433
114.654433
114.654433
114.654433
114.654433
114.654433
114.654433
114.654433
114.654433
114.654433
114.654433
114.654433
114.654433
114.654433
114.654433
114.654433
114.654433
114.654433
114.654433
114.654433
114.654433
114.654433
114.654433
114.654433
114.654433
114.654433
114.654433
114.654433
114.654433
114.654433
114.654433
114.654433
114.654433
114.654433
114.654433
114.654433
114.654433
114.654433
114.654433
114.654433
114.654433
114.654433
114.654433
114.654433
114.654433
114.654433
114.654433
114.654433
114.654433
114.654433
114.654433
114.654433
114.654433
114.654433
114.654433
114.654433
114.654433
114.654433
114.654433
114.654433
114.654433
114.654433
114.654433
114.654433
114.654433
114.654433
114.654433
114.654433
114.654433
114.654433
114.654433
114.654433
114.654433
114.654433
114.654433
114.654433
114.654433
114.654433
114.654433
114.654433
114.654433
114.654433
114.654433
114.654433
114.654433
114.654433
114.654433
114.654433
114.654433
114.654433
114.654433
114.654433
114.654433
114.654433
114.654433
114.654433
114.654433
114.654433
114.654433
114.654433
114.654433
114.654433
114.654433
114.654433
114.654433
114.654433
114.654433
114.654433
114.654433
114.654433
114.654433
114.654433
114.654433
114.654433
114.654433
114.654433
114.654433
114.654433
114.654433
114.654433
114.654433
114.654433
114.654433
114.654433
114.654433
114.654433
114.654433
114.654433
114.654433
114.654433
114.654433
114.654433
114.654433
114.654433
114.654433
114.654433
114.654433
114.654433
114.654433
114.654433
114.654433
114.654433
114.654433
114.654433
114.654433
114.654433
114.654433
114.654433
114.654433
114.654433
114.654433
114.654433
114.654433
114.654433
114.654433
114.654433
114.654433
114.654433
114.654433
114.654433
114.654433
114.654433
114.654433
114.654433
114.654433
114.654433
114.654433
114.654433
114.654433
114.654433
114.654433
114.654433
114.654433
114.654433
114.654433
114.654433
114.654433
114.654433
114.654433
114.654433
114.654433
114.654433
114.654433
114.654433
114.654433
114.654433
114.654433
114.654433
114.654433
114.654433
114.654433
114.654433
114.654433
114.654433
114.654433
114.654433
114.654433
114.654433
114.654433
114.654433
114.654433
114.654433
114.654433
114.654433
114.654433
114.654433
114.654433
114.654433
114.654433
114.654433
114.654433
114.654433
114.654433
114.654433
114.654433
114.654433
114.654433
114.654433
114.654433
114.654433
114.654433
114.654433
114.654433
114.654433
114.654433
114.654433
114.654433
114.654433
114.654433
114.654433
114.654433
114.654433
114.654433
114.654433
114.654433
114.654433
114.654433
114.654433
114.654433
114.654433
114.654433
114.654433
114.654433
114.654433
114.654433
114.654433
114.654433
114.654433
114.654433
114.654433
114.654433
114.654433
114.654433
114.654433
114.654433
114.654433
114.654433
114.654433
114.654433
114.654433
114.654433
114.654433
114.654433
114.654433
114.654433
114.654433
114.654433
114.654433
114.654433
114.654433
114.654433
114.654433
114.654433
114.654433
114.654433
114.654433
114.654433
114.654433
114.654433
114.654433
114.654433
114.654433
114.654433
114.654433
114.654433
114.654433
114.654433
114.654433
114.654433
114.654433
114.654433
114.654433
114.654433
114.654433
114.654433
114.654433
114.654433
114.654433
114.654433
114.654433
114.654433
114.654433
114.654433
114.654433
114.654433
114.654433
114.654433
114.654433
114.654433
114.654433
114.654433
114.654433
114.654433
114.654433
114.654433
114.654433
114.654433
114.654433
114.654433
114.654433
114.654433
114.654433
114.654433
114.654433
114.654433
114.654433
114.654433
114.654433
114.654433
114.654433
114.654433
114.654433
114.654433
114.654433
114.654433
114.654433
114.654433
114.654433
114.654433
114.654433
114.654433
114.654433
114.654433
114.654433
114.654433
114.654433
114.654433
114.654433
114.654433
114.654433
114.654433
114.654433
114.654433
114.654433
114.654433
114.654433
114.654433
114.654433
114.654433
114.654433
114.654433
114.654433
114.654433
114.654433
114.654433
114.654433
114.654433
114.654433
114.654433
114.654433
114.654433
114.654433
114.654433
114.654433
114.654433
114.654433
114.654433
114.654433
114.654433
114.654433
114.654433
114.654433
114.654433
114.654433
114.654433
114.654433
114.654433
114.654433
114.654433
114.654433
114.654433
114.654433
114.654433
114.654433
114.654433
114.654433
114.654433
114.654433
114.654433
114.654433
114.654433
114.654433
114.654433
114.654433
114.654433
114.654433
114.654433
114.654433
114.654433
114.654433
114.654433
114.654433
114.654433
114.654433
114.654433
114.654433
114.654433
114.654433
114.654433
114.654433
114.654433
114.654433
114.654433
114.654433
114.654433
114.654433
114.654433
114.654433
114.654433
114.654433
114.654433
114.654433
114.654433
114.654433
114.654433
114.654433
114.654433
114.654433
114.654433
114.654433
114.654433
114.654433
114.654433
114.654433
114.654433
114.654433
114.654433
114.654433
114.654433
114.654433
114.654433
114.654433
114.654433
114.654433
114.654433
114.654433
114.654433
114.654433
114.654433
114.654433
114.654433
114.654433
114.654433
114.654433
114.654433
114.654433
114.654433
114.654433
114.654433
114.654433
114.654433
114.654433
114.654433
114.654433
114.654433
114.654433
114.654433
114.654433
114.654433
114.654433
114.654433
114.654433
114.654433
114.654433
114.654433
114.654433
114.654433
114.654433
114.654433
114.654433
114.654433
114.654433
114.654433
114.654433
114.654433
114.654433
114.654433
114.654433
114.654433
114.654433
114.654433
114.654433
114.654433
114.654433
114.654433
114.654433
114.654433
114.654433
114.654433
114.654433
114.654433
114.654433
114.654433
114.654433
114.654433
114.654433
114.654433
114.654433
114.654433
114.654433
114.654433
114.654433
114.654433
114.654433
114.654433
114.654433
114.654433
114.654433
114.654433
114.654433
114.654433
114.654433
114.654433
114.654433
114.654433
114.654433
114.654433
114.654433
114.654433
114.654433
114.654433
114.654433
114.654433
114.654433
114.654433
114.654433
114.654433
114.654433
114.654433
114.654433
114.654433
114.654433
114.654433
114.654433
114.654433
114.654433
114.654433
114.654433
114.654433
114.654433
114.654433
114.654433
114.654433
114.654433
114.654433
114.654433
114.654433
114.654433
114.654433
114.654433
114.654433
114.654433
114.654433
114.654433
114.654433
114.654433
114.654433
114.654433
114.654433
114.654433
114.654433
114.654433
114.654433
114.654433
114.654433
114.654433
114.654433
114.654433
114.654433
114.654433
114.654433
114.654433
114.654433
114.654433
114.654433
114.654433
114.654433
114.654433
114.654433
114.654433
114.654433
114.654433
114.654433
114.654433
114.654433
114.654433
114.654433
114.654433
114.654433
114.654433
114.654433
114.654433
114.654433
114.654433
114.654433
114.654433
114.654433
114.654433
114.654433
114.654433
114.654433
114.654433
114.654433
114.654433
114.654433
114.654433
114.654433
114.654433
114.654433
114.654433
114.654433
114.654433
114.654433
114.654433
114.654433
114.654433
114.654433
114.654433
114.654433
114.654433
114.654433
114.654433
114.654433
114.654433
114.654433
114.654433
114.654433
114.654433
114.654433
114.654433
114.654433
114.654433
114.654433
114.654433
114.654433
114.654433
114.654433
114.654433
114.654433
114.654433
114.654433
114.654433
114.654433
114.654433
114.654433
114.654433
114.654433
114.654433
114.654433
114.654433
114.654433
114.654433
114.654433
114.654433
114.654433
114.654433
114.654433
114.654433
114.654433
114.654433
114.654433
114.654433
114.654433
114.654433
114.654433
114.654433
114.654433
114.654433
114.654433
114.654433
114.654433
114.654433
114.654433
114.654433
114.654433
114.654433
114.654433
114.654433
114.654433
114.654433
114.654433
114.654433
114.654433
114.654433
114.654433
114.654433
114.654433
114.654433
114.654433
114.654433
114.654433
114.654433
114.654433
114.654433
114.654433
114.654433
114.654433
114.654433
114.654433
114.654433
114.654433
114.654433
114.654433
114.654433
114.654433
114.654433
114.654433
114.654433
114.654433
114.654433
114.654433
114.654433
114.654433
114.654433
114.654433
114.654433
114.654433
114.654433
114.654433
114.654433
114.654433
114.654433
114.654433
114.654433
114.654433
114.654433
114.654433
114.654433
114.654433
114.654433
114.654433
114.654433
114.654433
114.654433
114.654433
114.654433
114.654433
114.654433
114.654433
114.654433
114.654433
114.654433
114.654433
114.654433
114.654433
114.654433
114.654433
114.654433
114.654433
114.654433
114.654433
114.654433
114.654433
114.654433
114.654433
114.654433
114.654433
114.654433
114.654433
114.654433
114.654433
114.654433
114.654433
114.654433
114.654433
114.654433
114.654433
114.654433
114.654433
114.654433
114.654433
114.654433
114.654433
114.654433
114.654433
114.654433
114.654433
114.654433
114.654433
114.654433
114.654433
114.654433
114.654433
114.654433
114.654433
114.654433
114.654433
114.654433
114.654433
114.654433
114.654433
114.654433
114.654433
114.654433
114.654433
114.654433
114.654433
114.654433
114.654433
114.654433
114.654433
114.654433
114.654433
114.654433
114.654433
114.654433
114.654433
114.654433
114.654433
114.654433
114.654433
114.654433
114.654433
114.654433
114.654433
114.654433
114.654433
114.654433
114.654433
114.654433
114.654433
114.654433
114.654433
114.654433
114.654433
114.654433
114.654433
114.654433
114.654433
114.654433
114.654433
114.654433
114.654433
114.654433
114.654433
114.654433
114.654433
114.654433
114.654433
114.654433
114.654433
114.654433
114.654433
114.654433
114.654433
114.654433
114.654433
114.654433
114.654433
114.654433
114.654433
114.654433
114.654433
114.654433
114.654433
114.654433
114.654433
114.654433
114.654433
114.654433
114.654433
114.654433
114.654433
114.654433
114.654433
114.654433
114.654433
114.654433
114.654433
114.654433
114.654433
114.654433
114.654433
114.654433
114.654433
114.654433
114.654433
114.654433
114.654433
114.654433
114.654433
114.654433
114.654433
114.654433
114.654433
114.654433
114.654433
114.654433
114.654433
114.654433
114.654433
114.654433
114.654433
114.654433
114.654433
114.654433
114.654433
114.654433
114.654433
114.654433
114.654433
114.654433
114.654433
114.654433
114.654433
114.654433
114.654433
114.654433
114.654433
114.654433
114.654433
114.654433
114.654433
114.654433
114.654433
114.654433
114.654433
114.654433
114.654433
114.654433
114.654433
114.654433
114.654433
114.654433
114.654433
114.654433
114.654433
114.654433
114.654433
114.654433
114.654433
114.654433
114.654433
114.654433
114.654433
114.654433
114.654433
114.654433
114.654433
114.654433
114.654433
114.654433
114.654433
114.654433
114.654433
114.654433
114.654433
114.654433
114.654433
114.654433
114.654433
114.654433
114.654433
114.654433
114.654433
114.654433
114.654433
114.654433
114.654433
114.654433
114.654433
114.654433
114.654433
114.654433
114.654433
114.654433
114.654433
114.654433
114.654433
114.654433
114.654433
114.654433
114.654433
114.654433
114.654433
114.654433
114.654433
114.654433
114.654433
114.654433
114.654433
114.654433
114.654433
114.654433
114.654433
114.654433
114.654433
114.654433
114.654433
114.654433
114.654433
114.654433
114.654433
114.654433
114.654433
114.654433
114.654433
114.654433
114.654433
114.654433
114.654433
114.654433
114.654433
114.654433
114.654433
114.654433
114.654433
114.654433
114.654433
114.654433
114.654433
114.654433
114.654433
114.654433
114.654433
114.654433
114.654433
114.654433
114.654433
114.654433
114.654433
114.654433
114.654433
114.654433
114.654433
114.654433
114.654433
114.654433
114.654433
114.654433
114.654433
114.654433
114.654433
114.654433
114.654433
114.654433
114.654433
114.654433
114.654433
114.654433
114.654433
114.654433
114.654433
114.654433
114.654433
114.654433
114.654433
114.654433
114.654433
114.654433
114.654433
114.654433
114.654433
114.654433
114.654433
114.654433
114.654433
114.654433
114.654433
114.654433
114.654433
114.654433
114.654433
114.654433
114.654433
114.654433
114.654433
114.654433
114.654433
114.654433
114.654433
114.654433
114.654433
114.654433
114.654433
114.654433
114.654433
114.654433
114.654433
114.654433
114.654433
114.654433
114.654433
114.654433
114.654433
114.654433
114.654433
114.654433
114.654433
114.654433
114.654433
114.654433
114.654433
114.654433
114.654433
114.654433
114.654433
114.654433
114.654433
114.654433
114.654433
114.654433
114.654433
114.654433
114.654433
114.654433
114.654433
114.654433
114.654433
114.654433
114.654433
114.654433
114.654433
114.654433
114.654433
114.654433
114.654433
114.654433
114.654433
114.654433
114.654433
114.654433
114.654433
114.654433
114.654433
114.654433
114.654433
114.654433
114.654433
114.654433
114.654433
114.654433
114.654433
114.654433
114.654433
114.654433
114.654433
114.654433
114.654433
114.654433
114.654433
114.654433
114.654433
114.654433
114.654433
114.654433
114.654433
114.654433
114.654433
114.654433
114.654433
114.654433
114.654433
114.654433
114.654433
114.654433
114.654433
114.654433
114.654433
114.654433
114.654433
114.654433
114.654433
114.654433
114.654433
114.654433
114.654433
114.654433
114.654433
114.654433
114.654433
114.654433
114.654433
114.654433
114.654433
114.654433
114.654433
114.654433
114.654433
114.654433
114.654433
114.654433
114.654433
114.654433
114.654433
114.654433
114.654433
114.654433
114.654433
114.654433
114.654433
114.654433
114.654433
114.654433
114.654433
114.654433
114.654433
114.654433
114.654433
114.654433
114.654433
114.654433
114.654433
114.654433
114.654433
114.654433
114.654433
114.654433
114.654433
114.654433
114.654433
114.654433
114.654433
114.654433
114.654433
114.654433
114.654433
114.654433
114.654433
114.654433
114.654433
114.654433
114.654433
114.654433
114.654433
114.654433
114.654433
114.654433
114.654433
114.654433
114.654433
114.654433
114.654433
114.654433
114.654433
114.654433
114.654433
114.654433
114.654433
114.654433
114.654433
114.654433
114.654433
114.654433
114.654433
114.654433
114.654433
114.654433
114.654433
114.654433
114.654433
114.654433
114.654433
114.654433
114.654433
114.654433
114.654433
114.654433
114.654433
114.654433
114.654433
114.654433
114.654433
114.654433
114.654433
114.654433
114.654433
114.654433
114.654433
114.654433
114.654433
114.654433
114.654433
114.654433
114.654433
114.654433
114.654433
114.654433
114.654433
114.654433
114.654433
114.654433
114.654433
114.654433
114.654433
114.654433
114.654433
114.654433
114.654433
114.654433
114.654433
114.654433
114.654433
114.654433
114.654433
114.654433
114.654433
114.654433
114.654433
114.654433
114.654433
114.654433
114.654433
114.654433
114.654433
114.654433
114.654433
114.654433
114.654433
114.654433
114.654433
114.654433
114.654433
114.654433
114.654433
114.654433
114.654433
114.654433
114.654433
114.654433
114.654433
114.654433
114.654433
114.654433
114.654433
114.654433
114.654433
114.654433
114.654433
114.654433
114.654433
114.654433
114.654433
114.654433
114.654433
114.654433
114.654433
114.654433
114.654433
114.654433
114.654433
114.654433
114.654433
114.654433
114.654433
114.654433
114.654433
114.654433
114.654433
114.654433
114.654433
114.654433
114.654433
114.654433
114.654433
114.654433
114.654433
114.654433
114.654433
114.654433
114.654433
114.654433
114.654433
114.654433
114.654433
114.654433
114.654433
114.654433
114.654433
114.654433
114.654433
114.654433
114.654433
114.654433
114.654433
114.654433
114.654433
114.654433
114.654433
114.654433
114.654433
114.654433
114.654433
114.654433
114.654433
114.654433
114.654433
114.654433
114.654433
114.654433
114.654433
114.654433
114.654433
114.654433
114.654433
114.654433
114.654433
114.654433
114.654433
114.654433
114.654433
114.654433
114.654433
114.654433
114.654433
114.654433
114.654433
114.654433
114.654433
114.654433
114.654433
114.654433
114.654433
114.654433
114.654433
114.654433
114.654433
114.654433
114.654433
114.654433
114.654433
114.654433
114.654433
114.654433
114.654433
114.654433
114.654433
114.654433
114.654433
114.654433
114.654433
114.654433
114.654433
114.654433
114.654433
114.654433
114.654433
114.654433
114.654433
114.654433
114.654433
114.654433
114.654433
114.654433
114.654433
114.654433
114.654433
114.654433
114.654433
114.654433
114.654433
114.654433
114.654433
114.654433
114.654433
114.654433
114.654433
114.654433
114.654433
114.654433
114.654433
114.654433
114.654433
114.654433
114.654433
114.654433
114.654433
114.654433
114.654433
114.654433
114.654433
114.654433
114.654433
114.654433
114.654433
114.654433
114.654433
114.654433
114.654433
114.654433
114.654433
114.654433
114.654433
114.654433
114.654433
114.654433
114.654433
114.654433
114.654433
114.654433
114.654433
114.654433
114.654433
114.654433
114.654433
114.654433
114.654433
114.654433
114.654433
114.654433
114.654433
114.654433
114.654433
114.654433
114.654433
114.654433
114.654433
114.654433
114.654433
114.654433
114.654433
114.654433
114.654433
114.654433
114.654433
114.654433
114.654433
114.654433
114.654433
114.654433
114.654433
114.654433
114.654433
114.654433
114.654433
114.654433
114.654433
114.654433
114.654433
114.654433
114.654433
114.654433
114.654433
114.654433
114.654433
114.654433
114.654433
114.654433
114.654433
114.654433
114.654433
114.654433
114.654433
114.654433
114.654433
114.654433
114.654433
114.654433
114.654433
114.654433
114.654433
114.654433
114.654433
114.654433
114.654433
114.654433
114.654433
114.654433
114.654433
114.654433
114.654433
114.654433
114.654433
114.654433
114.654433
114.654433
114.654433
114.654433
114.654433
114.654433
114.654433
114.654433
114.654433
114.654433
114.654433
114.654433
114.654433
114.654433
114.654433
114.654433
114.654433
114.654433
114.654433
114.654433
114.654433
114.654433
114.654433
114.654433
114.654433
114.654433
114.654433
114.654433
114.654433
114.654433
114.654433
114.654433
114.654433
114.654433
114.654433
114.654433
114.654433
114.654433
114.654433
114.654433
114.654433
114.654433
114.654433
114.654433
114.654433
114.654433
114.654433
114.654433
114.654433
114.654433
114.654433
114.654433
114.654433
114.654433
114.654433
114.654433
114.654433
114.654433
114.654433
114.654433
114.654433
114.654433
114.654433
114.654433
114.654433
114.654433
114.654433
114.654433
114.654433
114.654433
114.654433
114.654433
114.654433
114.654433
114.654433
114.654433
114.654433
114.654433
114.654433
114.654433
114.654433
114.654433
114.654433
114.654433
114.654433
114.654433
114.654433
114.654433
114.654433
114.654433
114.654433
114.654433
114.654433
114.654433
114.654433
114.654433
114.654433
114.654433
114.654433
114.654433
114.654433
114.654433
114.654433
114.654433
114.654433
114.654433
114.654433
114.654433
114.654433
114.654433
114.654433
114.654433
114.654433
114.654433
114.654433
114.654433
114.654433
114.654433
114.654433
114.654433
114.654433
114.654433
114.654433
114.654433
114.654433
114.654433
114.654433
114.654433
114.654433
114.654433
114.654433
114.654433
114.654433
114.654433
114.654433
114.654433
114.654433
114.654433
114.654433
114.654433
114.654433
114.654433
114.654433
114.654433
114.654433
114.654433
114.654433
114.654433
114.654433
114.654433
114.654433
114.654433
114.654433
114.654433
114.654433
114.654433
114.654433
114.654433
114.654433
114.654433
114.654433
114.654433
114.654433
114.654433
114.654433
114.654433
114.654433
114.654433
114.654433
114.654433
114.654433
114.654433
114.654433
114.654433
114.654433
114.654433
114.654433
114.654433
114.654433
114.654433
114.654433
114.654433
114.654433
114.654433
114.654433
114.654433
114.654433
114.654433
114.654433
114.654433
114.654433
114.654433
114.654433
114.654433
114.654433
114.654433
114.654433
114.654433
114.654433
114.654433
114.654433
114.654433
114.654433
114.654433
114.654433
114.654433
114.654433
114.654433
114.654433
114.654433
114.654433
114.654433
114.654433
114.654433
114.654433
114.654433
114.654433
114.654433
114.654433
114.654433
114.654433
114.654433
114.654433
114.654433
114.654433
114.654433
114.654433
114.654433
114.654433
114.654433
114.654433
114.654433
114.654433
114.654433
114.654433
114.654433
114.654433
114.654433
114.654433
114.654433
114.654433
114.654433
114.654433
114.654433
114.654433
114.654433
114.654433
114.654433
114.654433
114.654433
114.654433
114.654433
114.654433
114.654433
114.654433
114.654433
114.654433
114.654433
114.654433
114.654433
114.654433
114.654433
114.654433
114.654433
114.654433
114.654433
114.654433
114.654433
114.654433
114.654433
114.654433
114.654433
114.654433
114.654433
114.654433
114.654433
114.654433
114.654433
114.654433
114.654433
114.654433
114.654433
114.654433
114.654433
114.654433
114.654433
114.654433
114.654433
114.654433
114.654433
114.654433
114.654433
114.654433
114.654433
114.654433
114.654433
114.654433
114.654433
114.654433
114.654433
114.654433
114.654433
114.654433
114.654433
114.654433
114.654433
114.654433
114.654433
114.654433
114.654433
114.654433
114.654433
114.654433
114.654433
114.654433
114.654433
114.654433
114.654433
114.654433
114.654433
114.654433
114.654433
114.654433
114.654433
114.654433
114.654433
114.654433
114.654433
114.654433
114.654433
114.654433
114.654433
114.654433
114.654433
114.654433
114.654433
114.654433
114.654433
114.654433
114.654433
114.654433
114.654433
114.654433
114.654433
114.654433
114.654433
114.654433
114.654433
114.654433
114.654433
114.654433
114.654433
114.654433
114.654433
114.654433
114.654433
114.654433
114.654433
114.654433
114.654433
114.654433
114.654433
114.654433
114.654433
114.654433
114.654433
114.654433
114.654433
114.654433
114.654433
114.654433
114.654433
114.654433
114.654433
114.654433
114.654433
114.654433
114.654433
114.654433
114.654433
114.654433
114.654433
114.654433
114.654433
114.654433
114.654433
114.654433
114.654433
114.654433
114.654433
114.654433
114.654433
114.654433
114.654433
114.654433
114.654433
114.654433
114.654433
114.654433
114.654433
114.654433
114.654433
114.654433
114.654433
114.654433
114.654433
114.654433
114.654433
114.654433
114.654433
114.654433
114.654433
114.654433
114.654433
114.654433
114.654433
114.654433
114.654433
114.654433
114.654433
114.654433
114.654433
114.654433
114.654433
114.654433
114.654433
114.654433
114.654433
114.654433
114.654433
114.654433
114.654433
114.654433
114.654433
114.654433
114.654433
114.654433
114.654433
114.654433
114.654433
114.654433
114.654433
114.654433
114.654433
114.654433
114.654433
114.654433
114.654433
114.654433
114.654433
114.654433
114.654433
114.654433
114.654433
114.654433
114.654433
114.654433
114.654433
114.654433
114.654433
114.654433
114.654433
114.654433
114.654433
114.654433
114.654433
114.654433
114.654433
114.654433
114.654433
114.654433
114.654433
114.654433
114.654433
114.654433
114.654433
114.654433
114.654433
114.654433
114.654433
114.654433
114.654433
114.654433
114.654433
114.654433
114.654433
114.654433
114.654433
114.654433
114.654433
114.654433
114.654433
114.654433
114.654433
114.654433
114.654433
114.654433
114.654433
114.654433
114.654433
114.654433
114.654433
114.654433
114.654433
114.654433
114.654433
114.654433
114.654433
114.654433
114.654433
114.654433
114.654433
114.654433
114.654433
114.654433
114.654433
114.654433
114.654433
114.654433
114.654433
114.654433
114.654433
114.654433
114.654433
114.654433
114.654433
114.654433
114.654433
114.654433
114.654433
114.654433
114.654433
114.654433
114.654433
114.654433
114.654433
114.654433
114.654433
114.654433
114.654433
114.654433
114.654433
114.654433
114.654433
114.654433
114.654433
114.654433
114.654433
114.654433
114.654433
114.654433
114.654433
114.654433
114.654433
114.654433
114.654433
114.654433
114.654433
114.654433
114.654433
114.654433
114.654433
114.654433
114.654433
114.654433
114.654433
114.654433
114.654433
114.654433
114.654433
114.654433
114.654433
114.654433
114.654433
114.654433
114.654433
114.654433
114.654433
114.654433
114.654433
114.654433
114.654433
114.654433
114.654433
114.654433
114.654433
114.654433
114.654433
114.654433
114.654433
114.654433
114.654433
114.654433
114.654433
114.654433
114.654433
114.654433
114.654433
114.654433
114.654433
114.654433
114.654433
114.654433
114.654433
114.654433
114.654433
114.654433
114.654433
114.654433
114.654433
114.654433
114.654433
114.654433
114.654433
114.654433
114.654433
114.654433
114.654433
114.654433
114.654433
114.654433
114.654433
114.654433
114.654433
114.654433
114.654433
114.654433
114.654433
114.654433
114.654433
114.654433
114.654433
114.654433
114.654433
114.654433
114.654433
114.654433
114.654433
114.654433
114.654433
114.654433
114.654433
114.654433
114.654433
114.654433
114.654433
114.654433
114.654433
114.654433
114.654433
114.654433
114.654433
114.654433
114.654433
114.654433
114.654433
114.654433
114.654433
114.654433
114.654433
114.654433
114.654433
114.654433
114.654433
114.654433
114.654433
114.654433
114.654433
114.654433
114.654433
114.654433
114.654433
114.654433
114.654433
114.654433
114.654433
114.654433
114.654433
114.654433
114.654433
114.654433
114.654433
114.654433
114.654433
114.654433
114.654433
114.654433
114.654433
114.654433
114.654433
114.654433
114.654433
114.654433
114.654433
114.654433
114.654433
114.654433
114.654433
114.654433
114.654433
114.654433
114.654433
114.654433
114.654433
114.654433
114.654433
114.654433
114.654433
114.654433
114.654433
114.654433
114.654433
114.654433
114.654433
114.654433
114.654433
114.654433
114.654433
114.654433
114.654433
114.654433
114.654433
114.654433
114.654433
114.654433
114.654433
114.654433
114.654433
114.654433
114.654433
114.654433
114.654433
114.654433
114.654433
114.654433
114.654433
114.654433
114.654433
114.654433
114.654433
114.654433
114.654433
114.654433
114.654433
114.654433
114.654433
114.654433
114.654433
114.654433
114.654433
114.654433
114.654433
114.654433
114.654433
114.654433
114.654433
114.654433
114.654433
114.654433
114.654433
114.654433
114.654433
114.654433
114.654433
114.654433
114.654433
114.654433
114.654433
114.654433
114.654433
114.654433
114.654433
114.654433
114.654433
114.654433
114.654433
114.654433
114.654433
114.654433
114.654433
114.654433
114.654433
114.654433
114.654433
114.654433
114.654433
114.654433
114.654433
114.654433
114.654433
114.654433
114.654433
114.654433
114.654433
114.654433
114.654433
114.654433
114.654433
114.654433
114.654433
114.654433
114.654433
114.654433
114.654433
114.654433
114.654433
114.654433
114.654433
114.654433
114.654433
114.654433
114.654433
114.654433
114.654433
114.654433
114.654433
114.654433
114.654433
114.654433
114.654433
114.654433
114.654433
114.654433
114.654433
114.654433
114.654433
114.654433
114.654433
114.654433
114.654433
114.654433
114.654433
114.654433
114.654433
114.654433
114.654433
114.654433
114.654433
114.654433
114.654433
114.654433
114.654433
114.654433
114.654433
114.654433
114.654433
114.654433
114.654433
114.654433
114.654433
114.654433
114.654433
114.654433
114.654433
114.654433
114.654433
114.654433
114.654433
114.654433
114.654433
114.654433
114.654433
114.654433
114.654433
114.654433
114.654433
114.654433
114.654433
114.654433
114.654433
114.654433
114.654433
114.654433
114.654433
114.654433
114.654433
114.654433
114.654433
114.654433
114.654433
114.654433
114.654433
114.654433
114.654433
114.654433
114.654433
114.654433
114.654433
114.654433
114.654433
114.654433
114.654433
114.654433
114.654433
114.654433
114.654433
114.654433
114.654433
114.654433
114.654433
114.654433
114.654433
114.654433
114.654433
114.654433
114.654433
114.654433
114.654433
114.654433
114.654433
114.654433
114.654433
114.654433
114.654433
114.654433
114.654433
114.654433
114.654433
114.654433
114.654433
114.654433
114.654433
114.654433
114.654433
114.654433
114.654433
114.654433
114.654433
114.654433
114.654433
114.654433
114.654433
114.654433
114.654433
114.654433
114.654433
114.654433
114.654433
114.654433
114.654433
114.654433
114.654433
114.654433
114.654433
114.654433
114.654433
114.654433
114.654433
114.654433
114.654433
114.654433
114.654433
114.654433
114.654433
114.654433
114.654433
114.654433
114.654433
114.654433
114.654433
114.654433
114.654433
114.654433
114.654433
114.654433
114.654433
114.654433
114.654433
114.654433
114.654433
114.654433
114.654433
114.654433
114.654433
114.654433
114.654433
114.654433
114.654433
114.654433
114.654433
114.654433
114.654433
114.654433
114.654433
114.654433
114.654433
114.654433
114.654433
114.654433
114.654433
114.654433
114.654433
114.654433
114.654433
114.654433
114.654433
114.654433
114.654433
114.654433
114.654433
114.654433
114.654433
114.654433
114.654433
114.654433
114.654433
114.654433
114.654433
114.654433
114.654433
114.654433
114.654433
114.654433
114.654433
114.654433
114.654433
114.654433
114.654433
114.654433
114.654433
114.654433
114.654433
114.654433
114.654433
114.654433
114.654433
114.654433
114.654433
114.654433
114.654433
114.654433
114.654433
114.654433
114.654433
114.654433
114.654433
114.654433
114.654433
114.654433
114.654433
114.654433
114.654433
114.654433
114.654433
114.654433
114.654433
114.654433
114.654433
114.654433
114.654433
114.654433
114.654433
114.654433
114.654433
114.654433
114.654433
114.654433
114.654433
114.654433
114.654433
114.654433
114.654433
114.654433
114.654433
114.654433
114.654433
114.654433
114.654433
114.654433
114.654433
114.654433
114.654433
114.654433
114.654433
114.654433
114.654433
114.654433
114.654433
114.654433
114.654433
114.654433
114.654433
114.654433
114.654433
114.654433
114.654433
114.654433
114.654433
114.654433
114.654433
114.654433
114.654433
114.654433
114.654433
114.654433
114.654433
114.654433
114.654433
114.654433
114.654433
114.654433
114.654433
114.654433
114.654433
114.654433
114.654433
114.654433
114.654433
114.654433
114.654433
114.654433
114.654433
114.654433
114.654433
114.654433
114.654433
114.654433
114.654433
114.654433
114.654433
114.654433
114.654433
114.654433
114.654433
114.654433
114.654433
114.654433
114.654433
114.654433
114.654433
114.654433
114.654433
114.654433
114.654433
114.654433
114.654433
114.654433
114.654433
114.654433
114.654433
114.654433
114.654433
114.654433
114.654433
114.654433
114.654433
114.654433
114.654433
114.654433
114.654433
114.654433
114.654433
114.654433
114.654433
114.654433
114.654433
114.654433
114.654433
114.654433
114.654433
114.654433
114.654433
114.654433
114.654433
114.654433
114.654433
114.654433
114.654433
114.654433
114.654433
114.654433
114.654433
114.654433
114.654433
114.654433
114.654433
114.654433
114.654433
114.654433
114.654433
114.654433
114.654433
114.654433
114.654433
114.654433
114.654433
114.654433
114.654433
114.654433
114.654433
114.654433
114.654433
114.654433
114.654433
114.654433
114.654433
114.654433
114.654433
114.654433
114.654433
114.654433
114.654433
114.654433
114.654433
114.654433
114.654433
114.654433
114.654433
114.654433
114.654433
114.654433
114.654433
114.654433
114.654433
114.654433
114.654433
114.654433
114.654433
114.654433
114.654433
114.654433
114.654433
114.654433
114.654433
114.654433
114.654433
114.654433
114.654433
114.654433
114.654433
114.654433
114.654433
114.654433
114.654433
114.654433
114.654433
114.654433
114.654433
114.654433
114.654433
114.654433
114.654433
114.654433
114.654433
114.654433
114.654433
114.654433
114.654433
114.654433
114.654433
114.654433
114.654433
114.654433
114.654433
114.654433
114.654433
114.654433
114.654433
114.654433
114.654433
114.654433
114.654433
114.654433
114.654433
114.654433
114.654433
114.654433
114.654433
114.654433
114.654433
114.654433
114.654433
114.654433
114.654433
114.654433
114.654433
114.654433
114.654433
114.654433
114.654433
114.654433
114.654433
114.654433
114.654433
114.654433
114.654433
114.654433
114.654433
114.654433
114.654433
114.654433
114.654433
114.654433
114.654433
114.654433
114.654433
114.654433
114.654433
114.654433
114.654433
114.654433
114.654433
114.654433
114.654433
114.654433
114.654433
114.654433
114.654433
114.654433
114.654433
114.654433
114.654433
114.654433
114.654433
114.654433
114.654433
114.654433
114.654433
114.654433
114.654433
114.654433
114.654433
114.654433
114.654433
114.654433
114.654433
114.654433
114.654433
114.654433
114.654433
114.654433
114.654433
114.654433
114.654433
114.654433
114.654433
114.654433
114.654433
114.654433
114.654433
114.654433
114.654433
114.654433
114.654433
114.654433
114.654433
114.654433
114.654433
114.654433
114.654433
114.654433
114.654433
114.654433
114.654433
114.654433
114.654433
114.654433
114.654433
114.654433
114.654433
114.654433
114.654433
114.654433
114.654433
114.654433
114.654433
114.654433
114.654433
114.654433
114.654433
114.654433
114.654433
114.654433
114.654433
114.654433
114.654433
114.654433
114.654433
114.654433
114.654433
114.654433
114.654433
114.654433
114.654433
114.654433
114.654433
114.654433
114.654433
114.654433
114.654433
114.654433
114.654433
114.654433
114.654433
114.654433
114.654433
114.654433
114.654433
114.654433
114.654433
114.654433
114.654433
114.654433
114.654433
114.654433
114.654433
114.654433
114.654433
114.654433
114.654433
114.654433
114.654433
114.654433
114.654433
114.654433
114.654433
114.654433
114.654433
114.654433
114.654433
114.654433
114.654433
114.654433
114.654433
114.654433
114.654433
114.654433
114.654433
114.654433
114.654433
114.654433
114.654433
114.654433
114.654433
114.654433
114.654433
114.654433
114.654433
114.654433
114.654433
114.654433
114.654433
114.654433
114.654433
114.654433
114.654433
114.654433
114.654433
114.654433
114.654433
114.654433
114.654433
114.654433
114.654433
114.654433
114.654433
114.654433
114.654433
114.654433
114.654433
114.654433
114.654433
114.654433
114.654433
114.654433
114.654433
114.654433
114.654433
114.654433
114.654433
114.654433
114.654433
114.654433
114.654433
114.654433
114.654433
114.654433
114.654433
114.654433
114.654433
114.654433
114.654433
114.654433
114.654433
114.654433
114.654433
114.654433
114.654433
114.654433
114.654433
114.654433
114.654433
114.654433
114.654433
114.654433
114.654433
114.654433
114.654433
114.654433
114.654433
114.654433
114.654433
114.654433
114.654433
114.654433
114.654433
114.654433
114.654433
114.654433
114.654433
114.654433
114.654433
114.654433
114.654433
114.654433
114.654433
114.654433
114.654433
114.654433
114.654433
114.654433
114.654433
114.654433
114.654433
114.654433
114.654433
114.654433
114.654433
114.654433
114.654433
114.654433
114.654433
114.654433
114.654433
114.654433
114.654433
114.654433
114.654433
114.654433
114.654433
114.654433
114.654433
114.654433
114.654433
114.654433
114.654433
114.654433
114.654433
114.654433
114.654433
114.654433
114.654433
114.654433
114.654433
114.654433
114.654433
114.654433
114.654433
114.654433
114.654433
114.654433
114.654433
114.654433
114.654433
114.654433
114.654433
114.654433
114.654433
114.654433
114.654433
114.654433
114.654433
114.654433
114.654433
114.654433
114.654433
114.654433
114.654433
114.654433
114.654433
114.654433
114.654433
114.654433
114.654433
114.654433
114.654433
114.654433
114.654433
114.654433
114.654433
114.654433
114.654433
114.654433
114.654433
114.654433
114.654433
114.654433
114.654433
114.654433
114.654433
114.654433
114.654433
114.654433
114.654433
114.654433
114.654433
114.654433
114.654433
114.654433
114.654433
114.654433
114.654433
114.654433
114.654433
114.654433
114.654433
114.654433
114.654433
114.654433
114.654433
114.654433
114.654433
114.654433
114.654433
114.654433
114.654433
114.654433
114.654433
114.654433
114.654433
114.654433
114.654433
114.654433
114.654433
114.654433
114.654433
114.654433
114.654433
114.654433
114.654433
114.654433
114.654433
114.654433
114.654433
114.654433
114.654433
114.654433
114.654433
114.654433
114.654433
114.654433
114.654433
114.654433
114.654433
114.654433
114.654433
114.654433
114.654433
114.654433
114.654433
114.654433
114.654433
114.654433
114.654433
114.654433
114.654433
114.654433
114.654433
114.654433
114.654433
114.654433
114.654433
114.654433
114.654433
114.654433
114.654433
114.654433
114.654433
114.654433
114.654433
114.654433
114.654433
114.654433
114.654433
114.654433
114.654433
114.654433
114.654433
114.654433
114.654433
114.654433
114.654433
114.654433
114.654433
114.654433
114.654433
114.654433
114.654433
114.654433
114.654433
114.654433
114.654433
114.654433
114.654433
114.654433
114.654433
114.654433
114.654433
114.654433
114.654433
114.654433
114.654433
114.654433
114.654433
114.654433
114.654433
114.654433
114.654433
114.654433
114.654433
114.654433
114.654433
114.654433
114.654433
114.654433
114.654433
114.654433
114.654433
114.654433
114.654433
114.654433
114.654433
114.654433
114.654433
114.654433
114.654433
114.654433
114.654433
114.654433
114.654433
114.654433
114.654433
114.654433
114.654433
114.654433
114.654433
114.654433
114.654433
114.654433
114.654433
114.654433
114.654433
114.654433
114.654433
114.654433
114.654433
114.654433
114.654433
114.654433
114.654433
114.654433
114.654433
114.654433
114.654433
114.654433
114.654433
114.654433
114.654433
114.654433
114.654433
114.654433
114.654433
114.654433
114.654433
114.654433
114.654433
114.654433
114.654433
114.654433
114.654433
114.654433
114.654433
114.654433
114.654433
114.654433
114.654433
114.654433
114.654433
114.654433
114.654433
114.654433
114.654433
114.654433
114.654433
114.654433
114.654433
114.654433
114.654433
114.654433
114.654433
114.654433
114.654433
114.654433
114.654433
114.654433
114.654433
114.654433
114.654433
114.654433
114.654433
114.654433
114.654433
114.654433
114.654433
114.654433
114.654433
114.654433
114.654433
114.654433
114.654433
114.654433
114.654433
114.654433
114.654433
114.654433
114.654433
114.654433
114.654433
114.654433
114.654433
114.654433
114.654433
114.654433
114.654433
114.654433
114.654433
114.654433
114.654433
114.654433
114.654433
114.654433
114.654433
114.654433
114.654433
114.654433
114.654433
114.654433
114.654433
114.654433
114.654433
114.654433
114.654433
114.654433
114.654433
114.654433
114.654433
114.654433
114.654433
114.654433
114.654433
114.654433
114.654433
114.654433
114.654433
114.654433
114.654433
114.654433
114.654433
114.654433
114.654433
114.654433
114.654433
114.654433
114.654433
114.654433
114.654433
114.654433
114.654433
114.654433
114.654433
114.654433
114.654433
114.654433
114.654433
114.654433
114.654433
114.654433
114.654433
114.654433
114.654433
114.654433
114.654433
114.654433
114.654433
114.654433
114.654433
114.654433
114.654433
114.654433
114.654433
114.654433
114.654433
114.654433
114.654433
114.654433
114.654433
114.654433
114.654433
114.654433
114.654433
114.654433
114.654433
114.654433
114.654433
114.654433
114.654433
114.654433
114.654433
114.654433
114.654433
114.654433
114.654433
114.654433
114.654433
114.654433
114.654433
114.654433
114.654433
114.654433
114.654433
114.654433
114.654433
114.654433
114.654433
114.654433
114.654433
114.654433
114.654433
114.654433
114.654433
114.654433
114.654433
114.654433
114.654433
114.654433
114.654433
114.654433
114.654433
114.654433
114.654433
114.654433
114.654433
114.654433
114.654433
114.654433
114.654433
114.654433
114.654433
114.654433
114.654433
114.654433
114.654433
114.654433
114.654433
114.654433
114.654433
114.654433
114.654433
114.654433
114.654433
114.654433
114.654433
114.654433
114.654433
114.654433
114.654433
114.654433
114.654433
114.654433
114.654433
114.654433
114.654433
114.654433
114.654433
114.654433
114.654433
114.654433
114.654433
114.654433
114.654433
114.654433
114.654433
114.654433
114.654433
114.654433
114.654433
114.654433
114.654433
114.654433
114.654433
114.654433
114.654433
114.654433
114.654433
114.654433
114.654433
114.654433
114.654433
114.654433
114.654433
114.654433
114.654433
114.654433
114.654433
114.654433
114.654433
114.654433
114.654433
114.654433
114.654433
114.654433
114.654433
114.654433
114.654433
114.654433
114.654433
114.654433
114.654433
114.654433
114.654433
114.654433
114.654433
114.654433
114.654433
114.654433
114.654433
114.654433
114.654433
114.654433
114.654433
114.654433
114.654433
114.654433
114.654433
114.654433
114.654433
114.654433
114.654433
114.654433
114.654433
114.654433
114.654433
114.654433
114.654433
114.654433
114.654433
114.654433
114.654433
114.654433
114.654433
114.654433
114.654433
114.654433
114.654433
114.654433
114.654433
114.654433
114.654433
114.654433
114.654433
114.654433
114.654433
114.654433
114.654433
114.654433
114.654433
114.654433
114.654433
114.654433
114.654433
114.654433
114.654433
114.654433
114.654433
114.654433
114.654433
114.654433
114.654433
114.654433
114.654433
114.654433
114.654433
114.654433
114.654433
114.654433
114.654433
114.654433
114.654433
114.654433
114.654433
114.654433
114.654433
114.654433
114.654433
114.654433
114.654433
114.654433
114.654433
114.654433
114.654433
114.654433
114.654433
114.654433
114.654433
114.654433
114.654433
114.654433
114.654433
114.654433
114.654433
114.654433
114.654433
114.654433
114.654433
114.654433
114.654433
114.654433
114.654433
114.654433
114.654433
114.654433
114.654433
114.654433
114.654433
114.654433
114.654433
114.654433
114.654433
114.654433
114.654433
114.654433
114.654433
114.654433
114.654433
114.654433
114.654433
114.654433
114.654433
114.654433
114.654433
114.654433
114.654433
114.654433
114.654433
114.654433
114.654433
114.654433
114.654433
114.654433
114.654433
114.654433
114.654433
114.654433
114.654433
114.654433
114.654433
114.654433
114.654433
114.654433
114.654433
114.654433
114.654433
114.654433
114.654433
114.654433
114.654433
114.654433
114.654433
114.654433
114.654433
114.654433
114.654433
114.654433
114.654433
114.654433
114.654433
114.654433
114.654433
114.654433
114.654433
114.654433
114.654433
114.654433
114.654433
114.654433
114.654433
114.654433
114.654433
114.654433
114.654433
114.654433
114.654433
114.654433
114.654433
114.654433
114.654433
114.654433
114.654433
114.654433
114.654433
114.654433
114.654433
114.654433
114.654433
114.654433
114.654433
114.654433
114.654433
114.654433
114.654433
114.654433
114.654433
114.654433
114.654433
114.654433
114.654433
114.654433
114.654433
114.654433
114.654433
114.654433
114.654433
114.654433
114.654433
114.654433
114.654433
114.654433
114.654433
114.654433
114.654433
114.654433
114.654433
114.654433
114.654433
114.654433
114.654433
114.654433
114.654433
114.654433
114.654433
114.654433
114.654433
114.654433
114.654433
114.654433
114.654433
114.654433
114.654433
114.654433
114.654433
114.654433
114.654433
114.654433
114.654433
114.654433
114.654433
114.654433
114.654433
114.654433
114.654433
114.654433
114.654433
114.654433
114.654433
114.654433
114.654433
114.654433
114.654433
114.654433
114.654433
114.654433
114.654433
114.654433
114.654433
114.654433
114.654433
114.654433
114.654433
114.654433
114.654433
114.654433
114.654433
114.654433
114.654433
114.654433
114.654433
114.654433
114.654433
114.654433
114.654433
114.654433
114.654433
114.654433
114.654433
114.654433
114.654433
114.654433
114.654433
114.654433
114.654433
114.654433
114.654433
114.654433
114.654433
114.654433
114.654433
114.654433
114.654433
114.654433
114.654433
114.654433
114.654433
114.654433
114.654433
114.654433
114.654433
114.654433
114.654433
114.654433
114.654433
114.654433
114.654433
114.654433
114.654433
114.654433
114.654433
114.654433
114.654433
114.654433
114.654433
114.654433
114.654433
114.654433
114.654433
114.654433
114.654433
114.654433
114.654433
114.654433
114.654433
114.654433
114.654433
114.654433
114.654433
114.654433
114.654433
114.654433
114.654433
114.654433
114.654433
114.654433
114.654433
114.654433
114.654433
114.654433
114.654433
114.654433
114.654433
114.654433
114.654433
114.654433
114.654433
114.654433
114.654433
114.654433
114.654433
114.654433
114.654433
114.654433
114.654433
114.654433
114.654433
114.654433
114.654433
114.654433
114.654433
114.654433
114.654433
114.654433
114.654433
114.654433
114.654433
114.654433
114.654433
114.654433
114.654433
114.654433
114.654433
114.654433
114.654433
114.654433
114.654433
114.654433
114.654433
114.654433
114.654433
114.654433
114.654433
114.654433
114.654433
114.654433
114.654433
114.654433
114.654433
114.654433
114.654433
114.654433
114.654433
114.654433
114.654433
114.654433
114.654433
114.654433
114.654433
114.654433
114.654433
114.654433
114.654433
114.654433
114.654433
114.654433
114.654433
114.654433
114.654433
114.654433
114.654433
114.654433
114.654433
114.654433
114.654433
114.654433
114.654433
114.654433
114.654433
114.654433
114.654433
114.654433
114.654433
114.654433
114.654433
114.654433
114.654433
114.654433
114.654433
114.654433
114.654433
114.654433
114.654433
114.654433
114.654433
114.654433
114.654433
114.654433
114.654433
114.654433
114.654433
114.654433
114.654433
114.654433
114.654433
114.654433
114.654433
114.654433
114.654433
114.654433
114.654433
114.654433
114.654433
114.654433
114.654433
114.654433
114.654433
114.654433
114.654433
114.654433
114.654433
114.654433
114.654433
114.654433
114.654433
114.654433
114.654433
114.654433
114.654433
114.654433
114.654433
114.654433
114.654433
114.654433
114.654433
114.654433
114.654433
114.654433
114.654433
114.654433
114.654433
114.654433
114.654433
114.654433
114.654433
114.654433
114.654433
114.654433
114.654433
114.654433
114.654433
114.654433
114.654433
114.654433
114.654433
114.654433
114.654433
114.654433
114.654433
114.654433
114.654433
114.654433
114.654433
114.654433
114.654433
114.654433
114.654433
114.654433
114.654433
114.654433
114.654433
114.654433
114.654433
114.654433
114.654433
114.654433
114.654433
114.654433
114.654433
114.654433
114.654433
114.654433
114.654433
114.654433
114.654433
114.654433
114.654433
114.654433
114.654433
114.654433
114.654433
114.654433
114.654433
114.654433
114.654433
114.654433
114.654433
114.654433
114.654433
114.654433
114.654433
114.654433
114.654433
114.654433
114.654433
114.654433
114.654433
114.654433
114.654433
114.654433
114.654433
114.654433
114.654433
114.654433
114.654433
114.654433
114.654433
114.654433
114.654433
114.654433
114.654433
114.654433
114.654433
114.654433
114.654433
114.654433
114.654433
114.654433
114.654433
114.654433
114.654433
114.654433
114.654433
114.654433
114.654433
114.654433
114.654433
114.654433
114.654433
114.654433
114.654433
114.654433
114.654433
114.654433
114.654433
114.654433
114.654433
114.654433
114.654433
114.654433
114.654433
114.654433
114.654433
114.654433
114.654433
114.654433
114.654433
114.654433
114.654433
114.654433
114.654433
114.654433
114.654433
114.654433
114.654433
114.654433
114.654433
114.654433
114.654433
114.654433
114.654433
114.654433
114.654433
114.654433
114.654433
114.654433
114.654433
114.654433
114.654433
114.654433
114.654433
114.654433
114.654433
114.654433
114.654433
114.654433
114.654433
114.654433
114.654433
114.654433
114.654433
114.654433
114.654433
114.654433
114.654433
114.654433
114.654433
114.654433
114.654433
114.654433
114.654433
114.654433
114.654433
114.654433
114.654433
114.654433
114.654433
114.654433
114.654433
114.654433
114.654433
114.654433
114.654433
114.654433
114.654433
114.654433
114.654433
114.654433
114.654433
114.654433
114.654433
114.654433
114.654433
114.654433
114.654433
114.654433
114.654433
114.654433
114.654433
114.654433
114.654433
114.654433
114.654433
114.654433
114.654433
114.654433
114.654433
114.654433
114.654433
114.654433
114.654433
114.654433
114.654433
114.654433
114.654433
114.654433
114.654433
114.654433
114.654433
114.654433
114.654433
114.654433
114.654433
114.654433
114.654433
114.654433
114.654433
114.654433
114.654433
114.654433
114.654433
114.654433
114.654433
114.654433
114.654433
114.654433
114.654433
114.654433
114.654433
114.654433
114.654433
114.654433
114.654433
114.654433
114.654433
114.654433
114.654433
114.654433
114.654433
114.654433
114.654433
114.654433
114.654433
114.654433
114.654433
114.654433
114.654433
114.654433
114.654433
114.654433
114.654433
114.654433
114.654433
114.654433
114.654433
114.654433
114.654433
114.654433
114.654433
114.654433
114.654433
114.654433
114.654433
114.654433
114.654433
114.654433
114.654433
114.654433
114.654433
114.654433
114.654433
114.654433
114.654433
114.654433
114.654433
114.654433
114.654433
114.654433
114.654433
114.654433
114.654433
114.654433
114.654433
114.654433
114.654433
114.654433
114.654433
114.654433
114.654433
114.654433
114.654433
114.654433
114.654433
114.654433
114.654433
114.654433
114.654433
114.654433
114.654433
114.654433
114.654433
114.654433
114.654433
114.654433
114.654433
114.654433
114.654433
114.654433
114.654433
114.654433
114.654433
114.654433
114.654433
114.654433
114.654433
114.654433
114.654433
114.654433
114.654433
114.654433
114.654433
114.654433
114.654433
114.654433
114.654433
114.654433
114.654433
114.654433
114.654433
114.654433
114.654433
114.654433
114.654433
114.654433
114.654433
114.654433
114.654433
114.654433
114.654433
114.654433
114.654433
114.654433
114.654433
114.654433
114.654433
114.654433
114.654433
114.654433
114.654433
114.654433
114.654433
114.654433
114.654433
114.654433
114.654433
114.654433
114.654433
114.654433
114.654433
114.654433
114.654433
114.654433
114.654433
114.654433
114.654433
114.654433
114.654433
114.654433
114.654433
114.654433
114.654433
114.654433
114.654433
114.654433
114.654433
114.654433
114.654433
114.654433
114.654433
114.654433
114.654433
114.654433
114.654433
114.654433
114.654433
114.654433
114.654433
114.654433
114.654433
114.654433
114.654433
114.654433
114.654433
114.654433
114.654433
114.654433
114.654433
114.654433
114.654433
114.654433
114.654433
114.654433
114.654433
114.654433
114.654433
114.654433
114.654433
114.654433
114.654433
114.654433
114.654433
114.654433
114.654433
114.654433
114.654433
114.654433
114.654433
114.654433
114.654433
114.654433
114.654433
114.654433
114.654433
114.654433
114.654433
114.654433
114.654433
114.654433
114.654433
114.654433
114.654433
114.654433
114.654433
114.654433
114.654433
114.654433
114.654433
114.654433
114.654433
114.654433
114.654433
114.654433
114.654433
114.654433
114.654433
114.654433
114.654433
114.654433
114.654433
114.654433
114.654433
114.654433
114.654433
114.654433
114.654433
114.654433
114.654433
114.654433
114.654433
114.654433
114.654433
114.654433
114.654433
114.654433
114.654433
114.654433
114.654433
114.654433
114.654433
114.654433
114.654433
114.654433
114.654433
114.654433
114.654433
114.654433
114.654433
114.654433
114.654433
114.654433
114.654433
114.654433
114.654433
114.654433
114.654433
114.654433
114.654433
114.654433
114.654433
114.654433
114.654433
114.654433
114.654433
114.654433
114.654433
114.654433
114.654433
114.654433
114.654433
114.654433
114.654433
114.654433
114.654433
114.654433
114.654433
114.654433
114.654433
114.654433
114.654433
114.654433
114.654433
114.654433
114.654433
114.654433
114.654433
114.654433
114.654433
114.654433
114.654433
114.654433
114.654433
114.654433
114.654433
114.654433
114.654433
114.654433
114.654433
114.654433
114.654433
114.654433
114.654433
114.654433
114.654433
114.654433
114.654433
114.654433
114.654433
114.654433
114.654433
114.654433
114.654433
114.654433
114.654433
114.654433
114.654433
114.654433
114.654433
114.654433
114.654433
114.654433
114.654433
114.654433
114.654433
114.654433
114.654433
114.654433
114.654433
114.654433
114.654433
114.654433
114.654433
114.654433
114.654433
114.654433
114.654433
114.654433
114.654433
114.654433
114.654433
114.654433
114.654433
114.654433
114.654433
114.654433
114.654433
114.654433
114.654433
114.654433
114.654433
114.654433
114.654433
114.654433
114.654433
114.654433
114.654433
114.654433
114.654433
114.654433
114.654433
114.654433
114.654433
114.654433
114.654433
114.654433
114.654433
114.654433
114.654433
114.654433
114.654433
114.654433
114.654433
114.654433
114.654433
114.654433
114.654433
114.654433
114.654433
114.654433
114.654433
114.654433
114.654433
114.654433
114.654433
114.654433
114.654433
114.654433
114.654433
114.654433
114.654433
114.654433
114.654433
114.654433
114.654433
114.654433
114.654433
114.654433
114.654433
114.654433
114.654433
114.654433
114.654433
114.654433
114.654433
114.654433
114.654433
114.654433
114.654433
114.654433
114.654433
114.654433
114.654433
114.654433
114.654433
114.654433
114.654433
114.654433
114.654433
114.654433
114.654433
114.654433
114.654433
114.654433
114.654433
114.654433
114.654433
114.654433
114.654433
114.654433
114.654433
114.654433
114.654433
114.654433
114.654433
114.654433
114.654433
114.654433
114.654433
114.654433
114.654433
114.654433
114.654433
114.654433
114.654433
114.654433
114.654433
114.654433
114.654433
114.654433
114.654433
114.654433
114.654433
114.654433
114.654433
114.654433
114.654433
114.654433
114.654433
114.654433
114.654433
114.654433
114.654433
114.654433
114.654433
114.654433
114.654433
114.654433
114.654433
114.654433
114.654433
114.654433
114.654433
114.654433
114.654433
114.654433
114.654433
114.654433
114.654433
114.654433
114.654433
114.654433
114.654433
114.654433
114.654433
114.654433
114.654433
114.654433
114.654433
114.654433
114.654433
114.654433
114.654433
114.654433
114.654433
114.654433
114.654433
114.654433
114.654433
114.654433
114.654433
114.654433
114.654433
114.654433
114.654433
114.654433
114.654433
114.654433
114.654433
114.654433
114.654433
114.654433
114.654433
114.654433
114.654433
114.654433
114.654433
114.654433
114.654433
114.654433
114.654433
114.654433
114.654433
114.654433
114.654433
114.654433
114.654433
114.654433
114.654433
114.654433
114.654433
114.654433
114.654433
114.654433
114.654433
114.654433
114.654433
114.654433
114.654433
114.654433
114.654433
114.654433
114.654433
114.654433
114.654433
114.654433
114.654433
114.654433
114.654433
114.654433
114.654433
114.654433
114.654433
114.654433
114.654433
114.654433
114.654433
114.654433
114.654433
114.654433
114.654433
114.654433
114.654433
114.654433
114.654433
114.654433
114.654433
114.654433
114.654433
114.654433
114.654433
114.654433
114.654433
114.654433
114.654433
114.654433
114.654433
114.654433
114.654433
114.654433
114.654433
114.654433
114.654433
114.654433
114.654433
114.654433
114.654433
114.654433
114.654433
114.654433
114.654433
114.654433
114.654433
114.654433
114.654433
114.654433
114.654433
114.654433
114.654433
114.654433
114.654433
114.654433
114.654433
114.654433
114.654433
114.654433
114.654433
114.654433
114.654433
114.654433
114.654433
114.654433
114.654433
114.654433
114.654433
114.654433
114.654433
114.654433
114.654433
114.654433
114.654433
114.654433
114.654433
114.654433
114.654433
114.654433
114.654433
114.654433
114.654433
114.654433
114.654433
114.654433
114.654433
114.654433
114.654433
114.654433
114.654433
114.654433
114.654433
114.654433
114.654433
114.654433
114.654433
114.654433
114.654433
114.654433
114.654433
114.654433
114.654433
114.654433
114.654433
114.654433
114.654433
114.654433
114.654433
114.654433
114.654433
114.654433
114.654433
114.654433
114.654433
114.654433
114.654433
114.654433
114.654433
114.654433
114.654433
114.654433
114.654433
114.654433
114.654433
114.654433
114.654433
114.654433
114.654433
114.654433
114.654433
114.654433
114.654433
114.654433
114.654433
114.654433
114.654433
114.654433
114.654433
114.654433
114.654433
114.654433
114.654433
114.654433
114.654433
114.654433
114.654433
114.654433
114.654433
114.654433
114.654433
114.654433
114.654433
114.654433
114.654433
114.654433
114.654433
114.654433
114.654433
114.654433
114.654433
114.654433
114.654433
114.654433
114.654433
114.654433
114.654433
114.654433
114.654433
114.654433
114.654433
114.654433
114.654433
114.654433
114.654433
114.654433
114.654433
114.654433
114.654433
114.654433
114.654433
114.654433
114.654433
114.654433
114.654433
114.654433
114.654433
114.654433
114.654433
114.654433
114.654433
114.654433
114.654433
114.654433
114.654433
114.654433
114.654433
114.654433
114.654433
114.654433
114.654433
114.654433
114.654433
114.654433
114.654433
114.654433
114.654433
114.654433
114.654433
114.654433
114.654433
114.654433
114.654433
114.654433
114.654433
114.654433
114.654433
114.654433
114.654433
114.654433
114.654433
114.654433
114.654433
114.654433
114.654433
114.654433
114.654433
114.654433
114.654433
114.654433
114.654433
114.654433
114.654433
114.654433
114.654433
114.654433
114.654433
114.654433
114.654433
114.654433
114.654433
114.654433
114.654433
114.654433
114.654433
114.654433
114.654433
114.654433
114.654433
114.654433
114.654433
114.654433
114.654433
114.654433
114.654433
114.654433
114.654433
114.654433
114.654433
114.654433
114.654433
114.654433
114.654433
114.654433
114.654433
114.654433
114.654433
114.654433
114.654433
114.654433
114.654433
114.654433
114.654433
114.654433
114.654433
114.654433
114.654433
114.654433
114.654433
114.654433
114.654433
114.654433
114.654433
114.654433
114.654433
114.654433
114.654433
114.654433
114.654433
114.654433
114.654433
114.654433
114.654433
114.654433
114.654433
114.654433
114.654433
114.654433
114.654433
114.654433
114.654433
114.654433
114.654433
114.654433
114.654433
114.654433
114.654433
114.654433
114.654433
114.654433
114.654433
114.654433
114.654433
114.654433
114.654433
114.654433
114.654433
114.654433
114.654433
114.654433
114.654433
114.654433
114.654433
114.654433
114.654433
114.654433
114.654433
114.654433
114.654433
114.654433
114.654433
114.654433
114.654433
114.654433
114.654433
114.654433
114.654433
114.654433
114.654433
114.654433
114.654433
114.654433
114.654433
114.654433
114.654433
114.654433
114.654433
114.654433
114.654433
114.654433
114.654433
114.654433
114.654433
114.654433
114.654433
114.654433
114.654433
114.654433
114.654433
114.654433
114.654433
114.654433
114.654433
114.654433
114.654433
114.654433
114.654433
114.654433
114.654433
114.654433
114.654433
114.654433
114.654433
114.654433
114.654433
114.654433
114.654433
114.654433
114.654433
114.654433
114.654433
114.654433
114.654433
114.654433
114.654433
114.654433
114.654433
114.654433
114.654433
114.654433
114.654433
114.654433
114.654433
114.654433
114.654433
114.654433
114.654433
114.654433
114.654433
114.654433
114.654433
114.654433
114.654433
114.654433
114.654433
114.654433
114.654433
114.654433
114.654433
114.654433
114.654433
114.654433
114.654433
114.654433
114.654433
114.654433
114.654433
114.654433
114.654433
114.654433
114.654433
114.654433
114.654433
114.654433
114.654433
114.654433
114.654433
114.654433
114.654433
114.654433
114.654433
114.654433
114.654433
114.654433
114.654433
114.654433
114.654433
114.654433
114.654433
114.654433
114.654433
114.654433
114.654433
114.654433
114.654433
114.654433
114.654433
114.654433
114.654433
114.654433
114.654433
114.654433
114.654433
114.654433
114.654433
114.654433
114.654433
114.654433
114.654433
114.654433
114.654433
114.654433
114.654433
114.654433
114.654433
114.654433
114.654433
114.654433
114.654433
114.654433
114.654433
114.654433
114.654433
114.654433
114.654433
114.654433
114.654433
114.654433
114.654433
114.654433
114.654433
114.654433
114.654433
114.654433
114.654433
114.654433
114.654433
114.654433
114.654433
114.654433
114.654433
114.654433
114.654433
114.654433
114.654433
114.654433
114.654433
114.654433
114.654433
114.654433
114.654433
114.654433
114.654433
114.654433
114.654433
114.654433
114.654433
114.654433
114.654433
114.654433
114.654433
114.654433
114.654433
114.654433
114.654433
114.654433
114.654433
114.654433
114.654433
114.654433
114.654433
114.654433
114.654433
114.654433
114.654433
114.654433
114.654433
114.654433
114.654433
114.654433
114.654433
114.654433
114.654433
114.654433
114.654433
114.654433
114.654433
114.654433
114.654433
114.654433
114.654433
114.654433
114.654433
114.654433
114.654433
114.654433
114.654433
114.654433
114.654433
114.654433
114.654433
114.654433
114.654433
114.654433
114.654433
114.654433
114.654433
114.654433
114.654433
114.654433
114.654433
114.654433
114.654433
114.654433
114.654433
114.654433
114.654433
114.654433
114.654433
114.654433
114.654433
114.654433
114.654433
114.654433
114.654433
114.654433
114.654433
114.654433
114.654433
114.654433
114.654433
114.654433
114.654433
114.654433
114.654433
114.654433
114.654433
114.654433
114.654433
114.654433
114.654433
114.654433
114.654433
114.654433
114.654433
114.654433
114.654433
114.654433
114.654433
114.654433
114.654433
114.654433
114.654433
114.654433
114.654433
114.654433
114.654433
114.654433
114.654433
114.654433
114.654433
114.654433
114.654433
114.654433
114.654433
114.654433
114.654433
114.654433
114.654433
114.654433
114.654433
114.654433
114.654433
114.654433
114.654433
114.654433
114.654433
114.654433
114.654433
114.654433
114.654433
114.654433
114.654433
114.654433
114.654433
114.654433
114.654433
114.654433
114.654433
114.654433
114.654433
114.654433
114.654433
114.654433
114.654433
114.654433
114.654433
114.654433
114.654433
114.654433
114.654433
114.654433
114.654433
114.654433
114.654433
114.654433
114.654433
114.654433
114.654433
114.654433
114.654433
114.654433
114.654433
114.654433
114.654433
114.654433
114.654433
114.654433
114.654433
114.654433
114.654433
114.654433
114.654433
114.654433
114.654433
114.654433
114.654433
114.654433
114.654433
114.654433
114.654433
114.654433
114.654433
114.654433
114.654433
114.654433
114.654433
114.654433
114.654433
114.654433
114.654433
114.654433
114.654433
114.654433
114.654433
114.654433
114.654433
114.654433
114.654433
114.654433
114.654433
114.654433
114.654433
114.654433
114.654433
114.654433
114.654433
114.654433
114.654433
114.654433
114.654433
114.654433
114.654433
114.654433
114.654433
114.654433
114.654433
114.654433
114.654433
114.654433
114.654433
114.654433
114.654433
114.654433
114.654433
114.654433
114.654433
114.654433
114.654433
114.654433
114.654433
114.654433
114.654433
114.654433
114.654433
114.654433
114.654433
114.654433
114.654433
114.654433
114.654433
114.654433
114.654433
114.654433
114.654433
114.654433
114.654433
114.654433
114.654433
114.654433
114.654433
114.654433
114.654433
114.654433
114.654433
114.654433
114.654433
114.654433
114.654433
114.654433
114.654433
114.654433
114.654433
114.654433
114.654433
114.654433
114.654433
114.654433
114.654433
114.654433
114.654433
114.654433
114.654433
114.654433
114.654433
114.654433
114.654433
114.654433
114.654433
114.654433
114.654433
114.654433
114.654433
114.654433
114.654433
114.654433
114.654433
114.654433
114.654433
114.654433
114.654433
114.654433
114.654433
114.654433
114.654433
114.654433
114.654433
114.654433
114.654433
114.654433
114.654433
114.654433
114.654433
114.654433
114.654433
114.654433
114.654433
114.654433
114.654433
114.654433
114.654433
114.654433
114.654433
114.654433
114.654433
114.654433
114.654433
114.654433
114.654433
114.654433
114.654433
114.654433
114.654433
114.654433
114.654433
114.654433
114.654433
114.654433
114.654433
114.654433
114.654433
114.654433
114.654433
114.654433
114.654433
114.654433
114.654433
114.654433
114.654433
114.654433
114.654433
114.654433
114.654433
114.654433
114.654433
114.654433
114.654433
114.654433
114.654433
114.654433
114.654433
114.654433
114.654433
114.654433
114.654433
114.654433
114.654433
114.654433
114.654433
114.654433
114.654433
114.654433
114.654433
114.654433
114.654433
114.654433
114.654433
114.654433
114.654433
114.654433
114.654433
114.654433
114.654433
114.654433
114.654433
114.654433
114.654433
114.654433
114.654433
114.654433
114.654433
114.654433
114.654433
114.654433
114.654433
114.654433
114.654433
114.654433
114.654433
114.654433
114.654433
114.654433
114.654433
114.654433
114.654433
114.654433
114.654433
114.654433
114.654433
114.654433
114.654433
114.654433
114.654433
114.654433
114.654433
114.654433
114.654433
114.654433
114.654433
114.654433
114.654433
114.654433
114.654433
114.654433
114.654433
114.654433
114.654433
114.654433
114.654433
114.654433
114.654433
114.654433
114.654433
114.654433
114.654433
114.654433
114.654433
114.654433
114.654433
114.654433
114.654433
114.654433
114.654433
114.654433
114.654433
114.654433
114.654433
114.654433
114.654433
114.654433
114.654433
114.654433
114.654433
114.654433
114.654433
114.654433
114.654433
114.654433
114.654433
114.654433
114.654433
114.654433
114.654433
114.654433
114.654433
114.654433
114.654433
114.654433
114.654433
114.654433
114.654433
114.654433
114.654433
114.654433
114.654433
114.654433
114.654433
114.654433
114.654433
114.654433
114.654433
114.654433
114.654433
114.654433
114.654433
114.654433
114.654433
114.654433
114.654433
114.654433
114.654433
114.654433
114.654433
114.654433
114.654433
114.654433
114.654433
114.654433
114.654433
114.654433
114.654433
114.654433
114.654433
114.654433
114.654433
114.654433
114.654433
114.654433
114.654433
114.654433
114.654433
114.654433
114.654433
114.654433
114.654433
114.654433
114.654433
114.654433
114.654433
114.654433
114.654433
114.654433
114.654433
114.654433
114.654433
114.654433
114.654433
114.654433
114.654433
114.654433
114.654433
114.654433
114.654433
114.654433
114.654433
114.654433
114.654433
114.654433
114.654433
114.654433
114.654433
114.654433
114.654433
114.654433
114.654433
114.654433
114.654433
114.654433
114.654433
114.654433
114.654433
114.654433
114.654433
114.654433
114.654433
114.654433
114.654433
114.654433
114.654433
114.654433
114.654433
114.654433
114.654433
114.654433
114.654433
114.654433
114.654433
114.654433
114.654433
114.654433
114.654433
114.654433
114.654433
114.654433
114.654433
114.654433
114.654433
114.654433
114.654433
114.654433
114.654433
114.654433
114.654433
114.654433
114.654433
114.654433
114.654433
114.654433
114.654433
114.654433
114.654433
114.654433
114.654433
114.654433
114.654433
114.654433
114.654433
114.654433
114.654433
114.654433
114.654433
114.654433
114.654433
114.654433
114.654433
114.654433
114.654433
114.654433
114.654433
114.654433
114.654433
114.654433
114.654433
114.654433
114.654433
114.654433
114.654433
114.654433
114.654433
114.654433
114.654433
114.654433
114.654433
114.654433
114.654433
114.654433
114.654433
114.654433
114.654433
114.654433
114.654433
114.654433
114.654433
114.654433
114.654433
114.654433
114.654433
114.654433
114.654433
114.654433
114.654433
114.654433
114.654433
114.654433
114.654433
114.654433
114.654433
114.654433
114.654433
114.654433
114.654433
114.654433
114.654433
114.654433
114.654433
114.654433
114.654433
114.654433
114.654433
114.654433
114.654433
114.654433
114.654433
114.654433
114.654433
114.654433
114.654433
114.654433
114.654433
114.654433
114.654433
114.654433
114.654433
114.654433
114.654433
114.654433
114.654433
114.654433
114.654433
114.654433
114.654433
114.654433
114.654433
114.654433
114.654433
114.654433
114.654433
114.654433
114.654433
114.654433
114.654433
114.654433
114.654433
114.654433
114.654433
114.654433
114.654433
114.654433
114.654433
114.654433
114.654433
114.654433
114.654433
114.654433
114.654433
114.654433
114.654433
114.654433
114.654433
114.654433
114.654433
114.654433
114.654433
114.654433
114.654433
114.654433
114.654433
114.654433
114.654433
114.654433
114.654433
114.654433
114.654433
114.654433
114.654433
114.654433
114.654433
114.654433
114.654433
114.654433
114.654433
114.654433
114.654433
114.654433
114.654433
114.654433
114.654433
114.654433
114.654433
114.654433
114.654433
114.654433
114.654433
114.654433
114.654433
114.654433
114.654433
114.654433
114.654433
114.654433
114.654433
114.654433
114.654433
114.654433
114.654433
114.654433
114.654433
114.654433
114.654433
114.654433
114.654433
114.654433
114.654433
114.654433
114.654433
114.654433
114.654433
114.654433
114.654433
114.654433
114.654433
114.654433
114.654433
114.654433
114.654433
114.654433
114.654433
114.654433
114.654433
114.654433
114.654433
114.654433
114.654433
114.654433
114.654433
114.654433
114.654433
114.654433
114.654433
114.654433
114.654433
114.654433
114.654433
114.654433
114.654433
114.654433
114.654433
114.654433
114.654433
114.654433
114.654433
114.654433
114.654433
114.654433
114.654433
114.654433
114.654433
114.654433
114.654433
114.654433
114.654433
114.654433
114.654433
114.654433
114.654433
114.654433
114.654433
114.654433
114.654433
114.654433
114.654433
114.654433
114.654433
114.654433
114.654433
114.654433
114.654433
114.654433
114.654433
114.654433
114.654433
114.654433
114.654433
114.654433
114.654433
114.654433
114.654433
114.654433
114.654433
114.654433
114.654433
114.654433
114.654433
114.654433
114.654433
114.654433
114.654433
114.654433
114.654433
114.654433
114.654433
114.654433
114.654433
114.654433
114.654433
114.654433
114.654433
114.654433
114.654433
114.654433
114.654433
114.654433
114.654433
114.654433
114.654433
114.654433
114.654433
114.654433
114.654433
114.654433
114.654433
114.654433
114.654433
114.654433
114.654433
114.654433
114.654433
114.654433
114.654433
114.654433
114.654433
114.654433
114.654433
114.654433
114.654433
114.654433
114.654433
114.654433
114.654433
114.654433
114.654433
114.654433
114.654433
114.654433
114.654433
114.654433
114.654433
114.654433
114.654433
114.654433
114.654433
114.654433
114.654433
114.654433
114.654433
114.654433
114.654433
114.654433
114.654433
114.654433
114.654433
114.654433
114.654433
114.654433
114.654433
114.654433
114.654433
114.654433
114.654433
114.654433
114.654433
114.654433
114.654433
114.654433
114.654433
114.654433
114.654433
114.654433
114.654433
114.654433
114.654433
114.654433
114.654433
114.654433
114.654433
114.654433
114.654433
114.654433
114.654433
114.654433
114.654433
114.654433
114.654433
114.654433
114.654433
114.654433
114.654433
114.654433
114.654433
114.654433
114.654433
114.654433
114.654433
114.654433
114.654433
114.654433
114.654433
114.654433
114.654433
114.654433
114.654433
114.654433
114.654433
114.654433
114.654433
114.654433
114.654433
114.654433
114.654433
114.654433
114.654433
114.654433
114.654433
114.654433
114.654433
114.654433
114.654433
114.654433
114.654433
114.654433
114.654433
114.654433
114.654433
114.654433
114.654433
114.654433
114.654433
114.654433
114.654433
114.654433
114.654433
114.654433
114.654433
114.654433
114.654433
114.654433
114.654433
114.654433
114.654433
114.654433
114.654433
114.654433
114.654433
114.654433
114.654433
114.654433
114.654433
114.654433
114.654433
114.654433
114.654433
114.654433
114.654433
114.654433
114.654433
114.654433
114.654433
114.654433
114.654433
114.654433
114.654433
114.654433
114.654433
114.654433
114.654433
114.654433
114.654433
114.654433
114.654433
114.654433
114.654433
114.654433
114.654433
114.654433
114.654433
114.654433
114.654433
114.654433
114.654433
114.654433
114.654433
114.654433
114.654433
114.654433
114.654433
114.654433
114.654433
114.654433
114.654433
114.654433
114.654433
114.654433
114.654433
114.654433
114.654433
114.654433
114.654433
114.654433
114.654433
114.654433
114.654433
114.654433
114.654433
114.654433
114.654433
114.654433
114.654433
114.654433
114.654433
114.654433
114.654433
114.654433
114.654433
114.654433
114.654433
114.654433
114.654433
114.654433
114.654433
114.654433
114.654433
114.654433
114.654433
114.654433
114.654433
114.654433
114.654433
114.654433
114.654433
114.654433
114.654433
114.654433
114.654433
114.654433
114.654433
114.654433
114.654433
114.654433
114.654433
114.654433
114.654433
114.654433
114.654433
114.654433
114.654433
114.654433
114.654433
114.654433
114.654433
114.654433
114.654433
114.654433
114.654433
114.654433
114.654433
114.654433
114.654433
114.654433
114.654433
114.654433
114.654433
114.654433
114.654433
114.654433
114.654433
114.654433
114.654433
114.654433
114.654433
114.654433
114.654433
114.654433
114.654433
114.654433
114.654433
114.654433
114.654433
114.654433
114.654433
114.654433
114.654433
114.654433
114.654433
114.654433
114.654433
114.654433
114.654433
114.654433
114.654433
114.654433
114.654433
114.654433
114.654433
114.654433
114.654433
114.654433
114.654433
114.654433
114.654433
114.654433
114.654433
114.654433
114.654433
114.654433
114.654433
114.654433
114.654433
114.654433
114.654433
114.654433
114.654433
114.654433
114.654433
114.654433
114.654433
114.654433
114.654433
114.654433
114.654433
114.654433
114.654433
114.654433
114.654433
114.654433
114.654433
114.654433
114.654433
114.654433
114.654433
114.654433
114.654433
114.654433
114.654433
114.654433
114.654433
114.654433
114.654433
114.654433
114.654433
114.654433
114.654433
114.654433
114.654433
114.654433
114.654433
114.654433
114.654433
114.654433
114.654433
114.654433
114.654433
114.654433
114.654433
114.654433
114.654433
114.654433
114.654433
114.654433
114.654433
114.654433
114.654433
114.654433
114.654433
114.654433
114.654433
114.654433
114.654433
114.654433
114.654433
114.654433
114.654433
114.654433
114.654433
114.654433
114.654433
114.654433
114.654433
114.654433
114.654433
114.654433
114.654433
114.654433
114.654433
114.654433
114.654433
114.654433
114.654433
114.654433
114.654433
114.654433
114.654433
114.654433
114.654433
114.654433
114.654433
114.654433
114.654433
114.654433
114.654433
114.654433
114.654433
114.654433
114.654433
114.654433
114.654433
114.654433
114.654433
114.654433
114.654433
114.654433
114.654433
114.654433
114.654433
114.654433
114.654433
114.654433
114.654433
114.654433
114.654433
114.654433
114.654433
114.654433
114.654433
114.654433
114.654433
114.654433
114.654433
114.654433
114.654433
114.654433
114.654433
114.654433
114.654433
114.654433
114.654433
114.654433
114.654433
114.654433
114.654433
114.654433
114.654433
114.654433
114.654433
114.654433
114.654433
114.654433
114.654433
114.654433
114.654433
114.654433
114.654433
114.654433
114.654433
114.654433
114.654433
114.654433
114.654433
114.654433
114.654433
114.654433
114.654433
114.654433
114.654433
114.654433
114.654433
114.654433
114.654433
114.654433
114.654433
114.654433
114.654433
114.654433
114.654433
114.654433
114.654433
114.654433
114.654433
114.654433
114.654433
114.654433
114.654433
114.654433
114.654433
114.654433
114.654433
114.654433
114.654433
114.654433
114.654433
114.654433
114.654433
114.654433
114.654433
114.654433
114.654433
114.654433
114.654433
114.654433
114.654433
114.654433
114.654433
114.654433
114.654433
114.654433
114.654433
114.654433
114.654433
114.654433
114.654433
114.654433
114.654433
114.654433
114.654433
114.654433
114.654433
114.654433
114.654433
114.654433
114.654433
114.654433
114.654433
114.654433
114.654433
114.654433
114.654433
114.654433
114.654433
114.654433
114.654433
114.654433
114.654433
114.654433
114.654433
114.654433
114.654433
114.654433
114.654433
114.654433
114.654433
114.654433
114.654433
114.654433
114.654433
114.654433
114.654433
114.654433
114.654433
114.654433
114.654433
114.654433
114.654433
114.654433
114.654433
114.654433
114.654433
114.654433
114.654433
114.654433
114.654433
114.654433
114.654433
114.654433
114.654433
114.654433
114.654433
114.654433
114.654433
114.654433
114.654433
114.654433
114.654433
114.654433
114.654433
114.654433
114.654433
114.654433
114.654433
114.654433
114.654433
114.654433
114.654433
114.654433
114.654433
114.654433
114.654433
114.654433
114.654433
114.654433
114.654433
114.654433
114.654433
114.654433
114.654433
114.654433
114.654433
114.654433
114.654433
114.654433
114.654433
114.654433
114.654433
114.654433
114.654433
114.654433
114.654433
114.654433
114.654433
114.654433
114.654433
114.654433
114.654433
114.654433
114.654433
114.654433
114.654433
114.654433
114.654433
114.654433
114.654433
114.654433
114.654433
114.654433
114.654433
114.654433
114.654433
114.654433
114.654433
114.654433
114.654433
114.654433
114.654433
114.654433
114.654433
114.654433
114.654433
114.654433
114.654433
114.654433
114.654433
114.654433
114.654433
114.654433
114.654433
114.654433
114.654433
114.654433
114.654433
114.654433
114.654433
114.654433
114.654433
114.654433
114.654433
114.654433
114.654433
114.654433
114.654433
114.654433
114.654433
114.654433
114.654433
114.654433
114.654433
114.654433
114.654433
114.654433
114.654433
114.654433
114.654433
114.654433
114.654433
114.654433
114.654433
114.654433
114.654433
114.654433
114.654433
114.654433
114.654433
114.654433
114.654433
114.654433
114.654433
114.654433
114.654433
114.654433
114.654433
114.654433
114.654433
114.654433
114.654433
114.654433
114.654433
114.654433
114.654433
114.654433
114.654433
114.654433
114.654433
114.654433
114.654433
114.654433
114.654433
114.654433
114.654433
114.654433
114.654433
114.654433
114.654433
114.654433
114.654433
114.654433
114.654433
114.654433
114.654433
114.654433
114.654433
114.654433
114.654433
114.654433
114.654433
114.654433
114.654433
114.654433
114.654433
114.654433
114.654433
114.654433
114.654433
114.654433
114.654433
114.654433
114.654433
114.654433
114.654433
114.654433
114.654433
114.654433
114.654433
114.654433
114.654433
114.654433
114.654433
114.654433
114.654433
114.654433
114.654433
114.654433
114.654433
114.654433
114.654433
114.654433
114.654433
114.654433
114.654433
114.654433
114.654433
114.654433
114.654433
114.654433
114.654433
114.654433
114.654433
114.654433
114.654433
114.654433
114.654433
114.654433
114.654433
114.654433
114.654433
114.654433
114.654433
114.654433
114.654433
114.654433
114.654433
114.654433
114.654433
114.654433
114.654433
114.654433
114.654433
114.654433
114.654433
114.654433
114.654433
114.654433
114.654433
114.654433
114.654433
114.654433
114.654433
114.654433
114.654433
114.654433
114.654433
114.654433
114.654433
114.654433
114.654433
114.654433
114.654433
114.654433
114.654433
114.654433
114.654433
114.654433
114.654433
114.654433
114.654433
114.654433
114.654433
114.654433
114.654433
114.654433
114.654433
114.654433
114.654433
114.654433
114.654433
114.654433
114.654433
114.654433
114.654433
114.654433
114.654433
114.654433
114.654433
114.654433
114.654433
114.654433
114.654433
114.654433
114.654433
114.654433
114.654433
114.654433
114.654433
114.654433
114.654433
114.654433
114.654433
114.654433
114.654433
114.654433
114.654433
114.654433
114.654433
114.654433
114.654433
114.654433
114.654433
114.654433
114.654433
114.654433
114.654433
114.654433
114.654433
114.654433
114.654433
114.654433
114.654433
114.654433
114.654433
114.654433
114.654433
114.654433
114.654433
114.654433
114.654433
114.654433
114.654433
114.654433
114.654433
114.654433
114.654433
114.654433
114.654433
114.654433
114.654433
114.654433
114.654433
114.654433
114.654433
114.654433
114.654433
114.654433
114.654433
114.654433
114.654433
114.654433
114.654433
114.654433
114.654433
114.654433
114.654433
114.654433
114.654433
114.654433
114.654433
114.654433
114.654433
114.654433
114.654433
114.654433
114.654433
114.654433
114.654433
114.654433
114.654433
114.654433
114.654433
114.654433
114.654433
114.654433
114.654433
114.654433
114.654433
114.654433
114.654433
114.654433
114.654433
114.654433
114.654433
114.654433
114.654433
114.654433
114.654433
114.654433
114.654433
114.654433
114.654433
114.654433
114.654433
114.654433
114.654433
114.654433
114.654433
114.654433
114.654433
114.654433
114.654433
114.654433
114.654433
114.654433
114.654433
114.654433
114.654433
114.654433
114.654433
114.654433
114.654433
114.654433
114.654433
114.654433
114.654433
114.654433
114.654433
114.654433
114.654433
114.654433
114.654433
114.654433
114.654433
114.654433
114.654433
114.654433
114.654433
114.654433
114.654433
114.654433
114.654433
114.654433
114.654433
114.654433
114.654433
114.654433
114.654433
114.654433
114.654433
114.654433
114.654433
114.654433
114.654433
114.654433
114.654433
114.654433
114.654433
114.654433
114.654433
114.654433
114.654433
114.654433
114.654433
114.654433
114.654433
114.654433
114.654433
114.654433
114.654433
114.654433
114.654433
114.654433
114.654433
114.654433
114.654433
114.654433
114.654433
114.654433
114.654433
114.654433
114.654433
114.654433
114.654433
114.654433
114.654433
114.654433
114.654433
114.654433
114.654433
114.654433
114.654433
114.654433
114.654433
114.654433
114.654433
114.654433
114.654433
114.654433
114.654433
114.654433
114.654433
114.654433
114.654433
114.654433
114.654433
114.654433
114.654433
114.654433
114.654433
114.654433
114.654433
114.654433
114.654433
114.654433
114.654433
114.654433
114.654433
114.654433
114.654433
114.654433
114.654433
114.654433
114.654433
114.654433
114.654433
114.654433
114.654433
114.654433
114.654433
114.654433
114.654433
114.654433
114.654433
114.654433
114.654433
114.654433
114.654433
114.654433
114.654433
114.654433
114.654433
114.654433
114.654433
114.654433
114.654433
114.654433
114.654433
114.654433
114.654433
114.654433
114.654433
114.654433
114.654433
114.654433
114.654433
114.654433
114.654433
114.654433
114.654433
114.654433
114.654433
114.654433
114.654433
114.654433
114.654433
114.654433
114.654433
114.654433
114.654433
114.654433
114.654433
114.654433
114.654433
114.654433
114.654433
114.654433
114.654433
114.654433
114.654433
114.654433
114.654433
114.654433
114.654433
114.654433
114.654433
114.654433
114.654433
114.654433
114.654433
114.654433
114.654433
114.654433
114.654433
114.654433
114.654433
114.654433
114.654433
114.654433
114.654433
114.654433
114.654433
114.654433
114.654433
114.654433
114.654433
114.654433
114.654433
114.654433
114.654433
114.654433
114.654433
114.654433
114.654433
114.654433
114.654433
114.654433
114.654433
114.654433
114.654433
114.654433
114.654433
114.654433
114.654433
114.654433
114.654433
114.654433
114.654433
114.654433
114.654433
114.654433
114.654433
114.654433
114.654433
114.654433
114.654433
114.654433
114.654433
114.654433
114.654433
114.654433
114.654433
114.654433
114.654433
114.654433
114.654433
114.654433
114.654433
114.654433
114.654433
114.654433
114.654433
114.654433
114.654433
114.654433
114.654433
114.654433
114.654433
114.654433
114.654433
114.654433
114.654433
114.654433
114.654433
114.654433
114.654433
114.654433
114.654433
114.654433
114.654433
114.654433
114.654433
114.654433
114.654433
114.654433
114.654433
114.654433
114.654433
114.654433
114.654433
114.654433
114.654433
114.654433
114.654433
114.654433
114.654433
114.654433
114.654433
114.654433
114.654433
114.654433
114.654433
114.654433
114.654433
114.654433
114.654433
114.654433
114.654433
114.654433
114.654433
114.654433
114.654433
114.654433
114.654433
114.654433
114.654433
114.654433
114.654433
114.654433
114.654433
114.654433
114.654433
114.654433
114.654433
114.654433
114.654433
114.654433
114.654433
114.654433
114.654433
114.654433
114.654433
114.654433
114.654433
114.654433
114.654433
114.654433
114.654433
114.654433
114.654433
114.654433
114.654433
114.654433
114.654433
114.654433
114.654433
114.654433
114.654433
114.654433
114.654433
114.654433
114.654433
114.654433
114.654433
114.654433
114.654433
114.654433
114.654433
114.654433
114.654433
114.654433
114.654433
114.654433
114.654433
114.654433
114.654433
114.654433
114.654433
114.654433
114.654433
114.654433
114.654433
114.654433
114.654433
114.654433
114.654433
114.654433
114.654433
114.654433
114.654433
114.654433
114.654433
114.654433
114.654433
114.654433
114.654433
114.654433
114.654433
114.654433
114.654433
114.654433
114.654433
114.654433
114.654433
114.654433
114.654433
114.654433
114.654433
114.654433
114.654433
114.654433
114.654433
114.654433
114.654433
114.654433
114.654433
114.654433
114.654433
114.654433
114.654433
114.654433
114.654433
114.654433
114.654433
114.654433
114.654433
114.654433
114.654433
114.654433
114.654433
114.654433
114.654433
114.654433
114.654433
114.654433
114.654433
114.654433
114.654433
114.654433
114.654433
114.654433
114.654433
114.654433
114.654433
114.654433
114.654433
114.654433
114.654433
114.654433
114.654433
114.654433
114.654433
114.654433
114.654433
114.654433
114.654433
114.654433
114.654433
114.654433
114.654433
114.654433
114.654433
114.654433
114.654433
114.654433
114.654433
114.654433
114.654433
114.654433
114.654433
114.654433
114.654433
114.654433
114.654433
114.654433
114.654433
114.654433
114.654433
114.654433
114.654433
114.654433
114.654433
114.654433
114.654433
114.654433
114.654433
114.654433
114.654433
114.654433
114.654433
114.654433
114.654433
114.654433
114.654433
114.654433
114.654433
114.654433
114.654433
114.654433
114.654433
114.654433
114.654433
114.654433
114.654433
114.654433
114.654433
114.654433
114.654433
114.654433
114.654433
114.654433
114.654433
114.654433
114.654433
114.654433
114.654433
114.654433
114.654433
114.654433
114.654433
114.654433
114.654433
114.654433
114.654433
114.654433
114.654433
114.654433
114.654433
114.654433
114.654433
114.654433
114.654433
114.654433
114.654433
114.654433
114.654433
114.654433
114.654433
114.654433
114.654433
114.654433
114.654433
114.654433
114.654433
114.654433
114.654433
114.654433
114.654433
114.654433
114.654433
114.654433
114.654433
114.654433
114.654433
114.654433
114.654433
114.654433
114.654433
114.654433
114.654433
114.654433
114.654433
114.654433
114.654433
114.654433
114.654433
114.654433
114.654433
114.654433
114.654433
114.654433
114.654433
114.654433
114.654433
114.654433
114.654433
114.654433
114.654433
114.654433
114.654433
114.654433
114.654433
114.654433
114.654433
114.654433
114.654433
114.654433
114.654433
114.654433
114.654433
114.654433
114.654433
114.654433
114.654433
114.654433
114.654433
114.654433
114.654433
114.654433
114.654433
114.654433
114.654433
114.654433
114.654433
114.654433
114.654433
114.654433
114.654433
114.654433
114.654433
114.654433
114.654433
114.654433
114.654433
114.654433
114.654433
114.654433
114.654433
114.654433
114.654433
114.654433
114.654433
114.654433
114.654433
114.654433
114.654433
114.654433
114.654433
114.654433
114.654433
114.654433
114.654433
114.654433
114.654433
114.654433
114.654433
114.654433
114.654433
114.654433
114.654433
114.654433
114.654433
114.654433
114.654433
114.654433
114.654433
114.654433
114.654433
114.654433
114.654433
114.654433
114.654433
114.654433
114.654433
114.654433
114.654433
114.654433
114.654433
114.654433
114.654433
114.654433
114.654433
114.654433
114.654433
114.654433
114.654433
114.654433
114.654433
114.654433
114.654433
114.654433
114.654433
114.654433
114.654433
114.654433
114.654433
114.654433
114.654433
114.654433
114.654433
114.654433
114.654433
114.654433
114.654433
114.654433
114.654433
114.654433
114.654433
114.654433
114.654433
114.654433
114.654433
114.654433
114.654433
114.654433
114.654433
114.654433
114.654433
114.654433
114.654433
114.654433
114.654433
114.654433
114.654433
114.654433
114.654433
114.654433
114.654433
114.654433
114.654433
114.654433
114.654433
114.654433
114.654433
114.654433
114.654433
114.654433
114.654433
114.654433
114.654433
114.654433
114.654433
114.654433
114.654433
114.654433
114.654433
114.654433
114.654433
114.654433
114.654433
114.654433
114.654433
114.654433
114.654433
114.654433
114.654433
114.654433
114.654433
114.654433
114.654433
114.654433
114.654433
114.654433
114.654433
114.654433
114.654433
114.654433
114.654433
114.654433
114.654433
114.654433
114.654433
114.654433
114.654433
114.654433
114.654433
114.654433
114.654433
114.654433
114.654433
114.654433
114.654433
114.654433
114.654433
114.654433
114.654433
114.654433
114.654433
114.654433
114.654433
114.654433
114.654433
114.654433
114.654433
114.654433
114.654433
114.654433
114.654433
114.654433
114.654433
114.654433
114.654433
114.654433
114.654433
114.654433
114.654433
114.654433
114.654433
114.654433
114.654433
114.654433
114.654433
114.654433
114.654433
114.654433
114.654433
114.654433
114.654433
114.654433
114.654433
114.654433
114.654433
114.654433
114.654433
114.654433
114.654433
114.654433
114.654433
114.654433
114.654433
114.654433
114.654433
114.654433
114.654433
114.654433
114.654433
114.654433
114.654433
114.654433
114.654433
114.654433
114.654433
114.654433
114.654433
114.654433
114.654433
114.654433
114.654433
114.654433
114.654433
114.654433
114.654433
114.654433
114.654433
114.654433
114.654433
114.654433
114.654433
114.654433
114.654433
114.654433
114.654433
114.654433
114.654433
114.654433
114.654433
114.654433
114.654433
114.654433
114.654433
114.654433
114.654433
114.654433
114.654433
114.654433
114.654433
114.654433
114.654433
114.654433
114.654433
114.654433
114.654433
114.654433
114.654433
114.654433
114.654433
114.654433
114.654433
114.654433
114.654433
114.654433
114.654433
114.654433
114.654433
114.654433
114.654433
114.654433
114.654433
114.654433
114.654433
114.654433
114.654433
114.654433
114.654433
114.654433
114.654433
114.654433
114.654433
114.654433
114.654433
114.654433
114.654433
114.654433
114.654433
114.654433
114.654433
114.654433
114.654433
114.654433
114.654433
114.654433
114.654433
114.654433
114.654433
114.654433
114.654433
114.654433
114.654433
114.654433
114.654433
114.654433
114.654433
114.654433
114.654433
114.654433
114.654433
114.654433
114.654433
114.654433
114.654433
114.654433
114.654433
114.654433
114.654433
114.654433
114.654433
114.654433
114.654433
114.654433
114.654433
114.654433
114.654433
114.654433
114.654433
114.654433
114.654433
114.654433
114.654433
114.654433
114.654433
114.654433
114.654433
114.654433
114.654433
114.654433
114.654433
114.654433
114.654433
114.654433
114.654433
114.654433
114.654433
114.654433
114.654433
114.654433
114.654433
114.654433
114.654433
114.654433
114.654433
114.654433
114.654433
114.654433
114.654433
114.654433
114.654433
114.654433
114.654433
114.654433
114.654433
114.654433
114.654433
114.654433
114.654433
114.654433
114.654433
114.654433
114.654433
114.654433
114.654433
114.654433
114.654433
114.654433
114.654433
114.654433
114.654433
114.654433
114.654433
114.654433
114.654433
114.654433
114.654433
114.654433
114.654433
114.654433
114.654433
114.654433
114.654433
114.654433
114.654433
114.654433
114.654433
114.654433
114.654433
114.654433
114.654433
114.654433
114.654433
114.654433
114.654433
114.654433
114.654433
114.654433
114.654433
114.654433
114.654433
114.654433
114.654433
114.654433
114.654433
114.654433
114.654433
114.654433
114.654433
114.654433
114.654433
114.654433
114.654433
114.654433
114.654433
114.654433
114.654433
114.654433
114.654433
114.654433
114.654433
114.654433
114.654433
114.654433
114.654433
114.654433
114.654433
114.654433
114.654433
114.654433
114.654433
114.654433
114.654433
114.654433
114.654433
114.654433
114.654433
114.654433
114.654433
114.654433
114.654433
114.654433
114.654433
114.654433
114.654433
114.654433
114.654433
114.654433
114.654433
114.654433
114.654433
114.654433
114.654433
114.654433
114.654433
114.654433
114.654433
114.654433
114.654433
114.654433
114.654433
114.654433
114.654433
114.654433
114.654433
114.654433
114.654433
114.654433
114.654433
114.654433
114.654433
114.654433
114.654433
114.654433
114.654433
114.654433
114.654433
114.654433
114.654433
114.654433
114.654433
114.654433
114.654433
114.654433
114.654433
114.654433
114.654433
114.654433
114.654433
114.654433
114.654433
114.654433
114.654433
114.654433
114.654433
114.654433
114.654433
114.654433
114.654433
114.654433
114.654433
114.654433
114.654433
114.654433
114.654433
114.654433
114.654433
114.654433
114.654433
114.654433
114.654433
114.654433
114.654433
114.654433
114.654433
114.654433
114.654433
114.654433
114.654433
114.654433
114.654433
114.654433
114.654433
114.654433
114.654433
114.654433
114.654433
114.654433
114.654433
114.654433
114.654433
114.654433
114.654433
114.654433
114.654433
114.654433
114.654433
114.654433
114.654433
114.654433
114.654433
114.654433
114.654433
114.654433
114.654433
114.654433
114.654433
114.654433
114.654433
114.654433
114.654433
114.654433
114.654433
114.654433
114.654433
114.654433
114.654433
114.654433
114.654433
114.654433
114.654433
114.654433
114.654433
114.654433
114.654433
114.654433
114.654433
114.654433
114.654433
114.654433
114.654433
114.654433
114.654433
114.654433
114.654433
114.654433
114.654433
114.654433
114.654433
114.654433
114.654433
114.654433
114.654433
114.654433
114.654433
114.654433
114.654433
114.654433
114.654433
114.654433
114.654433
114.654433
114.654433
114.654433
114.654433
114.654433
114.654433
114.654433
114.654433
114.654433
114.654433
114.654433
114.654433
114.654433
114.654433
114.654433
114.654433
114.654433
114.654433
114.654433
114.654433
114.654433
114.654433
114.654433
114.654433
114.654433
114.654433
114.654433
114.654433
114.654433
114.654433
114.654433
114.654433
114.654433
114.654433
114.654433
114.654433
114.654433
114.654433
114.654433
114.654433
114.654433
114.654433
114.654433
114.654433
114.654433
114.654433
114.654433
114.654433
114.654433
114.654433
114.654433
114.654433
114.654433
114.654433
114.654433
114.654433
114.654433
114.654433
114.654433
114.654433
114.654433
114.654433
114.654433
114.654433
114.654433
114.654433
114.654433
114.654433
114.654433
114.654433
114.654433
114.654433
114.654433
114.654433
114.654433
114.654433
114.654433
114.654433
114.654433
114.654433
114.654433
114.654433
114.654433
114.654433
114.654433
114.654433
114.654433
114.654433
114.654433
114.654433
114.654433
114.654433
114.654433
114.654433
114.654433
114.654433
114.654433
114.654433
114.654433
114.654433
114.654433
114.654433
114.654433
114.654433
114.654433
114.654433
114.654433
114.654433
114.654433
114.654433
114.654433
114.654433
114.654433
114.654433
114.654433
114.654433
114.654433
114.654433
114.654433
114.654433
114.654433
114.654433
114.654433
114.654433
114.654433
114.654433
114.654433
114.654433
114.654433
114.654433
114.654433
114.654433
114.654433
114.654433
114.654433
114.654433
114.654433
114.654433
114.654433
114.654433
114.654433
114.654433
114.654433
114.654433
114.654433
114.654433
114.654433
114.654433
114.654433
114.654433
114.654433
114.654433
114.654433
114.654433
114.654433
114.654433
114.654433
114.654433
114.654433
114.654433
114.654433
114.654433
114.654433
114.654433
114.654433
114.654433
114.654433
114.654433
114.654433
114.654433
114.654433
114.654433
114.654433
114.654433
114.654433
114.654433
114.654433
114.654433
114.654433
114.654433
114.654433
114.654433
114.654433
114.654433
114.654433
114.654433
114.654433
114.654433
114.654433
114.654433
114.654433
114.654433
114.654433
114.654433
114.654433
114.654433
114.654433
114.654433
114.654433
114.654433
114.654433
114.654433
114.654433
114.654433
114.654433
114.654433
114.654433
114.654433
114.654433
114.654433
114.654433
114.654433
114.654433
114.654433
114.654433
114.654433
114.654433
114.654433
114.654433
114.654433
114.654433
114.654433
114.654433
114.654433
114.654433
114.654433
114.654433
114.654433
114.654433
114.654433
114.654433
114.654433
114.654433
114.654433
114.654433
114.654433
114.654433
114.654433
114.654433
114.654433
114.654433
114.654433
114.654433
114.654433
114.654433
114.654433
114.654433
114.654433
114.654433
114.654433
114.654433
114.654433
114.654433
114.654433
114.654433
114.654433
114.654433
114.654433
114.654433
114.654433
114.654433
114.654433
114.654433
114.654433
114.654433
114.654433
114.654433
114.654433
114.654433
114.654433
114.654433
114.654433
114.654433
114.654433
114.654433
114.654433
114.654433
114.654433
114.654433
114.654433
114.654433
114.654433
114.654433
114.654433
114.654433
114.654433
114.654433
114.654433
114.654433
114.654433
114.654433
114.654433
114.654433
114.654433
114.654433
114.654433
114.654433
114.654433
114.654433
114.654433
114.654433
114.654433
114.654433
114.654433
114.654433
114.654433
114.654433
114.654433
114.654433
114.654433
114.654433
114.654433
114.654433
114.654433
114.654433
114.654433
114.654433
114.654433
114.654433
114.654433
114.654433
114.654433
114.654433
114.654433
114.654433
114.654433
114.654433
114.654433
114.654433
114.654433
114.654433
114.654433
114.654433
114.654433
114.654433
114.654433
114.654433
114.654433
114.654433
114.654433
114.654433
114.654433
114.654433
114.654433
114.654433
114.654433
114.654433
114.654433
114.654433
114.654433
114.654433
114.654433
114.654433
114.654433
114.654433
114.654433
114.654433
114.654433
114.654433
114.654433
114.654433
114.654433
114.654433
114.654433
114.654433
114.654433
114.654433
114.654433
114.654433
114.654433
114.654433
114.654433
114.654433
114.654433
114.654433
114.654433
114.654433
114.654433
114.654433
114.654433
114.654433
114.654433
114.654433
114.654433
114.654433
114.654433
114.654433
114.654433
114.654433
114.654433
114.654433
114.654433
114.654433
114.654433
114.654433
114.654433
114.654433
114.654433
114.654433
114.654433
114.654433
114.654433
114.654433
114.654433
114.654433
114.654433
114.654433
114.654433
114.654433
114.654433
114.654433
114.654433
114.654433
114.654433
114.654433
114.654433
114.654433
114.654433
114.654433
114.654433
114.654433
114.654433
114.654433
114.654433
114.654433
114.654433
114.654433
114.654433
114.654433
114.654433
114.654433
114.654433
114.654433
114.654433
114.654433
114.654433
114.654433
114.654433
114.654433
114.654433
114.654433
114.654433
114.654433
114.654433
114.654433
114.654433
114.654433
114.654433
114.654433
114.654433
114.654433
114.654433
114.654433
114.654433
114.654433
114.654433
114.654433
114.654433
114.654433
114.654433
114.654433
114.654433
114.654433
114.654433
114.654433
114.654433
114.654433
114.654433
114.654433
114.654433
114.654433
114.654433
114.654433
114.654433
114.654433
114.654433
114.654433
114.654433
114.654433
114.654433
114.654433
114.654433
114.654433
114.654433
114.654433
114.654433
114.654433
114.654433
114.654433
114.654433
114.654433
114.654433
114.654433
114.654433
114.654433
114.654433
114.654433
114.654433
114.654433
114.654433
114.654433
114.654433
114.654433
114.654433
114.654433
114.654433
114.654433
114.654433
114.654433
114.654433
114.654433
114.654433
114.654433
114.654433
114.654433
114.654433
114.654433
114.654433
114.654433
114.654433
114.654433
114.654433
114.654433
114.654433
114.654433
114.654433
114.654433
114.654433
114.654433
114.654433
114.654433
114.654433
114.654433
114.654433
114.654433
114.654433
114.654433
114.654433
114.654433
114.654433
114.654433
114.654433
114.654433
114.654433
114.654433
114.654433
114.654433
114.654433
114.654433
114.654433
114.654433
114.654433
114.654433
114.654433
114.654433
114.654433
114.654433
114.654433
114.654433
114.654433
114.654433
114.654433
114.654433
114.654433
114.654433
114.654433
114.654433
114.654433
114.654433
114.654433
114.654433
114.654433
114.654433
114.654433
114.654433
114.654433
114.654433
114.654433
114.654433
114.654433
114.654433
114.654433
114.654433
114.654433
114.654433
114.654433
114.654433
114.654433
114.654433
114.654433
114.654433
114.654433
114.654433
114.654433
114.654433
114.654433
114.654433
114.654433
114.654433
114.654433
114.654433
114.654433
114.654433
114.654433
114.654433
114.654433
114.654433
114.654433
114.654433
114.654433
114.654433
114.654433
114.654433
114.654433
114.654433
114.654433
114.654433
114.654433
114.654433
114.654433
114.654433
114.654433
114.654433
114.654433
114.654433
114.654433
114.654433
114.654433
114.654433
114.654433
114.654433
114.654433
114.654433
114.654433
114.654433
114.654433
114.654433
114.654433
114.654433
114.654433
114.654433
114.654433
114.654433
114.654433
114.654433
114.654433
114.654433
114.654433
114.654433
114.654433
114.654433
114.654433
114.654433
114.654433
114.654433
114.654433
114.654433
114.654433
114.654433
114.654433
114.654433
114.654433
114.654433
114.654433
114.654433
114.654433
114.654433
114.654433
114.654433
114.654433
114.654433
114.654433
114.654433
114.654433
114.654433
114.654433
114.654433
114.654433
114.654433
114.654433
114.654433
114.654433
114.654433
114.654433
114.654433
114.654433
114.654433
114.654433
114.654433
114.654433
114.654433
114.654433
114.654433
114.654433
114.654433
114.654433
114.654433
114.654433
114.654433
114.654433
114.654433
114.654433
114.654433
114.654433
114.654433
114.654433
114.654433
114.654433
114.654433
114.654433
114.654433
114.654433
114.654433
114.654433
114.654433
114.654433
114.654433
114.654433
114.654433
114.654433
114.654433
114.654433
114.654433
114.654433
114.654433
114.654433
114.654433
114.654433
114.654433
114.654433
114.654433
114.654433
114.654433
114.654433
114.654433
114.654433
114.654433
114.654433
114.654433
114.654433
114.654433
114.654433
114.654433
114.654433
114.654433
114.654433
114.654433
114.654433
114.654433
114.654433
114.654433
114.654433
114.654433
114.654433
114.654433
114.654433
114.654433
114.654433
114.654433
114.654433
114.654433
114.654433
114.654433
114.654433
114.654433
114.654433
114.654433
114.654433
114.654433
114.654433
114.654433
114.654433
114.654433
114.654433
114.654433
114.654433
114.654433
114.654433
114.654433
114.654433
114.654433
114.654433
114.654433
114.654433
114.654433
114.654433
114.654433
114.654433
114.654433
114.654433
114.654433
114.654433
114.654433
114.654433
114.654433
114.654433
114.654433
114.654433
114.654433
114.654433
114.654433
114.654433
114.654433
114.654433
114.654433
114.654433
114.654433
114.654433
114.654433
114.654433
114.654433
114.654433
114.654433
114.654433
114.654433
114.654433
114.654433
114.654433
114.654433
114.654433
114.654433
114.654433
114.654433
114.654433
114.654433
114.654433
114.654433
114.654433
114.654433
114.654433
114.654433
114.654433
114.654433
114.654433
114.654433
114.654433
114.654433
114.654433
114.654433
114.654433
114.654433
114.654433
114.654433
114.654433
114.654433
114.654433
114.654433
114.654433
114.654433
114.654433
114.654433
114.654433
114.654433
114.654433
114.654433
114.654433
114.654433
114.654433
114.654433
114.654433
114.654433
114.654433
114.654433
114.654433
114.654433
114.654433
114.654433
114.654433
114.654433
114.654433
114.654433
114.654433
114.654433
114.654433
114.654433
114.654433
114.654433
114.654433
114.654433
114.654433
114.654433
114.654433
114.654433
114.654433
114.654433
114.654433
114.654433
114.654433
114.654433
114.654433
114.654433
114.654433
114.654433
114.654433
114.654433
114.654433
114.654433
114.654433
114.654433
114.654433
114.654433
114.654433
114.654433
114.654433
114.654433
114.654433
114.654433
114.654433
114.654433
114.654433
114.654433
114.654433
114.654433
114.654433
114.654433
114.654433
114.654433
114.654433
114.654433
114.654433
114.654433
114.654433
114.654433
114.654433
114.654433
114.654433
114.654433
114.654433
114.654433
114.654433
114.654433
114.654433
114.654433
114.654433
114.654433
114.654433
114.654433
114.654433
114.654433
114.654433
114.654433
114.654433
114.654433
114.654433
114.654433
114.654433
114.654433
114.654433
114.654433
114.654433
114.654433
114.654433
114.654433
114.654433
114.654433
114.654433
114.654433
114.654433
114.654433
114.654433
114.654433
114.654433
114.654433
114.654433
114.654433
114.654433
114.654433
114.654433
114.654433
114.654433
114.654433
114.654433
114.654433
114.654433
114.654433
114.654433
114.654433
114.654433
114.654433
114.654433
114.654433
114.654433
114.654433
114.654433
114.654433
114.654433
114.654433
114.654433
114.654433
114.654433
114.654433
114.654433
114.654433
114.654433
114.654433
114.654433
114.654433
114.654433
114.654433
114.654433
114.654433
114.654433
114.654433
114.654433
114.654433
114.654433
114.654433
114.654433
114.654433
114.654433
114.654433
114.654433
114.654433
114.654433
114.654433
114.654433
114.654433
114.654433
114.654433
114.654433
114.654433
114.654433
114.654433
114.654433
114.654433
114.654433
114.654433
114.654433
114.654433
114.654433
114.654433
114.654433
114.654433
114.654433
114.654433
114.654433
114.654433
114.654433
114.654433
114.654433
114.654433
114.654433
114.654433
114.654433
114.654433
114.654433
114.654433
114.654433
114.654433
114.654433
114.654433
114.654433
114.654433
114.654433
114.654433
114.654433
114.654433
114.654433
114.654433
114.654433
114.654433
114.654433
114.654433
114.654433
114.654433
114.654433
114.654433
114.654433
114.654433
114.654433
114.654433
114.654433
114.654433
114.654433
114.654433
114.654433
114.654433
114.654433
114.654433
114.654433
114.654433
114.654433
114.654433
114.654433
114.654433
114.654433
114.654433
114.654433
114.654433
114.654433
114.654433
114.654433
114.654433
114.654433
114.654433
114.654433
114.654433
114.654433
114.654433
114.654433
114.654433
114.654433
114.654433
114.654433
114.654433
114.654433
114.654433
114.654433
114.654433
114.654433
114.654433
114.654433
114.654433
114.654433
114.654433
114.654433
114.654433
114.654433
114.654433
114.654433
114.654433
114.654433
114.654433
114.654433
114.654433
114.654433
114.654433
114.654433
114.654433
114.654433
114.654433
114.654433
114.654433
114.654433
114.654433
114.654433
114.654433
114.654433
114.654433
114.654433
114.654433
114.654433
114.654433
114.654433
114.654433
114.654433
114.654433
114.654433
114.654433
114.654433
114.654433
114.654433
114.654433
114.654433
114.654433
114.654433
114.654433
114.654433
114.654433
114.654433
114.654433
114.654433
114.654433
114.654433
114.654433
114.654433
114.654433
114.654433
114.654433
114.654433
114.654433
114.654433
114.654433
114.654433
114.654433
114.654433
114.654433
114.654433
114.654433
114.654433
114.654433
114.654433
114.654433
114.654433
114.654433
114.654433
114.654433
114.654433
114.654433
114.654433
114.654433
114.654433
114.654433
114.654433
114.654433
114.654433
114.654433
114.654433
114.654433
114.654433
114.654433
114.654433
114.654433
114.654433
114.654433
114.654433
114.654433
114.654433
114.654433
114.654433
114.654433
114.654433
114.654433
114.654433
114.654433
114.654433
114.654433
114.654433
114.654433
114.654433
114.654433
114.654433
114.654433
114.654433
114.654433
114.654433
114.654433
114.654433
114.654433
114.654433
114.654433
114.654433
114.654433
114.654433
114.654433
114.654433
114.654433
114.654433
114.654433
114.654433
114.654433
114.654433
114.654433
114.654433
114.654433
114.654433
114.654433
114.654433
114.654433
114.654433
114.654433
114.654433
114.654433
114.654433
114.654433
114.654433
114.654433
114.654433
114.654433
114.654433
114.654433
114.654433
114.654433
114.654433
114.654433
114.654433
114.654433
114.654433
114.654433
114.654433
114.654433
114.654433
114.654433
114.654433
114.654433
114.654433
114.654433
114.654433
114.654433
114.654433
114.654433
114.654433
114.654433
114.654433
114.654433
114.654433
114.654433
114.654433
114.654433
114.654433
114.654433
114.654433
114.654433
114.654433
114.654433
114.654433
114.654433
114.654433
114.654433
114.654433
114.654433
114.654433
114.654433
114.654433
114.654433
114.654433
114.654433
114.654433
114.654433
114.654433
114.654433
114.654433
114.654433
114.654433
114.654433
114.654433
114.654433
114.654433
114.654433
114.654433
114.654433
114.654433
114.654433
114.654433
114.654433
114.654433
114.654433
114.654433
114.654433
114.654433
114.654433
114.654433
114.654433
114.654433
114.654433
114.654433
114.654433
114.654433
114.654433
114.654433
114.654433
114.654433
114.654433
114.654433
114.654433
114.654433
114.654433
114.654433
114.654433
114.654433
114.654433
114.654433
114.654433
114.654433
114.654433
114.654433
114.654433
114.654433
114.654433
114.654433
114.654433
114.654433
114.654433
114.654433
114.654433
114.654433
114.654433
114.654433
114.654433
114.654433
114.654433
114.654433
114.654433
114.654433
114.654433
114.654433
114.654433
114.654433
114.654433
114.654433
114.654433
114.654433
114.654433
114.654433
114.654433
114.654433
114.654433
114.654433
114.654433
114.654433
114.654433
114.654433
114.654433
114.654433
114.654433
114.654433
114.654433
114.654433
114.654433
114.654433
114.654433
114.654433
114.654433
114.654433
114.654433
114.654433
114.654433
114.654433
114.654433
114.654433
114.654433
114.654433
114.654433
114.654433
114.654433
114.654433
114.654433
114.654433
114.654433
114.654433
114.654433
114.654433
114.654433
114.654433
114.654433
114.654433
114.654433
114.654433
114.654433
114.654433
114.654433
114.654433
114.654433
114.654433
114.654433
114.654433
114.654433
114.654433
114.654433
114.654433
114.654433
114.654433
114.654433
114.654433
114.654433
114.654433
114.654433
114.654433
114.654433
114.654433
114.654433
114.654433
114.654433
114.654433
114.654433
114.654433
114.654433
114.654433
114.654433
114.654433
114.654433
114.654433
114.654433
114.654433
114.654433
114.654433
114.654433
114.654433
114.654433
114.654433
114.654433
114.654433
114.654433
114.654433
114.654433
114.654433
114.654433
114.654433
114.654433
114.654433
114.654433
114.654433
114.654433
114.654433
114.654433
114.654433
114.654433
114.654433
114.654433
114.654433
114.654433
114.654433
114.654433
114.654433
114.654433
114.654433
114.654433
114.654433
114.654433
114.654433
114.654433
114.654433
114.654433
114.654433
114.654433
114.654433
114.654433
114.654433
114.654433
114.654433
114.654433
114.654433
114.654433
114.654433
114.654433
114.654433
114.654433
114.654433
114.654433
114.654433
114.654433
114.654433
114.654433
114.654433
114.654433
114.654433
114.654433
114.654433
114.654433
114.654433
114.654433
114.654433
114.654433
114.654433
114.654433
114.654433
114.654433
114.654433
114.654433
114.654433
114.654433
114.654433
114.654433
114.654433
114.654433
114.654433
114.654433
114.654433
114.654433
114.654433
114.654433
114.654433
114.654433
114.654433
114.654433
114.654433
114.654433
114.654433
114.654433
114.654433
114.654433
114.654433
114.654433
114.654433
114.654433
114.654433
114.654433
114.654433
114.654433
114.654433
114.654433
114.654433
114.654433
114.654433
114.654433
114.654433
114.654433
114.654433
114.654433
114.654433
114.654433
114.654433
114.654433
114.654433
114.654433
114.654433
114.654433
114.654433
114.654433
114.654433
114.654433
114.654433
114.654433
114.654433
114.654433
114.654433
114.654433
114.654433
114.654433
114.654433
114.654433
114.654433
114.654433
114.654433
114.654433
114.654433
114.654433
114.654433
114.654433
114.654433
114.654433
114.654433
114.654433
114.654433
114.654433
114.654433
114.654433
114.654433
114.654433
114.654433
114.654433
114.654433
114.654433
114.654433
114.654433
114.654433
114.654433
114.654433
114.654433
114.654433
114.654433
114.654433
114.654433
114.654433
114.654433
114.654433
114.654433
114.654433
114.654433
114.654433
114.654433
114.654433
114.654433
114.654433
114.654433
114.654433
114.654433
114.654433
114.654433
114.654433
114.654433
114.654433
114.654433
114.654433
114.654433
114.654433
114.654433
114.654433
114.654433
114.654433
114.654433
114.654433
114.654433
114.654433
114.654433
114.654433
114.654433
114.654433
114.654433
114.654433
114.654433
114.654433
114.654433
114.654433
114.654433
114.654433
114.654433
114.654433
114.654433
114.654433
114.654433
114.654433
114.654433
114.654433
114.654433
114.654433
114.654433
114.654433
114.654433
114.654433
114.654433
114.654433
114.654433
114.654433
114.654433
114.654433
114.654433
114.654433
114.654433
114.654433
114.654433
114.654433
114.654433
114.654433
114.654433
114.654433
114.654433
114.654433
114.654433
114.654433
114.654433
114.654433
114.654433
114.654433
114.654433
114.654433
114.654433
114.654433
114.654433
114.654433
114.654433
114.654433
114.654433
114.654433
114.654433
114.654433
114.654433
114.654433
114.654433
114.654433
114.654433
114.654433
114.654433
114.654433
114.654433
114.654433
114.654433
114.654433
114.654433
114.654433
114.654433
114.654433
114.654433
114.654433
114.654433
114.654433
114.654433
114.654433
114.654433
114.654433
114.654433
114.654433
114.654433
114.654433
114.654433
114.654433
114.654433
114.654433
114.654433
114.654433
114.654433
114.654433
114.654433
114.654433
114.654433
114.654433
114.654433
114.654433
114.654433
114.654433
114.654433
114.654433
114.654433
114.654433
114.654433
114.654433
114.654433
114.654433
114.654433
114.654433
114.654433
114.654433
114.654433
114.654433
114.654433
114.654433
114.654433
114.654433
114.654433
114.654433
114.654433
114.654433
114.654433
114.654433
114.654433
114.654433
114.654433
114.654433
114.654433
114.654433
114.654433
114.654433
114.654433
114.654433
114.654433
114.654433
114.654433
114.654433
114.654433
114.654433
114.654433
114.654433
114.654433
114.654433
114.654433
114.654433
114.654433
114.654433
114.654433
114.654433
114.654433
114.654433
114.654433
114.654433
114.654433
114.654433
114.654433
114.654433
114.654433
114.654433
114.654433
114.654433
114.654433
114.654433
114.654433
114.654433
114.654433
114.654433
114.654433
114.654433
114.654433
114.654433
114.654433
114.654433
114.654433
114.654433
114.654433
114.654433
114.654433
114.654433
114.654433
114.654433
114.654433
114.654433
114.654433
114.654433
114.654433
114.654433
114.654433
114.654433
114.654433
114.654433
114.654433
114.654433
114.654433
114.654433
114.654433
114.654433
114.654433
114.654433
114.654433
114.654433
114.654433
114.654433
114.654433
114.654433
114.654433
114.654433
114.654433
114.654433
114.654433
114.654433
114.654433
114.654433
114.654433
114.654433
114.654433
114.654433
114.654433
114.654433
114.654433
114.654433
114.654433
114.654433
114.654433
114.654433
114.654433
114.654433
114.654433
114.654433
114.654433
114.654433
114.654433
114.654433
114.654433
114.654433
114.654433
114.654433
114.654433
114.654433
114.654433
114.654433
114.654433
114.654433
114.654433
114.654433
114.654433
114.654433
114.654433
114.654433
114.654433
114.654433
114.654433
114.654433
114.654433
114.654433
114.654433
114.654433
114.654433
114.654433
114.654433
114.654433
114.654433
114.654433
114.654433
114.654433
114.654433
114.654433
114.654433
114.654433
114.654433
114.654433
114.654433
114.654433
114.654433
114.654433
114.654433
114.654433
114.654433
114.654433
114.654433
114.654433
114.654433
114.654433
114.654433
114.654433
114.654433
114.654433
114.654433
114.654433
114.654433
114.654433
114.654433
114.654433
114.654433
114.654433
114.654433
114.654433
114.654433
114.654433
114.654433
114.654433
114.654433
114.654433
114.654433
114.654433
114.654433
114.654433
114.654433
114.654433
114.654433
114.654433
114.654433
114.654433
114.654433
114.654433
114.654433
114.654433
114.654433
114.654433
114.654433
114.654433
114.654433
114.654433
114.654433
114.654433
114.654433
114.654433
114.654433
114.654433
114.654433
114.654433
114.654433
114.654433
114.654433
114.654433
114.654433
114.654433
114.654433
114.654433
114.654433
114.654433
114.654433
114.654433
114.654433
114.654433
114.654433
114.654433
114.654433
114.654433
114.654433
114.654433
114.654433
114.654433
114.654433
114.654433
114.654433
114.654433
114.654433
114.654433
114.654433
114.654433
114.654433
114.654433
114.654433
114.654433
114.654433
114.654433
114.654433
114.654433
114.654433
114.654433
114.654433
114.654433
114.654433
114.654433
114.654433
114.654433
114.654433
114.654433
114.654433
114.654433
114.654433
114.654433
114.654433
114.654433
114.654433
114.654433
114.654433
114.654433
114.654433
114.654433
114.654433
114.654433
114.654433
114.654433
114.654433
114.654433
114.654433
114.654433
114.654433
114.654433
114.654433
114.654433
114.654433
114.654433
114.654433
114.654433
114.654433
114.654433
114.654433
114.654433
114.654433
114.654433
114.654433
114.654433
114.654433
114.654433
114.654433
114.654433
114.654433
114.654433
114.654433
114.654433
114.654433
114.654433
114.654433
114.654433
114.654433
114.654433
114.654433
114.654433
114.654433
114.654433
114.654433
114.654433
114.654433
114.654433
114.654433
114.654433
114.654433
114.654433
114.654433
114.654433
114.654433
114.654433
114.654433
114.654433
114.654433
114.654433
114.654433
114.654433
114.654433
114.654433
114.654433
114.654433
114.654433
114.654433
114.654433
114.654433
114.654433
114.654433
114.654433
114.654433
114.654433
114.654433
114.654433
114.654433
114.654433
114.654433
114.654433
114.654433
114.654433
114.654433
114.654433
114.654433
114.654433
114.654433
114.654433
114.654433
114.654433
114.654433
114.654433
114.654433
114.654433
114.654433
114.654433
114.654433
114.654433
114.654433
114.654433
114.654433
114.654433
114.654433
114.654433
114.654433
114.654433
114.654433
114.654433
114.654433
114.654433
114.654433
114.654433
114.654433
114.654433
114.654433
114.654433
114.654433
114.654433
114.654433
114.654433
114.654433
114.654433
114.654433
114.654433
114.654433
114.654433
114.654433
114.654433
114.654433
114.654433
114.654433
114.654433
114.654433
114.654433
114.654433
114.654433
114.654433
114.654433
114.654433
114.654433
114.654433
114.654433
114.654433
114.654433
114.654433
114.654433
114.654433
114.654433
114.654433
114.654433
114.654433
114.654433
114.654433
114.654433
114.654433
114.654433
114.654433
114.654433
114.654433
114.654433
114.654433
114.654433
114.654433
114.654433
114.654433
114.654433
114.654433
114.654433
114.654433
114.654433
114.654433
114.654433
114.654433
114.654433
114.654433
114.654433
114.654433
114.654433
114.654433
114.654433
114.654433
114.654433
114.654433
114.654433
114.654433
114.654433
114.654433
114.654433
114.654433
114.654433
114.654433
114.654433
114.654433
114.654433
114.654433
114.654433
114.654433
114.654433
114.654433
114.654433
114.654433
114.654433
114.654433
114.654433
114.654433
114.654433
114.654433
114.654433
114.654433
114.654433
114.654433
114.654433
114.654433
114.654433
114.654433
114.654433
114.654433
114.654433
114.654433
114.654433
114.654433
114.654433
114.654433
114.654433
114.654433
114.654433
114.654433
114.654433
114.654433
114.654433
114.654433
114.654433
114.654433
114.654433
114.654433
114.654433
114.654433
114.654433
114.654433
114.654433
114.654433
114.654433
114.654433
114.654433
114.654433
114.654433
114.654433
114.654433
114.654433
114.654433
114.654433
114.654433
114.654433
114.654433
114.654433
114.654433
114.654433
114.654433
114.654433
114.654433
114.654433
114.654433
114.654433
114.654433
114.654433
114.654433
114.654433
114.654433
114.654433
114.654433
114.654433
114.654433
114.654433
114.654433
114.654433
114.654433
114.654433
114.654433
114.654433
114.654433
114.654433
114.654433
114.654433
114.654433
114.654433
114.654433
114.654433
114.654433
114.654433
114.654433
114.654433
114.654433
114.654433
114.654433
114.654433
114.654433
114.654433
114.654433
114.654433
114.654433
114.654433
114.654433
114.654433
114.654433
114.654433
114.654433
114.654433
114.654433
114.654433
114.654433
114.654433
114.654433
114.654433
114.654433
114.654433
114.654433
114.654433
114.654433
114.654433
114.654433
114.654433
114.654433
114.654433
114.654433
114.654433
114.654433
114.654433
114.654433
114.654433
114.654433
114.654433
114.654433
114.654433
114.654433
114.654433
114.654433
114.654433
114.654433
114.654433
114.654433
114.654433
114.654433
114.654433
114.654433
114.654433
114.654433
114.654433
114.654433
114.654433
114.654433
114.654433
114.654433
114.654433
114.654433
114.654433
114.654433
114.654433
114.654433
114.654433
114.654433
114.654433
114.654433
114.654433
114.654433
114.654433
114.654433
114.654433
114.654433
114.654433
114.654433
114.654433
114.654433
114.654433
114.654433
114.654433
114.654433
114.654433
114.654433
114.654433
114.654433
114.654433
114.654433
114.654433
114.654433
114.654433
114.654433
114.654433
114.654433
114.654433
114.654433
114.654433
114.654433
114.654433
114.654433
114.654433
114.654433
114.654433
114.654433
114.654433
114.654433
114.654433
114.654433
114.654433
114.654433
114.654433
114.654433
114.654433
114.654433
114.654433
114.654433
114.654433
114.654433
114.654433
114.654433
114.654433
114.654433
114.654433
114.654433
114.654433
114.654433
114.654433
114.654433
114.654433
114.654433
114.654433
114.654433
114.654433
114.654433
114.654433
114.654433
114.654433
114.654433
114.654433
114.654433
114.654433
114.654433
114.654433
114.654433
114.654433
114.654433
114.654433
114.654433
114.654433
114.654433
114.654433
114.654433
114.654433
114.654433
114.654433
114.654433
114.654433
114.654433
114.654433
114.654433
114.654433
114.654433
114.654433
114.654433
114.654433
114.654433
114.654433
114.654433
114.654433
114.654433
114.654433
114.654433
114.654433
114.654433
114.654433
114.654433
114.654433
114.654433
114.654433
114.654433
114.654433
114.654433
114.654433
114.654433
114.654433
114.654433
114.654433
114.654433
114.654433
114.654433
114.654433
114.654433
114.654433
114.654433
114.654433
114.654433
114.654433
114.654433
114.654433
114.654433
114.654433
114.654433
114.654433
114.654433
114.654433
114.654433
114.654433
114.654433
114.654433
114.654433
114.654433
114.654433
114.654433
114.654433
114.654433
114.654433
114.654433
114.654433
114.654433
114.654433
114.654433
114.654433
114.654433
114.654433
114.654433
114.654433
114.654433
114.654433
114.654433
114.654433
114.654433
114.654433
114.654433
114.654433
114.654433
114.654433
114.654433
114.654433
114.654433
114.654433
114.654433
114.654433
114.654433
114.654433
114.654433
114.654433
114.654433
114.654433
114.654433
114.654433
114.654433
114.654433
114.654433
114.654433
114.654433
114.654433
114.654433
114.654433
114.654433
114.654433
114.654433
114.654433
114.654433
114.654433
114.654433
114.654433
114.654433
114.654433
114.654433
114.654433
114.654433
114.654433
114.654433
114.654433
114.654433
114.654433
114.654433
114.654433
114.654433
114.654433
114.654433
114.654433
114.654433
114.654433
114.654433
114.654433
114.654433
114.654433
114.654433
114.654433
114.654433
114.654433
114.654433
114.654433
114.654433
114.654433
114.654433
114.654433
114.654433
114.654433
114.654433
114.654433
114.654433
114.654433
114.654433
114.654433
114.654433
114.654433
114.654433
114.654433
114.654433
114.654433
114.654433
114.654433
114.654433
114.654433
114.654433
114.654433
114.654433
114.654433
114.654433
114.654433
114.654433
114.654433
114.654433
114.654433
114.654433
114.654433
114.654433
114.654433
114.654433
114.654433
114.654433
114.654433
114.654433
114.654433
114.654433
114.654433
114.654433
114.654433
114.654433
114.654433
114.654433
114.654433
114.654433
114.654433
114.654433
114.654433
114.654433
114.654433
114.654433
114.654433
114.654433
114.654433
114.654433
114.654433
114.654433
114.654433
114.654433
114.654433
114.654433
114.654433
114.654433
114.654433
114.654433
114.654433
114.654433
114.654433
114.654433
114.654433
114.654433
114.654433
114.654433
114.654433
114.654433
114.654433
114.654433
114.654433
114.654433
114.654433
114.654433
114.654433
114.654433
114.654433
114.654433
114.654433
114.654433
114.654433
114.654433
114.654433
114.654433
114.654433
114.654433
114.654433
114.654433
114.654433
114.654433
114.654433
114.654433
114.654433
114.654433
114.654433
114.654433
114.654433
114.654433
114.654433
114.654433
114.654433
114.654433
114.654433
114.654433
114.654433
114.654433
114.654433
114.654433
114.654433
114.654433
114.654433
114.654433
114.654433
114.654433
114.654433
114.654433
114.654433
114.654433
114.654433
114.654433
114.654433
114.654433
114.654433
114.654433
114.654433
114.654433
114.654433
114.654433
114.654433
114.654433
114.654433
114.654433
114.654433
114.654433
114.654433
114.654433
114.654433
114.654433
114.654433
114.654433
114.654433
114.654433
114.654433
114.654433
114.654433
114.654433
114.654433
114.654433
114.654433
114.654433
114.654433
114.654433
114.654433
114.654433
114.654433
114.654433
114.654433
114.654433
114.654433
114.654433
114.654433
114.654433
114.654433
114.654433
114.654433
114.654433
114.654433
114.654433
114.654433
114.654433
114.654433
114.654433
114.654433
114.654433
114.654433
114.654433
114.654433
114.654433
114.654433
114.654433
114.654433
114.654433
114.654433
114.654433
114.654433
114.654433
114.654433
114.654433
114.654433
114.654433
114.654433
114.654433
114.654433
114.654433
114.654433
114.654433
114.654433
114.654433
114.654433
114.654433
114.654433
114.654433
114.654433
114.654433
114.654433
114.654433
114.654433
114.654433
114.654433
114.654433
114.654433
114.654433
114.654433
114.654433
114.654433
114.654433
114.654433
114.654433
114.654433
114.654433
114.654433
114.654433
114.654433
114.654433
114.654433
114.654433
114.654433
114.654433
114.654433
114.654433
114.654433
114.654433
114.654433
114.654433
114.654433
114.654433
114.654433
114.654433
114.654433
114.654433
114.654433
114.654433
114.654433
114.654433
114.654433
114.654433
114.654433
114.654433
114.654433
114.654433
114.654433
114.654433
114.654433
114.654433
114.654433
114.654433
114.654433
114.654433
114.654433
114.654433
114.654433
114.654433
114.654433
114.654433
114.654433
114.654433
114.654433
114.654433
114.654433
114.654433
114.654433
114.654433
114.654433
114.654433
114.654433
114.654433
114.654433
114.654433
114.654433
114.654433
114.654433
114.654433
114.654433
114.654433
114.654433
114.654433
114.654433
114.654433
114.654433
114.654433
114.654433
114.654433
114.654433
114.654433
114.654433
114.654433
114.654433
114.654433
114.654433
114.654433
114.654433
114.654433
114.654433
114.654433
114.654433
114.654433
114.654433
114.654433
114.654433
114.654433
114.654433
114.654433
114.654433
114.654433
114.654433
114.654433
114.654433
114.654433
114.654433
114.654433
114.654433
114.654433
114.654433
114.654433
114.654433
114.654433
114.654433
114.654433
114.654433
114.654433
114.654433
114.654433
114.654433
114.654433
114.654433
114.654433
114.654433
114.654433
114.654433
114.654433
114.654433
114.654433
114.654433
114.654433
114.654433
114.654433
114.654433
114.654433
114.654433
114.654433
114.654433
114.654433
114.654433
114.654433
114.654433
114.654433
114.654433
114.654433
114.654433
114.654433
114.654433
114.654433
114.654433
114.654433
114.654433
114.654433
114.654433
114.654433
114.654433
114.654433
114.654433
114.654433
114.654433
114.654433
114.654433
114.654433
114.654433
114.654433
114.654433
114.654433
114.654433
114.654433
114.654433
114.654433
114.654433
114.654433
114.654433
114.654433
114.654433
114.654433
114.654433
114.654433
114.654433
114.654433
114.654433
114.654433
114.654433
114.654433
114.654433
114.654433
114.654433
114.654433
114.654433
114.654433
114.654433
114.654433
114.654433
114.654433
114.654433
114.654433
114.654433
114.654433
114.654433
114.654433
114.654433
114.654433
114.654433
114.654433
114.654433
114.654433
114.654433
114.654433
114.654433
114.654433
114.654433
114.654433
114.654433
114.654433
114.654433
114.654433
114.654433
114.654433
114.654433
114.654433
114.654433
114.654433
114.654433
114.654433
114.654433
114.654433
114.654433
114.654433
114.654433
114.654433
114.654433
114.654433
114.654433
114.654433
114.654433
114.654433
114.654433
114.654433
114.654433
114.654433
114.654433
114.654433
114.654433
114.654433
114.654433
114.654433
114.654433
114.654433
114.654433
114.654433
114.654433
114.654433
114.654433
114.654433
114.654433
114.654433
114.654433
114.654433
114.654433
114.654433
114.654433
114.654433
114.654433
114.654433
114.654433
114.654433
114.654433
114.654433
114.654433
114.654433
114.654433
114.654433
114.654433
114.654433
114.654433
114.654433
114.654433
114.654433
114.654433
114.654433
114.654433
114.654433
114.654433
114.654433
114.654433
114.654433
114.654433
114.654433
114.654433
114.654433
114.654433
114.654433
114.654433
114.654433
114.654433
114.654433
114.654433
114.654433
114.654433
114.654433
114.654433
114.654433
114.654433
114.654433
114.654433
114.654433
114.654433
114.654433
114.654433
114.654433
114.654433
114.654433
114.654433
114.654433
114.654433
114.654433
114.654433
114.654433
114.654433
114.654433
114.654433
114.654433
114.654433
114.654433
114.654433
114.654433
114.654433
114.654433
114.654433
114.654433
114.654433
114.654433
114.654433
114.654433
114.654433
114.654433
114.654433
114.654433
114.654433
114.654433
114.654433
114.654433
114.654433
114.654433
114.654433
114.654433
114.654433
114.654433
114.654433
114.654433
114.654433
114.654433
114.654433
114.654433
114.654433
114.654433
114.654433
114.654433
114.654433
114.654433
114.654433
114.654433
114.654433
114.654433
114.654433
114.654433
114.654433
114.654433
114.654433
114.654433
114.654433
114.654433
114.654433
114.654433
114.654433
114.654433
114.654433
114.654433
114.654433
114.654433
114.654433
114.654433
114.654433
114.654433
114.654433
114.654433
114.654433
114.654433
114.654433
114.654433
114.654433
114.654433
114.654433
114.654433
114.654433
114.654433
114.654433
114.654433
114.654433
114.654433
114.654433
114.654433
114.654433
114.654433
114.654433
114.654433
114.654433
114.654433
114.654433
114.654433
114.654433
114.654433
114.654433
114.654433
114.654433
114.654433
114.654433
114.654433
114.654433
114.654433
114.654433
114.654433
114.654433
114.654433
114.654433
114.654433
114.654433
114.654433
114.654433
114.654433
114.654433
114.654433
114.654433
114.654433
114.654433
114.654433
114.654433
114.654433
114.654433
114.654433
114.654433
114.654433
114.654433
114.654433
114.654433
114.654433
114.654433
114.654433
114.654433
114.654433
114.654433
114.654433
114.654433
114.654433
114.654433
114.654433
114.654433
114.654433
114.654433
114.654433
114.654433
114.654433
114.654433
114.654433
114.654433
114.654433
114.654433
114.654433
114.654433
114.654433
114.654433
114.654433
114.654433
114.654433
114.654433
114.654433
114.654433
114.654433
114.654433
114.654433
114.654433
114.654433
114.654433
114.654433
114.654433
114.654433
114.654433
114.654433
114.654433
114.654433
114.654433
114.654433
114.654433
114.654433
114.654433
114.654433
114.654433
114.654433
114.654433
114.654433
114.654433
114.654433
114.654433
114.654433
114.654433
114.654433
114.654433
114.654433
114.654433
114.654433
114.654433
114.654433
114.654433
114.654433
114.654433
114.654433
114.654433
114.654433
114.654433
114.654433
114.654433
114.654433
114.654433
114.654433
114.654433
114.654433
114.654433
114.654433
114.654433
114.654433
114.654433
114.654433
114.654433
114.654433
114.654433
114.654433
114.654433
114.654433
114.654433
114.654433
114.654433
114.654433
114.654433
114.654433
114.654433
114.654433
114.654433
114.654433
114.654433
114.654433
114.654433
114.654433
114.654433
114.654433
114.654433
114.654433
114.654433
114.654433
114.654433
114.654433
114.654433
114.654433
114.654433
114.654433
114.654433
114.654433
114.654433
114.654433
114.654433
114.654433
114.654433
114.654433
114.654433
114.654433
114.654433
114.654433
114.654433
114.654433
114.654433
114.654433
114.654433
114.654433
114.654433
114.654433
114.654433
114.654433
114.654433
114.654433
114.654433
114.654433
114.654433
114.654433
114.654433
114.654433
114.654433
114.654433
114.654433
114.654433
114.654433
114.654433
114.654433
114.654433
114.654433
114.654433
114.654433
114.654433
114.654433
114.654433
114.654433
114.654433
114.654433
114.654433
114.654433
114.654433
114.654433
114.654433
114.654433
114.654433
114.654433
114.654433
114.654433
114.654433
114.654433
114.654433
114.654433
114.654433
114.654433
114.654433
114.654433
114.654433
114.654433
114.654433
114.654433
114.654433
114.654433
114.654433
114.654433
114.654433
114.654433
114.654433
114.654433
114.654433
114.654433
114.654433
114.654433
114.654433
114.654433
114.654433
114.654433
114.654433
114.654433
114.654433
114.654433
114.654433
114.654433
114.654433
114.654433
114.654433
114.654433
114.654433
114.654433
114.654433
114.654433
114.654433
114.654433
114.654433
114.654433
114.654433
114.654433
114.654433
114.654433
114.654433
114.654433
114.654433
114.654433
114.654433
114.654433
114.654433
114.654433
114.654433
114.654433
114.654433
114.654433
114.654433
114.654433
114.654433
114.654433
114.654433
114.654433
114.654433
114.654433
114.654433
114.654433
114.654433
114.654433
114.654433
114.654433
114.654433
114.654433
114.654433
114.654433
114.654433
114.654433
114.654433
114.654433
114.654433
114.654433
114.654433
114.654433
114.654433
114.654433
114.654433
114.654433
114.654433
114.654433
114.654433
114.654433
114.654433
114.654433
114.654433
114.654433
114.654433
114.654433
114.654433
114.654433
114.654433
114.654433
114.654433
114.654433
114.654433
114.654433
114.654433
114.654433
114.654433
114.654433
114.654433
114.654433
114.654433
114.654433
114.654433
114.654433
114.654433
114.654433
114.654433
114.654433
114.654433
114.654433
114.654433
114.654433
114.654433
114.654433
114.654433
114.654433
114.654433
114.654433
114.654433
114.654433
114.654433
114.654433
114.654433
114.654433
114.654433
114.654433
114.654433
114.654433
114.654433
114.654433
114.654433
114.654433
114.654433
114.654433
114.654433
114.654433
114.654433
114.654433
114.654433
114.654433
114.654433
114.654433
114.654433
114.654433
114.654433
114.654433
114.654433
114.654433
114.654433
114.654433
114.654433
114.654433
114.654433
114.654433
114.654433
114.654433
114.654433
114.654433
114.654433
114.654433
114.654433
114.654433
114.654433
114.654433
114.654433
114.654433
114.654433
114.654433
114.654433
114.654433
114.654433
114.654433
114.654433
114.654433
114.654433
114.654433
114.654433
114.654433
114.654433
114.654433
114.654433
114.654433
114.654433
114.654433
114.654433
114.654433
114.654433
114.654433
114.654433
114.654433
114.654433
114.654433
114.654433
114.654433
114.654433
114.654433
114.654433
114.654433
114.654433
114.654433
114.654433
114.654433
114.654433
114.654433
114.654433
114.654433
114.654433
114.654433
114.654433
114.654433
114.654433
114.654433
114.654433
114.654433
114.654433
114.654433
114.654433
114.654433
114.654433
114.654433
114.654433
114.654433
114.654433
114.654433
114.654433
114.654433
114.654433
114.654433
114.654433
114.654433
114.654433
114.654433
114.654433
114.654433
114.654433
114.654433
114.654433
114.654433
114.654433
114.654433
114.654433
114.654433
114.654433
114.654433
114.654433
114.654433
114.654433
114.654433
114.654433
114.654433
114.654433
114.654433
114.654433
114.654433
114.654433
114.654433
114.654433
114.654433
114.654433
114.654433
114.654433
114.654433
114.654433
114.654433
114.654433
114.654433
114.654433
114.654433
114.654433
114.654433
114.654433
114.654433
114.654433
114.654433
114.654433
114.654433
114.654433
114.654433
114.654433
114.654433
114.654433
114.654433
114.654433
114.654433
114.654433
114.654433
114.654433
114.654433
114.654433
114.654433
114.654433
114.654433
114.654433
114.654433
114.654433
114.654433
114.654433
114.654433
114.654433
114.654433
114.654433
114.654433
114.654433
114.654433
114.654433
114.654433
114.654433
114.654433
114.654433
114.654433
114.654433
114.654433
114.654433
114.654433
114.654433
114.654433
114.654433
114.654433
114.654433
114.654433
114.654433
114.654433
114.654433
114.654433
114.654433
114.654433
114.654433
114.654433
114.654433
114.654433
114.654433
114.654433
114.654433
114.654433
114.654433
114.654433
114.654433
114.654433
114.654433
114.654433
114.654433
114.654433
114.654433
114.654433
114.654433
114.654433
114.654433
114.654433
114.654433
114.654433
114.654433
114.654433
114.654433
114.654433
114.654433
114.654433
114.654433
114.654433
114.654433
114.654433
114.654433
114.654433
114.654433
114.654433
114.654433
114.654433
114.654433
114.654433
114.654433
114.654433
114.654433
114.654433
114.654433
114.654433
114.654433
114.654433
114.654433
114.654433
114.654433
114.654433
114.654433
114.654433
114.654433
114.654433
114.654433
114.654433
114.654433
114.654433
114.654433
114.654433
114.654433
114.654433
114.654433
114.654433
114.654433
114.654433
114.654433
114.654433
114.654433
114.654433
114.654433
114.654433
114.654433
114.654433
114.654433
114.654433
114.654433
114.654433
114.654433
114.654433
114.654433
114.654433
114.654433
114.654433
114.654433
114.654433
114.654433
114.654433
114.654433
114.654433
114.654433
114.654433
114.654433
114.654433
114.654433
114.654433
114.654433
114.654433
114.654433
114.654433
114.654433
114.654433
114.654433
114.654433
114.654433
114.654433
114.654433
114.654433
114.654433
114.654433
114.654433
114.654433
114.654433
114.654433
114.654433
114.654433
114.654433
114.654433
114.654433
114.654433
114.654433
114.654433
114.654433
114.654433
114.654433
114.654433
114.654433
114.654433
114.654433
114.654433
114.654433
114.654433
114.654433
114.654433
114.654433
114.654433
114.654433
114.654433
114.654433
114.654433
114.654433
114.654433
114.654433
114.654433
114.654433
114.654433
114.654433
114.654433
114.654433
114.654433
114.654433
114.654433
114.654433
114.654433
114.654433
114.654433
114.654433
114.654433
114.654433
114.654433
114.654433
114.654433
114.654433
114.654433
114.654433
114.654433
114.654433
114.654433
114.654433
114.654433
114.654433
114.654433
114.654433
114.654433
114.654433
114.654433
114.654433
114.654433
114.654433
114.654433
114.654433
114.654433
114.654433
114.654433
114.654433
114.654433
114.654433
114.654433
114.654433
114.654433
114.654433
114.654433
114.654433
114.654433
114.654433
114.654433
114.654433
114.654433
114.654433
114.654433
114.654433
114.654433
114.654433
114.654433
114.654433
114.654433
114.654433
114.654433
114.654433
114.654433
114.654433
114.654433
114.654433
114.654433
114.654433
114.654433
114.654433
114.654433
114.654433
114.654433
114.654433
114.654433
114.654433
114.654433
114.654433
114.654433
114.654433
114.654433
114.654433
114.654433
114.654433
114.654433
114.654433
114.654433
114.654433
114.654433
114.654433
114.654433
114.654433
114.654433
114.654433
114.654433
114.654433
114.654433
114.654433
114.654433
114.654433
114.654433
114.654433
114.654433
114.654433
114.654433
114.654433
114.654433
114.654433
114.654433
114.654433
114.654433
114.654433
114.654433
114.654433
114.654433
114.654433
114.654433
114.654433
114.654433
114.654433
114.654433
114.654433
114.654433
114.654433
114.654433
114.654433
114.654433
114.654433
114.654433
114.654433
114.654433
114.654433
114.654433
114.654433
114.654433
114.654433
114.654433
114.654433
114.654433
114.654433
114.654433
114.654433
114.654433
114.654433
114.654433
114.654433
114.654433
114.654433
114.654433
114.654433
114.654433
114.654433
114.654433
114.654433
114.654433
114.654433
114.654433
114.654433
114.654433
114.654433
114.654433
114.654433
114.654433
114.654433
114.654433
114.654433
114.654433
114.654433
114.654433
114.654433
114.654433
114.654433
114.654433
114.654433
114.654433
114.654433
114.654433
114.654433
114.654433
114.654433
114.654433
114.654433
114.654433
114.654433
114.654433
114.654433
114.654433
114.654433
114.654433
114.654433
114.654433
114.654433
114.654433
114.654433
114.654433
114.654433
114.654433
114.654433
114.654433
114.654433
114.654433
114.654433
114.654433
114.654433
114.654433
114.654433
114.654433
114.654433
114.654433
114.654433
114.654433
114.654433
114.654433
114.654433
114.654433
114.654433
114.654433
114.654433
114.654433
114.654433
114.654433
114.654433
114.654433
114.654433
114.654433
114.654433
114.654433
114.654433
114.654433
114.654433
114.654433
114.654433
114.654433
114.654433
114.654433
114.654433
114.654433
114.654433
114.654433
114.654433
114.654433
114.654433
114.654433
114.654433
114.654433
114.654433
114.654433
114.654433
114.654433
114.654433
114.654433
114.654433
114.654433
114.654433
114.654433
114.654433
114.654433
114.654433
114.654433
114.654433
114.654433
114.654433
114.654433
114.654433
114.654433
114.654433
114.654433
114.654433
114.654433
114.654433
114.654433
114.654433
114.654433
114.654433
114.654433
114.654433
114.654433
114.654433
114.654433
114.654433
114.654433
114.654433
114.654433
114.654433
114.654433
114.654433
114.654433
114.654433
114.654433
114.654433
114.654433
114.654433
114.654433
114.654433
114.654433
114.654433
114.654433
114.654433
114.654433
114.654433
114.654433
114.654433
114.654433
114.654433
114.654433
114.654433
114.654433
114.654433
114.654433
114.654433
114.654433
114.654433
114.654433
114.654433
114.654433
114.654433
114.654433
114.654433
114.654433
114.654433
114.654433
114.654433
114.654433
114.654433
114.654433
114.654433
114.654433
114.654433
114.654433
114.654433
114.654433
114.654433
114.654433
114.654433
114.654433
114.654433
114.654433
114.654433
114.654433
114.654433
114.654433
114.654433
114.654433
114.654433
114.654433
114.654433
114.654433
114.654433
114.654433
114.654433
114.654433
114.654433
114.654433
114.654433
114.654433
114.654433
114.654433
114.654433
114.654433
114.654433
114.654433
114.654433
114.654433
114.654433
114.654433
114.654433
114.654433
114.654433
114.654433
114.654433
114.654433
114.654433
114.654433
114.654433
114.654433
114.654433
114.654433
114.654433
114.654433
114.654433
114.654433
114.654433
114.654433
114.654433
114.654433
114.654433
114.654433
114.654433
114.654433
114.654433
114.654433
114.654433
114.654433
114.654433
114.654433
114.654433
114.654433
114.654433
114.654433
114.654433
114.654433
114.654433
114.654433
114.654433
114.654433
114.654433
114.654433
114.654433
114.654433
114.654433
114.654433
114.654433
114.654433
114.654433
114.654433
114.654433
114.654433
114.654433
114.654433
114.654433
114.654433
114.654433
114.654433
114.654433
114.654433
114.654433
114.654433
114.654433
114.654433
114.654433
114.654433
114.654433
114.654433
114.654433
114.654433
114.654433
114.654433
114.654433
114.654433
114.654433
114.654433
114.654433
114.654433
114.654433
114.654433
114.654433
114.654433
114.654433
114.654433
114.654433
114.654433
114.654433
114.654433
114.654433
114.654433
114.654433
114.654433
114.654433
114.654433
114.654433
114.654433
114.654433
114.654433
114.654433
114.654433
114.654433
114.654433
114.654433
114.654433
114.654433
114.654433
114.654433
114.654433
114.654433
114.654433
114.654433
114.654433
114.654433
114.654433
114.654433
114.654433
114.654433
114.654433
114.654433
114.654433
114.654433
114.654433
114.654433
114.654433
114.654433
114.654433
114.654433
114.654433
114.654433
114.654433
114.654433
114.654433
114.654433
114.654433
114.654433
114.654433
114.654433
114.654433
114.654433
114.654433
114.654433
114.654433
114.654433
114.654433
114.654433
114.654433
114.654433
114.654433
114.654433
114.654433
114.654433
114.654433
114.654433
114.654433
114.654433
114.654433
114.654433
114.654433
114.654433
114.654433
114.654433
114.654433
114.654433
114.654433
114.654433
114.654433
114.654433
114.654433
114.654433
114.654433
114.654433
114.654433
114.654433
114.654433
114.654433
114.654433
114.654433
114.654433
114.654433
114.654433
114.654433
114.654433
114.654433
114.654433
114.654433
114.654433
114.654433
114.654433
114.654433
114.654433
114.654433
114.654433
114.654433
114.654433
114.654433
114.654433
114.654433
114.654433
114.654433
114.654433
114.654433
114.654433
114.654433
114.654433
114.654433
114.654433
114.654433
114.654433
114.654433
114.654433
114.654433
114.654433
114.654433
114.654433
114.654433
114.654433
114.654433
114.654433
114.654433
114.654433
114.654433
114.654433
114.654433
114.654433
114.654433
114.654433
114.654433
114.654433
114.654433
114.654433
114.654433
114.654433
114.654433
114.654433
114.654433
114.654433
114.654433
114.654433
114.654433
114.654433
114.654433
114.654433
114.654433
114.654433
114.654433
114.654433
114.654433
114.654433
114.654433
114.654433
114.654433
114.654433
114.654433
114.654433
114.654433
114.654433
114.654433
114.654433
114.654433
114.654433
114.654433
114.654433
114.654433
114.654433
114.654433
114.654433
114.654433
114.654433
114.654433
114.654433
114.654433
114.654433
114.654433
114.654433
114.654433
114.654433
114.654433
114.654433
114.654433
114.654433
114.654433
114.654433
114.654433
114.654433
114.654433
114.654433
114.654433
114.654433
114.654433
114.654433
114.654433
114.654433
114.654433
114.654433
114.654433
114.654433
114.654433
114.654433
114.654433
114.654433
114.654433
114.654433
114.654433
114.654433
114.654433
114.654433
114.654433
114.654433
114.654433
114.654433
114.654433
114.654433
114.654433
114.654433
114.654433
114.654433
114.654433
114.654433
114.654433
114.654433
114.654433
114.654433
114.654433
114.654433
114.654433
114.654433
114.654433
114.654433
114.654433
114.654433
114.654433
114.654433
114.654433
114.654433
114.654433
114.654433
114.654433
114.654433
114.654433
114.654433
114.654433
114.654433
114.654433
114.654433
114.654433
114.654433
114.654433
114.654433
114.654433
114.654433
114.654433
114.654433
114.654433
114.654433
114.654433
114.654433
114.654433
114.654433
114.654433
114.654433
114.654433
114.654433
114.654433
114.654433
114.654433
114.654433
114.654433
114.654433
114.654433
114.654433
114.654433
114.654433
114.654433
114.654433
114.654433
114.654433
114.654433
114.654433
114.654433
114.654433
114.654433
114.654433
114.654433
114.654433
114.654433
114.654433
114.654433
114.654433
114.654433
114.654433
114.654433
114.654433
114.654433
114.654433
114.654433
114.654433
114.654433
114.654433
114.654433
114.654433
114.654433
114.654433
114.654433
114.654433
114.654433
114.654433
114.654433
114.654433
114.654433
114.654433
114.654433
114.654433
114.654433
114.654433
114.654433
114.654433
114.654433
114.654433
114.654433
114.654433
114.654433
114.654433
114.654433
114.654433
114.654433
114.654433
114.654433
114.654433
114.654433
114.654433
114.654433
114.654433
114.654433
114.654433
114.654433
114.654433
114.654433
114.654433
114.654433
114.654433
114.654433
114.654433
114.654433
114.654433
114.654433
114.654433
114.654433
114.654433
114.654433
114.654433
114.654433
114.654433
114.654433
114.654433
114.654433
114.654433
114.654433
114.654433
114.654433
114.654433
114.654433
114.654433
114.654433
114.654433
114.654433
114.654433
114.654433
114.654433
114.654433
114.654433
114.654433
114.654433
114.654433
114.654433
114.654433
114.654433
114.654433
114.654433
114.654433
114.654433
114.654433
114.654433
114.654433
114.654433
114.654433
114.654433
114.654433
114.654433
114.654433
114.654433
114.654433
114.654433
114.654433
114.654433
114.654433
114.654433
114.654433
114.654433
114.654433
114.654433
114.654433
114.654433
114.654433
114.654433
114.654433
114.654433
114.654433
114.654433
114.654433
114.654433
114.654433
114.654433
114.654433
114.654433
114.654433
114.654433
114.654433
114.654433
114.654433
114.654433
114.654433
114.654433
114.654433
114.654433
114.654433
114.654433
114.654433
114.654433
114.654433
114.654433
114.654433
114.654433
114.654433
114.654433
114.654433
114.654433
114.654433
114.654433
114.654433
114.654433
114.654433
114.654433
114.654433
114.654433
114.654433
114.654433
114.654433
114.654433
114.654433
114.654433
114.654433
114.654433
114.654433
114.654433
114.654433
114.654433
114.654433
114.654433
114.654433
114.654433
114.654433
114.654433
114.654433
114.654433
114.654433
114.654433
114.654433
114.654433
114.654433
114.654433
114.654433
114.654433
114.654433
114.654433
114.654433
114.654433
114.654433
114.654433
114.654433
114.654433
114.654433
114.654433
114.654433
114.654433
114.654433
114.654433
114.654433
114.654433
114.654433
114.654433
114.654433
114.654433
114.654433
114.654433
114.654433
114.654433
114.654433
114.654433
114.654433
114.654433
114.654433
114.654433
114.654433
114.654433
114.654433
114.654433
114.654433
114.654433
114.654433
114.654433
114.654433
114.654433
114.654433
114.654433
114.654433
114.654433
114.654433
114.654433
114.654433
114.654433
114.654433
114.654433
114.654433
114.654433
114.654433
114.654433
114.654433
114.654433
114.654433
114.654433
114.654433
114.654433
114.654433
114.654433
114.654433
114.654433
114.654433
114.654433
114.654433
114.654433
114.654433
114.654433
114.654433
114.654433
114.654433
114.654433
114.654433
114.654433
114.654433
114.654433
114.654433
114.654433
114.654433
114.654433
114.654433
114.654433
114.654433
114.654433
114.654433
114.654433
114.654433
114.654433
114.654433
114.654433
114.654433
114.654433
114.654433
114.654433
114.654433
114.654433
114.654433
114.654433
114.654433
114.654433
114.654433
114.654433
114.654433
114.654433
114.654433
114.654433
114.654433
114.654433
114.654433
114.654433
114.654433
114.654433
114.654433
114.654433
114.654433
114.654433
114.654433
114.654433
114.654433
114.654433
114.654433
114.654433
114.654433
114.654433
114.654433
114.654433
114.654433
114.654433
114.654433
114.654433
114.654433
114.654433
114.654433
114.654433
114.654433
114.654433
114.654433
114.654433
114.654433
114.654433
114.654433
114.654433
114.654433
114.654433
114.654433
114.654433
114.654433
114.654433
114.654433
114.654433
114.654433
114.654433
114.654433
114.654433
114.654433
114.654433
114.654433
114.654433
114.654433
114.654433
114.654433
114.654433
114.654433
114.654433
114.654433
114.654433
114.654433
114.654433
114.654433
114.654433
114.654433
114.654433
114.654433
114.654433
114.654433
114.654433
114.654433
114.654433
114.654433
114.654433
114.654433
114.654433
114.654433
114.654433
114.654433
114.654433
114.654433
114.654433
114.654433
114.654433
114.654433
114.654433
114.654433
114.654433
114.654433
114.654433
114.654433
114.654433
114.654433
114.654433
114.654433
114.654433
114.654433
114.654433
114.654433
114.654433
114.654433
114.654433
114.654433
114.654433
114.654433
114.654433
114.654433
114.654433
114.654433
114.654433
114.654433
114.654433
114.654433
114.654433
114.654433
114.654433
114.654433
114.654433
114.654433
114.654433
114.654433
114.654433
114.654433
114.654433
114.654433
114.654433
114.654433
114.654433
114.654433
114.654433
114.654433
114.654433
114.654433
114.654433
114.654433
114.654433
114.654433
114.654433
114.654433
114.654433
114.654433
114.654433
114.654433
114.654433
114.654433
114.654433
114.654433
114.654433
114.654433
114.654433
114.654433
114.654433
114.654433
114.654433
114.654433
114.654433
114.654433
114.654433
114.654433
114.654433
114.654433
114.654433
114.654433
114.654433
114.654433
114.654433
114.654433
114.654433
114.654433
114.654433
114.654433
114.654433
114.654433
114.654433
114.654433
114.654433
114.654433
114.654433
114.654433
114.654433
114.654433
114.654433
114.654433
114.654433
114.654433
114.654433
114.654433
114.654433
114.654433
114.654433
114.654433
114.654433
114.654433
114.654433
114.654433
114.654433
114.654433
114.654433
114.654433
114.654433
114.654433
114.654433
114.654433
114.654433
114.654433
114.654433
114.654433
114.654433
114.654433
114.654433
114.654433
114.654433
114.654433
114.654433
114.654433
114.654433
114.654433
114.654433
114.654433
114.654433
114.654433
114.654433
114.654433
114.654433
114.654433
114.654433
114.654433
114.654433
114.654433
114.654433
114.654433
114.654433
114.654433
114.654433
114.654433
114.654433
114.654433
114.654433
114.654433
114.654433
114.654433
114.654433
114.654433
114.654433
114.654433
114.654433
114.654433
114.654433
114.654433
114.654433
114.654433
114.654433
114.654433
114.654433
114.654433
114.654433
114.654433
114.654433
114.654433
114.654433
114.654433
114.654433
114.654433
114.654433
114.654433
114.654433
114.654433
114.654433
114.654433
114.654433
114.654433
114.654433
114.654433
114.654433
114.654433
114.654433
114.654433
114.654433
114.654433
114.654433
114.654433
114.654433
114.654433
114.654433
114.654433
114.654433
114.654433
114.654433
114.654433
114.654433
114.654433
114.654433
114.654433
114.654433
114.654433
114.654433
114.654433
114.654433
114.654433
114.654433
114.654433
114.654433
114.654433
114.654433
114.654433
114.654433
114.654433
114.654433
114.654433
114.654433
114.654433
114.654433
114.654433
114.654433
114.654433
114.654433
114.654433
114.654433
114.654433
114.654433
114.654433
114.654433
114.654433
114.654433
114.654433
114.654433
114.654433
114.654433
114.654433
114.654433
114.654433
114.654433
114.654433
114.654433
114.654433
114.654433
114.654433
114.654433
114.654433
114.654433
114.654433
114.654433
114.654433
114.654433
114.654433
114.654433
114.654433
114.654433
114.654433
114.654433
114.654433
114.654433
114.654433
114.654433
114.654433
114.654433
114.654433
114.654433
114.654433
114.654433
114.654433
114.654433
114.654433
114.654433
114.654433
114.654433
114.654433
114.654433
114.654433
114.654433
114.654433
114.654433
114.654433
114.654433
114.654433
114.654433
114.654433
114.654433
114.654433
114.654433
114.654433
114.654433
114.654433
114.654433
114.654433
114.654433
114.654433
114.654433
114.654433
114.654433
114.654433
114.654433
114.654433
114.654433
114.654433
114.654433
114.654433
114.654433
114.654433
114.654433
114.654433
114.654433
114.654433
114.654433
114.654433
114.654433
114.654433
114.654433
114.654433
114.654433
114.654433
114.654433
114.654433
114.654433
114.654433
114.654433
114.654433
114.654433
114.654433
114.654433
114.654433
114.654433
114.654433
114.654433
114.654433
114.654433
114.654433
114.654433
114.654433
114.654433
114.654433
114.654433
114.654433
114.654433
114.654433
114.654433
114.654433
114.654433
114.654433
114.654433
114.654433
114.654433
114.654433
114.654433
114.654433
114.654433
114.654433
114.654433
114.654433
114.654433
114.654433
114.654433
114.654433
114.654433
114.654433
114.654433
114.654433
114.654433
114.654433
114.654433
114.654433
114.654433
114.654433
114.654433
114.654433
114.654433
114.654433
114.654433
114.654433
114.654433
114.654433
114.654433
114.654433
114.654433
114.654433
114.654433
114.654433
114.654433
114.654433
114.654433
114.654433
114.654433
114.654433
114.654433
114.654433
114.654433
114.654433
114.654433
114.654433
114.654433
114.654433
114.654433
114.654433
114.654433
114.654433
114.654433
114.654433
114.654433
114.654433
114.654433
114.654433
114.654433
114.654433
114.654433
114.654433
114.654433
114.654433
114.654433
114.654433
114.654433
114.654433
114.654433
114.654433
114.654433
114.654433
114.654433
114.654433
114.654433
114.654433
114.654433
114.654433
114.654433
114.654433
114.654433
114.654433
114.654433
114.654433
114.654433
114.654433
114.654433
114.654433
114.654433
114.654433
114.654433
114.654433
114.654433
114.654433
114.654433
114.654433
114.654433
114.654433
114.654433
114.654433
114.654433
114.654433
114.654433
114.654433
114.654433
114.654433
114.654433
114.654433
114.654433
114.654433
114.654433
114.654433
114.654433
114.654433
114.654433
114.654433
114.654433
114.654433
114.654433
114.654433
114.654433
114.654433
114.654433
114.654433
114.654433
114.654433
114.654433
114.654433
114.654433
114.654433
114.654433
114.654433
114.654433
114.654433
114.654433
114.654433
114.654433
114.654433
114.654433
114.654433
114.654433
114.654433
114.654433
114.654433
114.654433
114.654433
114.654433
114.654433
114.654433
114.654433
114.654433
114.654433
114.654433
114.654433
114.654433
114.654433
114.654433
114.654433
114.654433
114.654433
114.654433
114.654433
114.654433
114.654433
114.654433
114.654433
114.654433
114.654433
114.654433
114.654433
114.654433
114.654433
114.654433
114.654433
114.654433
114.654433
114.654433
114.654433
114.654433
114.654433
114.654433
114.654433
114.654433
114.654433
114.654433
114.654433
114.654433
114.654433
114.654433
114.654433
114.654433
114.654433
114.654433
114.654433
114.654433
114.654433
114.654433
114.654433
114.654433
114.654433
114.654433
114.654433
114.654433
114.654433
114.654433
114.654433
114.654433
114.654433
114.654433
114.654433
114.654433
114.654433
114.654433
114.654433
114.654433
114.654433
114.654433
114.654433
114.654433
114.654433
114.654433
114.654433
114.654433
114.654433
114.654433
114.654433
114.654433
114.654433
114.654433
114.654433
114.654433
114.654433
114.654433
114.654433
114.654433
114.654433
114.654433
114.654433
114.654433
114.654433
114.654433
114.654433
114.654433
114.654433
114.654433
114.654433
114.654433
114.654433
114.654433
114.654433
114.654433
114.654433
114.654433
114.654433
114.654433
114.654433
114.654433
114.654433
114.654433
114.654433
114.654433
114.654433
114.654433
114.654433
114.654433
114.654433
114.654433
114.654433
114.654433
114.654433
114.654433
114.654433
114.654433
114.654433
114.654433
114.654433
114.654433
114.654433
114.654433
114.654433
114.654433
114.654433
114.654433
114.654433
114.654433
114.654433
114.654433
114.654433
114.654433
114.654433
114.654433
114.654433
114.654433
114.654433
114.654433
114.654433
114.654433
114.654433
114.654433
114.654433
114.654433
114.654433
114.654433
114.654433
114.654433
114.654433
114.654433
114.654433
114.654433
114.654433
114.654433
114.654433
114.654433
114.654433
114.654433
114.654433
114.654433
114.654433
114.654433
114.654433
114.654433
114.654433
114.654433
114.654433
114.654433
114.654433
114.654433
114.654433
114.654433
114.654433
114.654433
114.654433
114.654433
114.654433
114.654433
114.654433
114.654433
114.654433
114.654433
114.654433
114.654433
114.654433
114.654433
114.654433
114.654433
114.654433
114.654433
114.654433
114.654433
114.654433
114.654433
114.654433
114.654433
114.654433
114.654433
114.654433
114.654433
114.654433
114.654433
114.654433
114.654433
114.654433
114.654433
114.654433
114.654433
114.654433
114.654433
114.654433
114.654433
114.654433
114.654433
114.654433
114.654433
114.654433
114.654433
114.654433
114.654433
114.654433
114.654433
114.654433
114.654433
114.654433
114.654433
114.654433
114.654433
114.654433
114.654433
114.654433
114.654433
114.654433
114.654433
114.654433
114.654433
114.654433
114.654433
114.654433
114.654433
114.654433
114.654433
114.654433
114.654433
114.654433
114.654433
114.654433
114.654433
114.654433
114.654433
114.654433
114.654433
114.654433
114.654433
114.654433
114.654433
114.654433
114.654433
114.654433
114.654433
114.654433
114.654433
114.654433
114.654433
114.654433
114.654433
114.654433
114.654433
114.654433
114.654433
114.654433
114.654433
114.654433
114.654433
114.654433
114.654433
114.654433
114.654433
114.654433
114.654433
114.654433
114.654433
114.654433
114.654433
114.654433
114.654433
114.654433
114.654433
114.654433
114.654433
114.654433
114.654433
114.654433
114.654433
114.654433
114.654433
114.654433
114.654433
114.654433
114.654433
114.654433
114.654433
114.654433
114.654433
114.654433
114.654433
114.654433
114.654433
114.654433
114.654433
114.654433
114.654433
114.654433
114.654433
114.654433
114.654433
114.654433
114.654433
114.654433
114.654433
114.654433
114.654433
114.654433
114.654433
114.654433
114.654433
114.654433
114.654433
114.654433
114.654433
114.654433
114.654433
114.654433
114.654433
114.654433
114.654433
114.654433
114.654433
114.654433
114.654433
114.654433
114.654433
114.654433
114.654433
114.654433
114.654433
114.654433
114.654433
114.654433
114.654433
114.654433
114.654433
114.654433
114.654433
114.654433
114.654433
114.654433
114.654433
114.654433
114.654433
114.654433
114.654433
114.654433
114.654433
114.654433
114.654433
114.654433
114.654433
114.654433
114.654433
114.654433
114.654433
114.654433
114.654433
114.654433
114.654433
114.654433
114.654433
114.654433
114.654433
114.654433
114.654433
114.654433
114.654433
114.654433
114.654433
114.654433
114.654433
114.654433
114.654433
114.654433
114.654433
114.654433
114.654433
114.654433
114.654433
114.654433
114.654433
114.654433
114.654433
114.654433
114.654433
114.654433
114.654433
114.654433
114.654433
114.654433
114.654433
114.654433
114.654433
114.654433
114.654433
114.654433
114.654433
114.654433
114.654433
114.654433
114.654433
114.654433
114.654433
114.654433
114.654433
114.654433
114.654433
114.654433
114.654433
114.654433
114.654433
114.654433
114.654433
114.654433
114.654433
114.654433
114.654433
114.654433
114.654433
114.654433
114.654433
114.654433
114.654433
114.654433
114.654433
114.654433
114.654433
114.654433
114.654433
114.654433
114.654433
114.654433
114.654433
114.654433
114.654433
114.654433
114.654433
114.654433
114.654433
114.654433
114.654433
114.654433
114.654433
114.654433
114.654433
114.654433
114.654433
114.654433
114.654433
114.654433
114.654433
114.654433
114.654433
114.654433
114.654433
114.654433
114.654433
114.654433
114.654433
114.654433
114.654433
114.654433
114.654433
114.654433
114.654433
114.654433
114.654433
114.654433
114.654433
114.654433
114.654433
114.654433
114.654433
114.654433
114.654433
114.654433
114.654433
114.654433
114.654433
114.654433
114.654433
114.654433
114.654433
114.654433
114.654433
114.654433
114.654433
114.654433
114.654433
114.654433
114.654433
114.654433
114.654433
114.654433
114.654433
114.654433
114.654433
114.654433
114.654433
114.654433
114.654433
114.654433
114.654433
114.654433
114.654433
114.654433
114.654433
114.654433
114.654433
114.654433
114.654433
114.654433
114.654433
114.654433
114.654433
114.654433
114.654433
114.654433
114.654433
114.654433
114.654433
114.654433
114.654433
114.654433
114.654433
114.654433
114.654433
114.654433
114.654433
114.654433
114.654433
114.654433
114.654433
114.654433
114.654433
114.654433
114.654433
114.654433
114.654433
114.654433
114.654433
114.654433
114.654433
114.654433
114.654433
114.654433
114.654433
114.654433
114.654433
114.654433
114.654433
114.654433
114.654433
114.654433
114.654433
114.654433
114.654433
114.654433
114.654433
114.654433
114.654433
114.654433
114.654433
114.654433
114.654433
114.654433
114.654433
114.654433
114.654433
114.654433
114.654433
114.654433
114.654433
114.654433
114.654433
114.654433
114.654433
114.654433
114.654433
114.654433
114.654433
114.654433
114.654433
114.654433
114.654433
114.654433
114.654433
114.654433
114.654433
114.654433
114.654433
114.654433
114.654433
114.654433
114.654433
114.654433
114.654433
114.654433
114.654433
114.654433
114.654433
114.654433
114.654433
114.654433
114.654433
114.654433
114.654433
114.654433
114.654433
114.654433
114.654433
114.654433
114.654433
114.654433
114.654433
114.654433
114.654433
114.654433
114.654433
114.654433
114.654433
114.654433
114.654433
114.654433
114.654433
114.654433
114.654433
114.654433
114.654433
114.654433
114.654433
114.654433
114.654433
114.654433
114.654433
114.654433
114.654433
114.654433
114.654433
114.654433
114.654433
114.654433
114.654433
114.654433
114.654433
114.654433
114.654433
114.654433
114.654433
114.654433
114.654433
114.654433
114.654433
114.654433
114.654433
114.654433
114.654433
114.654433
114.654433
114.654433
114.654433
114.654433
114.654433
114.654433
114.654433
114.654433
114.654433
114.654433
114.654433
114.654433
114.654433
114.654433
114.654433
114.654433
114.654433
114.654433
114.654433
114.654433
114.654433
114.654433
114.654433
114.654433
114.654433
114.654433
114.654433
114.654433
114.654433
114.654433
114.654433
114.654433
114.654433
114.654433
114.654433
114.654433
114.654433
114.654433
114.654433
114.654433
114.654433
114.654433
114.654433
114.654433
114.654433
114.654433
114.654433
114.654433
114.654433
114.654433
114.654433
114.654433
114.654433
114.654433
114.654433
114.654433
114.654433
114.654433
114.654433
114.654433
114.654433
114.654433
114.654433
114.654433
114.654433
114.654433
114.654433
114.654433
114.654433
114.654433
114.654433
114.654433
114.654433
114.654433
114.654433
114.654433
114.654433
114.654433
114.654433
114.654433
114.654433
114.654433
114.654433
114.654433
114.654433
114.654433
114.654433
114.654433
114.654433
114.654433
114.654433
114.654433
114.654433
114.654433
114.654433
114.654433
114.654433
114.654433
114.654433
114.654433
114.654433
114.654433
114.654433
114.654433
114.654433
114.654433
114.654433
114.654433
114.654433
114.654433
114.654433
114.654433
114.654433
114.654433
114.654433
114.654433
114.654433
114.654433
114.654433
114.654433
114.654433
114.654433
114.654433
114.654433
114.654433
114.654433
114.654433
114.654433
114.654433
114.654433
114.654433
114.654433
114.654433
114.654433
114.654433
114.654433
114.654433
114.654433
114.654433
114.654433
114.654433
114.654433
114.654433
114.654433
114.654433
114.654433
114.654433
114.654433
114.654433
114.654433
114.654433
114.654433
114.654433
114.654433
114.654433
114.654433
114.654433
114.654433
114.654433
114.654433
114.654433
114.654433
114.654433
114.654433
114.654433
114.654433
114.654433
114.654433
114.654433
114.654433
114.654433
114.654433
114.654433
114.654433
114.654433
114.654433
114.654433
114.654433
114.654433
114.654433
114.654433
114.654433
114.654433
114.654433
114.654433
114.654433
114.654433
114.654433
114.654433
114.654433
114.654433
114.654433
114.654433
114.654433
114.654433
114.654433
114.654433
114.654433
114.654433
114.654433
114.654433
114.654433
114.654433
114.654433
114.654433
114.654433
114.654433
114.654433
114.654433
114.654433
114.654433
114.654433
114.654433
114.654433
114.654433
114.654433
114.654433
114.654433
114.654433
114.654433
114.654433
114.654433
114.654433
114.654433
114.654433
114.654433
114.654433
114.654433
114.654433
114.654433
114.654433
114.654433
114.654433
114.654433
114.654433
114.654433
114.654433
114.654433
114.654433
114.654433
114.654433
114.654433
114.654433
114.654433
114.654433
114.654433
114.654433
114.654433
114.654433
114.654433
114.654433
114.654433
114.654433
114.654433
114.654433
114.654433
114.654433
114.654433
114.654433
114.654433
114.654433
114.654433
114.654433
114.654433
114.654433
114.654433
114.654433
114.654433
114.654433
114.654433
114.654433
114.654433
114.654433
114.654433
114.654433
114.654433
114.654433
114.654433
114.654433
114.654433
114.654433
114.654433
114.654433
114.654433
114.654433
114.654433
114.654433
114.654433
114.654433
114.654433
114.654433
114.654433
114.654433
114.654433
114.654433
114.654433
114.654433
114.654433
114.654433
114.654433
114.654433
114.654433
114.654433
114.654433
114.654433
114.654433
114.654433
114.654433
114.654433
114.654433
114.654433
114.654433
114.654433
114.654433
114.654433
114.654433
114.654433
114.654433
114.654433
114.654433
114.654433
114.654433
114.654433
114.654433
114.654433
114.654433
114.654433
114.654433
114.654433
114.654433
114.654433
114.654433
114.654433
114.654433
114.654433
114.654433
114.654433
114.654433
114.654433
114.654433
114.654433
114.654433
114.654433
114.654433
114.654433
114.654433
114.654433
114.654433
114.654433
114.654433
114.654433
114.654433
114.654433
114.654433
114.654433
114.654433
114.654433
114.654433
114.654433
114.654433
114.654433
114.654433
114.654433
114.654433
114.654433
114.654433
114.654433
114.654433
114.654433
114.654433
114.654433
114.654433
114.654433
114.654433
114.654433
114.654433
114.654433
114.654433
114.654433
114.654433
114.654433
114.654433
114.654433
114.654433
114.654433
114.654433
114.654433
114.654433
114.654433
114.654433
114.654433
114.654433
114.654433
114.654433
114.654433
114.654433
114.654433
114.654433
114.654433
114.654433
114.654433
114.654433
114.654433
114.654433
114.654433
114.654433
114.654433
114.654433
114.654433
114.654433
114.654433
114.654433
114.654433
114.654433
114.654433
114.654433
114.654433
114.654433
114.654433
114.654433
114.654433
114.654433
114.654433
114.654433
114.654433
114.654433
114.654433
114.654433
114.654433
114.654433
114.654433
114.654433
114.654433
114.654433
114.654433
114.654433
114.654433
114.654433
114.654433
114.654433
114.654433
114.654433
114.654433
114.654433
114.654433
114.654433
114.654433
114.654433
114.654433
114.654433
114.654433
114.654433
114.654433
114.654433
114.654433
114.654433
114.654433
114.654433
114.654433
114.654433
114.654433
114.654433
114.654433
114.654433
114.654433
114.654433
114.654433
114.654433
114.654433
114.654433
114.654433
114.654433
114.654433
114.654433
114.654433
114.654433
114.654433
114.654433
114.654433
114.654433
114.654433
114.654433
114.654433
114.654433
114.654433
114.654433
114.654433
114.654433
114.654433
114.654433
114.654433
114.654433
114.654433
114.654433
114.654433
114.654433
114.654433
114.654433
114.654433
114.654433
114.654433
114.654433
114.654433
114.654433
114.654433
114.654433
114.654433
114.654433
114.654433
114.654433
114.654433
114.654433
114.654433
114.654433
114.654433
114.654433
114.654433
114.654433
114.654433
114.654433
114.654433
114.654433
114.654433
114.654433
114.654433
114.654433
114.654433
114.654433
114.654433
114.654433
114.654433
114.654433
114.654433
114.654433
114.654433
114.654433
114.654433
114.654433
114.654433
114.654433
114.654433
114.654433
114.654433
114.654433
114.654433
114.654433
114.654433
114.654433
114.654433
114.654433
114.654433
114.654433
114.654433
114.654433
114.654433
114.654433
114.654433
114.654433
114.654433
114.654433
114.654433
114.654433
114.654433
114.654433
114.654433
114.654433
114.654433
114.654433
114.654433
114.654433
114.654433
114.654433
114.654433
114.654433
114.654433
114.654433
114.654433
114.654433
114.654433
114.654433
114.654433
114.654433
114.654433
114.654433
114.654433
114.654433
114.654433
114.654433
114.654433
114.654433
114.654433
114.654433
114.654433
114.654433
114.654433
114.654433
114.654433
114.654433
114.654433
114.654433
114.654433
114.654433
114.654433
114.654433
114.654433
114.654433
114.654433
114.654433
114.654433
114.654433
114.654433
114.654433
114.654433
114.654433
114.654433
114.654433
114.654433
114.654433
114.654433
114.654433
114.654433
114.654433
114.654433
114.654433
114.654433
114.654433
114.654433
114.654433
114.654433
114.654433
114.654433
114.654433
114.654433
114.654433
114.654433
114.654433
114.654433
114.654433
114.654433
114.654433
114.654433
114.654433
114.654433
114.654433
114.654433
114.654433
114.654433
114.654433
114.654433
114.654433
114.654433
114.654433
114.654433
114.654433
114.654433
114.654433
114.654433
114.654433
114.654433
114.654433
114.654433
114.654433
114.654433
114.654433
114.654433
114.654433
114.654433
114.654433
114.654433
114.654433
114.654433
114.654433
114.654433
114.654433
114.654433
114.654433
114.654433
114.654433
114.654433
114.654433
114.654433
114.654433
114.654433
114.654433
114.654433
114.654433
114.654433
114.654433
114.654433
114.654433
114.654433
114.654433
114.654433
114.654433
114.654433
114.654433
114.654433
114.654433
114.654433
114.654433
114.654433
114.654433
114.654433
114.654433
114.654433
114.654433
114.654433
114.654433
114.654433
114.654433
114.654433
114.654433
114.654433
114.654433
114.654433
114.654433
114.654433
114.654433
114.654433
114.654433
114.654433
114.654433
114.654433
114.654433
114.654433
114.654433
114.654433
114.654433
114.654433
114.654433
114.654433
114.654433
114.654433
114.654433
114.654433
114.654433
114.654433
114.654433
114.654433
114.654433
114.654433
114.654433
114.654433
114.654433
114.654433
114.654433
114.654433
114.654433
114.654433
114.654433
114.654433
114.654433
114.654433
114.654433
114.654433
114.654433
114.654433
114.654433
114.654433
114.654433
114.654433
114.654433
114.654433
114.654433
114.654433
114.654433
114.654433
114.654433
114.654433
114.654433
114.654433
114.654433
114.654433
114.654433
114.654433
114.654433
114.654433
114.654433
114.654433
114.654433
114.654433
114.654433
114.654433
114.654433
114.654433
114.654433
114.654433
114.654433
114.654433
114.654433
114.654433
114.654433
114.654433
114.654433
114.654433
114.654433
114.654433
114.654433
114.654433
114.654433
114.654433
114.654433
114.654433
114.654433
114.654433
114.654433
114.654433
114.654433
114.654433
114.654433
114.654433
114.654433
114.654433
114.654433
114.654433
114.654433
114.654433
114.654433
114.654433
114.654433
114.654433
114.654433
114.654433
114.654433
114.654433
114.654433
114.654433
114.654433
114.654433
114.654433
114.654433
114.654433
114.654433
114.654433
114.654433
114.654433
114.654433
114.654433
114.654433
114.654433
114.654433
114.654433
114.654433
114.654433
114.654433
114.654433
114.654433
114.654433
114.654433
114.654433
114.654433
114.654433
114.654433
114.654433
114.654433
114.654433
114.654433
114.654433
114.654433
114.654433
114.654433
114.654433
114.654433
114.654433
114.654433
114.654433
114.654433
114.654433
114.654433
114.654433
114.654433
114.654433
114.654433
114.654433
114.654433
114.654433
114.654433
114.654433
114.654433
114.654433
114.654433
114.654433
114.654433
114.654433
114.654433
114.654433
114.654433
114.654433
114.654433
114.654433
114.654433
114.654433
114.654433
114.654433
114.654433
114.654433
114.654433
114.654433
114.654433
114.654433
114.654433
114.654433
114.654433
114.654433
114.654433
114.654433
114.654433
114.654433
114.654433
114.654433
114.654433
114.654433
114.654433
114.654433
114.654433
114.654433
114.654433
114.654433
114.654433
114.654433
114.654433
114.654433
114.654433
114.654433
114.654433
114.654433
114.654433
114.654433
114.654433
114.654433
114.654433
114.654433
114.654433
114.654433
114.654433
114.654433
114.654433
114.654433
114.654433
114.654433
114.654433
114.654433
114.654433
114.654433
114.654433
114.654433
114.654433
114.654433
114.654433
114.654433
114.654433
114.654433
114.654433
114.654433
114.654433
114.654433
114.654433
114.654433
114.654433
114.654433
114.654433
114.654433
114.654433
114.654433
114.654433
114.654433
114.654433
114.654433
114.654433
114.654433
114.654433
114.654433
114.654433
114.654433
114.654433
114.654433
114.654433
114.654433
114.654433
114.654433
114.654433
114.654433
114.654433
114.654433
114.654433
114.654433
114.654433
114.654433
114.654433
114.654433
114.654433
114.654433
114.654433
114.654433
114.654433
114.654433
114.654433
114.654433
114.654433
114.654433
114.654433
114.654433
114.654433
114.654433
114.654433
114.654433
114.654433
114.654433
114.654433
114.654433
114.654433
114.654433
114.654433
114.654433
114.654433
114.654433
114.654433
114.654433
114.654433
114.654433
114.654433
114.654433
114.654433
114.654433
114.654433
114.654433
114.654433
114.654433
114.654433
114.654433
114.654433
114.654433
114.654433
114.654433
114.654433
114.654433
114.654433
114.654433
114.654433
114.654433
114.654433
114.654433
114.654433
114.654433
114.654433
114.654433
114.654433
114.654433
114.654433
114.654433
114.654433
114.654433
114.654433
114.654433
114.654433
114.654433
114.654433
114.654433
114.654433
114.654433
114.654433
114.654433
114.654433
114.654433
114.654433
114.654433
114.654433
114.654433
114.654433
114.654433
114.654433
114.654433
114.654433
114.654433
114.654433
114.654433
114.654433
114.654433
114.654433
114.654433
114.654433
114.654433
114.654433
114.654433
114.654433
114.654433
114.654433
114.654433
114.654433
114.654433
114.654433
114.654433
114.654433
114.654433
114.654433
114.654433
114.654433
114.654433
114.654433
114.654433
114.654433
114.654433
114.654433
114.654433
114.654433
114.654433
114.654433
114.654433
114.654433
114.654433
114.654433
114.654433
114.654433
114.654433
114.654433
114.654433
114.654433
114.654433
114.654433
114.654433
114.654433
114.654433
114.654433
114.654433
114.654433
114.654433
114.654433
114.654433
114.654433
114.654433
114.654433
114.654433
114.654433
114.654433
114.654433
114.654433
114.654433
114.654433
114.654433
114.654433
114.654433
114.654433
114.654433
114.654433
114.654433
114.654433
114.654433
114.654433
114.654433
114.654433
114.654433
114.654433
114.654433
114.654433
114.654433
114.654433
114.654433
114.654433
114.654433
114.654433
114.654433
114.654433
114.654433
114.654433
114.654433
114.654433
114.654433
114.654433
114.654433
114.654433
114.654433
114.654433
114.654433
114.654433
114.654433
114.654433
114.654433
114.654433
114.654433
114.654433
114.654433
114.654433
114.654433
114.654433
114.654433
114.654433
114.654433
114.654433
114.654433
114.654433
114.654433
114.654433
114.654433
114.654433
114.654433
114.654433
114.654433
114.654433
114.654433
114.654433
114.654433
114.654433
114.654433
114.654433
114.654433
114.654433
114.654433
114.654433
114.654433
114.654433
114.654433
114.654433
114.654433
114.654433
114.654433
114.654433
114.654433
114.654433
114.654433
114.654433
114.654433
114.654433
114.654433
114.654433
114.654433
114.654433
114.654433
114.654433
114.654433
114.654433
114.654433
114.654433
114.654433
114.654433
114.654433
114.654433
114.654433
114.654433
114.654433
114.654433
114.654433
114.654433
114.654433
114.654433
114.654433
114.654433
114.654433
114.654433
114.654433
114.654433
114.654433
114.654433
114.654433
114.654433
114.654433
114.654433
114.654433
114.654433
114.654433
114.654433
114.654433
114.654433
114.654433
114.654433
114.654433
114.654433
114.654433
114.654433
114.654433
114.654433
114.654433
114.654433
114.654433
114.654433
114.654433
114.654433
114.654433
114.654433
114.654433
114.654433
114.654433
114.654433
114.654433
114.654433
114.654433
114.654433
114.654433
114.654433
114.654433
114.654433
114.654433
114.654433
114.654433
114.654433
114.654433
114.654433
114.654433
114.654433
114.654433
114.654433
114.654433
114.654433
114.654433
114.654433
114.654433
114.654433
114.654433
114.654433
114.654433
114.654433
114.654433
114.654433
114.654433
114.654433
114.654433
114.654433
114.654433
114.654433
114.654433
114.654433
114.654433
114.654433
114.654433
114.654433
114.654433
114.654433
114.654433
114.654433
114.654433
114.654433
114.654433
114.654433
114.654433
114.654433
114.654433
114.654433
114.654433
114.654433
114.654433
114.654433
114.654433
114.654433
114.654433
114.654433
114.654433
114.654433
114.654433
114.654433
114.654433
114.654433
114.654433
114.654433
114.654433
114.654433
114.654433
114.654433
114.654433
114.654433
114.654433
114.654433
114.654433
114.654433
114.654433
114.654433
114.654433
114.654433
114.654433
114.654433
114.654433
114.654433
114.654433
114.654433
114.654433
114.654433
114.654433
114.654433
114.654433
114.654433
114.654433
114.654433
114.654433
114.654433
114.654433
114.654433
114.654433
114.654433
114.654433
114.654433
114.654433
114.654433
114.654433
114.654433
114.654433
114.654433
114.654433
114.654433
114.654433
114.654433
114.654433
114.654433
114.654433
114.654433
114.654433
114.654433
114.654433
114.654433
114.654433
114.654433
114.654433
114.654433
114.654433
114.654433
114.654433
114.654433
114.654433
114.654433
114.654433
114.654433
114.654433
114.654433
114.654433
114.654433
114.654433
114.654433
114.654433
114.654433
114.654433
114.654433
114.654433
114.654433
114.654433
114.654433
114.654433
114.654433
114.654433
114.654433
114.654433
114.654433
114.654433
114.654433
114.654433
114.654433
114.654433
114.654433
114.654433
114.654433
114.654433
114.654433
114.654433
114.654433
114.654433
114.654433
114.654433
114.654433
114.654433
114.654433
114.654433
114.654433
114.654433
114.654433
114.654433
114.654433
114.654433
114.654433
114.654433
114.654433
114.654433
114.654433
114.654433
114.654433
114.654433
114.654433
114.654433
114.654433
114.654433
114.654433
114.654433
114.654433
114.654433
114.654433
114.654433
114.654433
114.654433
114.654433
114.654433
114.654433
114.654433
114.654433
114.654433
114.654433
114.654433
114.654433
114.654433
114.654433
114.654433
114.654433
114.654433
114.654433
114.654433
114.654433
114.654433
114.654433
114.654433
114.654433
114.654433
114.654433
114.654433
114.654433
114.654433
114.654433
114.654433
114.654433
114.654433
114.654433
114.654433
114.654433
114.654433
114.654433
114.654433
114.654433
114.654433
114.654433
114.654433
114.654433
114.654433
114.654433
114.654433
114.654433
114.654433
114.654433
114.654433
114.654433
114.654433
114.654433
114.654433
114.654433
114.654433
114.654433
114.654433
114.654433
114.654433
114.654433
114.654433
114.654433
114.654433
114.654433
114.654433
114.654433
114.654433
114.654433
114.654433
114.654433
114.654433
114.654433
114.654433
114.654433
114.654433
114.654433
114.654433
114.654433
114.654433
114.654433
114.654433
114.654433
114.654433
114.654433
114.654433
114.654433
114.654433
114.654433
114.654433
114.654433
114.654433
114.654433
114.654433
114.654433
114.654433
114.654433
114.654433
114.654433
114.654433
114.654433
114.654433
114.654433
114.654433
114.654433
114.654433
114.654433
114.654433
114.654433
114.654433
114.654433
114.654433
114.654433
114.654433
114.654433
114.654433
114.654433
114.654433
114.654433
114.654433
114.654433
114.654433
114.654433
114.654433
114.654433
114.654433
114.654433
114.654433
114.654433
114.654433
114.654433
114.654433
114.654433
114.654433
114.654433
114.654433
114.654433
114.654433
114.654433
114.654433
114.654433
114.654433
114.654433
114.654433
114.654433
114.654433
114.654433
114.654433
114.654433
114.654433
114.654433
114.654433
114.654433
114.654433
114.654433
114.654433
114.654433
114.654433
114.654433
114.654433
114.654433
114.654433
114.654433
114.654433
114.654433
114.654433
114.654433
114.654433
114.654433
114.654433
114.654433
114.654433
114.654433
114.654433
114.654433
114.654433
114.654433
114.654433
114.654433
114.654433
114.654433
114.654433
114.654433
114.654433
114.654433
114.654433
114.654433
114.654433
114.654433
114.654433
114.654433
114.654433
114.654433
114.654433
114.654433
114.654433
114.654433
114.654433
114.654433
114.654433
114.654433
114.654433
114.654433
114.654433
114.654433
114.654433
114.654433
114.654433
114.654433
114.654433
114.654433
114.654433
114.654433
114.654433
114.654433
114.654433
114.654433
114.654433
114.654433
114.654433
114.654433
114.654433
114.654433
114.654433
114.654433
114.654433
114.654433
114.654433
114.654433
114.654433
114.654433
114.654433
114.654433
114.654433
114.654433
114.654433
114.654433
114.654433
114.654433
114.654433
114.654433
114.654433
114.654433
114.654433
114.654433
114.654433
114.654433
114.654433
114.654433
114.654433
114.654433
114.654433
114.654433
114.654433
114.654433
114.654433
114.654433
114.654433
114.654433
114.654433
114.654433
114.654433
114.654433
114.654433
114.654433
114.654433
114.654433
114.654433
114.654433
114.654433
114.654433
114.654433
114.654433
114.654433
114.654433
114.654433
114.654433
114.654433
114.654433
114.654433
114.654433
114.654433
114.654433
114.654433
114.654433
114.654433
114.654433
114.654433
114.654433
114.654433
114.654433
114.654433
114.654433
114.654433
114.654433
114.654433
114.654433
114.654433
114.654433
114.654433
114.654433
114.654433
114.654433
114.654433
114.654433
114.654433
114.654433
114.654433
114.654433
114.654433
114.654433
114.654433
114.654433
114.654433
114.654433
114.654433
114.654433
114.654433
114.654433
114.654433
114.654433
114.654433
114.654433
114.654433
114.654433
114.654433
114.654433
114.654433
114.654433
114.654433
114.654433
114.654433
114.654433
114.654433
114.654433
114.654433
114.654433
114.654433
114.654433
114.654433
114.654433
114.654433
114.654433
114.654433
114.654433
114.654433
114.654433
114.654433
114.654433
114.654433
114.654433
114.654433
114.654433
114.654433
114.654433
114.654433
114.654433
114.654433
114.654433
114.654433
114.654433
114.654433
114.654433
114.654433
114.654433
114.654433
114.654433
114.654433
114.654433
114.654433
114.654433
114.654433
114.654433
114.654433
114.654433
114.654433
114.654433
114.654433
114.654433
114.654433
114.654433
114.654433
114.654433
114.654433
114.654433
114.654433
114.654433
114.654433
114.654433
114.654433
114.654433
114.654433
114.654433
114.654433
114.654433
114.654433
114.654433
114.654433
114.654433
114.654433
114.654433
114.654433
114.654433
114.654433
114.654433
114.654433
114.654433
114.654433
114.654433
114.654433
114.654433
114.654433
114.654433
114.654433
114.654433
114.654433
114.654433
114.654433
114.654433
114.654433
114.654433
114.654433
114.654433
114.654433
114.654433
114.654433
114.654433
114.654433
114.654433
114.654433
114.654433
114.654433
114.654433
114.654433
114.654433
114.654433
114.654433
114.654433
114.654433
114.654433
114.654433
114.654433
114.654433
114.654433
114.654433
114.654433
114.654433
114.654433
114.654433
114.654433
114.654433
114.654433
114.654433
114.654433
114.654433
114.654433
114.654433
114.654433
114.654433
114.654433
114.654433
114.654433
114.654433
114.654433
114.654433
114.654433
114.654433
114.654433
114.654433
114.654433
114.654433
114.654433
114.654433
114.654433
114.654433
114.654433
114.654433
114.654433
114.654433
114.654433
114.654433
114.654433
114.654433
114.654433
114.654433
114.654433
114.654433
114.654433
114.654433
114.654433
114.654433
114.654433
114.654433
114.654433
114.654433
114.654433
114.654433
114.654433
114.654433
114.654433
114.654433
114.654433
114.654433
114.654433
114.654433
114.654433
114.654433
114.654433
114.654433
114.654433
114.654433
114.654433
114.654433
114.654433
114.654433
114.654433
114.654433
114.654433
114.654433
114.654433
114.654433
114.654433
114.654433
114.654433
114.654433
114.654433
114.654433
114.654433
114.654433
114.654433
114.654433
114.654433
114.654433
114.654433
114.654433
114.654433
114.654433
114.654433
114.654433
114.654433
114.654433
114.654433
114.654433
114.654433
114.654433
114.654433
114.654433
114.654433
114.654433
114.654433
114.654433
114.654433
114.654433
114.654433
114.654433
114.654433
114.654433
114.654433
114.654433
114.654433
114.654433
114.654433
114.654433
114.654433
114.654433
114.654433
114.654433
114.654433
114.654433
114.654433
114.654433
114.654433
114.654433
114.654433
114.654433
114.654433
114.654433
114.654433
114.654433
114.654433
114.654433
114.654433
114.654433
114.654433
114.654433
114.654433
114.654433
114.654433
114.654433
114.654433
114.654433
114.654433
114.654433
114.654433
114.654433
114.654433
114.654433
114.654433
114.654433
114.654433
114.654433
114.654433
114.654433
114.654433
114.654433
114.654433
114.654433
114.654433
114.654433
114.654433
114.654433
114.654433
114.654433
114.654433
114.654433
114.654433
114.654433
114.654433
114.654433
114.654433
114.654433
114.654433
114.654433
114.654433
114.654433
114.654433
114.654433
114.654433
114.654433
114.654433
114.654433
114.654433
114.654433
114.654433
114.654433
114.654433
114.654433
114.654433
114.654433
114.654433
114.654433
114.654433
114.654433
114.654433
114.654433
114.654433
114.654433
114.654433
114.654433
114.654433
114.654433
114.654433
114.654433
114.654433
114.654433
114.654433
114.654433
114.654433
114.654433
114.654433
114.654433
114.654433
114.654433
114.654433
114.654433
114.654433
114.654433
114.654433
114.654433
114.654433
114.654433
114.654433
114.654433
114.654433
114.654433
114.654433
114.654433
114.654433
114.654433
114.654433
114.654433
114.654433
114.654433
114.654433
114.654433
114.654433
114.654433
114.654433
114.654433
114.654433
114.654433
114.654433
114.654433
114.654433
114.654433
114.654433
114.654433
114.654433
114.654433
114.654433
114.654433
114.654433
114.654433
114.654433
114.654433
114.654433
114.654433
114.654433
114.654433
114.654433
114.654433
114.654433
114.654433
114.654433
114.654433
114.654433
114.654433
114.654433
114.654433
114.654433
114.654433
114.654433
114.654433
114.654433
114.654433
114.654433
114.654433
114.654433
114.654433
114.654433
114.654433
114.654433
114.654433
114.654433
114.654433
114.654433
114.654433
114.654433
114.654433
114.654433
114.654433
114.654433
114.654433
114.654433
114.654433
114.654433
114.654433
114.654433
114.654433
114.654433
114.654433
114.654433
114.654433
114.654433
114.654433
114.654433
114.654433
114.654433
114.654433
114.654433
114.654433
114.654433
114.654433
114.654433
114.654433
114.654433
114.654433
114.654433
114.654433
114.654433
114.654433
114.654433
114.654433
114.654433
114.654433
114.654433
114.654433
114.654433
114.654433
114.654433
114.654433
114.654433
114.654433
114.654433
114.654433
114.654433
114.654433
114.654433
114.654433
114.654433
114.654433
114.654433
114.654433
114.654433
114.654433
114.654433
114.654433
114.654433
114.654433
114.654433
114.654433
114.654433
114.654433
114.654433
114.654433
114.654433
114.654433
114.654433
114.654433
114.654433
114.654433
114.654433
114.654433
114.654433
114.654433
114.654433
114.654433
114.654433
114.654433
114.654433
114.654433
114.654433
114.654433
114.654433
114.654433
114.654433
114.654433
114.654433
114.654433
114.654433
114.654433
114.654433
114.654433
114.654433
114.654433
114.654433
114.654433
114.654433
114.654433
114.654433
114.654433
114.654433
114.654433
114.654433
114.654433
114.654433
114.654433
114.654433
114.654433
114.654433
114.654433
114.654433
114.654433
114.654433
114.654433
114.654433
114.654433
114.654433
114.654433
114.654433
114.654433
114.654433
114.654433
114.654433
114.654433
114.654433
114.654433
114.654433
114.654433
114.654433
114.654433
114.654433
114.654433
114.654433
114.654433
114.654433
114.654433
114.654433
114.654433
114.654433
114.654433
114.654433
114.654433
114.654433
114.654433
114.654433
114.654433
114.654433
114.654433
114.654433
114.654433
114.654433
114.654433
114.654433
114.654433
114.654433
114.654433
114.654433
114.654433
114.654433
114.654433
114.654433
114.654433
114.654433
114.654433
114.654433
114.654433
114.654433
114.654433
114.654433
114.654433
114.654433
114.654433
114.654433
114.654433
114.654433
114.654433
114.654433
114.654433
114.654433
114.654433
114.654433
114.654433
114.654433
114.654433
114.654433
114.654433
114.654433
114.654433
114.654433
114.654433
114.654433
114.654433
114.654433
114.654433
114.654433
114.654433
114.654433
114.654433
114.654433
114.654433
114.654433
114.654433
114.654433
114.654433
114.654433
114.654433
114.654433
114.654433
114.654433
114.654433
114.654433
114.654433
114.654433
114.654433
114.654433
114.654433
114.654433
114.654433
114.654433
114.654433
114.654433
114.654433
114.654433
114.654433
114.654433
114.654433
114.654433
114.654433
114.654433
114.654433
114.654433
114.654433
114.654433
114.654433
114.654433
114.654433
114.654433
114.654433
114.654433
114.654433
114.654433
114.654433
114.654433
114.654433
114.654433
114.654433
114.654433
114.654433
114.654433
114.654433
114.654433
114.654433
114.654433
114.654433
114.654433
114.654433
114.654433
114.654433
114.654433
114.654433
114.654433
114.654433
114.654433
114.654433
114.654433
114.654433
114.654433
114.654433
114.654433
114.654433
114.654433
114.654433
114.654433
114.654433
114.654433
114.654433
114.654433
114.654433
114.654433
114.654433
114.654433
114.654433
114.654433
114.654433
114.654433
114.654433
114.654433
114.654433
114.654433
114.654433
114.654433
114.654433
114.654433
114.654433
114.654433
114.654433
114.654433
114.654433
114.654433
114.654433
114.654433
114.654433
114.654433
114.654433
114.654433
114.654433
114.654433
114.654433
114.654433
114.654433
114.654433
114.654433
114.654433
114.654433
114.654433
114.654433
114.654433
114.654433
114.654433
114.654433
114.654433
114.654433
114.654433
114.654433
114.654433
114.654433
114.654433
114.654433
114.654433
114.654433
114.654433
114.654433
114.654433
114.654433
114.654433
114.654433
114.654433
114.654433
114.654433
114.654433
114.654433
114.654433
114.654433
114.654433
114.654433
114.654433
114.654433
114.654433
114.654433
114.654433
114.654433
114.654433
114.654433
114.654433
114.654433
114.654433
114.654433
114.654433
114.654433
114.654433
114.654433
114.654433
114.654433
114.654433
114.654433
114.654433
114.654433
114.654433
114.654433
114.654433
114.654433
114.654433
114.654433
114.654433
114.654433
114.654433
114.654433
114.654433
114.654433
114.654433
114.654433
114.654433
114.654433
114.654433
114.654433
114.654433
114.654433
114.654433
114.654433
114.654433
114.654433
114.654433
114.654433
114.654433
114.654433
114.654433
114.654433
114.654433
114.654433
114.654433
114.654433
114.654433
114.654433
114.654433
114.654433
114.654433
114.654433
114.654433
114.654433
114.654433
114.654433
114.654433
114.654433
114.654433
114.654433
114.654433
114.654433
114.654433
114.654433
114.654433
114.654433
114.654433
114.654433
114.654433
114.654433
114.654433
114.654433
114.654433
114.654433
114.654433
114.654433
114.654433
114.654433
114.654433
114.654433
114.654433
114.654433
114.654433
114.654433
114.654433
114.654433
114.654433
114.654433
114.654433
114.654433
114.654433
114.654433
114.654433
114.654433
114.654433
114.654433
114.654433
114.654433
114.654433
114.654433
114.654433
114.654433
114.654433
114.654433
114.654433
114.654433
114.654433
114.654433
114.654433
114.654433
114.654433
114.654433
114.654433
114.654433
114.654433
114.654433
114.654433
114.654433
114.654433
114.654433
114.654433
114.654433
114.654433
114.654433
114.654433
114.654433
114.654433
114.654433
114.654433
114.654433
114.654433
114.654433
114.654433
114.654433
114.654433
114.654433
114.654433
114.654433
114.654433
114.654433
114.654433
114.654433
114.654433
114.654433
114.654433
114.654433
114.654433
114.654433
114.654433
114.654433
114.654433
114.654433
114.654433
114.654433
114.654433
114.654433
114.654433
114.654433
114.654433
114.654433
114.654433
114.654433
114.654433
114.654433
114.654433
114.654433
114.654433
114.654433
114.654433
114.654433
114.654433
114.654433
114.654433
114.654433
114.654433
114.654433
114.654433
114.654433
114.654433
114.654433
114.654433
114.654433
114.654433
114.654433
114.654433
114.654433
114.654433
114.654433
114.654433
114.654433
114.654433
114.654433
114.654433
114.654433
114.654433
114.654433
114.654433
114.654433
114.654433
114.654433
114.654433
114.654433
114.654433
114.654433
114.654433
114.654433
114.654433
114.654433
114.654433
114.654433
114.654433
114.654433
114.654433
114.654433
114.654433
114.654433
114.654433
114.654433
114.654433
114.654433
114.654433
114.654433
114.654433
114.654433
114.654433
114.654433
114.654433
114.654433
114.654433
114.654433
114.654433
114.654433
114.654433
114.654433
114.654433
114.654433
114.654433
114.654433
114.654433
114.654433
114.654433
114.654433
114.654433
114.654433
114.654433
114.654433
114.654433
114.654433
114.654433
114.654433
114.654433
114.654433
114.654433
114.654433
114.654433
114.654433
114.654433
114.654433
114.654433
114.654433
114.654433
114.654433
114.654433
114.654433
114.654433
114.654433
114.654433
114.654433
114.654433
114.654433
114.654433
114.654433
114.654433
114.654433
114.654433
114.654433
114.654433
114.654433
114.654433
114.654433
114.654433
114.654433
114.654433
114.654433
114.654433
114.654433
114.654433
114.654433
114.654433
114.654433
114.654433
114.654433
114.654433
114.654433
114.654433
114.654433
114.654433
114.654433
114.654433
114.654433
114.654433
114.654433
114.654433
114.654433
114.654433
114.654433
114.654433
114.654433
114.654433
114.654433
114.654433
114.654433
114.654433
114.654433
114.654433
114.654433
114.654433
114.654433
114.654433
114.654433
114.654433
114.654433
114.654433
114.654433
114.654433
114.654433
114.654433
114.654433
114.654433
114.654433
114.654433
114.654433
114.654433
114.654433
114.654433
114.654433
114.654433
114.654433
114.654433
114.654433
114.654433
114.654433
114.654433
114.654433
114.654433
114.654433
114.654433
114.654433
114.654433
114.654433
114.654433
114.654433
114.654433
114.654433
114.654433
114.654433
114.654433
114.654433
114.654433
114.654433
114.654433
114.654433
114.654433
114.654433
114.654433
114.654433
114.654433
114.654433
114.654433
114.654433
114.654433
114.654433
114.654433
114.654433
114.654433
114.654433
114.654433
114.654433
114.654433
114.654433
114.654433
114.654433
114.654433
114.654433
114.654433
114.654433
114.654433
114.654433
114.654433
114.654433
114.654433
114.654433
114.654433
114.654433
114.654433
114.654433
114.654433
114.654433
114.654433
114.654433
114.654433
114.654433
114.654433
114.654433
114.654433
114.654433
114.654433
114.654433
114.654433
114.654433
114.654433
114.654433
114.654433
114.654433
114.654433
114.654433
114.654433
114.654433
114.654433
114.654433
114.654433
114.654433
114.654433
114.654433
114.654433
114.654433
114.654433
114.654433
114.654433
114.654433
114.654433
114.654433
114.654433
114.654433
114.654433
114.654433
114.654433
114.654433
114.654433
114.654433
114.654433
114.654433
114.654433
114.654433
114.654433
114.654433
114.654433
114.654433
114.654433
114.654433
114.654433
114.654433
114.654433
114.654433
114.654433
114.654433
114.654433
114.654433
114.654433
114.654433
114.654433
114.654433
114.654433
114.654433
114.654433
114.654433
114.654433
114.654433
114.654433
114.654433
114.654433
114.654433
114.654433
114.654433
114.654433
114.654433
114.654433
114.654433
114.654433
114.654433
114.654433
114.654433
114.654433
114.654433
114.654433
114.654433
114.654433
114.654433
114.654433
114.654433
114.654433
114.654433
114.654433
114.654433
114.654433
114.654433
114.654433
114.654433
114.654433
114.654433
114.654433
114.654433
114.654433
114.654433
114.654433
114.654433
114.654433
114.654433
114.654433
114.654433
114.654433
114.654433
114.654433
114.654433
114.654433
114.654433
114.654433
114.654433
114.654433
114.654433
114.654433
114.654433
114.654433
114.654433
114.654433
114.654433
114.654433
114.654433
114.654433
114.654433
114.654433
114.654433
114.654433
114.654433
114.654433
114.654433
114.654433
114.654433
114.654433
114.654433
114.654433
114.654433
114.654433
114.654433
114.654433
114.654433
114.654433
114.654433
114.654433
114.654433
114.654433
114.654433
114.654433
114.654433
114.654433
114.654433
114.654433
114.654433
114.654433
114.654433
114.654433
114.654433
114.654433
114.654433
114.654433
114.654433
114.654433
114.654433
114.654433
114.654433
114.654433
114.654433
114.654433
114.654433
114.654433
114.654433
114.654433
114.654433
114.654433
114.654433
114.654433
114.654433
114.654433
114.654433
114.654433
114.654433
114.654433
114.654433
114.654433
114.654433
114.654433
114.654433
114.654433
114.654433
114.654433
114.654433
114.654433
114.654433
114.654433
114.654433
114.654433
114.654433
114.654433
114.654433
114.654433
114.654433
114.654433
114.654433
114.654433
114.654433
114.654433
114.654433
114.654433
114.654433
114.654433
114.654433
114.654433
114.654433
114.654433
114.654433
114.654433
114.654433
114.654433
114.654433
114.654433
114.654433
114.654433
114.654433
114.654433
114.654433
114.654433
114.654433
114.654433
114.654433
114.654433
114.654433
114.654433
114.654433
114.654433
114.654433
114.654433
114.654433
114.654433
114.654433
114.654433
114.654433
114.654433
114.654433
114.654433
114.654433
114.654433
114.654433
114.654433
114.654433
114.654433
114.654433
114.654433
114.654433
114.654433
114.654433
114.654433
114.654433
114.654433
114.654433
114.654433
114.654433
114.654433
114.654433
114.654433
114.654433
114.654433
114.654433
114.654433
114.654433
114.654433
114.654433
114.654433
114.654433
114.654433
114.654433
114.654433
114.654433
114.654433
114.654433
114.654433
114.654433
114.654433
114.654433
114.654433
114.654433
114.654433
114.654433
114.654433
114.654433
114.654433
114.654433
114.654433
114.654433
114.654433
114.654433
114.654433
114.654433
114.654433
114.654433
114.654433
114.654433
114.654433
114.654433
114.654433
114.654433
114.654433
114.654433
114.654433
114.654433
114.654433
114.654433
114.654433
114.654433
114.654433
114.654433
114.654433
114.654433
114.654433
114.654433
114.654433
114.654433
114.654433
114.654433
114.654433
114.654433
114.654433
114.654433
114.654433
114.654433
114.654433
114.654433
114.654433
114.654433
114.654433
114.654433
114.654433
114.654433
114.654433
114.654433
114.654433
114.654433
114.654433
114.654433
114.654433
114.654433
114.654433
114.654433
114.654433
114.654433
114.654433
114.654433
114.654433
114.654433
114.654433
114.654433
114.654433
114.654433
114.654433
114.654433
114.654433
114.654433
114.654433
114.654433
114.654433
114.654433
114.654433
114.654433
114.654433
114.654433
114.654433
114.654433
114.654433
114.654433
114.654433
114.654433
114.654433
114.654433
114.654433
114.654433
114.654433
114.654433
114.654433
114.654433
114.654433
114.654433
114.654433
114.654433
114.654433
114.654433
114.654433
114.654433
114.654433
114.654433
114.654433
114.654433
114.654433
114.654433
114.654433
114.654433
114.654433
114.654433
114.654433
114.654433
114.654433
114.654433
114.654433
114.654433
114.654433
114.654433
114.654433
114.654433
114.654433
114.654433
114.654433
114.654433
114.654433
114.654433
114.654433
114.654433
114.654433
114.654433
114.654433
114.654433
114.654433
114.654433
114.654433
114.654433
114.654433
114.654433
114.654433
114.654433
114.654433
114.654433
114.654433
114.654433
114.654433
114.654433
114.654433
114.654433
114.654433
114.654433
114.654433
114.654433
114.654433
114.654433
114.654433
114.654433
114.654433
114.654433
114.654433
114.654433
114.654433
114.654433
114.654433
114.654433
114.654433
114.654433
114.654433
114.654433
114.654433
114.654433
114.654433
114.654433
114.654433
114.654433
114.654433
114.654433
114.654433
114.654433
114.654433
114.654433
114.654433
114.654433
114.654433
114.654433
114.654433
114.654433
114.654433
114.654433
114.654433
114.654433
114.654433
114.654433
114.654433
114.654433
114.654433
114.654433
114.654433
114.654433
114.654433
114.654433
114.654433
114.654433
114.654433
114.654433
114.654433
114.654433
114.654433
114.654433
114.654433
114.654433
114.654433
114.654433
114.654433
114.654433
114.654433
114.654433
114.654433
114.654433
114.654433
114.654433
114.654433
114.654433
114.654433
114.654433
114.654433
114.654433
114.654433
114.654433
114.654433
114.654433
114.654433
114.654433
114.654433
114.654433
114.654433
114.654433
114.654433
114.654433
114.654433
114.654433
114.654433
114.654433
114.654433
114.654433
114.654433
114.654433
114.654433
114.654433
114.654433
114.654433
114.654433
114.654433
114.654433
114.654433
114.654433
114.654433
114.654433
114.654433
114.654433
114.654433
114.654433
114.654433
114.654433
114.654433
114.654433
114.654433
114.654433
114.654433
114.654433
114.654433
114.654433
114.654433
114.654433
114.654433
114.654433
114.654433
114.654433
114.654433
114.654433
114.654433
114.654433
114.654433
114.654433
114.654433
114.654433
114.654433
114.654433
114.654433
114.654433
114.654433
114.654433
114.654433
114.654433
114.654433
114.654433
114.654433
114.654433
114.654433
114.654433
114.654433
114.654433
114.654433
114.654433
114.654433
114.654433
114.654433
114.654433
114.654433
114.654433
114.654433
114.654433
114.654433
114.654433
114.654433
114.654433
114.654433
114.654433
114.654433
114.654433
114.654433
114.654433
114.654433
114.654433
114.654433
114.654433
114.654433
114.654433
114.654433
114.654433
114.654433
114.654433
114.654433
114.654433
114.654433
114.654433
114.654433
114.654433
114.654433
114.654433
114.654433
114.654433
114.654433
114.654433
114.654433
114.654433
114.654433
114.654433
114.654433
114.654433
114.654433
114.654433
114.654433
114.654433
114.654433
114.654433
114.654433
114.654433
114.654433
114.654433
114.654433
114.654433
114.654433
114.654433
114.654433
114.654433
114.654433
114.654433
114.654433
114.654433
114.654433
114.654433
114.654433
114.654433
114.654433
114.654433
114.654433
114.654433
114.654433
114.654433
114.654433
114.654433
114.654433
114.654433
114.654433
114.654433
114.654433
114.654433
114.654433
114.654433
114.654433
114.654433
114.654433
114.654433
114.654433
114.654433
114.654433
114.654433
114.654433
114.654433
114.654433
114.654433
114.654433
114.654433
114.654433
114.654433
114.654433
114.654433
114.654433
114.654433
114.654433
114.654433
114.654433
114.654433
114.654433
114.654433
114.654433
114.654433
114.654433
114.654433
114.654433
114.654433
114.654433
114.654433
114.654433
114.654433
114.654433
114.654433
114.654433
114.654433
114.654433
114.654433
114.654433
114.654433
114.654433
114.654433
114.654433
114.654433
114.654433
114.654433
114.654433
114.654433
114.654433
114.654433
114.654433
114.654433
114.654433
114.654433
114.654433
114.654433
114.654433
114.654433
114.654433
114.654433
114.654433
114.654433
114.654433
114.654433
114.654433
114.654433
114.654433
114.654433
114.654433
114.654433
114.654433
114.654433
114.654433
114.654433
114.654433
114.654433
114.654433
114.654433
114.654433
114.654433
114.654433
114.654433
114.654433
114.654433
114.654433
114.654433
114.654433
114.654433
114.654433
114.654433
114.654433
114.654433
114.654433
114.654433
114.654433
114.654433
114.654433
114.654433
114.654433
114.654433
114.654433
114.654433
114.654433
114.654433
114.654433
114.654433
114.654433
114.654433
114.654433
114.654433
114.654433
114.654433
114.654433
114.654433
114.654433
114.654433
114.654433
114.654433
114.654433
114.654433
114.654433
114.654433
114.654433
114.654433
114.654433
114.654433
114.654433
114.654433
114.654433
114.654433
114.654433
114.654433
114.654433
114.654433
114.654433
114.654433
114.654433
114.654433
114.654433
114.654433
114.654433
114.654433
114.654433
114.654433
114.654433
114.654433
114.654433
114.654433
114.654433
114.654433
114.654433
114.654433
114.654433
114.654433
114.654433
114.654433
114.654433
114.654433
114.654433
114.654433
114.654433
114.654433
114.654433
114.654433
114.654433
114.654433
114.654433
114.654433
114.654433
114.654433
114.654433
114.654433
114.654433
114.654433
114.654433
114.654433
114.654433
114.654433
114.654433
114.654433
114.654433
114.654433
114.654433
114.654433
114.654433
114.654433
114.654433
114.654433
114.654433
114.654433
114.654433
114.654433
114.654433
114.654433
114.654433
114.654433
114.654433
114.654433
114.654433
114.654433
114.654433
114.654433
114.654433
114.654433
114.654433
114.654433
114.654433
114.654433
114.654433
114.654433
114.654433
114.654433
114.654433
114.654433
114.654433
114.654433
114.654433
114.654433
114.654433
114.654433
114.654433
114.654433
114.654433
114.654433
114.654433
114.654433
114.654433
114.654433
114.654433
114.654433
114.654433
114.654433
114.654433
114.654433
114.654433
114.654433
114.654433
114.654433
114.654433
114.654433
114.654433
114.654433
114.654433
114.654433
114.654433
114.654433
114.654433
114.654433
114.654433
114.654433
114.654433
114.654433
114.654433
114.654433
114.654433
114.654433
114.654433
114.654433
114.654433
114.654433
114.654433
114.654433
114.654433
114.654433
114.654433
114.654433
114.654433
114.654433
114.654433
114.654433
114.654433
114.654433
114.654433
114.654433
114.654433
114.654433
114.654433
114.654433
114.654433
114.654433
114.654433
114.654433
114.654433
114.654433
114.654433
114.654433
114.654433
114.654433
114.654433
114.654433
114.654433
114.654433
114.654433
114.654433
114.654433
114.654433
114.654433
114.654433
114.654433
114.654433
114.654433
114.654433
114.654433
114.654433
114.654433
114.654433
114.654433
114.654433
114.654433
114.654433
114.654433
114.654433
114.654433
114.654433
114.654433
114.654433
114.654433
114.654433
114.654433
114.654433
114.654433
114.654433
114.654433
114.654433
114.654433
114.654433
114.654433
114.654433
114.654433
114.654433
114.654433
114.654433
114.654433
114.654433
114.654433
114.654433
114.654433
114.654433
114.654433
114.654433
114.654433
114.654433
114.654433
114.654433
114.654433
114.654433
114.654433
114.654433
114.654433
114.654433
114.654433
114.654433
114.654433
114.654433
114.654433
114.654433
114.654433
114.654433
114.654433
114.654433
114.654433
114.654433
114.654433
114.654433
114.654433
114.654433
114.654433
114.654433
114.654433
114.654433
114.654433
114.654433
114.654433
114.654433
114.654433
114.654433
114.654433
114.654433
114.654433
114.654433
114.654433
114.654433
114.654433
114.654433
114.654433
114.654433
114.654433
114.654433
114.654433
114.654433
114.654433
114.654433
114.654433
114.654433
114.654433
114.654433
114.654433
114.654433
114.654433
114.654433
114.654433
114.654433
114.654433
114.654433
114.654433
114.654433
114.654433
114.654433
114.654433
114.654433
114.654433
114.654433
114.654433
114.654433
114.654433
114.654433
114.654433
114.654433
114.654433
114.654433
114.654433
114.654433
114.654433
114.654433
114.654433
114.654433
114.654433
114.654433
114.654433
114.654433
114.654433
114.654433
114.654433
114.654433
114.654433
114.654433
114.654433
114.654433
114.654433
114.654433
114.654433
114.654433
114.654433
114.654433
114.654433
114.654433
114.654433
114.654433
114.654433
114.654433
114.654433
114.654433
114.654433
114.654433
114.654433
114.654433
114.654433
114.654433
114.654433
114.654433
114.654433
114.654433
114.654433
114.654433
114.654433
114.654433
114.654433
114.654433
114.654433
114.654433
114.654433
114.654433
114.654433
114.654433
114.654433
114.654433
114.654433
114.654433
114.654433
114.654433
114.654433
114.654433
114.654433
114.654433
114.654433
114.654433
114.654433
114.654433
114.654433
114.654433
114.654433
114.654433
114.654433
114.654433
114.654433
114.654433
114.654433
114.654433
114.654433
114.654433
114.654433
114.654433
114.654433
114.654433
114.654433
114.654433
114.654433
114.654433
114.654433
114.654433
114.654433
114.654433
114.654433
114.654433
114.654433
114.654433
114.654433
114.654433
114.654433
114.654433
114.654433
114.654433
114.654433
114.654433
114.654433
114.654433
114.654433
114.654433
114.654433
114.654433
114.654433
114.654433
114.654433
114.654433
114.654433
114.654433
114.654433
114.654433
114.654433
114.654433
114.654433
114.654433
114.654433
114.654433
114.654433
114.654433
114.654433
114.654433
114.654433
114.654433
114.654433
114.654433
114.654433
114.654433
114.654433
114.654433
114.654433
114.654433
114.654433
114.654433
114.654433
114.654433
114.654433
114.654433
114.654433
114.654433
114.654433
114.654433
114.654433
114.654433
114.654433
114.654433
114.654433
114.654433
114.654433
114.654433
114.654433
114.654433
114.654433
114.654433
114.654433
114.654433
114.654433
114.654433
114.654433
114.654433
114.654433
114.654433
114.654433
114.654433
114.654433
114.654433
114.654433
114.654433
114.654433
114.654433
114.654433
114.654433
114.654433
114.654433
114.654433
114.654433
114.654433
114.654433
114.654433
114.654433
114.654433
114.654433
114.654433
114.654433
114.654433
114.654433
114.654433
114.654433
114.654433
114.654433
114.654433
114.654433
114.654433
114.654433
114.654433
114.654433
114.654433
114.654433
114.654433
114.654433
114.654433
114.654433
114.654433
114.654433
114.654433
114.654433
114.654433
114.654433
114.654433
114.654433
114.654433
114.654433
114.654433
114.654433
114.654433
114.654433
114.654433
114.654433
114.654433
114.654433
114.654433
114.654433
114.654433
114.654433
114.654433
114.654433
114.654433
114.654433
114.654433
114.654433
114.654433
114.654433
114.654433
114.654433
114.654433
114.654433
114.654433
114.654433
114.654433
114.654433
114.654433
114.654433
114.654433
114.654433
114.654433
114.654433
114.654433
114.654433
114.654433
114.654433
114.654433
114.654433
114.654433
114.654433
114.654433
114.654433
114.654433
114.654433
114.654433
114.654433
114.654433
114.654433
114.654433
114.654433
114.654433
114.654433
114.654433
114.654433
114.654433
114.654433
114.654433
114.654433
114.654433
114.654433
114.654433
114.654433
114.654433
114.654433
114.654433
114.654433
114.654433
114.654433
114.654433
114.654433
114.654433
114.654433
114.654433
114.654433
114.654433
114.654433
114.654433
114.654433
114.654433
114.654433
114.654433
114.654433
114.654433
114.654433
114.654433
114.654433
114.654433
114.654433
114.654433
114.654433
114.654433
114.654433
114.654433
114.654433
114.654433
114.654433
114.654433
114.654433
114.654433
114.654433
114.654433
114.654433
114.654433
114.654433
114.654433
114.654433
114.654433
114.654433
114.654433
114.654433
114.654433
114.654433
114.654433
114.654433
114.654433
114.654433
114.654433
114.654433
114.654433
114.654433
114.654433
114.654433
114.654433
114.654433
114.654433
114.654433
114.654433
114.654433
114.654433
114.654433
114.654433
114.654433
114.654433
114.654433
114.654433
114.654433
114.654433
114.654433
114.654433
114.654433
114.654433
114.654433
114.654433
114.654433
114.654433
114.654433
114.654433
114.654433
114.654433
114.654433
114.654433
114.654433
114.654433
114.654433
114.654433
114.654433
114.654433
114.654433
114.654433
114.654433
114.654433
114.654433
114.654433
114.654433
114.654433
114.654433
114.654433
114.654433
114.654433
114.654433
114.654433
114.654433
114.654433
114.654433
114.654433
114.654433
114.654433
114.654433
114.654433
114.654433
114.654433
114.654433
114.654433
114.654433
114.654433
114.654433
114.654433
114.654433
114.654433
114.654433
114.654433
114.654433
114.654433
114.654433
114.654433
114.654433
114.654433
114.654433
114.654433
114.654433
114.654433
114.654433
114.654433
114.654433
114.654433
114.654433
114.654433
114.654433
114.654433
114.654433
114.654433
114.654433
114.654433
114.654433
114.654433
114.654433
114.654433
114.654433
114.654433
114.654433
114.654433
114.654433
114.654433
114.654433
114.654433
114.654433
114.654433
114.654433
114.654433
114.654433
114.654433
114.654433
114.654433
114.654433
114.654433
114.654433
114.654433
114.654433
114.654433
114.654433
114.654433
114.654433
114.654433
114.654433
114.654433
114.654433
114.654433
114.654433
114.654433
114.654433
114.654433
114.654433
114.654433
114.654433
114.654433
114.654433
114.654433
114.654433
114.654433
114.654433
114.654433
114.654433
114.654433
114.654433
114.654433
114.654433
114.654433
114.654433
114.654433
114.654433
114.654433
114.654433
114.654433
114.654433
114.654433
114.654433
114.654433
114.654433
114.654433
114.654433
114.654433
114.654433
114.654433
114.654433
114.654433
114.654433
114.654433
114.654433
114.654433
114.654433
114.654433
114.654433
114.654433
114.654433
114.654433
114.654433
114.654433
114.654433
114.654433
114.654433
114.654433
114.654433
114.654433
114.654433
114.654433
114.654433
114.654433
114.654433
114.654433
114.654433
114.654433
114.654433
114.654433
114.654433
114.654433
114.654433
114.654433
114.654433
114.654433
114.654433
114.654433
114.654433
114.654433
114.654433
114.654433
114.654433
114.654433
114.654433
114.654433
114.654433
114.654433
114.654433
114.654433
114.654433
114.654433
114.654433
114.654433
114.654433
114.654433
114.654433
114.654433
114.654433
114.654433
114.654433
114.654433
114.654433
114.654433
114.654433
114.654433
114.654433
114.654433
114.654433
114.654433
114.654433
114.654433
114.654433
114.654433
114.654433
114.654433
114.654433
114.654433
114.654433
114.654433
114.654433
114.654433
114.654433
114.654433
114.654433
114.654433
114.654433
114.654433
114.654433
114.654433
114.654433
114.654433
114.654433
114.654433
114.654433
114.654433
114.654433
114.654433
114.654433
114.654433
114.654433
114.654433
114.654433
114.654433
114.654433
114.654433
114.654433
114.654433
114.654433
114.654433
114.654433
114.654433
114.654433
114.654433
114.654433
114.654433
114.654433
114.654433
114.654433
114.654433
114.654433
114.654433
114.654433
114.654433
114.654433
114.654433
114.654433
114.654433
114.654433
114.654433
114.654433
114.654433
114.654433
114.654433
114.654433
114.654433
114.654433
114.654433
114.654433
114.654433
114.654433
114.654433
114.654433
114.654433
114.654433
114.654433
114.654433
114.654433
114.654433
114.654433
114.654433
114.654433
114.654433
114.654433
114.654433
114.654433
114.654433
114.654433
114.654433
114.654433
114.654433
114.654433
114.654433
114.654433
114.654433
114.654433
114.654433
114.654433
114.654433
114.654433
114.654433
114.654433
114.654433
114.654433
114.654433
114.654433
114.654433
114.654433
114.654433
114.654433
114.654433
114.654433
114.654433
114.654433
114.654433
114.654433
114.654433
114.654433
114.654433
114.654433
114.654433
114.654433
114.654433
114.654433
114.654433
114.654433
114.654433
114.654433
114.654433
114.654433
114.654433
114.654433
114.654433
114.654433
114.654433
114.654433
114.654433
114.654433
114.654433
114.654433
114.654433
114.654433
114.654433
114.654433
114.654433
114.654433
114.654433
114.654433
114.654433
114.654433
114.654433
114.654433
114.654433
114.654433
114.654433
114.654433
114.654433
114.654433
114.654433
114.654433
114.654433
114.654433
114.654433
114.654433
114.654433
114.654433
114.654433
114.654433
114.654433
114.654433
114.654433
114.654433
114.654433
114.654433
114.654433
114.654433
114.654433
114.654433
114.654433
114.654433
114.654433
114.654433
114.654433
114.654433
114.654433
114.654433
114.654433
114.654433
114.654433
114.654433
114.654433
114.654433
114.654433
114.654433
114.654433
114.654433
114.654433
114.654433
114.654433
114.654433
114.654433
114.654433
114.654433
114.654433
114.654433
114.654433
114.654433
114.654433
114.654433
114.654433
114.654433
114.654433
114.654433
114.654433
114.654433
114.654433
114.654433
114.654433
114.654433
114.654433
114.654433
114.654433
114.654433
114.654433
114.654433
114.654433
114.654433
114.654433
114.654433
114.654433
114.654433
114.654433
114.654433
114.654433
114.654433
114.654433
114.654433
114.654433
114.654433
114.654433
114.654433
114.654433
114.654433
114.654433
114.654433
114.654433
114.654433
114.654433
114.654433
114.654433
114.654433
114.654433
114.654433
114.654433
114.654433
114.654433
114.654433
114.654433
114.654433
114.654433
114.654433
114.654433
114.654433
114.654433
114.654433
114.654433
114.654433
114.654433
114.654433
114.654433
114.654433
114.654433
114.654433
114.654433
114.654433
114.654433
114.654433
114.654433
114.654433
114.654433
114.654433
114.654433
114.654433
114.654433
114.654433
114.654433
114.654433
114.654433
114.654433
114.654433
114.654433
114.654433
114.654433
114.654433
114.654433
114.654433
114.654433
114.654433
114.654433
114.654433
114.654433
114.654433
114.654433
114.654433
114.654433
114.654433
114.654433
114.654433
114.654433
114.654433
114.654433
114.654433
114.654433
114.654433
114.654433
114.654433
114.654433
114.654433
114.654433
114.654433
114.654433
114.654433
114.654433
114.654433
114.654433
114.654433
114.654433
114.654433
114.654433
114.654433
114.654433
114.654433
114.654433
114.654433
114.654433
114.654433
114.654433
114.654433
114.654433
114.654433
114.654433
114.654433
114.654433
114.654433
114.654433
114.654433
114.654433
114.654433
114.654433
114.654433
114.654433
114.654433
114.654433
114.654433
114.654433
114.654433
114.654433
114.654433
114.654433
114.654433
114.654433
114.654433
114.654433
114.654433
114.654433
114.654433
114.654433
114.654433
114.654433
114.654433
114.654433
114.654433
114.654433
114.654433
114.654433
114.654433
114.654433
114.654433
114.654433
114.654433
114.654433
114.654433
114.654433
114.654433
114.654433
114.654433
114.654433
114.654433
114.654433
114.654433
114.654433
114.654433
114.654433
114.654433
114.654433
114.654433
114.654433
114.654433
114.654433
114.654433
114.654433
114.654433
114.654433
114.654433
114.654433
114.654433
114.654433
114.654433
114.654433
114.654433
114.654433
114.654433
114.654433
114.654433
114.654433
114.654433
114.654433
114.654433
114.654433
114.654433
114.654433
114.654433
114.654433
114.654433
114.654433
114.654433
114.654433
114.654433
114.654433
114.654433
114.654433
114.654433
114.654433
114.654433
114.654433
114.654433
114.654433
114.654433
114.654433
114.654433
114.654433
114.654433
114.654433
114.654433
114.654433
114.654433
114.654433
114.654433
114.654433
114.654433
114.654433
114.654433
114.654433
114.654433
114.654433
114.654433
114.654433
114.654433
114.654433
114.654433
114.654433
114.654433
114.654433
114.654433
114.654433
114.654433
114.654433
114.654433
114.654433
114.654433
114.654433
114.654433
114.654433
114.654433
114.654433
114.654433
114.654433
114.654433
114.654433
114.654433
114.654433
114.654433
114.654433
114.654433
114.654433
114.654433
114.654433
114.654433
114.654433
114.654433
114.654433
114.654433
114.654433
114.654433
114.654433
114.654433
114.654433
114.654433
114.654433
114.654433
114.654433
114.654433
114.654433
114.654433
114.654433
114.654433
114.654433
114.654433
114.654433
114.654433
114.654433
114.654433
114.654433
114.654433
114.654433
114.654433
114.654433
114.654433
114.654433
114.654433
114.654433
114.654433
114.654433
114.654433
114.654433
114.654433
114.654433
114.654433
114.654433
114.654433
114.654433
114.654433
114.654433
114.654433
114.654433
114.654433
114.654433
114.654433
114.654433
114.654433
114.654433
114.654433
114.654433
114.654433
114.654433
114.654433
114.654433
114.654433
114.654433
114.654433
114.654433
114.654433
114.654433
114.654433
114.654433
114.654433
114.654433
114.654433
114.654433
114.654433
114.654433
114.654433
114.654433
114.654433
114.654433
114.654433
114.654433
114.654433
114.654433
114.654433
114.654433
114.654433
114.654433
114.654433
114.654433
114.654433
114.654433
114.654433
114.654433
114.654433
114.654433
114.654433
114.654433
114.654433
114.654433
114.654433
114.654433
114.654433
114.654433
114.654433
114.654433
114.654433
114.654433
114.654433
114.654433
114.654433
114.654433
114.654433
114.654433
114.654433
114.654433
114.654433
114.654433
114.654433
114.654433
114.654433
114.654433
114.654433
114.654433
114.654433
114.654433
114.654433
114.654433
114.654433
114.654433
114.654433
114.654433
114.654433
114.654433
114.654433
114.654433
114.654433
114.654433
114.654433
114.654433
114.654433
114.654433
114.654433
114.654433
114.654433
114.654433
114.654433
114.654433
114.654433
114.654433
114.654433
114.654433
114.654433
114.654433
114.654433
114.654433
114.654433
114.654433
114.654433
114.654433
114.654433
114.654433
114.654433
114.654433
114.654433
114.654433
114.654433
114.654433
114.654433
114.654433
114.654433
114.654433
114.654433
114.654433
114.654433
114.654433
114.654433
114.654433
114.654433
114.654433
114.654433
114.654433
114.654433
114.654433
114.654433
114.654433
114.654433
114.654433
114.654433
114.654433
114.654433
114.654433
114.654433
114.654433
114.654433
114.654433
114.654433
114.654433
114.654433
114.654433
114.654433
114.654433
114.654433
114.654433
114.654433
114.654433
114.654433
114.654433
114.654433
114.654433
114.654433
114.654433
114.654433
114.654433
114.654433
114.654433
114.654433
114.654433
114.654433
114.654433
114.654433
114.654433
114.654433
114.654433
114.654433
114.654433
114.654433
114.654433
114.654433
114.654433
114.654433
114.654433
114.654433
114.654433
114.654433
114.654433
114.654433
114.654433
114.654433
114.654433
114.654433
114.654433
114.654433
114.654433
114.654433
114.654433
114.654433
114.654433
114.654433
114.654433
114.654433
114.654433
114.654433
114.654433
114.654433
114.654433
114.654433
114.654433
114.654433
114.654433
114.654433
114.654433
114.654433
114.654433
114.654433
114.654433
114.654433
114.654433
114.654433
114.654433
114.654433
114.654433
114.654433
114.654433
114.654433
114.654433
114.654433
114.654433
114.654433
114.654433
114.654433
114.654433
114.654433
114.654433
114.654433
114.654433
114.654433
114.654433
114.654433
114.654433
114.654433
114.654433
114.654433
114.654433
114.654433
114.654433
114.654433
114.654433
114.654433
114.654433
114.654433
114.654433
114.654433
114.654433
114.654433
114.654433
114.654433
114.654433
114.654433
114.654433
114.654433
114.654433
114.654433
114.654433
114.654433
114.654433
114.654433
114.654433
114.654433
114.654433
114.654433
114.654433
114.654433
114.654433
114.654433
114.654433
114.654433
114.654433
114.654433
114.654433
114.654433
114.654433
114.654433
114.654433
114.654433
114.654433
114.654433
114.654433
114.654433
114.654433
114.654433
114.654433
114.654433
114.654433
114.654433
114.654433
114.654433
114.654433
114.654433
114.654433
114.654433
114.654433
114.654433
114.654433
114.654433
114.654433
114.654433
114.654433
114.654433
114.654433
114.654433
114.654433
114.654433
114.654433
114.654433
114.654433
114.654433
114.654433
114.654433
114.654433
114.654433
114.654433
114.654433
114.654433
114.654433
114.654433
114.654433
114.654433
114.654433
114.654433
114.654433
114.654433
114.654433
114.654433
114.654433
114.654433
114.654433
114.654433
114.654433
114.654433
114.654433
114.654433
114.654433
114.654433
114.654433
114.654433
114.654433
114.654433
114.654433
114.654433
114.654433
114.654433
114.654433
114.654433
114.654433
114.654433
114.654433
114.654433
114.654433
114.654433
114.654433
114.654433
114.654433
114.654433
114.654433
114.654433
114.654433
114.654433
114.654433
114.654433
114.654433
114.654433
114.654433
114.654433
114.654433
114.654433
114.654433
114.654433
114.654433
114.654433
114.654433
114.654433
114.654433
114.654433
114.654433
114.654433
114.654433
114.654433
114.654433
114.654433
114.654433
114.654433
114.654433
114.654433
114.654433
114.654433
114.654433
114.654433
114.654433
114.654433
114.654433
114.654433
114.654433
114.654433
114.654433
114.654433
114.654433
114.654433
114.654433
114.654433
114.654433
114.654433
114.654433
114.654433
114.654433
114.654433
114.654433
114.654433
114.654433
114.654433
114.654433
114.654433
114.654433
114.654433
114.654433
114.654433
114.654433
114.654433
114.654433
114.654433
114.654433
114.654433
114.654433
114.654433
114.654433
114.654433
114.654433
114.654433
114.654433
114.654433
114.654433
114.654433
114.654433
114.654433
114.654433
114.654433
114.654433
114.654433
114.654433
114.654433
114.654433
114.654433
114.654433
114.654433
114.654433
114.654433
114.654433
114.654433
114.654433
114.654433
114.654433
114.654433
114.654433
114.654433
114.654433
114.654433
114.654433
114.654433
114.654433
114.654433
114.654433
114.654433
114.654433
114.654433
114.654433
114.654433
114.654433
114.654433
114.654433
114.654433
114.654433
114.654433
114.654433
114.654433
114.654433
114.654433
114.654433
114.654433
114.654433
114.654433
114.654433
114.654433
114.654433
114.654433
114.654433
114.654433
114.654433
114.654433
114.654433
114.654433
114.654433
114.654433
114.654433
114.654433
114.654433
114.654433
114.654433
114.654433
114.654433
114.654433
114.654433
114.654433
114.654433
114.654433
114.654433
114.654433
114.654433
114.654433
114.654433
114.654433
114.654433
114.654433
114.654433
114.654433
114.654433
114.654433
114.654433
114.654433
114.654433
114.654433
114.654433
114.654433
114.654433
114.654433
114.654433
114.654433
114.654433
114.654433
114.654433
114.654433
114.654433
114.654433
114.654433
114.654433
114.654433
114.654433
114.654433
114.654433
114.654433
114.654433
114.654433
114.654433
114.654433
114.654433
114.654433
114.654433
114.654433
114.654433
114.654433
114.654433
114.654433
114.654433
114.654433
114.654433
114.654433
114.654433
114.654433
114.654433
114.654433
114.654433
114.654433
114.654433
114.654433
114.654433
114.654433
114.654433
114.654433
114.654433
114.654433
114.654433
114.654433
114.654433
114.654433
114.654433
114.654433
114.654433
114.654433
114.654433
114.654433
114.654433
114.654433
114.654433
114.654433
114.654433
114.654433
114.654433
114.654433
114.654433
114.654433
114.654433
114.654433
114.654433
114.654433
114.654433
114.654433
114.654433
114.654433
114.654433
114.654433
114.654433
114.654433
114.654433
114.654433
114.654433
114.654433
114.654433
114.654433
114.654433
114.654433
114.654433
114.654433
114.654433
114.654433
114.654433
114.654433
114.654433
114.654433
114.654433
114.654433
114.654433
114.654433
114.654433
114.654433
114.654433
114.654433
114.654433
114.654433
114.654433
114.654433
114.654433
114.654433
114.654433
114.654433
114.654433
114.654433
114.654433
114.654433
114.654433
114.654433
114.654433
114.654433
114.654433
114.654433
114.654433
114.654433
114.654433
114.654433
114.654433
114.654433
114.654433
114.654433
114.654433
114.654433
114.654433
114.654433
114.654433
114.654433
114.654433
114.654433
114.654433
114.654433
114.654433
114.654433
114.654433
114.654433
114.654433
114.654433
114.654433
114.654433
114.654433
114.654433
114.654433
114.654433
114.654433
114.654433
114.654433
114.654433
114.654433
114.654433
114.654433
114.654433
114.654433
114.654433
114.654433
114.654433
114.654433
114.654433
114.654433
114.654433
114.654433
114.654433
114.654433
114.654433
114.654433
114.654433
114.654433
114.654433
114.654433
114.654433
114.654433
114.654433
114.654433
114.654433
114.654433
114.654433
114.654433
114.654433
114.654433
114.654433
114.654433
114.654433
114.654433
114.654433
114.654433
114.654433
114.654433
114.654433
114.654433
114.654433
114.654433
114.654433
114.654433
114.654433
114.654433
114.654433
114.654433
114.654433
114.654433
114.654433
114.654433
114.654433
114.654433
114.654433
114.654433
