295.368275
291.616179
253.984850
244.272065
238.971583
227.566913
212.120292
195.579396
178.732476
158.015235
147.066903
138.415413
134.430828
133.644547
135.250285
135.250285
129.526239
129.093174
125.978703
125.440399
126.354000
124.362726
124.362726
120.108511
120.108511
117.594701
117.594701
117.594701
117.594701
113.990427
113.990427
113.990427
113.990427
110.655537
110.655537
112.667843
112.667843
112.667843
113.057386
113.057386
113.057386
110.123703
110.123703
108.679392
106.576701
106.576701
104.792422
107.470116
107.470116
106.494865
106.494865
106.494865
105.206644
105.206644
100.475574
98.015680
98.015680
98.015680
98.015680
98.015680
95.680289
95.680289
95.680289
95.680289
95.680289
95.680289
95.680289
94.770763
92.775782
92.775782
91.305694
91.305694
91.162863
91.162863
91.162863
91.162863
91.162863
92.867545
92.867545
84.996766
84.996766
84.996766
84.996766
84.996766
84.996766
84.996766
86.594882
86.594882
86.594882
86.594882
86.594882
86.594882
86.594882
86.594882
86.594882
83.845249
83.845249
83.845249
83.845249
83.845249
83.845249
83.845249
84.812971
85.183275
85.183275
85.183275
85.183275
85.183275
84.335376
84.335376
84.335376
84.335376
84.335376
83.586331
80.474259
80.474259
76.556039
76.556039
76.556039
72.154482
72.154482
72.154482
72.186296
72.186296
69.371949
69.785047
69.785047
69.785047
65.913601
65.913601
65.913601
65.913601
65.913601
65.913601
65.913601
65.913601
65.913601
65.913601
65.913601
65.913601
65.913601
65.913601
65.913601
65.913601
65.913601
65.913601
65.913601
65.913601
65.913601
65.913601
65.913601
65.913601
65.913601
65.913601
65.913601
65.913601
65.913601
65.913601
65.913601
65.913601
65.913601
65.913601
66.029941
66.029941
66.029941
66.029941
66.029941
66.029941
66.029941
66.029941
66.029941
65.532594
65.532594
65.532594
64.529435
64.529435
64.529435
64.529435
64.529435
64.529435
64.529435
64.529435
64.529435
64.529435
64.529435
64.529435
64.529435
64.529435
63.542573
63.542573
63.542573
63.542573
63.542573
63.542573
63.542573
63.542573
63.542573
63.542573
63.542573
61.488728
61.488728
61.488728
61.488728
61.488728
61.488728
60.443947
61.312997
61.312997
61.457889
58.662034
58.662034
58.662034
57.334157
57.334157
57.334157
56.976891
56.976891
56.976891
56.976891
56.869589
56.869589
56.869589
56.869589
57.249658
57.249658
57.249658
57.249658
55.516048
55.516048
55.516048
55.516048
55.516048
55.516048
55.010053
54.855496
55.277226
57.077441
57.077441
57.077441
57.077441
57.077441
57.077441
57.077441
57.077441
57.077441
57.077441
57.077441
57.077441
57.450312
57.450312
57.450312
57.450312
57.450312
57.450312
57.450312
56.202494
54.896119
54.896119
54.896119
54.896119
54.896119
54.896119
54.896119
56.978733
56.978733
56.978733
56.978733
56.978733
56.978733
56.978733
56.978733
56.978733
56.978733
56.978733
56.978733
56.978733
56.978733
55.486648
55.486648
55.486648
55.486648
55.486648
55.486648
55.486648
55.486648
55.486648
55.486648
55.486648
55.486648
55.486648
55.486648
55.486648
55.486648
55.486648
55.486648
55.486648
55.486648
55.486648
55.297920
55.297920
55.297920
55.297920
55.297920
55.242928
55.242928
55.242928
55.242928
55.242928
55.242928
55.242928
55.242928
55.242928
53.647325
53.647325
53.647325
53.647325
53.647325
53.647325
54.058520
54.058520
54.058520
54.058520
54.058520
53.170573
53.170573
53.170573
53.170573
53.170573
53.170573
53.170573
53.170573
53.170573
53.170573
53.170573
53.170573
53.170573
53.170573
53.170573
53.170573
53.170573
53.170573
53.170573
51.851519
51.851519
51.851519
51.851519
51.851519
51.851519
51.851519
52.684244
52.684244
52.684244
52.684244
52.684244
52.684244
52.684244
52.684244
52.684244
52.684244
52.684244
52.684244
52.684244
52.684244
52.684244
52.684244
52.684244
52.684244
52.684244
52.684244
52.684244
52.684244
52.684244
52.684244
52.684244
52.684244
52.684244
52.684244
52.684244
52.684244
52.684244
52.684244
52.684244
52.684244
52.684244
52.684244
52.684244
51.383620
50.224707
50.224707
50.224707
50.224707
50.224707
50.224707
50.224707
50.224707
50.224707
50.224707
48.506448
48.506448
48.506448
48.506448
48.506448
48.506448
48.506448
48.506448
48.506448
48.506448
48.506448
48.506448
48.506448
48.506448
48.506448
48.506448
48.506448
48.506448
48.506448
48.506448
48.506448
48.506448
48.506448
48.506448
48.506448
48.506448
48.506448
48.506448
48.506448
48.506448
48.506448
48.066944
48.066944
48.066944
48.066944
48.066944
48.066944
48.066944
48.066944
47.876667
47.876667
47.876667
47.876667
47.876667
47.876667
47.876667
47.876667
47.876667
47.876667
47.876667
47.876667
47.437317
47.437317
47.437317
47.437317
47.437317
47.437317
47.437317
47.437317
47.437317
47.437317
47.437317
47.437317
47.437317
47.437317
47.437317
47.437317
47.437317
47.437317
47.437317
47.437317
47.101377
47.101377
47.101377
47.101377
47.101377
47.411112
47.946464
47.946464
47.946464
47.946464
47.946464
47.946464
47.946464
47.946464
47.946464
47.946464
47.946464
47.946464
47.946464
47.946464
47.946464
47.946464
47.946464
47.946464
47.697327
47.697327
47.697327
47.697327
47.697327
47.697327
47.697327
47.697327
47.697327
48.040878
48.040878
48.040878
48.040878
48.040878
48.040878
48.040878
48.040878
48.040878
48.040878
48.040878
48.040878
48.040878
48.040878
48.040878
48.040878
48.040878
48.040878
48.040878
48.040878
48.040878
48.040878
48.040878
48.040878
48.040878
48.424190
48.424190
48.424190
47.330314
47.330314
47.330314
47.330314
46.541572
46.541572
46.483688
46.483688
46.483688
46.483688
46.483688
46.483688
46.483688
46.483688
46.483688
46.483688
46.483688
46.483688
46.483688
45.763378
45.763378
45.763378
45.763378
45.763378
45.763378
45.763378
45.763378
45.763378
45.763378
45.763378
45.763378
45.763378
45.763378
45.763378
45.763378
45.763378
46.831126
46.831126
46.831126
46.831126
46.831126
46.831126
46.831126
46.831126
46.831126
46.831126
46.817877
46.817877
46.817877
46.817877
46.817877
46.817877
46.817877
46.817877
46.817877
46.817877
46.817877
46.817877
46.817877
46.817877
46.817877
46.817877
46.817877
46.817877
46.817877
46.817877
46.817877
46.817877
46.817877
46.817877
46.817877
46.817877
46.817877
46.817877
46.817877
46.817877
46.817877
46.817877
46.817877
46.817877
46.817877
46.817877
46.817877
46.817877
46.817877
46.896959
46.896959
46.018239
46.018239
46.018239
46.018239
46.018239
46.018239
46.018239
46.018239
46.018239
46.018239
46.018239
45.615600
45.615600
45.615600
45.615600
45.615600
45.615600
45.615600
45.096117
45.096117
45.096117
45.096117
45.096117
45.096117
45.096117
45.096117
45.096117
45.096117
45.096117
45.096117
45.096117
45.096117
45.096117
45.096117
45.096117
45.096117
45.096117
45.096117
45.096117
45.096117
45.096117
45.096117
45.096117
45.096117
45.096117
45.096117
45.096117
45.096117
45.096117
45.096117
45.096117
45.096117
45.096117
45.096117
44.628130
44.628130
44.628130
44.628130
44.628130
44.628130
44.628130
44.628130
44.628130
44.628130
44.678798
44.678798
44.678798
44.678798
44.678798
44.678798
44.678798
44.678798
44.678798
44.678798
44.678798
44.678798
44.678798
44.678798
44.678798
44.678798
44.678798
44.678798
44.678798
44.678798
44.678798
44.678798
44.678798
44.678798
44.678798
44.678798
44.678798
44.678798
44.678798
44.678798
44.678798
44.678798
44.678798
44.678798
44.678798
44.678798
44.678798
44.678798
44.678798
44.678798
44.678798
44.678798
44.678798
44.678798
44.678798
44.678798
44.678798
44.678798
44.678798
44.678798
44.678798
44.678798
44.678798
44.678798
44.678798
44.678798
44.678798
44.678798
44.678798
44.678798
44.678798
44.678798
44.678798
44.678798
44.678798
44.678798
44.678798
44.678798
44.678798
44.678798
44.678798
44.678798
44.678798
44.678798
44.678798
44.678798
44.678798
44.678798
44.678798
44.678798
44.678798
44.678798
44.678798
44.678798
44.678798
44.678798
44.678798
44.678798
44.678798
44.678798
44.678798
44.678798
44.678798
44.678798
44.678798
44.678798
44.678798
44.678798
44.678798
44.599676
44.599676
44.599676
44.599676
44.599676
44.599676
44.599676
44.599676
44.599676
44.599676
44.599676
44.599676
44.599676
44.599676
44.599676
44.599676
44.599676
44.599676
44.599676
44.599676
44.599676
44.599676
44.599676
44.599676
44.599676
44.599676
44.599676
44.599676
44.599676
44.599676
44.599676
44.599676
44.599676
44.599676
44.599676
44.599676
44.599676
44.599676
44.599676
44.599676
44.599676
44.599676
44.599676
44.599676
44.599676
44.599676
44.599676
44.599676
44.599676
44.599676
44.599676
44.599676
44.599676
44.599676
44.599676
44.599676
44.599676
44.599676
44.599676
44.599676
44.599676
44.599676
44.599676
44.599676
44.551581
44.551581
44.551581
44.551581
44.551581
44.551581
44.551581
44.551581
44.551581
44.551581
44.551581
44.551581
44.551581
44.551581
44.551581
44.551581
44.551581
44.551581
44.551581
44.551581
44.551581
44.551581
44.551581
44.551581
44.551581
44.551581
44.551581
44.551581
44.551581
44.551581
44.551581
44.551581
44.551581
44.551581
44.551581
44.551581
44.551581
44.320137
44.320137
43.931308
43.931308
43.931308
43.931308
43.931308
43.931308
43.931308
43.931308
43.931308
43.931308
43.931308
43.931308
43.931308
43.931308
43.931308
43.931308
43.931308
43.931308
43.931308
42.925746
42.925746
42.925746
42.925746
42.925746
42.925746
42.925746
42.925746
43.665503
43.665503
43.665503
43.665503
44.093538
44.574825
44.574825
44.574825
44.574825
44.574825
44.635254
44.635254
44.635254
44.635254
44.935337
44.935337
44.935337
44.935337
46.480416
46.480416
46.480416
46.480416
46.480416
46.480416
46.480416
46.480416
46.480416
46.480416
46.480416
46.480416
45.441542
44.705042
44.705042
44.705042
44.705042
44.705042
44.705042
44.705042
44.705042
44.705042
44.705042
44.705042
44.705042
44.705042
44.705042
44.705042
44.705042
44.705042
44.705042
44.705042
44.705042
44.705042
44.705042
44.705042
44.705042
44.705042
44.705042
44.705042
44.705042
44.705042
44.705042
44.705042
44.705042
44.705042
44.705042
44.705042
44.705042
44.705042
44.705042
44.705042
44.705042
44.705042
44.705042
44.705042
44.705042
44.705042
44.705042
44.705042
44.705042
44.705042
44.705042
44.705042
44.705042
44.705042
44.705042
44.705042
44.705042
44.705042
44.705042
44.705042
44.705042
44.705042
44.705042
44.705042
44.705042
43.532895
43.742001
43.742001
43.742001
43.742001
43.742001
43.742001
43.742001
43.742001
43.742001
43.742001
43.742001
43.742001
43.742001
43.742001
43.742001
43.742001
43.742001
43.742001
43.742001
43.742001
43.742001
43.742001
43.742001
43.742001
43.615248
43.615248
43.615248
43.615248
43.615248
43.615248
43.615248
43.615248
43.615248
43.458548
43.458548
43.458548
43.458548
43.458548
43.458548
43.458548
43.458548
43.458548
43.458548
43.458548
43.458548
43.458548
43.458548
43.458548
43.458548
43.458548
43.458548
43.458548
43.458548
43.458548
43.458548
43.458548
43.458548
43.458548
43.458548
43.458548
43.458548
43.458548
43.458548
43.458548
43.458548
43.458548
43.458548
43.458548
43.458548
43.458548
43.458548
43.458548
43.458548
43.458548
43.458548
43.030482
43.030482
43.030482
43.030482
43.030482
43.030482
43.030482
43.030482
43.030482
42.210887
42.210887
42.210887
42.210887
42.210887
42.210887
42.210887
42.210887
42.210887
42.210887
42.210887
42.210887
42.210887
42.210887
42.210887
42.210887
42.210887
42.210887
42.210887
42.210887
42.210887
42.210887
42.210887
42.210887
42.210887
42.210887
42.210887
42.210887
42.210887
42.210887
42.210887
42.210887
42.210887
42.210887
42.210887
42.210887
42.210887
42.210887
42.210887
42.210887
42.210887
42.210887
42.210887
42.210887
42.210887
42.210887
42.210887
42.210887
42.210887
42.210887
42.210887
42.210887
42.210887
42.210887
42.210887
42.210887
42.210887
42.210887
42.289260
42.289260
42.289260
42.289260
41.773023
41.773023
41.773023
41.773023
41.773023
41.773023
41.773023
41.773023
41.773023
41.773023
41.773023
41.773023
41.773023
41.773023
41.773023
41.773023
41.773023
41.773023
41.773023
41.773023
41.773023
41.773023
41.773023
41.773023
41.457237
41.457237
41.457237
41.457237
41.457237
41.457237
41.457237
41.457237
41.457237
41.457237
41.457237
41.457237
41.457237
41.457237
41.457237
41.457237
41.457237
40.460544
40.460544
40.460544
40.460544
40.460544
40.460544
40.460544
40.460544
40.460544
40.460544
40.460544
40.460544
40.460544
40.460544
40.460544
40.460544
40.460544
40.460544
40.460544
40.460544
40.460544
40.460544
40.460544
40.460544
40.460544
40.460544
40.460544
40.460544
40.460544
40.460544
40.460544
40.460544
40.460544
40.460544
40.460544
40.460544
40.460544
40.460544
40.460544
40.460544
40.460544
40.460544
40.460544
40.460544
40.460544
40.460544
41.011398
41.011398
41.011398
41.011398
40.392342
40.392342
40.392342
40.392342
40.392342
40.392342
40.152777
40.152777
40.152777
40.152777
40.152777
40.152777
40.152777
40.152777
39.948902
38.962919
38.962919
38.962919
38.962919
38.962919
38.962919
38.962919
38.962919
38.962919
38.962919
38.962919
38.962919
39.143688
39.143688
39.143688
39.143688
39.143688
39.143688
39.143688
39.143688
39.143688
39.143688
39.143688
39.143688
39.143688
39.889293
39.889293
39.889293
39.889293
39.889293
39.889293
39.889293
39.889293
39.889293
39.827213
39.827213
39.827213
39.827213
39.827213
39.827213
39.827213
39.827213
39.827213
39.827213
39.827213
39.827213
39.224187
39.224187
39.224187
39.117100
39.117100
39.117100
39.117100
39.117100
39.117100
39.117100
39.117100
39.125737
39.125737
39.125737
39.125737
39.125737
39.125737
39.125737
39.125737
39.125737
39.125737
39.125737
39.125737
39.125737
39.125737
39.125737
39.125737
39.125737
39.125737
39.125737
39.125737
37.614062
37.614062
38.011951
38.011951
38.011951
38.011951
38.011951
38.011951
38.011951
38.011951
38.011951
38.011951
38.011951
38.011951
38.011951
38.011951
38.011951
38.011951
38.011951
38.011951
38.011951
38.011951
38.011951
38.011951
38.006021
38.006021
38.006021
38.006021
38.006021
38.006021
38.006021
38.006021
38.006021
38.006021
38.006021
38.006021
38.006021
38.006021
38.006021
38.006021
38.006021
38.006021
38.435638
38.435638
38.435638
38.435638
38.435638
38.435638
38.435638
38.435638
38.435638
38.435638
38.435638
38.435638
38.435638
38.435638
38.435638
38.435638
38.435638
38.435638
38.435638
38.435638
38.435638
38.435638
38.435638
38.435638
38.435638
38.435638
38.435638
38.435638
38.435638
38.435638
38.435638
38.435638
38.435638
38.435638
38.435638
38.435638
38.435638
38.435638
38.435638
38.435638
38.435638
38.435638
38.435638
38.435638
38.435638
38.426585
38.426585
38.426585
38.426585
38.426585
38.426585
38.426585
38.426585
38.426585
38.426585
38.426585
38.426585
38.426585
38.426585
38.426585
38.426585
38.426585
38.426585
38.426585
38.426585
38.426585
38.426585
38.426585
38.426585
38.426585
38.426585
38.377581
38.377581
38.377581
38.377581
38.377581
38.399976
38.399976
38.417353
38.417353
38.178072
38.178072
38.178072
38.178072
38.178072
38.178072
38.178072
38.178072
38.178072
38.178072
38.178072
38.178072
38.178072
38.178072
38.178072
38.178072
38.178072
38.178072
38.178072
38.178072
38.178072
38.178072
38.178072
38.178072
38.178072
38.178072
38.178072
38.178072
38.178072
38.178072
38.178072
37.991980
37.991980
37.991980
37.991980
37.991980
37.991980
37.991980
37.991980
37.991980
37.991980
37.991980
37.991980
37.991980
37.991980
37.991980
37.991980
37.991980
37.991980
37.991980
37.991980
37.991980
37.991980
37.991980
37.991980
37.991980
37.991980
37.991980
37.991980
37.991980
37.991980
37.991980
37.991980
37.991980
37.991980
37.991980
37.991980
37.991980
37.991980
37.991980
37.991980
37.991980
37.991980
37.998188
37.998188
37.998188
37.998188
37.998188
38.014200
38.014200
38.014200
38.014200
38.014200
38.014200
38.014200
38.014200
38.014200
38.014200
38.014200
38.014200
38.014200
38.014200
38.014200
38.014200
38.014200
38.014200
38.014200
38.014200
38.014200
38.014200
38.014200
38.014200
38.014200
38.014200
38.014200
37.967100
37.967100
37.967100
37.967100
37.967100
37.967100
37.967100
37.967100
37.967100
37.967100
37.967100
37.967100
37.967100
37.967100
37.967100
37.967100
37.967100
37.718571
37.718571
37.718571
37.718571
37.718571
37.718571
37.718571
37.718571
37.718571
37.718571
37.718571
37.718571
37.718571
37.718571
37.718571
37.718571
37.718571
37.718571
37.718571
37.718571
37.718571
37.718571
37.718571
37.718571
37.718571
37.718571
37.710143
37.710143
37.710143
37.710143
37.710143
37.710143
37.710143
37.710143
37.710143
37.710143
37.710143
37.710143
37.710143
37.710143
37.710143
37.710143
37.710143
37.710143
37.710143
37.710143
37.710143
37.710143
37.710143
37.710143
37.710143
37.710143
37.710143
37.710143
37.710143
37.710143
37.710143
37.710143
37.710143
37.710143
37.710143
37.710143
37.710143
37.710143
37.710143
37.710143
37.710143
37.710143
37.710143
37.710143
37.710143
37.710143
37.710143
37.710143
37.710143
37.710143
37.710622
37.710622
37.710622
37.710622
37.710622
37.710622
37.714676
37.714676
37.714676
37.714676
37.714676
37.714676
37.714676
37.714676
37.714676
37.714676
37.714676
37.714676
37.714676
37.681605
37.681605
37.681605
37.681605
37.681605
37.681605
37.681605
37.662322
37.662322
37.662322
37.662322
37.662322
37.662322
37.662322
37.662322
37.662322
37.662322
37.662322
37.662322
37.662322
37.662322
37.662322
37.662322
37.662322
37.662322
37.662322
37.662322
37.662322
37.662322
37.662322
37.662322
37.662322
37.662322
37.662322
37.662322
37.662322
37.662322
37.656415
37.656415
37.656415
37.656415
37.656415
37.656415
37.656415
37.656415
37.656415
37.656415
37.656415
37.656415
37.656415
37.656415
37.656415
37.656415
37.656415
37.656415
37.656415
37.658150
37.658150
37.658150
37.658150
37.658150
37.658150
37.658150
37.668338
37.668338
37.668338
37.668338
37.668338
37.668338
37.668338
37.668338
37.668338
37.668338
37.668338
37.668338
37.668338
37.668338
37.668338
37.668338
37.668338
37.668338
37.668338
37.668338
37.668338
37.668338
37.668338
37.668338
37.668338
37.668338
37.668338
37.668338
37.668338
37.668338
37.668338
37.668338
37.668338
37.668338
37.668338
37.668338
37.668338
37.668338
37.668338
37.668338
37.668338
37.573429
37.573429
37.573429
37.573429
37.312266
37.312266
37.312266
37.312266
37.312266
37.312266
37.312266
37.312266
37.312266
37.312266
37.312266
37.312266
36.396471
36.396471
36.396471
36.396471
36.396471
36.396471
36.396471
36.396471
36.396471
36.396471
36.396471
36.396471
36.396471
36.396471
36.396471
36.396471
36.416658
36.416658
36.416658
36.416658
36.416658
36.416658
36.416658
36.416658
36.416658
36.416658
36.416658
36.315443
36.315443
36.315443
36.315443
36.315443
36.315443
36.315443
36.315443
36.315443
36.315443
36.315443
36.413493
36.413493
36.411333
36.411333
36.411333
36.411333
36.411333
36.411333
36.411333
36.411333
36.411333
36.411333
36.411333
36.411333
36.411333
36.411333
36.411333
36.411333
36.411333
36.411333
36.411333
36.430644
36.433159
36.433159
36.433159
36.433159
36.433159
36.433159
36.433159
36.433159
36.433159
36.433159
36.433159
36.433159
36.433159
36.433159
36.198663
36.198663
36.198663
36.198663
36.198663
36.155009
36.155009
36.155009
36.152776
36.152776
36.152776
36.152776
36.152776
36.152776
36.152776
36.152776
36.152776
36.152776
36.152776
36.152776
36.158066
36.158066
36.158066
36.158066
36.158066
36.158066
36.158066
36.158066
36.158066
36.158066
36.158066
36.158066
36.158066
36.158066
36.158066
36.158066
36.158066
36.158066
36.158066
36.158066
36.158066
36.158066
36.158066
36.158066
36.158066
36.158066
36.158066
36.158066
36.158066
36.158066
36.158066
36.158066
36.158066
36.158066
36.158066
36.194786
36.194786
36.194786
36.194786
36.194786
36.194786
36.194786
36.194786
36.194786
36.194786
36.194786
36.194786
36.194786
36.123700
36.123700
36.123700
36.123700
36.123700
36.123700
36.123700
36.123700
36.123700
35.634590
35.634590
35.634590
35.634590
35.634590
35.634590
35.634590
35.634590
35.634590
35.634590
35.634590
35.634590
35.634590
35.634590
35.634590
35.642156
35.642156
35.642156
35.642156
35.642156
35.648298
35.648298
35.648298
35.648298
35.648298
35.648298
35.648298
35.648298
35.648298
35.648298
35.648298
35.648298
35.648298
35.648298
35.648298
35.648298
35.648298
35.648298
35.648298
35.648298
35.648298
35.648298
35.648298
35.648298
35.648298
35.648298
35.648298
35.648298
35.648298
35.648298
35.648298
35.648298
35.648298
35.648298
35.648298
35.648298
35.648298
35.648298
35.648298
35.808257
35.808257
35.811246
35.811246
35.811246
35.811246
35.811246
35.811246
35.811246
35.811246
35.811246
35.811246
35.811246
35.811246
35.811246
35.811246
35.811246
35.811246
35.811246
35.811246
35.811246
35.811246
35.811246
35.811246
35.811246
35.811246
35.811246
35.811246
35.811246
35.811246
35.811246
35.811246
35.811246
35.811246
35.811246
35.811246
35.948092
35.948092
36.012993
36.012993
36.012993
36.012993
36.012993
36.012993
36.012993
36.012993
36.012993
36.012993
36.012993
36.012993
36.012993
36.012993
36.012993
36.012993
36.013640
36.013640
36.013640
36.013640
36.013640
36.013640
36.013640
36.013640
36.013640
36.013640
36.013640
36.013640
36.013640
36.013640
36.013640
36.013640
36.013640
36.013640
36.013640
36.013640
36.013640
36.013640
36.013640
35.909433
35.909433
35.909433
35.909433
35.909433
35.909433
35.909433
35.909433
35.909433
35.909433
35.909433
35.909433
35.909433
35.909433
35.909433
35.909433
35.996277
35.996277
35.999270
35.999270
35.999270
35.999270
35.999270
35.999270
35.999270
35.999270
35.999270
35.999270
35.999270
35.999270
35.999270
35.999270
35.999270
35.999270
35.999270
35.999270
35.999270
35.999270
35.999270
35.999270
35.999270
35.999270
35.999270
35.999270
35.999270
35.999270
35.999270
35.999270
35.999270
35.999270
35.999270
35.999270
35.396952
35.396952
35.396952
35.396952
35.396952
35.396952
35.396952
35.396952
35.396952
35.394140
35.394140
35.394140
35.394140
35.394140
35.394140
35.394140
35.394140
35.394140
35.394140
35.394140
35.394140
35.394140
35.394140
35.394140
35.394140
35.394140
35.394140
35.394140
35.394140
35.394140
35.394140
35.394140
35.394140
35.394140
35.394140
35.394140
35.394140
35.394140
35.394140
35.394140
35.394140
35.394140
35.394140
35.394140
35.394140
35.394140
35.394140
35.394140
35.394140
35.394140
35.394140
35.394140
35.394140
35.553882
35.553882
35.553882
35.553882
35.553882
35.553882
35.553882
35.553882
35.553882
35.553882
35.553882
35.553882
35.553882
35.453993
35.453993
35.453993
35.453993
35.453993
35.453993
35.453993
35.453993
35.453993
35.453993
35.453993
35.453993
35.453993
35.453993
35.397681
35.397681
35.397681
35.397681
35.397681
35.397681
35.397681
35.397681
35.397681
35.397681
35.397681
35.397681
35.397681
35.397681
35.397681
35.397681
35.271691
35.271691
35.271691
35.271691
35.271691
35.271691
35.271691
35.271691
35.271691
35.271691
35.271691
35.271691
35.269878
35.269878
35.269878
35.269878
35.269878
35.269878
35.269878
35.269878
35.269878
35.269878
35.269878
35.269878
35.269878
35.269878
35.269878
35.269878
35.269878
35.269878
35.269878
35.269878
35.269878
35.269878
35.269878
35.425489
35.425489
35.425489
35.425489
35.425489
35.425489
35.425489
35.425489
35.425489
35.425489
35.425489
35.425489
35.425489
35.425489
35.425489
35.472468
35.472468
35.568125
35.568125
35.568125
35.568125
35.568125
35.564076
35.564076
35.564076
35.564076
35.564076
35.564076
35.564076
35.501664
35.501664
35.501664
35.493989
35.493989
35.492437
35.492437
35.492437
35.492437
35.492437
35.492437
35.492437
35.492437
35.492437
35.490649
35.490649
35.490649
35.490649
35.490649
35.490649
35.490649
35.490649
35.490649
35.490649
35.490649
35.490649
35.490649
35.490649
35.490649
35.495022
35.495022
35.495022
35.495022
35.495022
35.495022
35.495022
35.495022
35.495022
35.495022
35.495022
35.495022
35.495022
35.495022
35.495022
35.495022
35.495022
35.495022
35.495022
35.495022
35.495022
35.495022
35.495022
35.495022
35.495022
35.495022
35.495022
35.495022
35.495022
35.495022
35.495022
35.495022
35.495022
35.495022
35.495022
35.495022
35.495022
35.495022
35.495022
35.495022
35.495022
35.994248
35.994248
36.057555
36.057555
36.057555
35.966467
35.966467
35.966467
35.980689
35.980689
35.980689
35.980689
35.980689
35.980689
35.980689
35.980689
35.980689
35.980689
35.980689
35.980689
35.980689
35.980689
35.980689
35.980689
35.980689
35.980689
35.980689
35.980689
35.980689
35.980689
35.980689
35.980689
35.980689
35.932817
35.932817
35.932817
35.932817
35.932817
35.932817
35.932817
35.932817
35.932817
35.932817
35.932817
35.932817
35.932817
35.932817
35.932817
35.932817
35.932817
35.932817
35.932817
35.932817
35.932817
35.932817
35.932817
35.932817
35.932817
35.932817
35.932817
35.932817
35.932817
35.932817
35.932817
35.932817
35.932817
35.932817
35.932817
35.932817
35.932817
35.932817
35.932817
35.932817
35.932817
35.932817
35.932817
35.905438
35.905438
35.905438
35.905438
35.905438
35.905438
35.991723
35.983315
35.983315
35.983315
35.992458
35.992458
35.992458
35.992458
35.992458
35.992458
35.992458
35.992458
35.992458
35.992458
35.992458
35.992458
35.992458
35.992458
35.992458
35.992458
35.992458
35.992458
35.992458
35.992458
35.992458
35.992458
35.992458
35.992458
35.665751
35.665751
35.665751
35.665751
35.665751
35.665751
35.665751
35.665751
35.665751
35.665751
35.665751
35.665751
35.665751
35.665751
35.665751
35.665751
35.665751
35.665751
35.665751
35.665751
35.665751
35.665751
35.665751
35.665751
35.665751
35.665751
35.665751
35.665751
35.665751
35.665751
35.665751
35.665751
35.665751
35.665751
35.665751
35.665751
35.665751
35.665751
35.665751
35.665751
35.665751
35.665751
35.665751
35.665751
35.665751
35.685827
35.685827
35.685827
35.685827
35.685827
35.685827
35.685827
35.685827
35.685827
35.685827
35.685827
35.685827
35.685827
35.690850
35.690850
35.690850
35.690850
35.690850
35.690850
35.690850
35.690850
35.690850
35.690850
35.690850
35.690850
35.690850
35.690850
35.690850
35.670392
35.589015
35.589015
35.589015
35.589015
35.589015
35.589015
35.589015
35.607613
35.634820
35.634820
35.634820
35.638064
35.638064
35.661053
35.661053
35.661053
35.661053
35.664253
35.664253
35.664253
35.664253
35.664253
35.664253
35.664253
35.664253
35.664253
35.664253
35.646233
35.646233
35.646233
35.646233
35.646233
35.646233
35.646233
35.642082
35.639241
35.639241
35.639241
35.642840
35.642840
35.648994
35.639913
35.639913
35.639913
35.639913
35.639913
35.639913
35.639913
35.639913
35.639913
35.639913
35.639913
35.639913
35.592188
35.592188
35.592188
35.592188
35.592188
35.592188
35.592188
35.592188
35.592188
35.592188
35.592188
35.592188
35.592188
35.585860
35.585860
35.585860
35.585860
35.585860
35.580415
35.580415
35.580415
35.580415
35.580415
35.580415
35.580415
35.580415
35.580415
35.539889
35.539889
35.531697
35.531697
35.531697
35.531697
35.531697
35.531697
35.531697
35.531697
35.531697
35.538539
35.538539
35.538539
35.538539
35.538539
35.538539
35.546814
35.546814
35.546814
35.546814
35.546814
35.546814
35.546814
35.546814
35.546814
35.546814
35.546814
35.546814
35.546814
35.546814
35.546814
35.546814
35.546814
35.546814
35.546814
35.531970
35.521816
35.521816
35.521816
35.521816
35.521816
35.521816
35.521816
35.521816
35.521816
35.521816
35.521816
35.521816
35.521816
35.520180
35.520180
35.520180
35.520180
35.520180
35.520180
35.520180
35.520180
35.520180
35.520180
35.520180
35.520180
35.520180
35.520180
35.520180
35.520180
35.520180
35.520180
35.520180
35.520180
35.520180
35.520180
35.520180
35.520180
35.520180
35.520180
35.520180
35.520180
35.525979
35.525979
35.525979
35.525979
35.525979
35.525979
35.525979
35.525979
35.525979
35.525979
35.525979
35.525979
35.525979
35.525979
35.525979
35.525979
35.525979
35.525979
35.525979
35.525979
35.525979
35.525979
35.525979
36.182867
36.182867
36.182867
36.182867
36.182867
36.182867
36.182867
36.182867
36.182867
36.182867
36.182867
36.182867
36.182867
36.182867
36.182867
36.182867
36.182867
36.182867
36.182867
36.182867
36.182867
36.182867
36.182867
36.182867
36.182867
36.182867
36.182867
36.182867
36.182867
36.182867
36.182867
36.179697
36.179697
36.179697
36.179697
36.179697
36.179697
36.179697
36.179697
36.207037
36.207037
36.207037
36.207037
36.207037
36.207037
36.207037
35.960386
35.960386
35.960386
35.960386
35.960386
35.960386
35.960386
35.960386
35.960386
35.960386
35.960386
35.960386
35.960386
35.960386
35.960386
35.960386
35.960386
35.960386
35.960386
35.960386
35.960386
35.960386
35.960386
35.960386
35.960386
35.960386
35.960386
35.960386
35.960386
35.960386
36.551715
36.551715
36.551715
36.551715
36.551715
36.559519
36.559519
36.559519
36.559519
36.559519
36.559519
36.559519
36.559519
36.559519
36.559519
36.559519
36.559519
36.543004
36.543004
36.543004
36.543004
36.543004
36.543004
36.543004
36.543004
36.543004
36.543004
36.543004
36.543004
36.543004
36.543004
36.543004
36.543004
36.543004
36.543004
36.543004
36.543004
36.539988
36.539988
36.539988
36.539988
36.538503
36.538503
36.538503
36.538503
36.538503
36.538503
36.538503
36.538503
36.538503
36.538503
36.538503
36.536321
36.536321
36.536321
36.542339
36.542339
36.542339
36.542339
36.542339
36.542339
36.542339
36.542339
36.542339
36.542339
36.542339
36.542339
36.542339
36.542339
36.542339
36.542339
36.554614
36.554614
36.559209
36.559209
36.550057
36.550057
36.550057
36.550057
36.550057
36.550057
36.550057
36.550057
36.420076
36.420076
36.420076
36.420076
36.420076
36.420076
36.420076
36.420076
36.463998
36.463998
36.463998
36.463998
36.468614
36.468614
36.474717
36.474717
36.474717
36.474717
36.474717
36.474717
36.474717
36.474717
36.474717
36.474717
36.474717
36.474717
36.474717
36.474717
36.474717
36.474717
36.474717
36.474717
36.474717
36.474717
36.474717
36.474717
36.474717
36.474717
36.474717
36.474717
36.474717
36.495673
36.495673
36.495673
36.494546
36.494546
36.494546
36.494546
36.494546
36.493162
36.493162
36.493162
36.493162
36.493162
36.493162
36.493162
36.493162
36.493352
36.493352
36.493352
36.493352
36.493352
36.500072
36.500072
36.529917
36.529917
36.529917
36.529917
36.529917
36.529917
36.529917
36.529917
36.529917
36.529917
36.534689
36.534689
36.534689
36.529389
36.529389
36.529389
36.529389
36.529389
36.529389
36.529389
36.529389
36.529389
36.529389
36.529389
36.529389
36.529389
36.529389
36.529389
36.528537
36.528537
36.528537
36.528537
36.533265
36.533265
36.533265
36.533265
36.533265
36.533265
36.533265
36.533265
36.528924
36.531801
36.531688
36.531688
36.531688
36.531688
36.531688
36.528203
36.528203
36.528203
36.528203
36.528203
36.528203
36.528203
36.528203
36.528203
36.528203
36.528203
36.528203
36.528203
36.528203
36.368444
36.368444
36.368444
36.368444
36.368444
36.368444
36.368444
36.368444
36.370502
36.371943
36.371943
36.371943
36.371943
36.371943
36.371943
36.371943
36.371943
36.371943
36.371943
36.371943
36.371943
36.371943
36.371943
36.371943
36.371943
36.371943
36.370319
36.370319
36.370319
36.370319
36.370319
36.370319
36.370319
36.370319
36.370319
36.370319
36.370319
36.370319
36.370319
36.370319
36.370319
36.370319
36.370319
36.370319
36.370319
36.370319
36.370319
36.370319
36.370319
36.370319
36.370319
36.370319
36.370319
36.380274
36.380274
36.380274
36.380274
36.380274
36.389500
36.389500
36.389500
36.389500
36.389500
36.389500
36.389500
36.389500
36.391110
36.391110
36.391110
36.391110
36.391110
36.392553
36.392553
36.392553
36.392553
36.384294
36.387494
36.387494
36.387494
36.387494
36.387494
36.387494
36.387494
36.387494
36.387494
36.387494
36.387494
36.387494
36.387494
36.387494
36.387494
36.389599
36.389599
36.390162
36.392240
36.392240
36.392240
36.392240
36.392741
36.392741
36.392741
36.392741
36.392741
36.392741
36.392741
36.392741
36.391605
36.391605
36.391737
36.391737
36.391737
36.391737
36.391737
36.391737
36.393362
36.393362
36.393362
36.393362
36.393362
36.393362
36.393362
36.393362
36.393362
36.393362
36.393362
36.393362
36.393362
36.393362
36.393362
36.393362
36.393362
36.393362
36.393362
36.393362
36.393800
36.393800
36.393800
36.393800
36.393800
36.393800
36.393800
36.393800
36.393800
36.393800
36.393800
36.393800
36.393800
36.393800
36.393415
36.393415
36.393415
36.396638
36.396638
36.396638
36.396638
36.396638
36.396638
36.396638
36.396638
36.396638
36.396638
36.396638
36.396638
36.396638
36.396638
36.396638
36.396638
36.396638
36.396638
36.396638
36.396638
36.396480
36.396480
36.396480
36.396480
36.396480
36.396480
36.396480
36.396480
36.398080
36.396005
36.396005
36.396005
36.396005
36.396005
36.396005
36.396005
36.396005
36.396005
36.396005
36.396005
36.396005
36.396005
36.396005
36.396005
36.396005
36.396005
36.396005
36.396005
36.396005
36.396005
36.396005
36.396005
36.396005
36.396005
36.395720
36.395720
36.395720
36.395720
36.395720
36.395720
36.395595
36.395595
36.395595
36.395595
36.395595
36.396299
36.396299
36.396299
36.396299
36.396299
36.396299
36.396299
36.396299
36.396299
36.396299
36.396299
36.396299
36.396299
36.396299
36.396299
36.396299
36.396299
36.396299
36.396299
36.396299
36.396299
36.396299
36.396299
36.396299
36.396299
36.396299
36.396299
36.396299
36.396299
36.396299
36.396299
36.396299
36.396299
36.396299
36.396299
36.396299
36.396299
36.412405
36.412405
36.412577
36.412577
36.412577
36.412577
36.412577
36.412577
36.412577
36.412577
36.412577
36.412577
36.412577
36.412577
36.412577
36.412577
36.412577
36.412577
36.412577
36.412577
36.412577
36.412577
36.412577
36.412577
36.412577
36.412577
36.412577
36.412577
36.412577
36.412577
36.412577
36.412577
36.408229
36.408229
36.408229
36.408229
36.408229
36.408229
36.408229
36.408229
36.408229
36.408229
36.408229
36.408229
36.408229
36.408229
36.408229
36.408229
36.408229
36.408229
36.408229
36.408229
36.408229
36.408229
36.407058
36.407058
36.407058
36.407058
36.407058
36.407058
36.407058
36.407058
36.407058
36.407058
36.407058
36.407058
36.407058
36.407058
36.407058
36.407058
36.407058
36.407058
36.407058
36.407058
36.407058
36.407058
36.407058
36.407058
36.407058
36.407058
36.407058
36.407058
36.407058
36.407058
36.407058
36.407058
36.407058
36.407058
36.407058
36.407058
36.407058
36.407058
36.407058
36.407058
36.407138
36.407138
36.407138
36.407138
36.407108
36.407108
36.407108
36.407108
36.407076
36.407076
36.407076
36.408946
36.408946
36.408946
36.408946
36.408946
36.408876
36.408876
36.420229
36.420229
36.420229
36.420229
36.420295
36.420295
36.705262
36.705262
36.705262
36.705262
36.705262
36.705744
36.705744
36.705744
36.705744
36.705744
36.705744
36.705744
36.705744
36.705744
36.705744
36.705744
36.705744
36.705744
36.705744
36.705744
36.705744
36.707564
36.707564
36.707564
36.707564
36.707564
36.707564
36.707564
36.707631
36.707631
36.707461
36.707461
36.707461
36.707461
36.707461
36.707461
36.707461
36.707461
36.707461
36.707461
36.708285
36.708285
36.708285
36.567042
36.567042
36.567042
36.567042
36.567042
36.567042
36.567042
36.567042
36.567042
36.567042
36.567042
36.567042
36.567042
36.567042
36.567042
36.567042
36.567042
36.567042
36.575085
36.575085
36.575085
36.575085
36.575046
36.575046
36.575175
36.579841
36.579841
36.579841
36.579841
36.577191
36.577191
36.577191
36.577191
36.577191
36.577191
36.577191
36.577191
36.577191
36.577191
36.577762
36.577762
36.577762
36.577762
36.577762
36.577762
36.577762
36.577762
36.577762
36.577762
36.577762
36.577762
36.575784
36.575784
36.575784
36.575784
36.575784
36.575784
36.575784
36.575784
36.575784
36.575784
36.575784
36.575784
36.575784
36.575784
36.575784
36.575784
36.575784
36.575784
36.575784
36.575784
36.575784
36.576004
36.576004
36.576001
36.576001
36.576001
36.576001
36.576001
36.576001
36.576001
36.576001
36.576001
36.576001
36.576001
36.576001
36.576001
36.576001
36.576001
36.576001
36.576001
36.576001
36.576001
36.576001
36.576001
36.576001
36.576001
36.576001
36.576001
36.576001
36.576001
36.576001
36.576001
36.576001
36.576001
36.576018
36.576018
36.576018
36.576018
36.576018
36.576018
36.576018
36.576018
36.576018
36.576018
36.579927
36.579927
36.579927
36.579927
36.579927
36.579927
36.579927
36.579927
36.579927
36.582991
36.582991
36.582991
36.582991
36.582991
36.582991
36.582991
36.582991
36.582991
36.582531
36.582531
36.582531
36.582531
36.582531
36.582531
36.582531
36.582531
36.582531
36.582531
36.582531
36.582508
36.582508
36.582508
36.582454
36.582454
36.582454
36.582454
36.582454
36.582454
36.582454
36.582454
36.582454
36.582454
36.582454
36.582454
36.582454
36.582454
36.582454
36.582454
36.582454
36.582454
36.593826
36.593826
36.593826
36.593826
36.593826
36.593826
36.593826
36.593826
36.592891
36.592891
36.592891
36.592891
36.592891
36.592891
36.592891
36.592891
36.592891
36.592891
36.592891
36.592891
36.592891
36.598280
36.598280
36.598280
36.598280
36.598280
36.598280
36.598280
36.598280
36.598280
36.598280
36.598280
36.598276
36.598276
36.598276
36.598276
36.598276
36.598276
36.598276
36.598473
36.598473
36.598473
36.598473
36.598473
36.598473
36.598473
36.598473
36.598473
36.598473
36.598473
36.598473
36.598473
36.598418
36.598418
36.598418
36.598418
36.598418
36.598418
36.598418
36.598418
36.598418
36.598418
36.598418
36.598418
36.598418
36.599463
36.601188
36.601188
36.601188
36.601188
36.601188
36.601188
36.601188
36.601188
36.601188
36.601188
36.601188
36.601188
36.601188
36.601188
36.601188
36.601188
36.601188
36.601101
36.601101
36.601101
36.601101
36.601101
36.601101
36.601101
36.601101
36.601553
36.601553
36.601553
36.601553
36.601553
36.601553
36.601553
36.601553
36.601553
36.601553
36.601553
36.601553
36.601276
36.601276
36.601276
36.601276
36.601276
36.601276
36.601276
36.601276
36.601276
36.601276
36.601276
36.601276
36.601276
36.601276
36.601276
36.601276
36.601276
36.601276
36.601276
36.610346
36.610346
36.610346
36.610346
36.610346
36.610346
36.610490
36.610490
36.610490
36.610490
36.610490
36.610490
36.610584
36.610584
36.610584
36.610584
36.610584
36.610584
36.610584
36.610584
36.610584
36.610584
36.610584
36.610584
36.610584
36.610584
36.610584
36.610584
36.610584
36.610584
36.610584
36.610584
36.610584
36.610584
36.610846
36.610846
36.610846
36.610846
36.613992
36.613992
36.613992
36.613992
36.613992
36.613992
36.613992
36.613992
36.613992
36.613992
36.613992
36.613992
36.613992
36.613992
36.613992
36.613992
36.613992
36.613992
36.613992
36.613992
36.613992
36.613992
36.613992
36.613992
36.613992
36.615666
36.615666
36.615666
36.615666
36.615666
36.615666
36.615666
36.615666
36.615666
36.615666
36.615666
36.615666
36.615666
36.615666
36.615666
36.615666
36.615666
36.615666
36.615666
36.615666
36.615666
36.616575
36.616575
36.616575
36.616575
36.616575
36.616575
36.616575
36.616575
36.616575
36.616575
36.616575
36.616575
36.616575
36.616575
36.616575
36.616575
36.616575
36.616575
36.616575
36.610440
36.610440
36.610440
36.610440
36.610440
36.610440
36.610440
36.610440
36.610440
36.610440
36.610440
36.610440
36.610440
36.610831
36.610831
36.609231
36.609231
36.609231
36.609231
36.609231
36.609231
36.609205
36.609205
36.609205
36.609205
36.609205
36.609205
36.609205
36.609205
36.609205
36.609205
36.609330
36.609330
36.612256
36.612780
36.612780
36.612780
36.614160
36.614160
36.614160
36.614160
36.614160
36.614160
36.614160
36.614160
36.614160
36.614225
36.614225
36.614225
36.614225
36.614225
36.614225
36.614225
36.614225
36.614225
36.614225
36.614225
36.614225
36.614225
36.614225
36.614225
36.614225
36.614225
36.614651
36.614651
36.614651
36.614651
36.614651
36.614651
36.614651
36.614651
36.614651
36.614651
36.614624
36.614624
36.614624
36.614624
36.614624
36.614624
36.614624
36.614624
36.614624
36.614624
36.614624
36.614624
36.614624
36.614624
36.614624
36.614624
36.614624
36.614624
36.614624
36.614624
36.614624
36.614624
36.614624
36.614624
36.614624
36.614624
36.614624
36.614624
36.614624
36.614624
36.614624
36.614624
36.614624
36.614624
36.614624
36.614624
36.614624
36.614624
36.614624
36.614624
36.614624
36.614624
36.614624
36.614624
36.614624
36.614624
36.614901
36.614901
36.614901
36.614901
36.614901
36.614901
36.614901
36.614901
36.614901
36.614901
36.614901
36.615923
36.615923
36.615923
36.615923
36.615923
36.615923
36.615923
36.615923
36.615923
36.615923
36.615923
36.615923
36.615923
36.615923
36.615923
36.634753
36.634753
36.634753
36.634753
36.634753
36.634753
36.634753
36.638588
36.638588
36.638588
36.638588
36.638588
36.638838
36.638838
36.638838
36.638838
36.638838
36.638838
36.638838
36.638838
36.638838
36.638838
36.638838
36.638838
36.638838
36.638838
36.638838
36.638838
36.638838
36.638838
36.638838
36.644975
36.644975
36.644975
36.644975
36.644975
36.644975
36.644975
36.644975
36.644975
36.644975
36.644975
36.644975
36.644975
36.644975
36.644975
36.644975
36.644975
36.644975
36.644975
36.645093
36.645337
36.645337
36.645337
36.645337
36.651793
36.651793
36.651793
36.651793
36.651793
36.651793
36.651793
36.651793
36.651793
36.651793
36.651793
36.651793
36.651793
36.654790
36.654790
36.654790
36.654790
36.654790
36.654790
36.654790
36.654790
36.657427
36.657427
36.657427
36.658891
36.658891
36.658445
36.658445
36.658445
36.657551
36.657551
36.657060
36.657060
36.657060
36.657060
36.657060
36.657060
36.657060
36.657060
36.657060
36.657060
36.657060
36.657122
36.657122
36.657122
36.657122
36.657122
36.657122
36.657122
36.657122
36.657069
36.656998
36.656998
36.656998
36.656998
36.656998
36.656998
36.656998
36.656998
36.653375
36.653375
36.653375
36.653375
36.655617
36.655617
36.655617
36.655617
36.655617
36.655617
36.655617
36.655617
36.655617
36.655617
36.655617
36.655617
36.655617
36.655617
36.655617
36.655617
36.655617
36.655617
36.653802
36.653802
36.653802
36.653802
36.653802
36.653802
36.653802
36.658625
36.658625
36.658625
36.658625
36.658625
36.658625
36.658625
36.658625
36.658625
36.658625
36.658625
36.658625
36.658625
36.658625
36.658625
36.658625
36.658625
36.658625
36.658625
36.653658
36.653658
36.653658
36.653658
36.653658
36.653976
36.653976
36.653976
36.655545
36.655545
36.651294
36.651294
36.651294
36.651294
36.651294
36.651296
36.651296
36.651296
36.651296
36.651296
36.452801
36.452801
36.452801
36.452801
36.452801
36.452801
36.452801
36.459699
36.459699
36.459699
36.459699
36.459699
36.459699
36.459699
36.459699
36.459699
36.459699
36.459699
36.459699
36.459699
36.459699
36.459699
36.459699
36.459699
36.459699
36.459699
36.460679
36.460679
36.460679
36.460679
36.460679
36.460679
36.460679
36.460679
36.460679
36.460679
36.460679
36.460497
36.460497
36.460497
36.460497
36.460497
36.460497
36.460497
36.460497
36.460497
36.460497
36.460497
36.460497
36.460497
36.460497
36.460497
36.460497
36.460497
36.460497
36.460497
36.460497
36.460497
36.460497
36.460497
36.460497
36.460888
36.460888
36.460888
36.460888
36.460888
36.460888
36.460888
36.460888
36.460888
36.460888
36.460888
36.460888
36.460888
36.460888
36.461499
36.461499
36.461534
36.461534
36.461534
36.461534
36.461534
36.461534
36.461534
36.461534
36.468709
36.468709
36.468709
36.468709
36.468709
36.468694
36.468694
36.468694
36.468694
36.468694
36.468694
36.468694
36.468694
36.474821
36.474821
36.474821
36.474821
36.474821
36.474821
36.474821
36.474821
36.474821
36.474821
36.474821
36.474821
36.474821
36.474821
36.474821
36.474821
36.474821
36.474821
36.474821
36.299634
36.299634
36.299634
36.299634
36.299634
36.299634
36.299634
36.299634
36.299634
36.299634
36.299634
36.299634
36.299634
36.299634
36.299634
36.299634
36.299634
36.299634
36.299634
36.299634
36.299634
36.299634
36.299494
36.299494
36.301841
36.301841
36.301841
36.301841
36.301841
36.301841
36.301841
36.301841
36.301841
36.301841
36.301841
36.301841
36.301841
36.301841
36.301841
36.303368
36.303368
36.303368
36.303368
36.303368
36.303368
36.303368
36.309809
36.309809
36.309809
36.309809
36.309809
36.309809
36.309809
36.309809
36.309809
36.309809
36.309809
36.309809
36.309809
36.309809
36.309809
36.309809
36.309809
36.309809
36.309809
36.309809
36.311041
36.311041
36.311041
36.311041
36.311041
36.311041
36.311041
36.311205
36.311205
36.311205
36.311205
36.311205
36.311205
36.311205
36.311205
36.311205
36.311205
36.311065
36.311065
36.311065
36.311065
36.311065
36.311065
36.311065
36.311065
36.311065
36.310720
36.309354
36.309354
36.309354
36.240886
36.240911
36.240911
36.240911
36.240911
36.240911
36.240911
36.240911
36.240911
36.240911
36.240911
36.240911
36.240911
36.237620
36.237620
36.237620
36.237620
36.237620
36.237620
36.237620
36.237620
36.237620
36.237620
36.237620
36.237620
36.237620
36.237620
36.237620
36.237620
36.237620
36.237620
36.237620
36.237620
36.237620
36.237620
36.237620
36.237620
36.237620
36.237620
36.238424
36.238424
36.238424
36.238424
36.238424
36.238424
36.238424
36.238424
36.238424
36.238424
36.238424
36.238424
36.238424
36.238424
36.238424
36.238424
36.238424
36.237256
36.237256
36.237256
36.237256
36.237256
36.237256
36.237256
36.237256
36.238758
36.238758
36.238758
36.242095
36.242095
36.242095
36.242095
36.242095
36.242095
36.242095
36.242095
36.242095
36.242095
36.242095
36.242095
36.242095
36.242095
36.242095
36.242095
36.242095
36.242095
36.242095
36.242095
36.242095
36.242095
36.242095
36.242095
36.244553
36.258272
36.258272
36.258272
36.258461
36.257953
36.257953
36.257953
36.257953
36.257953
36.257953
36.258654
36.258654
36.258654
36.258654
36.259061
36.259061
36.259061
36.259061
36.259061
36.259061
36.259061
36.259061
36.256732
36.256732
36.256732
36.256732
36.258437
36.257107
36.257107
36.257107
36.257107
36.257107
36.257107
36.257107
36.257107
36.257107
36.257107
36.259883
36.259883
36.259883
36.262080
36.262080
36.262080
36.262080
36.262080
36.262080
36.262080
36.262080
36.262080
36.262080
36.261905
36.261905
36.261905
36.261905
36.267437
36.267437
36.267437
36.267437
36.267437
36.267437
36.267437
36.267561
36.267561
36.267782
36.267782
36.267782
36.269452
36.269452
36.269452
36.269856
36.269856
36.269856
36.269856
36.269856
36.269856
36.269856
36.269856
36.269856
36.269856
36.269856
36.269856
36.269856
36.269856
36.269856
36.270087
36.270087
36.270087
36.270087
36.270087
36.275358
36.275358
36.275358
36.275385
36.275385
36.275385
36.275385
36.275385
36.275385
36.275385
36.275385
36.275385
36.275385
36.275385
36.275385
36.275179
36.275179
36.275179
36.276268
36.276268
36.276268
36.276629
36.276629
36.276629
36.276715
36.276715
36.276715
36.276715
36.276715
36.276715
36.276025
36.276025
36.276025
36.276025
36.276025
36.276025
36.276025
36.276025
36.276025
36.276025
36.276025
36.276025
36.317891
36.317891
36.317441
36.317441
36.317441
36.317441
36.317483
36.317483
36.317483
36.317483
36.317483
36.317483
36.317483
36.317483
36.317483
36.317483
36.317483
36.317483
36.317483
36.317483
36.317483
36.317483
36.317483
36.317483
36.317483
36.317483
36.317483
36.317483
36.317483
36.317483
36.317483
36.317483
36.317483
36.317483
36.317483
36.317483
36.317483
36.317788
36.317788
36.317788
36.317788
36.317788
36.317788
36.317788
36.317788
36.317788
36.317788
36.317788
36.317788
36.317788
36.317788
36.317788
36.316216
36.316216
36.316128
36.316128
36.316128
36.316152
36.316152
36.315187
36.315187
36.315187
36.315187
36.315187
36.315187
36.315187
36.315187
36.315187
36.316425
36.316425
36.316443
36.316443
36.316443
36.319259
36.319259
36.327729
36.327729
36.327729
36.327729
36.327729
36.327729
36.327729
36.327767
36.327767
36.327767
36.327767
36.327767
36.327767
36.327767
36.327767
36.327767
36.327767
36.327767
36.327767
36.327767
36.327767
36.327925
36.327925
36.327925
36.327925
36.327925
36.327925
36.327925
36.327925
36.327925
36.327925
36.327925
36.327925
36.327925
36.327925
36.327925
36.327925
36.327925
36.327925
36.327925
36.327995
36.327995
36.328034
36.328152
36.328152
36.328152
36.328152
36.328152
36.328152
36.328152
36.328152
36.328152
36.328152
36.328152
36.328152
36.328152
36.328152
36.328152
36.328152
36.328152
36.328152
36.328152
36.328152
36.328144
36.329593
36.329593
36.329593
36.329593
36.329593
36.329593
36.329593
36.329593
36.329593
36.329593
36.329593
36.329593
36.329593
36.329593
36.329593
36.329593
36.329593
36.329593
36.329593
36.329593
36.329593
36.329593
36.329593
36.329593
36.329593
36.329593
36.329593
36.329593
36.329593
36.329593
36.329593
36.329593
36.329593
36.329593
36.329593
36.329593
36.329593
36.329593
36.329593
36.329593
36.329593
36.329593
36.329593
36.329593
36.329593
36.329593
36.329593
36.329593
36.329593
36.329593
36.329593
36.329593
36.329593
36.329593
36.329593
36.329593
36.329593
36.329593
36.329593
36.329593
36.329593
36.329593
36.329593
36.329593
36.329593
36.329593
36.329593
36.329593
36.329593
36.329593
36.329593
36.329667
36.329667
36.330198
36.330274
36.330274
36.330274
36.330435
36.330435
36.330435
36.330435
36.330435
36.330435
36.330435
36.330435
36.330435
36.330435
36.330435
36.330435
36.330435
36.330435
36.330435
36.330435
36.330435
36.330534
36.330534
36.330534
36.330534
36.330534
36.330534
36.330534
36.330534
36.330534
36.330534
36.330534
36.330534
36.330534
36.330534
36.301695
36.301695
36.301695
36.301695
36.320910
36.320910
36.320910
36.320910
36.320910
36.322014
36.322014
36.322014
36.322014
36.322014
36.322014
36.322014
36.322057
36.322057
36.322057
36.322057
36.322057
36.322208
36.322208
36.322208
36.322208
36.322208
36.322208
36.322208
36.322208
36.322208
36.322208
36.322208
36.322281
36.322281
36.322281
36.322281
36.322281
36.322281
36.322281
36.322281
36.322363
36.322363
36.322363
36.322363
36.322363
36.322363
36.322363
36.322363
36.322400
36.322400
36.322400
36.322400
36.322400
36.322400
36.322400
36.322400
36.322400
36.322400
36.325772
36.325772
36.325772
36.325772
36.325772
36.325772
36.323996
36.323996
36.323996
36.323996
36.323996
36.323996
36.323996
36.324034
36.324034
36.324053
36.324053
36.324047
36.324047
36.324047
36.324047
36.324047
36.324047
36.324047
36.323945
36.323945
36.323945
36.323945
36.323945
36.323945
36.323945
36.322708
36.322708
36.322708
36.322708
36.321655
36.321655
36.321655
36.321655
36.321655
36.321655
36.321655
36.321655
36.321655
36.321655
36.321655
36.321655
36.321655
36.321655
36.320822
36.320822
36.320822
36.320822
36.320822
36.320822
36.320822
36.320822
36.320822
36.320822
36.320822
36.320822
36.320822
36.320822
36.348840
36.348840
36.348840
36.348840
36.348840
36.348840
36.348840
36.348840
36.348840
36.348840
36.348840
36.348840
36.348840
36.348840
36.348840
36.348840
36.348840
36.348840
36.348840
36.348840
36.348840
36.348831
36.348831
36.348831
36.348831
36.348831
36.348831
36.363797
36.363797
36.363797
36.363797
36.363797
36.363797
36.363797
36.363797
36.363797
36.363797
36.363797
36.363797
36.363797
36.360447
36.360447
36.360447
36.360447
36.360447
36.360447
36.360447
36.360447
36.360447
36.360447
36.360447
36.360447
36.360447
36.360447
36.360447
36.360447
36.360447
36.360447
36.360447
36.360447
36.360447
36.360447
36.360447
36.360447
36.360478
36.360478
36.360478
36.360478
36.360478
36.360478
36.360478
36.360478
36.360478
36.364067
36.364067
36.364067
36.364067
36.364067
36.364155
36.364155
36.364155
36.364155
36.364155
36.278942
36.278942
36.278942
36.278942
36.278942
36.278942
36.278942
36.278942
36.278942
36.278942
36.278942
36.278942
36.278942
36.278942
36.278942
36.278942
36.278942
36.278942
36.278942
36.278942
36.278942
36.278942
36.278942
36.278942
36.278942
36.278942
36.278942
36.278942
36.278942
36.278942
36.278942
36.278942
36.278942
36.278942
36.204972
36.204972
36.204972
36.204972
36.204972
36.205082
36.205082
36.205082
36.219834
36.219834
36.219834
36.219834
36.219834
36.219834
36.219834
36.219834
36.219834
36.219834
36.219834
36.219834
36.219834
36.219834
36.219834
36.219834
36.219834
36.219834
36.219834
36.219834
36.219834
36.219834
36.219834
36.219834
36.219834
36.219834
36.219834
36.219834
36.219834
36.219834
36.219222
36.219222
36.219222
36.219222
36.219222
36.219222
36.219222
36.219222
36.219483
36.219483
36.217749
36.217749
36.217749
36.217749
36.217749
36.217749
36.217749
36.217749
36.217749
36.217749
36.217749
36.217782
36.217782
36.217782
36.217782
36.217782
36.217782
36.217782
36.217782
36.217782
36.217782
36.217782
36.217782
36.217782
36.217782
36.217782
36.217782
36.217782
36.217782
36.217782
36.217782
36.217782
36.217782
36.216232
36.216232
36.216232
36.216800
36.216800
36.216800
36.216800
36.216800
36.213718
36.213718
36.213718
36.213718
36.213718
36.213718
36.213718
36.213718
36.213718
36.213718
36.213718
36.213718
36.213718
36.213302
36.213302
36.213302
36.213302
36.213302
36.213302
36.213302
36.213302
36.213302
36.213302
36.213302
36.213302
36.213994
36.213994
36.213994
36.213994
36.213994
36.213994
36.213994
36.213994
36.214858
36.214858
36.214858
36.214858
36.214858
36.214858
36.214858
36.214858
36.234050
36.234050
36.234050
36.234050
36.234050
36.234050
36.234050
36.234050
36.234050
36.234050
36.234050
36.234050
36.234050
36.234050
36.234050
36.234050
36.234050
36.233578
36.233578
36.233578
36.233578
36.233642
36.233744
36.233188
36.233188
36.232781
36.232781
36.232778
36.232778
36.232778
36.232778
36.232872
36.232872
36.232872
36.232872
36.232872
36.232872
36.232872
36.232872
36.232872
36.232872
36.232872
36.232501
36.232501
36.232501
36.232501
36.232501
36.232501
36.230694
36.230694
36.230694
36.230694
36.230694
36.232836
36.232836
36.230845
36.230845
36.249900
36.249900
36.249900
36.249900
36.249900
36.249900
36.249900
36.249900
36.249900
36.249900
36.249900
36.249900
36.249900
36.249900
36.249900
36.249900
36.249900
36.249900
36.249900
36.249900
36.249900
36.249900
36.249900
36.250612
36.250584
36.250584
36.250584
36.250584
36.250584
36.250584
36.250584
36.250584
36.250584
36.250584
36.236862
36.236707
36.236707
36.236707
36.236707
36.236707
36.236707
36.236707
36.236707
36.236707
36.236707
36.236707
36.236707
36.236707
36.237298
36.237298
36.237298
36.237298
36.236294
36.236294
36.236294
36.236294
36.236294
36.236294
36.236294
36.236294
36.236294
36.236294
36.236294
36.236294
36.236294
36.236294
36.236294
36.236294
36.236294
36.236294
36.236294
36.236294
36.236294
36.236294
36.236294
36.236294
36.236294
36.236294
36.236294
36.236294
36.236294
36.236294
36.238605
36.238605
36.239380
36.239380
36.239380
36.239007
36.239007
36.239007
36.239007
36.239007
36.239007
36.239007
36.239007
36.239007
36.239007
36.239121
36.239121
36.239121
36.239121
36.239121
36.239121
36.239121
36.239115
36.239115
36.239115
36.239115
36.239115
36.239115
36.239115
36.239115
36.239115
36.239115
36.239115
36.239115
36.239115
36.239115
36.239378
36.239378
36.239378
36.239378
36.239378
36.239378
36.239378
36.239378
36.239378
36.239378
36.239378
36.239378
36.239378
36.239378
36.239378
36.239378
36.239978
36.239978
36.239978
36.239978
36.239978
36.239978
36.239978
36.239978
36.239978
36.239978
36.239978
36.239978
36.239978
36.239978
36.239978
36.239978
36.239978
36.239978
36.239978
36.239978
36.239978
36.239978
36.239939
36.239939
36.239939
36.239939
36.239939
36.239939
36.239939
36.239939
36.239939
36.240126
36.240126
36.240126
36.240126
36.240126
36.240126
36.240126
36.240126
36.240126
36.240126
36.240126
36.240126
36.240126
36.240126
36.240126
36.240126
36.240126
36.240126
36.240126
36.240446
36.240446
36.239824
36.239824
36.239842
36.239842
36.239842
36.239842
36.239598
36.239696
36.239696
36.239696
36.239806
36.239806
36.239806
36.239806
36.239806
36.239806
36.239806
36.239806
36.239806
36.239806
36.239806
36.239806
36.239806
36.239806
36.239806
36.239806
36.239806
36.239806
36.239806
36.239806
36.239806
36.239806
36.239806
36.239806
36.239806
36.239806
36.239806
36.239806
36.239806
36.239806
36.239806
36.239806
36.239712
36.239712
36.239712
36.239712
36.239712
36.239712
36.239712
36.239712
36.239712
36.239712
36.239712
36.239712
36.239712
36.239826
36.239826
36.239826
36.239826
36.239826
36.239826
36.239826
36.239826
36.240026
36.240026
36.240026
36.240026
36.240026
36.240026
36.240026
36.240026
36.240026
36.240026
36.240026
36.240026
36.240026
36.240026
36.240026
36.240026
36.240026
36.239926
36.239926
36.239926
36.239926
36.239926
36.239926
36.239926
36.239926
36.239695
36.239695
36.239695
36.239695
36.239695
36.239695
36.239695
36.239695
36.239695
36.239695
36.239695
36.239695
36.239695
36.239695
36.239695
36.239695
36.239695
36.239695
36.239695
36.239577
36.239577
36.239577
36.239577
36.239577
36.239577
36.239577
36.239577
36.239577
36.239750
36.239750
36.239750
36.239750
36.239750
36.239750
36.239750
36.239612
36.239612
36.239612
36.239612
36.239612
36.239612
36.239612
36.239612
36.239612
36.239612
36.239612
36.239612
36.239612
36.239578
36.239578
36.239578
36.239578
36.239578
36.239578
36.239578
36.239574
36.239574
36.239574
36.239574
36.239574
36.239574
36.239574
36.239574
36.239574
36.239574
36.239574
36.239574
36.239574
36.239574
36.239574
36.239574
36.239574
36.239574
36.239574
36.239574
36.239574
36.239574
36.239574
36.239574
36.239620
36.239620
36.239620
36.239620
36.239620
36.239620
36.239620
36.239620
36.239620
36.239620
36.239620
36.239620
36.239620
36.239620
36.239620
36.239620
36.239620
36.239620
36.249937
36.249937
36.249937
36.249937
36.249937
36.249937
36.249937
36.249937
36.249937
36.249937
36.249937
36.249937
36.249937
36.249937
36.249937
36.249937
36.249937
36.250463
36.250463
36.250463
36.250463
36.250463
36.250463
36.250463
36.250463
36.250463
36.250463
36.250463
36.250463
36.250463
36.250463
36.250463
36.250463
36.250463
36.250463
36.250463
36.250463
36.250463
36.250463
36.250463
36.250463
36.250463
36.250463
36.250463
36.250463
36.250463
36.250463
36.250463
36.250463
36.250463
36.250463
36.251968
36.251860
36.251860
36.251860
36.251860
36.251860
36.251860
36.251860
36.251402
36.251402
36.251402
36.251402
36.251402
36.251402
36.251402
36.251402
36.251837
36.251837
36.251837
36.251516
36.251516
36.251516
36.251516
36.251650
36.251650
36.251650
36.251650
36.251650
36.251650
36.251650
36.251650
36.251650
36.251650
36.251650
36.251650
36.251650
36.251650
36.249343
36.249343
36.249343
36.249343
36.249343
36.249343
36.249343
36.249497
36.249497
36.249497
36.249570
36.249570
36.249570
36.249570
36.249570
36.249570
36.249859
36.249859
36.249859
36.249859
36.249859
36.249859
36.249859
36.249859
36.249859
36.249859
36.249859
36.249859
36.249859
36.249859
36.249859
36.249859
36.249859
36.249859
36.249859
36.249788
36.249788
36.249788
36.249788
36.249788
36.249788
36.249788
36.249788
36.249788
36.249788
36.249788
36.249788
36.249788
36.250723
36.250723
36.250723
36.250723
36.250723
36.250723
36.250723
36.250723
36.250723
36.246450
36.246450
36.246450
36.246450
36.246450
36.246450
36.246450
36.246450
36.246450
36.246450
36.246450
36.246450
36.246450
36.246450
36.246450
36.246450
36.246450
36.246450
36.246450
36.246450
36.246450
36.246450
36.246450
36.246450
36.246450
36.246450
36.246450
36.246450
36.246450
36.246450
36.246450
36.246450
36.246450
36.246450
36.246450
36.246450
36.246450
36.243137
36.243137
36.243137
36.242013
36.242013
36.242013
36.242454
36.242454
36.242398
36.242398
36.242398
36.242398
36.242398
36.242398
36.242398
36.242398
36.242398
36.242398
36.241402
36.241402
36.241402
36.241402
36.241402
36.241402
36.215651
36.215651
36.215651
36.215651
36.215651
36.215651
36.215651
36.215651
36.215651
36.215651
36.215651
36.215651
36.215651
36.215651
36.215651
36.215651
36.213051
36.213051
36.213051
36.213051
36.213051
36.213051
36.213051
36.213051
36.213051
36.213051
36.213051
36.213051
36.213051
36.213051
36.213051
36.213938
36.213938
36.213938
36.213938
36.213938
36.213938
36.213938
36.213938
36.213938
36.213938
36.213938
36.213938
36.213938
36.213938
36.213938
36.213938
36.213938
36.213938
36.213938
36.213938
36.213938
36.213938
36.213938
36.213938
36.213938
36.213938
36.213938
36.213938
36.213938
36.213938
36.213938
36.213938
36.212560
36.213277
36.213277
36.213277
36.213277
36.213277
36.213277
36.211640
36.211640
36.211640
36.211640
36.211640
36.211640
36.211640
36.211640
36.211640
36.211640
36.211640
36.211640
36.211640
36.211640
36.211640
36.211640
36.211640
36.210283
36.210283
36.210283
36.192488
36.192488
36.192488
36.192488
36.192488
36.192488
36.192488
36.192488
36.192488
36.192488
36.192488
36.192488
36.192488
36.192222
36.192222
36.192222
36.193241
36.193241
36.193241
36.193241
36.193241
36.193241
36.193241
36.193241
36.193241
36.193241
36.193241
36.193241
36.193241
36.193241
36.193241
36.193241
36.193241
36.193241
36.193241
36.193241
36.193241
36.193241
36.193241
36.193241
36.193241
36.196175
36.196175
36.195987
36.195987
36.195987
36.195987
36.195987
36.195452
36.195452
36.195452
36.195452
36.195452
36.195452
36.195452
36.195452
36.195452
36.195452
36.195452
36.195452
36.195452
36.195452
36.195452
36.195452
36.195452
36.195452
36.195452
36.195452
36.195452
36.195452
36.195452
36.195452
36.195452
36.195452
36.195452
36.195452
36.195452
36.195452
36.183802
36.183802
36.183802
36.183802
36.183802
36.183802
36.183802
36.183802
36.183802
36.183802
36.183802
36.183802
36.183802
36.183802
36.183802
36.183802
36.184208
36.184208
36.184208
36.184208
36.184208
36.183831
36.183831
36.183831
36.183831
36.183831
36.183831
36.183831
36.183831
36.183831
36.183831
36.183599
36.183599
36.183599
36.183599
36.182872
36.182872
36.182872
36.182872
36.182872
36.182872
36.182872
36.182872
36.182872
36.182872
36.182872
36.182872
36.182872
36.182872
36.175700
36.175700
36.175700
36.175700
36.175700
36.175700
36.175700
36.175700
36.175700
36.175700
36.175700
36.175700
36.175700
36.175700
36.175700
36.175700
36.175700
36.175700
36.175700
36.175700
36.175700
36.175700
36.177744
36.177744
36.177744
36.177744
36.177744
36.177744
36.177744
36.177744
36.177744
36.177744
36.177744
36.177744
36.177744
36.177744
36.177744
36.177744
36.177744
36.177744
36.177744
36.177744
36.177744
36.177744
36.177744
36.177744
36.177744
36.177744
36.177744
36.172764
36.172764
36.172764
36.172764
36.172764
36.172764
36.172764
36.172764
36.172764
36.172764
36.172764
36.172764
36.172764
36.172764
36.172764
36.172764
36.131080
36.131080
36.131080
36.131080
36.131080
36.131080
36.131080
36.131080
36.131080
36.131080
36.131080
36.131080
36.131080
36.131080
36.114496
36.114496
36.114496
36.114496
36.114496
36.114496
36.114496
36.114496
36.114496
36.111628
36.111628
36.111628
36.111628
36.111628
36.111628
36.111628
36.111628
36.111628
36.111628
36.111628
36.111628
36.111628
36.111628
36.111628
36.111628
36.111628
36.111628
36.111628
36.111628
36.111628
36.111628
36.111628
36.111628
36.111628
36.111628
36.111628
36.111628
36.111628
36.111628
36.111628
36.111628
36.111628
36.111628
36.111628
36.111628
36.111628
36.111628
36.111628
36.111628
36.111628
36.111628
36.106960
36.106960
36.106960
36.106960
36.106960
36.106960
36.106960
36.091744
36.091744
36.118613
36.118613
36.118613
36.118613
36.118613
36.118613
36.118613
36.116100
36.084173
36.084173
36.084615
36.084615
36.084615
36.084615
36.084615
36.084082
36.084082
36.084082
36.084082
36.084082
36.084082
36.084082
36.084082
36.084082
36.084082
36.084082
36.084082
36.084082
36.084082
36.084173
36.084173
36.084173
36.084173
36.084173
36.084173
36.084173
36.084173
36.084173
36.099871
36.099871
36.099871
36.099871
36.099871
36.099871
36.099871
36.099871
36.099871
36.099871
36.099871
36.099871
36.099871
36.099871
36.099871
36.099871
36.099871
36.099871
36.099871
36.099871
36.099871
36.099871
36.099871
36.099871
36.099871
36.100516
36.100516
36.100516
36.100516
36.100516
36.100516
36.100516
36.100516
36.100516
36.100516
36.100516
36.100516
36.100516
36.100516
36.100516
36.100516
36.100516
36.100516
36.100516
36.100516
36.100516
36.100516
36.100516
36.100516
36.100516
36.100516
36.100516
36.100516
36.100516
36.100516
36.100516
36.100516
36.100516
36.100516
36.100516
36.100516
36.100516
36.100516
36.100516
36.100516
36.100516
36.100516
36.100516
36.100516
36.100516
36.100516
36.100516
36.100516
36.100516
36.100516
36.100516
36.100516
36.100516
36.100516
36.100516
36.100516
36.100516
36.100516
36.100516
36.100516
36.100516
36.100516
36.100516
36.104068
36.104068
36.104068
36.109283
36.109283
36.098117
36.098117
36.098117
36.098117
36.098117
36.098117
36.098117
36.098117
36.096607
36.096607
36.096607
36.096607
36.096607
36.096607
36.097732
36.097732
36.097129
36.097129
36.097129
36.097129
36.097129
36.097129
36.097129
36.097129
35.903494
35.903494
35.903494
35.903494
35.903494
35.903494
35.903494
35.903494
35.903494
35.903494
35.903494
35.903494
35.903494
35.903494
35.903494
35.903494
35.903494
35.903494
35.903494
35.903494
35.903494
35.903494
35.903172
35.903172
35.903172
35.903172
35.903172
35.903172
35.903172
35.903172
35.903172
35.903015
35.903015
35.903015
35.903101
35.903101
35.903101
35.903101
35.903101
35.903101
35.903101
35.903101
35.903101
35.903101
35.901758
35.901758
35.901758
35.901758
35.901758
35.901758
35.901758
35.901758
35.901758
35.901758
35.901758
35.901758
35.901758
35.901758
35.901758
35.901758
35.901758
35.901758
35.901758
35.901758
35.901758
35.901758
35.901758
35.901758
35.901758
35.901758
35.901758
35.901758
35.901758
35.901758
35.901758
35.901758
35.901758
35.901758
35.889379
35.889379
35.889379
35.889379
35.889379
35.889379
35.889379
35.889379
35.890966
35.890966
35.890966
35.890966
35.890966
35.890966
35.890966
35.890966
35.890966
35.890966
35.890966
35.890966
35.890966
35.890966
35.890966
35.890966
35.890966
35.890966
35.890966
35.890966
35.890966
35.890743
35.890743
35.890743
35.890743
35.890743
35.890743
35.890743
35.890743
35.890743
35.890743
35.890743
35.890743
35.890743
35.890743
35.890743
35.890743
35.890743
35.890743
35.890743
35.890743
35.890743
35.890743
35.890743
36.045895
36.045895
36.045895
36.045895
36.045895
36.045895
36.045895
36.045895
36.045895
36.045895
36.045895
36.045895
36.045895
36.045895
36.045895
36.045895
36.045544
36.045544
36.045544
36.097873
36.097873
36.097873
36.097873
36.097873
36.097873
36.097873
36.097873
36.097873
36.097873
36.097873
36.097873
36.097873
36.097873
36.097873
36.097873
36.097873
36.095843
36.095843
36.095843
36.121999
36.121999
36.121999
36.121999
36.121999
36.121999
36.121999
36.121999
36.121999
36.121999
36.128466
36.128466
36.128466
36.128466
36.128466
36.128466
36.128466
36.128466
36.128466
36.128466
36.128466
36.132582
36.132582
36.132582
36.132582
36.132582
36.132582
36.132582
36.132582
36.132582
36.132582
36.132582
36.132582
36.132582
36.132582
36.132582
36.132582
36.132582
36.132582
36.132582
36.132582
36.132582
36.132582
36.132582
36.132582
36.132582
36.132582
36.132582
36.132582
36.132582
36.132582
36.132582
36.132582
36.139573
36.139573
36.139573
36.139573
36.139573
36.139573
36.139573
36.139573
36.139573
36.139573
36.139573
36.152086
36.152086
36.152086
36.178402
36.222944
36.222944
36.222944
36.222944
36.222944
36.270359
36.270359
36.276430
36.276430
36.273664
36.273664
36.273664
36.273664
36.273664
36.273704
36.273704
36.273704
36.273704
36.273704
36.308199
36.308199
36.308199
36.308199
36.308199
36.308199
36.308199
36.308199
36.308199
36.307247
36.307467
36.307467
36.307467
36.307467
36.307467
36.307467
36.307467
36.307467
36.307467
36.307467
36.307467
36.307467
36.307467
36.307467
36.307467
36.307467
36.307467
36.323822
36.323822
36.323822
36.323822
36.323822
36.323822
36.323822
36.323822
36.323822
36.323822
36.323822
36.323822
36.415664
36.415664
36.415664
36.415664
36.407965
36.407965
36.409825
36.409825
36.418886
36.418886
36.414602
36.414602
36.414602
36.414602
36.414602
36.414602
36.414602
36.414602
36.414602
36.414602
36.414602
36.415611
36.415611
36.415611
36.415611
36.415611
36.415611
36.415611
36.415611
36.415611
36.415611
36.415611
36.415611
36.415611
36.415611
36.415611
36.415611
36.415611
36.415611
36.433602
36.433602
36.433602
36.433602
36.433602
36.433602
36.433602
36.433602
36.433602
36.433602
36.433602
36.433602
36.433602
36.433602
36.424330
36.423661
36.423661
36.423661
36.425529
36.425529
36.425529
36.425529
36.425529
36.425529
36.425529
36.425529
36.425529
36.425529
36.425529
36.425529
36.425529
36.432143
36.432143
36.428641
36.428641
36.428641
36.428641
36.428641
36.428641
36.430294
36.430294
36.430294
36.430294
36.430294
36.430294
36.430294
36.430294
36.430294
36.430294
36.430294
36.430294
36.436726
36.436726
36.436726
36.436726
36.436726
36.436726
36.436726
36.436726
36.436726
36.436726
36.438506
36.438506
36.444701
36.444701
36.444701
36.444701
36.444701
36.444701
36.444701
36.444701
36.444701
36.444701
36.446181
36.446181
36.446181
36.446181
36.446181
36.446181
36.446181
36.446181
36.446181
36.446181
36.446181
36.446181
36.446181
36.446181
36.446181
36.446181
36.446181
36.446181
36.446181
36.446181
36.446181
36.446181
36.446181
36.446181
36.446181
36.446181
36.446181
36.446181
36.446181
36.446181
36.446181
36.446181
36.439336
36.439336
36.439336
36.439336
36.439336
36.439336
36.439843
36.439843
36.439843
36.439843
36.439843
36.439843
36.439843
36.439843
36.435614
36.429893
36.429893
36.437221
36.436824
36.436824
36.436824
36.436824
36.436824
36.436824
36.436824
36.436824
36.436824
36.436824
36.436824
36.436824
36.436824
36.436824
36.436824
36.436824
36.436824
36.436824
36.439479
36.439479
36.439479
36.439479
36.439479
36.437342
36.437342
36.437342
36.437342
36.437342
36.437342
36.437342
36.437342
36.437342
36.437342
36.437342
36.437342
36.437342
36.437342
36.437342
36.437342
36.437342
36.437342
36.437342
36.437342
36.434743
36.434743
36.434743
36.434743
36.434743
36.434743
36.434743
36.434743
36.434743
36.435316
36.437095
36.437095
36.437095
36.437095
36.437095
36.437095
36.437095
36.437095
36.437095
36.437095
36.437095
36.437095
36.437095
36.437095
36.439370
36.439370
36.439370
36.439370
36.439370
36.439370
36.439370
36.439370
36.439370
36.439370
36.439370
36.457886
36.457886
36.457886
36.457886
36.457886
36.457886
36.457886
36.457886
36.458163
36.458163
36.458163
36.458163
36.458163
36.458163
36.458163
36.458163
36.458163
36.458163
36.460401
36.460401
36.460401
36.460401
36.460401
36.460401
36.460401
36.460401
36.460401
36.460401
36.460401
36.460401
36.460401
36.460401
36.460401
36.460401
36.460401
36.460401
36.460401
36.460401
36.460401
36.460401
36.460401
36.460401
36.460401
36.460401
36.461859
36.461859
36.461859
36.461859
36.461859
36.461859
36.461859
36.461859
36.461859
36.461859
36.461859
36.461859
36.461859
36.461859
36.461859
36.461859
36.461859
36.461859
36.461859
36.461859
36.461859
36.461859
36.461859
36.461859
36.461859
36.461859
36.461859
36.461859
36.461859
36.461859
36.461859
36.463241
36.463241
36.443939
36.443939
36.443939
36.443939
36.443939
36.425980
36.424288
36.424288
36.424288
36.424288
36.424803
36.424803
36.424803
36.425348
36.425348
36.425348
36.425348
36.426410
36.426410
36.426410
36.426410
36.426410
36.426410
36.426410
36.426410
36.426410
36.426410
36.426410
36.426410
36.426410
36.426410
36.426410
36.429253
36.429253
36.458766
36.458766
36.458766
36.458766
36.458766
36.458766
36.458766
36.458766
36.458766
36.450928
36.450928
36.450928
36.450928
36.450928
36.450928
36.450928
36.450928
36.450928
36.453758
36.453758
36.453758
36.453758
36.453758
36.453758
36.453758
36.453758
36.453758
36.453758
36.453020
36.453020
36.453020
36.453020
36.453020
36.453020
36.453020
36.445598
36.445598
36.445598
36.445598
36.445598
36.445598
36.445598
36.445598
36.445598
36.445598
36.445598
36.445598
36.445598
36.445598
36.445598
36.445598
36.445598
36.445598
36.445598
36.445598
36.460211
36.460211
36.460211
36.460211
36.460798
36.460798
36.460798
36.458064
36.458064
36.458064
36.461665
36.461665
36.475140
36.475140
36.475140
36.475140
36.475140
36.475140
36.475140
36.469405
36.469405
36.469405
36.469405
36.469405
36.469405
36.469405
36.469405
36.469405
36.467532
36.467532
36.467532
36.467532
36.467532
36.467532
36.467532
36.467532
36.467532
36.467532
36.467532
36.467532
36.467532
36.467532
36.467532
36.467532
36.467532
36.467532
36.467532
36.467532
36.462781
36.462781
36.462781
36.462781
36.462781
36.462781
36.462698
36.462698
36.462698
36.462698
36.462698
36.476728
36.476728
36.476728
36.478926
36.478926
36.478926
36.478926
36.478926
36.478926
36.478926
36.478926
36.478926
36.478926
36.478926
36.478926
36.485054
36.485054
36.485054
36.488627
36.488627
36.488627
36.488627
36.488627
36.488627
36.488627
36.488627
36.489379
36.489379
36.489379
36.489379
36.489379
36.489379
36.489379
36.489379
36.489379
36.489379
36.489379
36.489379
36.489379
36.485336
36.485336
36.485336
36.485336
36.485336
36.485336
36.485336
36.485336
36.485336
36.485336
36.485336
36.485336
36.485336
36.485336
36.485336
36.485336
36.485336
36.485336
36.485191
36.485191
36.485191
36.485191
36.485191
36.485191
36.485191
36.485191
36.485191
36.485191
36.485191
36.485191
36.485191
36.481086
36.481086
36.481086
36.481086
36.481086
36.481086
36.481086
36.481086
36.481086
36.481086
36.481086
36.479267
36.479267
36.479267
36.479267
36.479267
36.479267
36.479267
36.479267
36.479267
36.479267
36.479267
36.479267
36.479267
36.479267
36.479267
36.479267
36.479612
36.479612
36.488740
36.488740
36.488740
36.488740
36.488740
36.488740
36.488740
36.488740
36.488740
36.488740
36.484726
36.484726
36.484726
36.484726
36.484726
36.484726
36.484166
36.482923
36.482923
36.482923
36.482923
36.482923
36.482923
36.482923
36.482923
36.482923
36.482923
36.482923
36.482840
36.482840
36.482840
36.482840
36.482840
36.482840
36.482840
36.482611
36.482611
36.482611
36.482611
36.482611
36.482611
36.482611
36.482611
36.482946
36.482946
36.485817
36.486894
36.486894
36.486894
36.488889
36.488889
36.488889
36.488889
36.488889
36.488889
36.488889
36.488927
36.488927
36.489324
36.489324
36.489324
36.489324
36.489324
36.489324
36.489324
36.489324
36.489324
36.489324
36.489324
36.489324
36.489324
36.489648
36.489648
36.489648
36.489648
36.489648
36.489648
36.489648
36.489224
36.489224
36.489224
36.489224
36.489224
36.489224
36.489224
36.489224
36.489224
36.489224
36.489224
36.489224
36.509116
36.509116
36.509116
36.509116
36.509116
36.509116
36.509116
36.509116
36.509116
36.509116
36.509116
36.509116
36.509116
36.509116
36.509116
36.509116
36.509116
36.509116
36.509116
36.509116
36.509116
36.509116
36.509116
36.509116
36.509116
36.509116
36.509116
36.509116
36.509116
36.509116
36.509116
36.509116
36.509116
36.509116
36.509116
36.509116
36.509116
36.509116
36.509116
36.509116
36.509116
36.510073
36.516971
36.516971
36.518376
36.520597
36.520597
36.520597
36.520597
36.522012
36.522012
36.522012
36.522012
36.522012
36.522012
36.522012
36.522012
36.522012
36.522012
36.522012
36.522012
36.522012
36.522012
36.522850
36.522873
36.450089
36.450089
36.450089
36.450089
36.450089
36.450575
36.450575
36.450575
36.450575
36.452420
36.452420
36.452602
36.452602
36.452602
36.452602
36.452602
36.452602
36.452579
36.452579
36.452579
36.452623
36.452623
36.452623
36.452623
36.452623
36.452623
36.452623
36.452623
36.452623
36.452623
36.452623
36.452623
36.452623
36.452623
36.463056
36.463056
36.463056
36.463056
36.463056
36.463056
36.463056
36.463056
36.463056
36.463056
36.463056
36.463056
36.463056
36.463056
36.463056
36.463056
36.463056
36.463056
36.463056
36.463056
36.463056
36.463056
36.463056
36.463056
36.462977
36.464291
36.464291
36.464291
36.464291
36.464291
36.464291
36.464291
36.464291
36.464291
36.464291
36.462329
36.462329
36.462329
36.462329
36.461931
36.461931
36.461931
36.461931
36.461931
36.461931
36.461931
36.461931
36.461931
36.461931
36.461931
36.461931
36.461931
36.461931
36.461931
36.461931
36.461931
36.461931
36.461931
36.461931
36.461931
36.461931
36.461931
36.461931
36.456961
36.456961
36.456961
36.456961
36.456961
36.456961
36.456961
36.456961
36.456961
36.456961
36.463922
36.463922
36.463922
36.463922
36.463922
36.463922
36.459248
36.459248
36.459248
36.461388
36.461388
36.461388
36.461388
36.461388
36.461388
36.461388
36.464774
36.464774
36.463768
36.463768
36.463768
36.463768
36.465239
36.465239
36.465239
36.465239
36.465239
36.465239
36.463327
36.463327
36.461602
36.461602
36.461602
36.461602
36.461602
36.461602
36.461602
36.461602
36.461602
36.461602
36.461602
36.461602
36.461602
36.461602
36.461602
36.461602
36.461602
36.461602
36.461602
36.461602
36.461602
36.461602
36.461602
36.463117
36.463117
36.463117
36.463117
36.463117
36.463117
36.463117
36.463117
36.463517
36.463517
36.463517
36.463517
36.463517
36.463517
36.463517
36.463517
36.463517
36.463517
36.463517
36.463517
36.463517
36.463517
36.463517
36.463517
36.463517
36.463517
36.463517
36.463517
36.463517
36.463517
36.463517
36.463517
36.463517
36.463517
36.463517
36.463517
36.463517
36.463517
36.463517
36.463517
36.463517
36.463517
36.463517
36.463517
36.463517
36.463517
36.463517
36.463517
36.463517
36.463517
36.463517
36.463517
36.463517
36.463517
36.463517
36.463517
36.463517
36.463517
36.463517
36.463517
36.463517
36.463905
36.463905
36.463905
36.463905
36.463905
36.463905
36.463905
36.463905
36.464018
36.464018
36.464018
36.464018
36.464018
36.464018
36.477848
36.477848
36.477848
36.477848
36.477848
36.477848
36.477848
36.477848
36.477848
36.477848
36.477848
36.477848
36.477848
36.477848
36.477848
36.477848
36.481972
36.481972
36.481972
36.481972
36.481972
36.481972
36.481972
36.481972
36.496686
36.498980
36.498980
36.498980
36.498980
36.498980
36.498980
36.498980
36.498980
36.498980
36.498980
36.503215
36.503215
36.503215
36.503215
36.503215
36.503215
36.503215
36.503215
36.503215
36.503215
36.503215
36.503215
36.503215
36.503215
36.503215
36.503215
36.503215
36.503215
36.503215
36.503215
36.503215
36.503215
36.503215
36.503215
36.503215
36.503215
36.503215
36.503215
36.503215
36.503215
36.503215
36.503215
36.503215
36.503215
36.503215
36.503215
36.503215
36.502932
36.502932
36.502932
36.502932
36.501173
36.501173
36.501173
36.501173
36.501173
36.502061
36.502061
36.502856
36.502856
36.502856
36.502856
36.502856
36.502856
36.502856
36.502856
36.510711
36.510711
36.510711
36.510711
36.510711
36.510711
36.510711
36.510711
36.510711
36.510711
36.510711
36.510711
36.512557
36.512557
36.512557
36.512557
36.512557
36.512557
36.512557
36.512557
36.512557
36.512557
36.512557
36.512557
36.512557
36.512557
36.512557
36.512557
36.512557
36.512557
36.512557
36.512557
36.512557
36.512557
36.512557
36.512557
36.512557
36.512557
36.512557
36.512557
36.512557
36.512557
36.512557
36.512557
36.512557
36.512557
36.512557
36.512557
36.512557
36.512557
36.512557
36.512557
36.512557
36.512557
36.512557
36.512557
36.512557
36.512557
36.512033
36.512033
36.510863
36.510863
36.510863
36.510863
36.509286
36.509286
36.509286
36.509286
36.509286
36.508838
36.508838
36.508838
36.508838
36.508838
36.508838
36.508838
36.508838
36.508838
36.508035
36.508035
36.508035
36.508035
36.512283
36.512210
36.512210
36.512210
36.511256
36.511256
36.511256
36.511256
36.521291
36.521291
36.520899
36.520899
36.520656
36.520893
36.520893
36.520893
36.520893
36.520893
36.520893
36.520893
36.520893
36.520893
36.520366
36.520366
36.520366
36.520366
36.520366
36.520366
36.520366
36.520366
36.520366
36.520366
36.520366
36.520366
36.520366
36.520366
36.520366
36.520366
36.520366
36.520366
36.520366
36.519904
36.519904
36.519904
36.519904
36.519904
36.519904
36.519855
36.519855
36.519714
36.519714
36.519714
36.519722
36.519722
36.519722
36.519722
36.519722
36.519722
36.519722
36.519722
36.519722
36.519722
36.522600
36.520803
36.520803
36.520803
36.520803
36.520803
36.520803
36.520803
36.520803
36.520803
36.520803
36.520803
36.520803
36.520803
36.520803
36.520803
36.520803
36.520803
36.520803
36.520803
36.520803
36.520803
36.520803
36.520803
36.520784
36.520784
36.520784
36.520565
36.520565
36.520565
36.520565
36.520565
36.520565
36.520565
36.520565
36.520565
36.520565
36.520565
36.520565
36.520565
36.520296
36.520296
36.520296
36.520296
36.520296
36.520296
36.520296
36.520128
36.520128
36.520128
36.520128
36.521844
36.521844
36.521844
36.521844
36.521844
36.521844
36.521854
36.521854
36.521667
36.521667
36.521667
36.521667
36.521667
36.521667
36.521667
36.521667
36.521667
36.521667
36.524363
36.524363
36.524363
36.524363
36.528310
36.528310
36.528310
36.528310
36.528310
36.528310
36.528310
36.528310
36.528310
36.528310
36.528310
36.528310
36.528310
36.528310
36.528310
36.528310
36.528310
36.528310
36.528310
36.528310
36.528310
36.528310
36.528310
36.528310
36.528310
36.528310
36.528310
36.528310
36.528310
36.528310
36.528310
36.528310
36.528310
36.528678
36.528678
36.528678
36.528678
36.528678
36.528678
36.528678
36.528678
36.528678
36.528678
36.528678
36.528413
36.528413
36.528413
36.528413
36.527833
36.527833
36.527833
36.527833
36.527777
36.527777
36.527777
36.527954
36.527954
36.527954
36.527954
36.527954
36.527954
36.527882
36.527882
36.527882
36.527882
36.527882
36.528029
36.525960
36.525960
36.525960
36.525960
36.525960
36.525960
36.525960
36.525960
36.525960
36.525197
36.525197
36.525197
36.525197
36.525197
36.525197
36.525112
36.525112
36.525112
36.525112
36.525112
36.525112
36.525112
36.522731
36.522731
36.522731
36.522731
36.522731
36.522731
36.522731
36.522731
36.522731
36.522575
36.522575
36.522575
36.522575
36.522575
36.522575
36.522575
36.522575
36.522575
36.522575
36.522575
36.522575
36.522575
36.522575
36.522575
36.522575
36.522575
36.522575
36.521464
36.521464
36.521464
36.521464
36.521464
36.521464
36.521464
36.521464
36.521464
36.521464
36.521464
36.521464
36.521464
36.521464
36.521464
36.521464
36.521464
36.521464
36.521464
36.521464
36.521464
36.521464
36.521464
36.521464
36.521464
36.521464
36.521464
36.521464
36.521464
36.521464
36.521464
36.521464
36.521464
36.521464
36.521464
36.521464
36.521464
36.521464
36.521464
36.521464
36.521464
36.521464
36.521464
36.521464
36.560182
36.560182
36.560182
36.560182
36.560182
36.560182
36.560182
36.560182
36.560182
36.560126
36.560126
36.560126
36.560126
36.560126
36.560126
36.560119
36.560119
36.560119
36.560119
36.560119
36.560119
36.560119
36.560119
36.560119
36.560859
36.560859
36.560859
36.560859
36.560859
36.560859
36.560859
36.560859
36.560859
36.560859
36.560859
36.560859
36.560859
36.560859
36.560859
36.560859
36.560859
36.560859
36.560859
36.560859
36.560859
36.560859
36.560859
36.560859
36.560859
36.560859
36.560859
36.560859
36.560859
36.560859
36.560859
36.560859
36.560859
36.560859
36.560859
36.560859
36.560859
36.560859
36.560859
36.560859
36.560859
36.560859
36.560919
36.560919
36.560919
36.560919
36.560919
36.560919
36.560919
36.560919
36.560919
36.560919
36.560919
36.560919
36.560919
36.560919
36.560919
36.560919
36.560919
36.560919
36.560919
36.560949
36.560949
36.560949
36.560949
36.560949
36.560949
36.560949
36.560949
36.560949
36.560949
36.560949
36.560949
36.560949
36.561225
36.561225
36.561225
36.561225
36.561201
36.561201
36.561201
36.561201
36.561201
36.561201
36.561201
36.561201
36.561201
36.561201
36.561201
36.561201
36.561201
36.561201
36.561201
36.561201
36.561201
36.561201
36.561201
36.561201
36.561201
36.561201
36.561201
36.561201
36.561201
36.561201
36.561201
36.561201
36.561201
36.561201
36.561201
36.561201
36.561201
36.561201
36.561215
36.561215
36.561215
36.561215
36.561215
36.561215
36.561215
36.561215
36.561215
36.561215
36.561215
36.561215
36.561215
36.561215
36.561215
36.561215
36.561215
36.561015
36.561015
36.561015
36.561015
36.561015
36.561015
36.561015
36.561015
36.561015
36.561015
36.561015
36.561015
36.561015
36.559510
36.559510
36.559510
36.559510
36.559510
36.559510
36.559510
36.559510
36.559510
36.559510
36.559510
36.559510
36.559510
36.559510
36.559510
36.559493
36.559461
36.559461
36.559461
36.559461
36.559461
36.559461
36.559461
36.559461
36.559461
36.559461
36.559791
36.559791
36.559791
36.559791
36.559791
36.559791
36.559794
36.559796
36.559796
36.559796
36.559796
36.559796
36.559796
36.559796
36.559796
36.559796
36.559796
36.559796
36.559796
36.559881
36.559881
36.559881
36.559881
36.558917
36.558917
36.559494
36.559494
36.559494
36.559494
36.559494
36.559494
36.559494
36.559494
36.559450
36.559450
36.559450
36.559450
36.559450
36.559450
36.559450
36.559450
36.559450
36.559450
36.562668
36.562668
36.562668
36.562668
36.562668
36.562668
36.562668
36.562668
36.562668
36.561471
36.561471
36.561471
36.577375
36.577375
36.577375
36.577375
36.577375
36.577375
36.577375
36.577375
36.574670
36.574670
36.574670
36.574670
36.574670
36.574670
36.574398
36.574398
36.575067
36.575067
36.575067
36.575067
36.575118
36.575118
36.575118
36.575118
36.575118
36.575118
36.575118
36.575118
36.575118
36.575118
36.575118
36.575118
36.575118
36.575118
36.575118
36.575118
36.575118
36.575118
36.575118
36.575118
36.575118
36.575118
36.575118
36.574988
36.574988
36.574988
36.574988
36.574501
36.574530
36.574530
36.574530
36.574530
36.573558
36.573558
36.573558
36.574151
36.574151
36.574151
36.574331
36.574331
36.562730
36.562730
36.562730
36.562730
36.562730
36.562730
36.562730
36.562730
36.562730
36.562730
36.562777
36.562777
36.562777
36.562777
36.562777
36.562777
36.562777
36.562777
36.557514
36.557514
36.558450
36.558450
36.558450
36.558450
36.558450
36.558450
36.558450
36.558450
36.558450
36.558450
36.558450
36.558450
36.558450
36.558450
36.558450
36.558450
36.558450
36.558450
36.558450
36.558450
36.558450
36.558450
36.558450
36.558450
36.558450
36.558450
36.558450
36.558450
36.558450
36.558450
36.558450
36.558450
36.558450
36.558450
36.558450
36.558450
36.558516
36.558516
36.558516
36.558522
36.558522
36.558522
36.558522
36.558522
36.558522
36.557954
36.557954
36.558115
36.558115
36.558115
36.558115
36.558115
36.558115
36.558115
36.558115
36.558115
36.557875
36.557875
36.557875
36.557875
36.557875
36.557875
36.557875
36.557875
36.557875
36.557875
36.557875
36.557875
36.557875
36.557875
36.555611
36.555611
36.555611
36.555611
36.555964
36.555964
36.555964
36.555964
36.555964
36.555964
36.555964
36.555964
36.555964
36.555964
36.555795
36.555922
36.555922
36.555922
36.555922
36.555922
36.555922
36.555922
36.555922
36.555922
36.555922
36.555922
36.555922
36.555922
36.555922
36.555922
36.555922
36.555922
36.555922
36.555922
36.555922
36.555922
36.555922
36.555922
36.555922
36.555922
36.555922
36.555922
36.555922
36.555922
36.555922
36.555922
36.555922
36.555922
36.555922
36.558100
36.558100
36.558100
36.558100
36.558100
36.558100
36.558100
36.558100
36.558100
36.558100
36.558100
36.558100
36.558100
36.558100
36.558100
36.558100
36.558100
36.558100
36.558100
36.558100
36.558100
36.558100
36.558100
36.558100
36.558100
36.558100
36.558100
36.558100
36.558100
36.558100
36.558100
36.558100
36.558100
36.558100
36.558100
36.558100
36.558100
36.558100
36.558100
36.558100
36.558536
36.558536
36.558536
36.558536
36.558536
36.558536
36.558536
36.558536
36.558536
36.558536
36.558536
36.558536
36.558536
36.558536
36.558050
36.558050
36.558050
36.558050
36.557629
36.557629
36.557629
36.557629
36.557629
36.558597
36.558597
36.558597
36.558597
36.558597
36.558597
36.558597
36.558597
36.558597
36.558597
36.558597
36.558597
36.558597
36.558597
36.558597
36.558597
36.558597
36.558597
36.558597
36.558597
36.558597
36.558597
36.558597
36.558597
36.558597
36.558597
36.558597
36.558597
36.558597
36.558597
36.558597
36.558597
36.558597
36.559094
36.559195
36.559195
36.559195
36.559195
36.559195
36.559195
36.559195
36.559195
36.559195
36.559195
36.559195
36.559195
36.559195
36.559195
36.559195
36.559195
36.559195
36.558632
36.558632
36.558632
36.558632
36.558632
36.558632
36.558632
36.558632
36.558632
36.558632
36.558632
36.558632
36.558709
36.558709
36.558709
36.558709
36.558709
36.558709
36.558808
36.558808
36.558808
36.558808
36.558808
36.558808
36.558808
36.558808
36.558808
36.558565
36.558565
36.558565
36.558565
36.558565
36.558565
36.558565
36.558565
36.558565
36.558565
36.558565
36.558565
36.558565
36.558565
36.558565
36.558565
36.558565
36.558565
36.558565
36.558268
36.558268
36.558268
36.558268
36.558268
36.558268
36.558268
36.558268
36.558268
36.558268
36.558268
36.558268
36.558268
36.558268
36.558268
36.558268
36.558271
36.558271
36.558271
36.558271
36.558271
36.558271
36.558271
36.558271
36.558271
36.558271
36.558271
36.558271
36.558389
36.558389
36.558389
36.558389
36.558389
36.558389
36.558389
36.558970
36.558970
36.558970
36.558970
36.558970
36.558970
36.558970
36.558970
36.558970
36.558970
36.558970
36.558970
36.558970
36.558970
36.558970
36.558970
36.558970
36.558970
36.558975
36.558975
36.558975
36.558975
36.558975
36.558975
36.558975
36.558975
36.558975
36.558975
36.558975
36.558975
36.558975
36.558975
36.558975
36.558975
36.558975
36.558975
36.558975
36.558975
36.558975
36.558975
36.558975
36.558975
36.558975
36.558975
36.558975
36.558975
36.558975
36.558975
36.559481
36.559481
36.559481
36.559481
36.559481
36.559481
36.559481
36.559481
36.559481
36.559481
36.559481
36.559481
36.559481
36.560954
36.560954
36.560954
36.560869
36.560869
36.560869
36.560869
36.560730
36.560730
36.560730
36.560730
36.560730
36.560730
36.560730
36.560730
36.560730
36.561076
36.561076
36.561076
36.561076
36.561076
36.561076
36.561076
36.561076
36.561076
36.561076
36.561076
36.561076
36.561076
36.561076
36.561076
36.561076
36.561076
36.561076
36.561076
36.561076
36.561076
36.561076
36.561076
36.561076
36.561076
36.561076
36.561076
36.561076
36.561076
36.561076
36.561076
36.561076
36.561076
36.561076
36.561076
36.561076
36.561076
36.561076
36.560682
36.560682
36.560682
36.560682
36.560682
36.560682
36.560891
36.560891
36.560891
36.560891
36.560891
36.560891
36.560891
36.560891
36.560891
36.560891
36.560891
36.560891
36.560891
36.560891
36.560891
36.560891
36.560891
36.560891
36.560891
36.560891
36.560891
36.560891
36.560891
36.560629
36.560629
36.560629
36.560629
36.560629
36.560629
36.560629
36.560629
36.560629
36.560490
36.560490
36.560490
36.560490
36.560490
36.560490
36.560490
36.560490
36.560490
36.560490
36.560357
36.560357
36.560357
36.560357
36.560357
36.560357
36.564381
36.564381
36.564381
36.564381
36.564381
36.564381
36.564381
36.564381
36.564381
36.564381
36.564381
36.564381
36.564381
36.564381
36.564381
36.564381
36.564381
36.564381
36.564381
36.564381
36.564381
36.564711
36.564711
36.564711
36.564711
36.564711
36.564711
36.564711
36.564711
36.564711
36.564711
36.564711
36.564711
36.564711
36.564711
36.564711
36.564711
36.564711
36.565113
36.565113
36.565113
36.565113
36.565113
36.565113
36.565113
36.565113
36.565113
36.565233
36.565233
36.565233
36.565233
36.565233
36.565233
36.565233
36.565233
36.565233
36.565233
36.565233
36.568175
36.568175
36.568175
36.568175
36.568191
36.567043
36.567043
36.567043
36.567043
36.567043
36.567043
36.567043
36.567043
36.567043
36.567043
36.567043
36.567043
36.566674
36.566674
36.566674
36.566674
36.566251
36.566251
36.566251
36.566251
36.566251
36.566251
36.566251
36.566251
36.566251
36.566251
36.566251
36.566251
36.566251
36.566251
36.566251
36.566251
36.566251
36.566483
36.565808
36.565808
36.565808
36.565808
36.565808
36.565808
36.566813
36.566813
36.566813
36.566813
36.566813
36.566813
36.566813
36.566813
36.566813
36.566813
36.566813
36.567000
36.567000
36.567000
36.567000
36.567000
36.567000
36.567000
36.567000
36.567000
36.567000
36.567000
36.567000
36.567000
36.567000
36.567000
36.567000
36.567000
36.567000
36.566790
36.566790
36.566495
36.566495
36.566495
36.566495
36.566495
36.566495
36.566495
36.566495
36.566495
36.566495
36.566495
36.566495
36.566495
36.566495
36.566495
36.566495
36.566495
36.566495
36.566495
36.566495
36.566495
36.566495
36.566495
36.566495
36.566495
36.566495
36.566495
36.566416
36.566416
36.566416
36.566416
36.566416
36.566416
36.566416
36.566416
36.566416
36.566416
36.566416
36.566416
36.566416
36.566416
36.566416
36.566416
36.566416
36.566416
36.566416
36.566416
36.566416
36.566416
36.566416
36.566416
36.566416
36.566416
36.566416
36.566416
36.566416
36.566416
36.566416
36.566416
36.566289
36.566394
36.566394
36.566394
36.566394
36.566394
36.566650
36.566650
36.566650
36.566650
36.566650
36.566650
36.566650
36.566650
36.566650
36.566650
36.566650
36.566650
36.566731
36.566731
36.566731
36.566731
36.566731
36.566731
36.566731
36.566731
36.566731
36.566731
36.566731
36.566731
36.566731
36.566731
36.566731
36.566731
36.566692
36.566692
36.566692
36.566692
36.566692
36.566692
36.566692
36.566692
36.566692
36.566692
36.566692
36.566692
36.566692
36.566692
36.566692
36.566692
36.566692
36.566692
36.566692
36.566692
36.566692
36.566692
36.566692
36.566692
36.566692
36.566692
36.566692
36.566692
36.566826
36.566826
36.566826
36.566826
36.566826
36.566826
36.566826
36.566826
36.566826
36.566087
36.566087
36.566431
36.566431
36.566431
36.566431
36.566431
36.566431
36.566431
36.566431
36.566431
36.566431
36.566431
36.566431
36.566171
36.566171
36.566171
36.566171
36.566171
36.566171
36.566171
36.565747
36.565747
36.565747
36.565747
36.565747
36.565747
36.565747
36.565747
36.565747
36.565747
36.565747
36.565747
36.565747
36.565754
36.565754
36.565754
36.565754
36.565754
36.565754
36.565754
36.565754
36.565754
36.565754
36.565754
36.565754
36.565073
36.565073
36.565073
36.565073
36.565073
36.565073
36.565073
36.565073
36.565073
36.565073
36.565073
36.565073
36.565073
36.566122
36.566122
36.566748
36.566748
36.566748
36.566748
36.566748
36.566748
36.566149
36.566149
36.566149
36.566149
36.566149
36.566149
36.566149
36.566149
36.566149
36.566149
36.566149
36.566149
36.566207
36.566207
36.566207
36.566207
36.566207
36.566207
36.566207
36.566207
36.566207
36.566207
36.566207
36.566207
36.566207
36.566207
36.566207
36.566207
36.566207
36.566207
36.566207
36.566207
36.566584
36.566584
36.566584
36.566584
36.566584
36.566584
36.566584
36.566584
36.566584
36.566584
36.566584
36.566584
36.566584
36.566584
36.566584
36.566584
36.566584
36.566584
36.566584
36.566584
36.566584
36.566584
36.566584
36.566584
36.566584
36.566584
36.566584
36.566584
36.566584
36.566584
36.566584
36.566584
36.566584
36.566584
36.566584
36.566584
36.566584
36.566584
36.566584
36.566422
36.566422
36.566422
36.566422
36.566422
36.566422
36.566422
36.566422
36.566422
36.566422
36.566422
36.566422
36.566422
36.566422
36.566133
36.566133
36.566133
36.566133
36.566133
36.566133
36.566133
36.565954
36.565954
36.565954
36.565954
36.565954
36.565954
36.565954
36.565954
36.565954
36.565954
36.567082
36.567082
36.567082
36.567082
36.567249
36.567249
36.567812
36.567812
36.567812
36.567812
36.567812
36.567812
36.567812
36.567812
36.567829
36.567829
36.567829
36.567829
36.567829
36.567829
36.567829
36.567829
36.567829
36.567829
36.567829
36.567829
36.567829
36.567829
36.567829
36.567829
36.567524
36.567524
36.567429
36.567429
36.567429
36.567429
36.567429
36.567429
36.567429
36.567429
36.567429
36.567429
36.567429
36.567429
36.567429
36.567429
36.567429
36.567429
36.567429
36.567429
36.567429
36.567429
36.567429
36.567429
36.567429
36.567429
36.569971
36.570535
36.570535
36.570535
36.570535
36.570535
36.570535
36.570535
36.570535
36.570535
36.570512
36.570670
36.570670
36.570670
36.570670
36.570670
36.570670
36.570670
36.570670
36.570670
36.570670
36.570670
36.570670
36.570559
36.570559
36.570559
36.570559
36.570559
36.570559
36.570559
36.570559
36.570559
36.570559
36.570559
36.570559
36.570559
36.570559
36.570559
36.570559
36.570710
36.570710
36.570710
36.570710
36.570710
36.570710
36.570710
36.570710
36.570710
36.570710
36.570710
36.570710
36.570710
36.570874
36.570874
36.570874
36.570874
36.570874
36.570874
36.570874
36.570874
36.570874
36.570874
36.570874
36.570874
36.570874
36.570874
36.570874
36.570816
36.570816
36.570816
36.570816
36.570816
36.570816
36.570816
36.570816
36.570816
36.570816
36.570816
36.570816
36.570816
36.570816
36.570816
36.570816
36.570816
36.570816
36.570816
36.570816
36.570816
36.570816
36.570816
36.569997
36.569997
36.569997
36.569997
36.569997
36.569997
36.569997
36.569997
36.569997
36.569997
36.569997
36.569997
36.569997
36.569997
36.569997
36.569997
36.569997
36.569997
36.569997
36.569997
36.570060
36.569253
36.569253
36.569253
36.569253
36.569253
36.569253
36.569253
36.569253
36.569253
36.569253
36.569253
36.569253
36.569253
36.569253
36.569253
36.569253
36.569253
36.569253
36.569253
36.569253
36.569253
36.569253
36.569253
36.569253
36.569253
36.569253
36.569253
36.569253
36.569253
36.569253
36.569253
36.569253
36.569253
36.569253
36.569253
36.569253
36.569253
36.569253
36.569002
36.569002
36.569002
36.569002
36.569002
36.569002
36.569002
36.569002
36.569002
36.569002
36.569002
36.569002
36.569002
36.569240
36.569240
36.569240
36.569240
36.569560
36.569560
36.569560
36.569560
36.569560
36.569560
36.569560
36.569560
36.569560
36.569560
36.569560
36.569560
36.569560
36.569560
36.569560
36.569560
36.569560
36.569560
36.569560
36.569560
36.569560
36.569560
36.569560
36.569560
36.569560
36.569560
36.569560
36.569560
36.569560
36.569560
36.569560
36.569560
36.569560
36.569560
36.569560
36.569560
36.569560
36.569560
36.569560
36.569560
36.569560
36.569560
36.569560
36.569560
36.569560
36.569560
36.569560
36.569560
36.569560
36.569560
36.569560
36.569239
36.569239
36.569221
36.569221
36.569221
36.569221
36.569431
36.569431
36.569431
36.569431
36.569431
36.569431
36.569431
36.569431
36.569431
36.569431
36.569431
36.569967
36.570233
36.570233
36.570233
36.570233
36.570233
36.570233
36.570233
36.570233
36.570233
36.570233
36.570233
36.570233
36.570233
36.570233
36.570233
36.570233
36.570233
36.570233
36.570233
36.570233
36.570233
36.570233
36.570233
36.570233
36.570233
36.570233
36.570233
36.570199
36.570199
36.570199
36.570199
36.570199
36.570199
36.570199
36.569491
36.569491
36.569491
36.569246
36.569246
36.569246
36.569246
36.569246
36.569246
36.569246
36.569246
36.568750
36.568750
36.568750
36.568750
36.568750
36.568750
36.568750
36.568750
36.568750
36.568750
36.568483
36.568483
36.568483
36.568591
36.568591
36.568591
36.568591
36.568591
36.568591
36.568591
36.568591
36.568591
36.568591
36.568432
36.568432
36.568432
36.568432
36.568706
36.568706
36.568706
36.568706
36.568706
36.568706
36.568706
36.568706
36.568706
36.568706
36.569301
36.569301
36.569301
36.570090
36.570090
36.570090
36.570090
36.570090
36.570090
36.570090
36.570090
36.570823
36.570823
36.570823
36.570823
36.570823
36.570823
36.570823
36.570823
36.570823
36.570823
36.570823
36.572505
36.572505
36.572505
36.572505
36.572505
36.572505
36.572505
36.572505
36.572505
36.572505
36.572505
36.572505
36.572505
36.572505
36.572505
36.572505
36.572505
36.572505
36.572505
36.572505
36.572505
36.572505
36.572505
36.572505
36.572505
36.572505
36.572505
36.572505
36.572505
36.572505
36.572505
36.572505
36.572505
36.572505
36.572505
36.572505
36.572505
36.572505
36.572505
36.572505
36.571085
36.571085
36.571085
36.569697
36.569697
36.569697
36.569697
36.569697
36.569697
36.569697
36.569697
36.569697
36.569697
36.570168
36.570168
36.570168
36.570168
36.570168
36.570168
36.570168
36.570168
36.570349
36.570349
36.570349
36.570349
36.570349
36.570349
36.570349
36.570349
36.570349
36.570349
36.570349
36.570349
36.570349
36.570349
36.570349
36.570349
36.570349
36.570349
36.570349
36.570349
36.570349
36.570349
36.570349
36.570349
36.570349
36.570349
36.570349
36.570349
36.570349
36.570349
36.570349
36.570349
36.570349
36.570349
36.570349
36.570349
36.570349
36.570349
36.570349
36.570349
36.570208
36.570208
36.570208
36.570208
36.570208
36.570208
36.571745
36.571745
36.571745
36.571745
36.571745
36.571745
36.571745
36.571745
36.571745
36.571745
36.571745
36.571745
36.571789
36.571789
36.571789
36.571789
36.571789
36.571789
36.571789
36.571789
36.571789
36.571789
36.571789
36.571789
36.571789
36.571789
36.571789
36.571789
36.571789
36.571789
36.571789
36.571789
36.571789
36.571789
36.571789
36.571167
36.571167
36.571167
36.571167
36.571167
36.571167
36.571167
36.571167
36.571167
36.571167
36.571167
36.571167
36.571167
36.570788
36.570788
36.570788
36.570788
36.570788
36.570788
36.570788
36.570788
36.570788
36.570788
36.570788
36.570788
36.570793
36.570793
36.571972
36.571972
36.571972
36.575284
36.575284
36.575284
36.575284
36.575284
36.575284
36.575284
36.575284
36.575284
36.575284
36.575284
36.575284
36.557745
36.557745
36.557745
36.558062
36.558062
36.558062
36.558062
36.558062
36.558062
36.558062
36.558062
36.558062
36.558062
36.558062
36.558062
36.558062
36.558062
36.558062
36.558062
36.558062
36.558062
36.558062
36.558062
36.558062
36.558062
36.558062
36.558062
36.558062
36.558062
36.558062
36.558062
36.558062
36.558062
36.557942
36.557942
36.557942
36.557942
36.557942
36.557942
36.558895
36.558895
36.558895
36.558895
36.558895
36.558895
36.558895
36.558895
36.558895
36.558895
36.558895
36.558895
36.564317
36.564317
36.564317
36.564317
36.564317
36.564317
36.564317
36.564317
36.564317
36.564317
36.569095
36.569095
36.578366
36.578366
36.578366
36.578366
36.578366
36.578366
36.578366
36.578366
36.578366
36.578366
36.578366
36.578366
36.578366
36.578366
36.578366
36.578366
36.578366
36.578366
36.578366
36.578366
36.578366
36.578366
36.578462
36.578462
36.578462
36.578462
36.578462
36.578462
36.578462
36.578462
36.578462
36.578462
36.578462
36.578462
36.578462
36.578462
36.578462
36.578462
36.578462
36.578462
36.578462
36.578462
36.578462
36.580194
36.580194
36.580194
36.580194
36.580194
36.580194
36.580194
36.580194
36.580194
36.581262
36.581262
36.581608
36.581608
36.581608
36.581608
36.581608
36.581608
36.581608
36.581608
36.581608
36.581608
36.581608
36.581608
36.578399
36.578399
36.578399
36.578399
36.578399
36.578399
36.578399
36.578399
36.578399
36.580824
36.580824
36.580824
36.580824
36.580824
36.582125
36.582125
36.582125
36.582125
36.582125
36.582125
36.582125
36.582125
36.582125
36.582125
36.582125
36.582125
36.582125
36.582125
36.582125
36.582125
36.582125
36.582125
36.582125
36.582125
36.582125
36.582125
36.582125
36.582125
36.582125
36.582125
36.582125
36.582125
36.582125
36.582125
36.582125
36.582125
36.582125
36.582125
36.582125
36.582125
36.582125
36.579469
36.579469
36.579469
36.579469
36.579469
36.579469
36.579469
36.579469
36.579469
36.579469
36.579469
36.579469
36.579469
36.579469
36.579469
36.579469
36.579469
36.579469
36.579357
36.579357
36.579357
36.579357
36.579357
36.579357
36.579357
36.579357
36.579357
36.579357
36.579357
36.579357
36.579357
36.579357
36.579357
36.579357
36.579357
36.579357
36.579357
36.578880
36.578880
36.578880
36.578880
36.578880
36.578880
36.578880
36.578880
36.578880
36.578880
36.578880
36.578880
36.578880
36.578880
36.578880
36.578880
36.578880
36.578880
36.578880
36.578880
36.578880
36.578880
36.578880
36.578880
36.578880
36.578880
36.576671
36.576671
36.576671
36.576671
36.576671
36.576671
36.576671
36.576671
36.576671
36.576671
36.576671
36.576671
36.574409
36.574409
36.574409
36.574409
36.574409
36.574409
36.575403
36.575403
36.575403
36.572963
36.573570
36.573570
36.573570
36.573570
36.573570
36.573570
36.573570
36.573570
36.573570
36.573875
36.573875
36.573875
36.573875
36.573928
36.573928
36.573928
36.573928
36.573928
36.573928
36.573928
36.573928
36.573928
36.573319
36.573319
36.573319
36.573319
36.573319
36.573319
36.573319
36.573319
36.573319
36.573319
36.573319
36.573319
36.573319
36.573319
36.573319
36.573319
36.573319
36.573319
36.573319
36.573319
36.573319
36.573319
36.573319
36.573319
36.573319
36.573319
36.573319
36.573319
36.573319
36.573319
36.573319
36.573319
36.573319
36.573319
36.573319
36.573319
36.573319
36.573319
36.573319
36.573319
36.573319
36.573319
36.573319
36.573319
36.573319
36.573319
36.573319
36.573319
36.573319
36.573901
36.573901
36.573901
36.573901
36.573901
36.574102
36.574102
36.574102
36.574102
36.574102
36.574102
36.573418
36.573418
36.573998
36.573667
36.573667
36.573667
36.573667
36.573667
36.573667
36.573667
36.573667
36.573667
36.573667
36.573667
36.573667
36.573667
36.573667
36.576254
36.576254
36.576254
36.575930
36.575930
36.575930
36.575930
36.575930
36.575930
36.575930
36.575930
36.576890
36.576890
36.576890
36.576890
36.576890
36.576890
36.576890
36.576890
36.576890
36.576890
36.576890
36.576890
36.577002
36.577002
36.577002
36.577002
36.577002
36.577002
36.577002
36.577002
36.577002
36.577002
36.577002
36.576715
36.576715
36.576715
36.576715
36.576715
36.576715
36.576715
36.576715
36.576715
36.576715
36.576715
36.576715
36.576715
36.576715
36.576715
36.576715
36.576715
36.576715
36.576715
36.576715
36.576715
36.576715
36.576715
36.576715
36.576715
36.576715
36.576715
36.576715
36.576715
36.576715
36.576715
36.576715
36.576715
36.576715
36.576715
36.576715
36.576715
36.576715
36.576715
36.576715
36.576715
36.577016
36.577016
36.577016
36.577016
36.577016
36.577016
36.577016
36.577016
36.580263
36.580334
36.580334
36.580334
36.581739
36.581739
36.581739
36.581739
36.581739
36.582064
36.582064
36.582064
36.582064
36.582064
36.582064
36.582064
36.582064
36.582064
36.582064
36.582064
36.582064
36.582064
36.582357
36.582357
36.582357
36.582357
36.581880
36.581880
36.581880
36.581880
36.581880
36.581880
36.581880
36.581430
36.581430
36.581430
36.581430
36.581430
36.581430
36.581430
36.581430
36.581430
36.581430
36.581430
36.581430
36.581430
36.581430
36.581430
36.581430
36.581430
36.581430
36.581430
36.581430
36.581430
36.581430
36.581430
36.581430
36.581430
36.581430
36.581430
36.581430
36.581430
36.581430
36.581430
36.581430
36.581430
36.582092
36.582092
36.582092
36.582092
36.582092
36.581659
36.581659
36.581659
36.581659
36.581659
36.580386
36.580386
36.580386
36.580386
36.580386
36.580386
36.580386
36.580386
36.580386
36.580386
36.580386
36.580386
36.580614
36.580614
36.580614
36.580614
36.580614
36.580614
36.580614
36.580614
36.580614
36.580614
36.580614
36.580614
36.580614
36.580614
36.580614
36.580614
36.580614
36.580614
36.580614
36.580614
36.580614
36.580614
36.581079
36.581079
36.581079
36.581079
36.581079
36.581079
36.581079
36.581523
36.581523
36.581523
36.581523
36.581523
36.580436
36.580436
36.580436
36.580436
36.580436
36.580436
36.580436
36.580436
36.580436
36.580436
36.580436
36.580436
36.580436
36.580436
36.580436
36.580436
36.580436
36.580436
36.580436
36.580436
36.580436
36.580436
36.580436
36.580940
36.580940
36.580940
36.580940
36.580176
36.580176
36.580176
36.580176
36.580176
36.580176
36.580176
36.581130
36.581037
36.581522
36.581522
36.581522
36.581522
36.581522
36.581522
36.581522
36.581522
36.581522
36.581522
36.581522
36.581522
36.581522
36.583866
36.583866
36.583866
36.584704
36.584704
36.584704
36.584704
36.584704
36.584704
36.584704
36.584704
36.584704
36.584704
36.584704
36.584704
36.584704
36.584704
36.584704
36.584704
36.584704
36.584704
36.584704
36.584704
36.584704
36.584704
36.584704
36.584704
36.584704
36.584704
36.584704
36.584704
36.584704
36.584704
36.584704
36.584704
36.584704
36.584704
36.584704
36.584704
36.584704
36.584704
36.584704
36.584704
36.584704
36.584704
36.584704
36.584704
36.584704
36.585311
36.585311
36.585311
36.590406
36.591277
36.591277
36.591277
36.591277
36.591277
36.591277
36.591277
36.591277
36.591277
36.591277
36.591277
36.591277
36.591277
36.591277
36.591277
36.591277
36.591443
36.591443
36.591443
36.591443
36.591443
36.591443
36.591443
36.591443
36.591443
36.591443
36.591443
36.591443
36.591443
36.591443
36.591443
36.591443
36.591443
36.591443
36.591443
36.591443
36.591443
36.591443
36.591443
36.591381
36.591381
36.591381
36.591381
36.591381
36.591381
36.591381
36.591381
36.591381
36.591381
36.591381
36.591381
36.591381
36.591381
36.591381
36.591381
36.591381
36.591381
36.591381
36.591381
36.594030
36.594030
36.594030
36.594030
36.594030
36.594030
36.594030
36.594030
36.593243
36.593243
36.593243
36.593243
36.593243
36.593243
36.593243
36.593243
36.593243
36.593243
36.593243
36.593243
36.593946
36.593946
36.593946
36.593946
36.593946
36.593946
36.593946
36.593946
36.593971
36.593971
36.593971
36.593971
36.593971
36.593971
36.593971
36.593971
36.593971
36.593971
36.593971
36.593971
36.593971
36.593971
36.593971
36.593971
36.593971
36.593971
36.593971
36.593971
36.593971
36.593971
36.593971
36.593971
36.593971
36.593971
36.593971
36.593971
36.593971
36.593971
36.593971
36.593971
36.593971
36.593971
36.593971
36.595078
36.595078
36.595078
36.595078
36.595078
36.595078
36.595078
36.595078
36.595078
36.595078
36.595078
36.595187
36.596460
36.596460
36.596460
36.596460
36.596460
36.596460
36.596460
36.596460
36.596460
36.596460
36.596460
36.596460
36.596460
36.596460
36.596460
36.596460
36.596460
36.596460
36.596698
36.596698
36.596698
36.596698
36.596698
36.596698
36.596698
36.596698
36.596698
36.596698
36.596698
36.596698
36.596698
36.596698
36.596698
36.596698
36.596698
36.596698
36.596698
36.595865
36.595865
36.595865
36.595865
36.595865
36.595865
36.595865
36.595865
36.595865
36.595865
36.595865
36.595865
36.595865
36.595865
36.595865
36.595865
36.595865
36.595865
36.595865
36.595865
36.595865
36.595865
36.595865
36.595865
36.595865
36.595865
36.595865
36.595865
36.595865
36.595865
36.595865
36.595865
36.595865
36.595865
36.595865
36.595865
36.595865
36.595972
36.595972
36.595972
36.595972
36.595972
36.595972
36.595972
36.595972
36.595972
36.595972
36.595972
36.595972
36.595972
36.595972
36.595972
36.598479
36.598562
36.598562
36.598562
36.598562
36.598562
36.598562
36.598562
36.598562
36.598562
36.598562
36.598562
36.598562
36.598562
36.598562
36.599857
36.599857
36.599857
36.599857
36.599857
36.599857
36.599857
36.599857
36.599857
36.599857
36.599857
36.599857
36.599857
36.599857
36.599857
36.599857
36.599857
36.599857
36.599857
36.599857
36.599857
36.600027
36.600027
36.600027
36.600027
36.600027
36.602862
36.604285
36.604285
36.604285
36.604285
36.604285
36.604285
36.604285
36.604285
36.604285
36.604285
36.604285
36.604285
36.604285
36.604285
36.604285
36.604285
36.604285
36.604285
36.604285
36.604285
36.604285
36.604285
36.604285
36.604285
36.604459
36.604459
36.604317
36.604317
36.604317
36.604317
36.604317
36.604317
36.604317
36.604317
36.605169
36.605085
36.605085
36.605085
36.605085
36.605085
36.606505
36.606505
36.606505
36.606505
36.606505
36.606505
36.606505
36.606505
36.606505
36.606505
36.606505
36.606505
36.606505
36.606505
36.606505
36.606505
36.606534
36.606534
36.606534
36.606534
36.606534
36.606534
36.606534
36.608032
36.608032
36.608032
36.608089
36.608089
36.608089
36.608282
36.608282
36.608282
36.608282
36.608282
36.608282
36.608282
36.608282
36.607804
36.607804
36.607804
36.607804
36.607804
36.607804
36.607804
36.607804
36.607804
36.607804
36.607804
36.607804
36.607804
36.607804
36.607804
36.607804
36.607804
36.607804
36.607753
36.608475
36.608475
36.608475
36.608475
36.608475
36.608583
36.607894
36.607894
36.609233
36.609233
36.609233
36.609233
36.609233
36.609233
36.609233
36.609233
36.609233
36.609233
36.609233
36.609233
36.609233
36.609233
36.609792
36.609792
36.609792
36.609792
36.609792
36.609792
36.609792
36.609792
36.609792
36.609792
36.609792
36.609792
36.609792
36.609792
36.609792
36.609792
36.609792
36.609792
36.609792
36.609792
36.609792
36.609792
36.609792
36.609792
36.609792
36.610888
36.610888
36.610888
36.610888
36.610888
36.610888
36.610572
36.610572
36.610572
36.610572
36.610572
36.610572
36.611101
36.611101
36.611101
36.611101
36.611101
36.611101
36.611101
36.611101
36.611101
36.611101
36.611101
36.611101
36.611101
36.611101
36.611101
36.611101
36.611101
36.611101
36.611101
36.611101
36.611101
36.611101
36.611101
36.611101
36.611101
36.611101
36.611101
36.611101
36.611101
36.611101
36.611101
36.611101
36.611101
36.611101
36.611101
36.611101
36.611101
36.611101
36.612359
36.612359
36.612359
36.612139
36.612139
36.612139
36.612139
36.612139
36.612139
36.612139
36.612139
36.612139
36.612139
36.612139
36.612139
36.612139
36.612139
36.612139
36.612139
36.612139
36.612139
36.612139
36.612139
36.612139
36.612139
36.612139
36.612139
36.612139
36.612139
36.612139
36.612139
36.612139
36.612139
36.612139
36.612139
36.612139
36.612139
36.612139
36.612139
36.612139
36.612139
36.612139
36.612139
36.612139
36.612139
36.612296
36.612296
36.612296
36.612296
36.612296
36.612296
36.612296
36.612281
36.612281
36.612281
36.612281
36.612281
36.612458
36.612458
36.612458
36.612458
36.612788
36.612788
36.612788
36.612788
36.612788
36.612788
36.612788
36.612788
36.612788
36.612788
36.612788
36.612788
36.612788
36.612788
36.612788
36.612788
36.612788
36.612788
36.612788
36.612788
36.612788
36.612788
36.612788
36.612788
36.612788
36.612788
36.613459
36.613459
36.613459
36.613459
36.613459
36.613464
36.613464
36.613464
36.613464
36.613322
36.613322
36.613322
36.613322
36.613322
36.613322
36.613322
36.613322
36.613340
36.613352
36.613352
36.613352
36.613352
36.613352
36.613352
36.613352
36.613352
36.613352
36.613352
36.613352
36.613352
36.613352
36.613352
36.613352
36.613352
36.613352
36.613352
36.613352
36.613352
36.613352
36.613352
36.613352
36.613352
36.613352
36.613352
36.613352
36.612703
36.612703
36.612703
36.612703
36.612703
36.612717
36.612717
36.612717
36.612717
36.612717
36.613307
36.613307
36.613307
36.613307
36.613307
36.613307
36.613307
36.613307
36.613307
36.613307
36.613307
36.613307
36.613307
36.613307
36.613307
36.613455
36.613455
36.613455
36.613490
36.613490
36.613490
36.612898
36.612898
36.612898
36.612898
36.612898
36.612898
36.612898
36.614493
36.614493
36.614493
36.614493
36.614493
36.614493
36.614493
36.614493
36.614493
36.614493
36.614493
36.614493
36.614493
36.614493
36.614493
36.614493
36.614493
36.614471
36.614471
36.614471
36.614471
36.614471
36.614471
36.614471
36.614471
36.614471
36.614471
36.614471
36.614471
36.614471
36.614471
36.614471
36.614471
36.614471
36.614471
36.614471
36.614471
36.614471
36.614471
36.614471
36.614471
36.614471
36.614449
36.614274
36.614472
36.614472
36.614472
36.614472
36.614472
36.614472
36.614472
36.614472
36.614472
36.614472
36.614472
36.614472
36.614472
36.614472
36.614472
36.614472
36.614472
36.614472
36.614472
36.614472
36.614472
36.614472
36.614472
36.614472
36.614472
36.614472
36.614472
36.614472
36.614472
36.614409
36.614409
36.614409
36.614409
36.614409
36.614409
36.614409
36.614409
36.614409
36.614409
36.614409
36.614409
36.614409
36.614409
36.614409
36.614409
36.614537
36.614537
36.614537
36.614537
36.614537
36.614537
36.614537
36.614537
36.614537
36.614537
36.614537
36.614537
36.614537
36.614537
36.614537
36.614537
36.614537
36.614537
36.614537
36.614537
36.614537
36.614537
36.614537
36.614537
36.614537
36.614537
36.614537
36.614537
36.614537
36.614537
36.614537
36.614537
36.614537
36.614537
36.614537
36.614338
36.614338
36.614338
36.614338
36.614338
36.614338
36.614338
36.614338
36.614671
36.614671
36.614671
36.614671
36.614671
36.614671
36.614671
36.614671
36.614671
36.614671
36.614671
36.614671
36.614671
36.614671
36.614671
36.614671
36.614671
36.614671
36.614028
36.614028
36.614028
36.614028
36.614028
36.614028
36.614028
36.614028
36.614028
36.614028
36.614028
36.614028
36.614028
36.613925
36.613925
36.613925
36.613925
36.613925
36.613925
36.613925
36.613925
36.613925
36.613925
36.613925
36.613925
36.613925
36.613925
36.613925
36.613925
36.613925
36.613925
36.613925
36.613925
36.613925
36.613925
36.613925
36.613925
36.613484
36.613484
36.613484
36.613484
36.613484
36.613484
36.613484
36.613484
36.613484
36.613484
36.613484
36.613484
36.613484
36.613484
36.613484
36.613484
36.613484
36.613484
36.613484
36.613484
36.613484
36.613501
36.613501
36.613501
36.613501
36.613501
36.613501
36.613501
36.612948
36.612948
36.612948
36.612948
36.612948
36.612948
36.612948
36.612948
36.612948
36.612948
36.612948
36.612948
36.612948
36.612948
36.612982
36.612982
36.612982
36.612982
36.612982
36.612982
36.612982
36.612982
36.612982
36.612982
36.612982
36.612982
36.612982
36.612982
36.612982
36.612982
36.612982
36.612982
36.612982
36.612982
36.612982
36.612982
36.612982
36.612982
36.612982
36.612982
36.612982
36.612982
36.612982
36.612982
36.612982
36.612982
36.612982
36.612982
36.612982
36.612982
36.612982
36.612982
36.612982
36.612982
36.612982
36.612982
36.612982
36.614865
36.614865
36.614865
36.614017
36.614017
36.614017
36.614017
36.614017
36.614017
36.614017
36.614017
36.614017
36.614017
36.614017
36.614017
36.613613
36.613310
36.613310
36.613310
36.613310
36.613310
36.613310
36.615428
36.615428
36.615428
36.615428
36.615428
36.615428
36.615428
36.615425
36.615425
36.615425
36.615425
36.615425
36.615425
36.615425
36.615425
36.615425
36.615425
36.615425
36.615425
36.615425
36.615425
36.615425
36.615425
36.615425
36.615425
36.615425
36.615425
36.615425
36.615425
36.615425
36.615425
36.615425
36.615425
36.615425
36.615425
36.615425
36.615425
36.615425
36.615425
36.615425
36.615425
36.615425
36.616325
36.616325
36.616325
36.616325
36.616366
36.616366
36.616366
36.616366
36.616366
36.616366
36.616366
36.616366
36.616366
36.616366
36.616366
36.616366
36.616366
36.616366
36.616366
36.616366
36.616366
36.615694
36.615694
36.615694
36.615694
36.615694
36.615694
36.615694
36.615694
36.615694
36.615694
36.615971
36.615971
36.615855
36.615855
36.616263
36.616263
36.616263
36.616263
36.616263
36.617220
36.617220
36.617220
36.617220
36.617220
36.617220
36.617220
36.617220
36.617220
36.617220
36.617220
36.617220
36.617220
36.617220
36.618275
36.618275
36.618275
36.618275
36.618275
36.618275
36.618275
36.618305
36.618305
36.618305
36.618305
36.618305
36.618305
36.618305
36.618305
36.618305
36.618870
36.618870
36.618870
36.618870
36.618870
36.618870
36.618870
36.618870
36.618870
36.618870
36.618870
36.618870
36.618870
36.618870
36.618870
36.618870
36.618870
36.618870
36.618870
36.618897
36.618897
36.618897
36.618897
36.618653
36.618653
36.618653
36.618653
36.618653
36.618653
36.618653
36.618653
36.618653
36.618653
36.618653
36.618653
36.618653
36.618653
36.618653
36.618653
36.618653
36.618653
36.618653
36.618653
36.618653
36.618653
36.618653
36.618653
36.618653
36.618653
36.618653
36.618653
36.618653
36.618653
36.618653
36.618653
36.618653
36.618653
36.618653
36.618653
36.618653
36.618653
36.618653
36.618653
36.618653
36.617348
36.617348
36.617348
36.617348
36.617348
36.617348
36.617348
36.617583
36.617583
36.617583
36.617583
36.617583
36.617583
36.617583
36.617583
36.617583
36.617583
36.617583
36.617583
36.617583
36.617583
36.617943
36.617943
36.617943
36.617943
36.617943
36.617943
36.617943
36.617920
36.617920
36.617920
36.617920
36.617920
36.617920
36.617920
36.618156
36.618156
36.618156
36.618156
36.618156
36.618156
36.618156
36.618156
36.618156
36.618156
36.618156
36.618156
36.618156
36.617723
36.617723
36.617723
36.617723
36.617723
36.617723
36.617723
36.616538
36.616538
36.616538
36.616538
36.616538
36.616538
36.616538
36.616538
36.616538
36.616538
36.617798
36.617855
36.617855
36.617855
36.617855
36.617855
36.617855
36.617954
36.617954
36.617954
36.617954
36.617976
36.617976
36.617976
36.617976
36.617976
36.617976
36.617976
36.617976
36.617976
36.617911
36.617911
36.617911
36.617911
36.617911
36.617911
36.617911
36.617911
36.617911
36.617911
36.617911
36.617911
36.617911
36.617911
36.617507
36.617507
36.617507
36.617507
36.617507
36.617507
36.617368
36.617368
36.617368
36.617368
36.617368
36.617368
36.617368
36.617368
36.617368
36.617187
36.617187
36.617187
36.617187
36.617187
36.617625
36.617625
36.617625
36.617625
36.617625
36.617625
36.617625
36.617625
36.617625
36.617625
36.617625
36.617484
36.617484
36.617484
36.617484
36.617484
36.617484
36.617484
36.617645
36.617645
36.617645
36.617645
36.619019
36.619019
36.619019
36.619019
36.619019
36.619019
36.619019
36.619019
36.619019
36.619019
36.619019
36.619042
36.619042
36.619042
36.618964
36.618964
36.618964
36.618964
36.618964
36.618964
36.618964
36.618964
36.618964
36.618964
36.618964
36.618964
36.618964
36.618964
36.618964
36.618964
36.618964
36.618964
36.618964
36.618964
36.618964
36.618981
36.618981
36.618981
36.618981
36.618981
36.618981
36.618981
36.618981
36.618981
36.618981
36.619806
36.619806
36.619806
36.619806
36.619806
36.620487
36.620487
36.620487
36.620487
36.620487
36.620487
36.620487
36.620487
36.620487
36.620417
36.620417
36.620350
36.620350
36.620350
36.620350
36.620350
36.620350
36.620350
36.620350
36.620350
36.620350
36.620350
36.620350
36.620350
36.620350
36.620350
36.620350
36.620979
36.620979
36.620979
36.620979
36.620979
36.620979
36.620979
36.620979
36.620979
36.620979
36.620979
36.620979
36.620979
36.621068
36.621068
36.621068
36.621068
36.621068
36.621068
36.621068
36.621068
36.620570
36.620570
36.620570
36.620570
36.620570
36.620570
36.620570
36.620570
36.620570
36.620083
36.620083
36.620083
36.620083
36.620083
36.620083
36.620083
36.619775
36.619775
36.619775
36.619775
36.619775
36.619775
36.619775
36.619775
36.619775
36.619775
36.619775
36.619775
36.619753
36.619753
36.619753
36.619753
36.619982
36.619982
36.619982
36.619982
36.619982
36.619982
36.619982
36.620100
36.620100
36.620170
36.620079
36.620079
36.620079
36.620104
36.620104
36.620104
36.620104
36.620104
36.620104
36.620104
36.620104
36.620104
36.620104
36.620104
36.620104
36.620104
36.620104
36.620104
36.620104
36.620104
36.620104
36.620104
36.620104
36.619840
36.619840
36.619840
36.619840
36.620126
36.620126
36.620419
36.620419
36.620419
36.620419
36.620372
36.620372
36.620372
36.620372
36.620372
36.620372
36.620372
36.620372
36.620372
36.620205
36.620205
36.620205
36.620205
36.620205
36.620205
36.620205
36.620205
36.620205
36.620205
36.620205
36.620205
36.620205
36.620205
36.620205
36.620205
36.620205
36.620205
36.620205
36.620205
36.620205
36.620205
36.620424
36.620424
36.620424
36.620424
36.620444
36.620444
36.620444
36.620444
36.620444
36.620444
36.620444
36.620444
36.620444
36.620444
36.620444
36.620444
36.620444
36.620444
36.620444
36.620444
36.620444
36.620444
36.620444
36.620444
36.620444
36.620444
36.620444
36.620444
36.620444
36.620444
36.620444
36.620444
36.620444
36.620444
36.620444
36.620444
36.620444
36.620444
36.620444
36.620446
36.620737
36.620737
36.620737
36.620737
36.620737
36.620737
36.620737
36.620737
36.620763
36.620763
36.620763
36.620763
36.620763
36.620763
36.620691
36.620691
36.620691
36.620691
36.620691
36.620691
36.620691
36.620691
36.620691
36.620691
36.620691
36.620691
36.620691
36.620691
36.620691
36.620745
36.620745
36.620745
36.620745
36.620745
36.620745
36.620745
36.620745
36.620745
36.620745
36.620745
36.620745
36.620745
36.620559
36.620532
36.620532
36.620532
36.620532
36.620532
36.620532
36.620532
36.620532
36.620532
36.620532
36.620532
36.620532
36.620532
36.620532
36.620532
36.620532
36.620532
36.620532
36.620513
36.620513
36.620513
36.620513
36.620513
36.620513
36.620513
36.620513
36.620285
36.620285
36.620285
36.620285
36.620285
36.620285
36.620285
36.620285
36.620285
36.620285
36.620285
36.620285
36.620285
36.620285
36.620285
36.620285
36.620285
36.620285
36.620285
36.620285
36.620285
36.620285
36.620285
36.620274
36.620274
36.620274
36.620274
36.620274
36.620274
36.620274
36.620274
36.620274
36.620274
36.620305
36.620305
36.620305
36.620305
36.620305
36.620305
36.620305
36.620305
36.620305
36.620305
36.620305
36.620305
36.620305
36.620305
36.620305
36.620305
36.620305
36.620305
36.620305
36.620305
36.620305
36.620305
36.620305
36.620305
36.620305
36.620305
36.620305
36.620305
36.620305
36.620179
36.620179
36.620179
36.620179
36.620179
36.620179
36.620179
36.620179
36.620179
36.620179
36.620192
36.620192
36.620192
36.620192
36.620192
36.620192
36.620192
36.620192
36.620037
36.620037
36.620037
36.620037
36.620037
36.620037
36.620037
36.620037
36.620037
36.620037
36.620180
36.620180
36.620180
36.620180
36.620180
36.620180
36.620180
36.620180
36.620180
36.620180
36.620180
36.620172
36.620174
36.620174
36.620174
36.620174
36.620174
36.620174
36.620174
36.620174
36.620174
36.620174
36.620174
36.620174
36.620174
36.620174
36.620174
36.620174
36.620174
36.620174
36.620312
36.620312
36.620312
36.620312
36.620312
36.620312
36.620312
36.620312
36.620312
36.620312
36.620312
36.620312
36.620312
36.620308
36.620308
36.620308
36.620308
36.620308
36.620482
36.620482
36.620482
36.620482
36.620482
36.620482
36.620482
36.620482
36.620482
36.620482
36.620482
36.620482
36.620482
36.620482
36.620482
36.620468
36.620468
36.620468
36.620468
36.620468
36.620468
36.620252
36.620252
36.620252
36.620235
36.620235
36.620235
36.620235
36.620235
36.620235
36.620235
36.620235
36.620235
36.620235
36.620235
36.620235
36.620235
36.620235
36.620235
36.620235
36.620235
36.620235
36.620235
36.620235
36.620235
36.620235
36.620235
36.620235
36.620235
36.620235
36.620235
36.620235
36.620235
36.620235
36.620235
36.620235
36.620235
36.620235
36.620235
36.620235
36.620235
36.620235
36.620235
36.620235
36.620235
36.620235
36.620235
36.620235
36.620235
36.620235
36.620235
36.620235
36.620235
36.620235
36.620106
36.620106
36.620106
36.620106
36.620106
36.620106
36.620106
36.620106
36.620106
36.620106
36.620106
36.620106
36.620106
36.620106
36.620106
36.620106
36.620106
36.620106
36.620106
36.620106
36.620106
36.620572
36.620572
36.620572
36.620572
36.620572
36.620572
36.620572
36.620572
36.620572
36.620572
36.620572
36.620572
36.620572
36.620572
36.620572
36.620572
36.620572
36.620572
36.620572
36.620572
36.620572
36.620882
36.620882
36.620882
36.620882
36.620882
36.620882
36.620882
36.621037
36.621037
36.621037
36.621037
36.621053
36.621053
36.621053
36.621053
36.621110
36.621110
36.621110
36.621110
36.621110
36.621110
36.621110
36.621252
36.621252
36.621252
36.621252
36.621252
36.621252
36.621252
36.621132
36.621132
36.621132
36.621132
36.621132
36.621132
36.621132
36.621132
36.621357
36.621357
36.621357
36.621357
36.621357
36.621357
36.621357
36.621357
36.621357
36.621357
36.621357
36.621357
36.621357
36.621357
36.621357
36.621357
36.621357
36.621357
36.621357
36.621357
36.621357
36.620874
36.620874
36.620874
36.620874
36.620874
36.620698
36.620698
36.620698
36.620698
36.620698
36.620698
36.620698
36.620698
36.620698
36.620698
36.620698
36.620698
36.620698
36.620698
36.620698
36.620698
36.620698
36.620698
36.620698
36.620698
36.620698
36.620698
36.620698
36.620698
36.620556
36.620556
36.620556
36.620556
36.620556
36.620556
36.620556
36.620556
36.620556
36.620556
36.620501
36.620501
36.620501
36.620501
36.620501
36.620501
36.620501
36.620501
36.620501
36.620501
36.620501
36.620501
36.620501
36.620501
36.620501
36.620501
36.620501
36.620501
36.620501
36.620501
36.620501
36.620501
36.620501
36.620501
36.620543
36.620543
36.620543
36.620543
36.620543
36.620543
36.620543
36.620543
36.620543
36.620543
36.620543
36.620543
36.620543
36.620543
36.620543
36.620543
36.620543
36.620543
36.620543
36.620543
36.620543
36.620543
36.620543
36.620543
36.620900
36.620900
36.620900
36.620900
36.620900
36.620900
36.620900
36.620900
36.620900
36.620900
36.620900
36.620900
36.620900
36.620129
36.620129
36.620129
36.620129
36.620129
36.620129
36.620129
36.620129
36.620129
36.620129
36.620129
36.620129
36.620129
36.620129
36.620129
36.620129
36.620129
36.620129
36.620129
36.620129
36.620129
36.620129
36.620087
36.620087
36.620087
36.620087
36.620087
36.620087
36.620087
36.620087
36.620087
36.620087
36.620087
36.620364
36.620364
36.620364
36.620364
36.620364
36.620364
36.620364
36.620364
36.620364
36.620364
36.620364
36.620364
36.620364
36.620364
36.620364
36.620364
36.620364
36.620364
36.620364
36.620364
36.620364
36.620364
36.620364
36.620364
36.620364
36.620364
36.620364
36.620364
36.620364
36.620364
36.620364
36.620364
36.620364
36.620364
36.620364
36.620364
36.620364
36.620364
36.620364
36.620364
36.620364
36.620364
36.620364
36.620364
36.620345
36.620345
36.620345
36.620345
36.620345
36.620345
36.620345
36.620345
36.620345
36.620345
36.620345
36.620345
36.620345
36.620345
36.620345
36.620345
36.620345
36.620345
36.620345
36.620345
36.620345
36.620345
36.620345
36.620345
36.620345
36.620345
36.620345
36.620345
36.620345
36.620345
36.620345
36.620345
36.620345
36.620345
36.620345
36.620345
36.620345
36.620345
36.620345
36.620345
36.620345
36.620345
36.620345
36.620345
36.620345
36.620195
36.620195
36.620195
36.620195
36.620195
36.620195
36.620195
36.620152
36.620152
36.620152
36.620152
36.620152
36.620152
36.620259
36.620259
36.620259
36.620259
36.620259
36.620259
36.620259
36.620259
36.620259
36.620259
36.620259
36.620259
36.620165
36.620165
36.620165
36.620165
36.620165
36.620165
36.620165
36.620083
36.620016
36.620016
36.620016
36.620016
36.620016
36.619727
36.619727
36.619727
36.619727
36.619727
36.619727
36.619727
36.619727
36.619727
36.619727
36.619727
36.619727
36.619727
36.619727
36.619614
36.619614
36.619614
36.619614
36.619614
36.619614
36.619614
36.619614
36.619614
36.619614
36.619578
36.619578
36.619692
36.619692
36.619692
36.619692
36.619692
36.619692
36.619692
36.619692
36.619692
36.619692
36.619692
36.619692
36.619692
36.619692
36.619692
36.619692
36.619692
36.619692
36.619558
36.619558
36.619558
36.619558
36.619558
36.619558
36.619558
36.619558
36.619558
36.619558
36.619558
36.619558
36.619558
36.619558
36.619558
36.619558
36.619558
36.619558
36.619558
36.619558
36.619558
36.619558
36.619558
36.619558
36.619558
36.619546
36.619546
36.619546
36.619546
36.619785
36.619785
36.619845
36.619845
36.619845
36.619845
36.619845
36.619845
36.619845
36.619845
36.619845
36.619845
36.619845
36.619845
36.619845
36.619845
36.619845
36.619845
36.619845
36.619845
36.619845
36.619845
36.619845
36.619845
36.619845
36.619845
36.619845
36.619845
36.619845
36.619845
36.619845
36.619845
36.619845
36.619845
36.619845
36.619845
36.619845
36.619845
36.619845
36.619845
36.619845
36.619845
36.619845
36.619845
36.619840
36.619773
36.619773
36.619773
36.619773
36.619773
36.619773
36.619773
36.619874
36.619874
36.619874
36.619874
36.619874
36.619874
36.619874
36.619874
36.619874
36.619874
36.619874
36.619864
36.619864
36.619864
36.619864
36.619864
36.619864
36.619864
36.619864
36.619864
36.619864
36.619864
36.619864
36.619864
36.619864
36.619864
36.619864
36.619927
36.619927
36.619927
36.619927
36.619927
36.619935
36.619935
36.619935
36.619935
36.619935
36.619935
36.619921
36.619921
36.619921
36.620005
36.620005
36.620005
36.620005
36.620005
36.620005
36.620005
36.620005
36.620005
36.620005
36.619943
36.619943
36.619943
36.619943
36.619943
36.619943
36.619943
36.619943
36.619943
36.619943
36.619943
36.619943
36.619943
36.619943
36.619943
36.619943
36.636978
36.636978
36.637065
36.637065
36.637065
36.637065
36.637065
36.637065
36.637065
36.637038
36.637038
36.637127
36.637125
36.637125
36.637125
36.637125
36.637125
36.637125
36.637125
36.637125
36.637125
36.637125
36.637125
36.637125
36.637125
36.637125
36.637203
36.637203
36.637203
36.637203
36.637203
36.637203
36.637203
36.637203
36.637243
36.637243
36.637243
36.637247
36.637247
36.637221
36.637221
36.637221
36.637221
36.637221
36.637221
36.637221
36.637221
36.637221
36.637221
36.637221
36.637221
36.637221
36.637221
36.637219
36.637219
36.637259
36.637259
36.637271
36.637271
36.637271
36.637228
36.637228
36.637214
36.637214
36.637214
36.637214
36.637214
36.637214
36.637214
36.637214
36.637214
36.637226
36.637257
36.637257
36.637257
36.637257
36.637257
36.637257
36.637257
36.637257
36.637257
36.637257
36.637257
36.637257
36.637299
36.637299
36.637299
36.637299
36.637299
36.637299
36.637299
36.637299
36.637299
36.637299
36.637299
36.637299
36.637299
36.637299
36.637299
36.637299
36.637299
36.637299
36.637299
36.637299
36.637299
36.637299
36.637299
36.637299
36.637299
36.637299
36.637299
36.637256
36.637256
36.637256
36.637256
36.637256
36.637256
36.637256
36.637256
36.637065
36.637065
36.637065
36.637065
36.637065
36.637065
36.637065
36.637065
36.637065
36.637061
36.637061
36.637061
36.637061
36.637061
36.637061
36.637061
36.637061
36.637061
36.637068
36.637080
36.637080
36.637080
36.637080
36.637080
36.637080
36.637080
36.637080
36.637080
36.637080
36.637080
36.637080
36.637072
36.637072
36.637072
36.637072
36.637072
36.637072
36.637072
36.637072
36.637072
36.637072
36.637072
36.637072
36.637072
36.637072
36.637072
36.637072
36.637072
36.637072
36.637072
36.637072
36.637072
36.637072
36.637072
36.637072
36.637072
36.637072
36.637072
36.637072
36.637050
36.637050
36.637050
36.637050
36.637050
36.637050
36.637050
36.637050
36.637050
36.637050
36.637050
36.637050
36.637050
36.637050
36.637050
36.637050
36.637050
36.637050
36.637050
36.637050
36.637050
36.637050
36.637050
36.637050
36.637050
36.637050
36.637050
36.636999
36.636999
36.636999
36.636999
36.636999
36.636999
36.636999
36.636999
36.636999
36.637023
36.637023
36.637023
36.637023
36.637023
36.637023
36.637023
36.637023
36.637023
36.637023
36.637023
36.637023
36.637023
36.637023
36.637023
36.637023
36.637023
36.637023
36.637023
36.637023
36.637023
36.637023
36.637023
36.637023
36.637023
36.637023
36.637023
36.637023
36.637023
36.637023
36.637023
36.637023
36.637023
36.637023
36.637023
36.637037
36.637037
36.637037
36.637037
36.637049
36.637049
36.637049
36.637049
36.637049
36.637049
36.637049
36.637763
36.637763
36.637763
36.637763
36.637763
36.637763
36.637763
36.637763
36.637763
36.637963
36.637963
36.637963
36.637963
36.637963
36.638038
36.638038
36.638038
36.638038
36.638038
36.638038
36.638038
36.637272
36.637272
36.637272
36.637119
36.637280
36.637280
36.637280
36.637280
36.637280
36.637280
36.637280
36.637280
36.637280
36.637280
36.637280
36.637280
36.637280
36.637280
36.637280
36.637280
36.637280
36.637280
36.637280
36.637280
36.637280
36.637280
36.637280
36.637280
36.637280
36.637280
36.637280
36.637280
36.637280
36.637280
36.637280
36.620149
36.620149
36.620149
36.620149
36.620149
36.620098
36.620098
36.620098
36.620098
36.620098
36.620098
36.620098
36.620098
36.620098
36.619828
36.619828
36.619828
36.619828
36.619828
36.619828
36.619715
36.619657
36.619657
36.619657
36.619657
36.619657
36.619657
36.619657
36.619657
36.619657
36.619657
36.619657
36.619657
36.619657
36.619657
36.619657
36.619657
36.619657
36.619657
36.619657
36.619657
36.619657
36.619657
36.619657
36.619657
36.619657
36.619657
36.619610
36.619610
36.619610
36.619610
36.619610
36.619610
36.619610
36.620541
36.620541
36.620541
36.620541
36.620541
36.620541
36.620541
36.620541
36.620541
36.620541
36.620541
36.620541
36.620541
36.620681
36.620681
36.621050
36.620997
36.620997
36.620997
36.620997
36.621247
36.621247
36.621247
36.621247
36.621247
36.621247
36.621247
36.621247
36.621247
36.621247
36.621247
36.621247
36.621247
36.621247
36.621247
36.621302
36.621302
36.621302
36.621302
36.621302
36.621302
36.621302
36.621302
36.621302
36.621302
36.621302
36.621302
36.621249
36.621249
36.621249
36.621249
36.621249
36.621249
36.621249
36.621249
36.621249
36.621249
36.621299
36.621299
36.621417
36.621417
36.621417
36.621362
36.621362
36.621362
36.621362
36.621362
36.621450
36.621450
36.621450
36.621450
36.621450
36.621450
36.621450
36.621450
36.621450
36.621450
36.621565
36.621565
36.621565
36.621436
36.621569
36.621569
36.621569
36.621569
36.621569
36.621569
36.621569
36.621569
36.621569
36.621546
36.621546
36.621546
36.621546
36.621770
36.621770
36.621770
36.621770
36.621770
36.621593
36.621593
36.622054
36.622054
36.622315
36.622315
36.622315
36.622315
36.622315
36.622315
36.622494
36.622494
36.622494
36.622494
36.622494
36.622494
36.622494
36.622494
36.622494
36.622494
36.622494
36.622494
36.622494
36.622494
36.622494
36.622494
36.622719
36.622719
36.622719
36.622719
36.622719
36.622719
36.622719
36.622719
36.622719
36.622719
36.622719
36.622719
36.622719
36.622719
36.622719
36.622719
36.622719
36.622719
36.623101
36.623101
36.623101
36.623101
36.623101
36.623101
36.623101
36.623101
36.623101
36.623101
36.623101
36.623101
36.623101
36.623101
36.623101
36.623101
36.623101
36.623101
36.622830
36.622830
36.622830
36.622830
36.622830
36.622954
36.622954
36.622954
36.622954
36.622954
36.622954
36.622954
36.622954
36.622954
36.622954
36.622954
36.622954
36.622954
36.622954
36.622954
36.622954
36.622954
36.622954
36.622954
36.622954
36.622954
36.622954
36.622954
36.622959
36.622959
36.622959
36.622959
36.622959
36.673036
36.673036
36.673036
36.673036
36.673036
36.657853
36.657853
36.657853
36.657853
36.657853
36.657853
36.657853
36.657853
36.657853
36.657853
36.657853
36.657795
36.657795
36.657795
36.657795
36.657795
36.657795
36.657795
36.657795
36.657795
36.657795
36.657795
36.657795
36.657795
36.657795
36.657795
36.657795
36.657795
36.657795
36.657795
36.657795
36.657795
36.657795
36.657795
36.657795
36.657795
36.657795
36.657795
36.657795
36.657795
36.657795
36.657795
36.657795
36.657795
36.658771
36.658771
36.658771
36.658771
36.658771
36.658771
36.658771
36.001422
36.001422
36.001422
36.001422
36.001422
36.001422
36.001422
36.001422
36.001422
36.001422
36.001422
36.001422
36.001422
36.001422
36.001422
36.001422
36.001422
36.003126
36.003126
36.003126
36.003126
36.003126
36.003126
36.003126
36.003126
36.003126
36.003126
36.003126
36.003126
36.003126
36.003126
36.003126
36.003126
36.003126
36.003126
36.003126
36.003126
36.003126
36.003126
36.003126
36.003126
36.003126
36.003126
36.002136
36.002136
36.002476
36.002476
36.002476
36.002476
36.002476
36.002476
36.005773
36.005773
36.005773
36.005714
36.005714
36.005714
36.005714
36.005714
36.005714
36.002258
36.001461
36.001461
36.001461
36.001461
36.001461
36.001461
36.001461
35.999399
35.999399
35.999399
35.999399
35.999399
35.999399
35.999399
35.999399
35.999399
35.999399
35.999399
35.999399
35.999399
35.999399
35.999399
35.997482
35.997482
35.997482
35.997482
35.997482
35.997482
35.997482
35.997482
35.997482
35.997482
35.997482
35.997482
35.995282
35.995282
35.995282
35.995282
35.995282
35.995282
35.995282
35.995282
35.995282
35.995282
35.995282
35.995282
35.995282
35.995282
35.995282
35.995282
35.995282
35.995282
35.995282
35.995282
35.995282
35.995788
35.995788
35.995788
35.995788
35.995788
35.995788
35.995788
35.995788
35.995788
35.995788
35.995788
35.995788
35.995788
35.995672
35.995672
35.995672
35.995672
35.995672
35.995672
35.995450
35.995450
35.995450
35.995450
35.993182
35.993182
35.993182
35.993182
35.993182
35.993182
35.993182
35.993182
35.993182
35.992888
35.992888
35.992888
35.992888
35.992103
35.992103
35.992103
35.992103
35.992103
35.991274
35.991274
35.991274
35.991274
35.991274
35.991274
35.991274
35.991274
35.991274
35.991274
35.991274
35.991274
35.991274
35.990025
35.990025
35.990025
35.990025
35.990025
35.989548
35.989548
35.989102
35.989102
35.989102
35.989102
35.989102
35.989102
35.989102
35.989102
35.989102
35.989102
35.988325
35.988325
35.988325
35.988325
35.988325
35.987331
35.986384
35.986384
35.986797
35.986797
35.986741
35.986741
35.986741
35.986741
35.986741
35.986741
35.986741
35.986741
35.986741
35.986741
35.986741
35.986741
35.986741
35.986741
35.986741
35.986741
35.986741
35.986741
35.986741
35.986741
35.986741
35.986741
35.986350
35.986350
35.986350
35.986350
35.986350
35.986350
35.986350
35.986350
35.985944
35.985944
35.985944
35.985944
35.985944
35.985944
35.985944
35.985944
35.985944
35.985944
35.985734
35.985621
35.985621
35.985621
35.985621
35.985427
35.985427
35.985581
35.985544
35.985544
35.985544
35.985544
35.985544
35.985544
35.985544
35.985544
35.985544
35.985544
35.985544
35.985544
35.985544
35.985544
35.985544
35.985483
35.985483
35.985483
35.985483
35.985483
35.985483
35.985483
35.985593
35.985593
35.985593
35.985593
35.985593
35.985593
35.985593
35.985593
35.985593
35.985593
35.985593
35.985480
35.985480
35.985480
35.985480
35.985480
35.985690
35.985690
35.985690
35.985690
35.985690
35.985690
35.985690
35.985690
35.985764
35.985764
35.985764
35.985764
35.985764
35.985764
35.985764
35.985764
35.985764
35.985764
35.985764
35.985764
35.985764
35.985764
35.985764
35.985764
35.985764
35.985764
35.985764
35.985764
35.985764
35.985764
35.985764
35.985764
35.985764
35.986138
35.986138
35.986138
35.986297
35.986297
35.986297
35.986297
35.986297
35.986295
35.986295
35.986295
35.986295
35.986295
35.986295
35.986295
35.986295
35.986295
35.986295
35.986295
35.986295
35.986295
35.986295
35.986295
35.986295
35.986295
35.986295
35.986312
35.986312
35.986312
35.986312
35.986374
35.986504
35.986504
35.986534
35.986534
35.986534
35.986534
35.986534
35.986648
35.986648
35.986648
35.986648
35.986648
35.986648
35.986648
35.986648
35.986648
35.986648
35.986648
35.986648
35.986648
35.986648
35.986648
35.986648
35.986648
35.986513
35.986513
35.986513
35.986513
35.986513
35.986513
35.986513
35.986513
35.986513
35.986513
35.986513
35.986513
35.986513
35.986513
35.986513
35.986513
35.986513
35.986513
35.986513
35.986513
35.986513
35.986513
35.986513
35.986513
35.986513
35.986513
35.986513
35.986513
35.986513
35.986513
35.986513
35.986513
35.986513
35.986513
35.986513
35.986641
35.986641
35.986641
35.986641
35.986641
35.986641
35.986641
35.986589
35.986589
35.986589
35.986589
35.986589
35.986589
35.986589
35.986589
35.986589
35.986589
35.986589
35.986589
35.986589
35.986589
35.986973
35.986973
35.986973
35.986973
35.986973
35.986973
35.986973
35.986973
35.986973
35.986973
35.986973
35.986973
35.986973
35.986984
35.986984
35.986984
35.986984
35.986956
35.986956
35.986956
35.986956
35.986956
35.987277
35.987277
35.987277
35.987277
35.987277
35.987277
35.987277
35.987277
35.987277
35.987346
35.987346
35.987249
35.987249
35.987249
35.987249
35.987249
35.987249
35.987249
35.987249
35.987249
35.987249
35.987200
35.987200
35.987200
35.987200
35.987200
35.987200
35.987200
35.987200
35.987200
35.987200
35.987200
35.987204
35.987204
35.987204
35.987204
35.987204
35.987204
35.987204
35.987204
35.987204
35.987204
35.987164
35.987164
35.987164
35.987164
35.987164
35.987164
35.987164
35.987164
35.986997
35.986997
35.986997
35.986997
35.986997
35.986997
35.986997
35.986997
35.986997
35.986792
35.986792
35.986792
35.986792
35.986792
35.986792
35.986792
35.986792
35.986792
35.986792
35.986792
35.986792
35.986792
35.986792
35.986792
35.986792
35.986792
35.986792
35.986792
35.986792
35.986792
35.986792
35.986792
35.986792
35.986792
35.986792
35.986792
35.986792
35.986792
35.986792
35.986792
35.986792
35.986792
35.986792
35.986846
35.986846
35.986846
35.986846
35.986846
35.987089
35.987089
35.987089
35.987089
35.987168
35.987168
35.987168
35.987168
35.987168
35.987168
35.987168
35.987168
35.987168
35.987168
35.987224
35.987224
35.987224
35.987224
35.987224
35.987224
35.987224
35.987224
35.987224
35.987224
35.987224
35.987224
35.987224
35.987224
35.987168
35.987168
35.987168
35.987168
35.987168
35.987168
35.985957
35.985957
35.985957
35.985957
35.985957
35.985957
35.985957
35.986470
35.986470
35.986470
35.986470
35.986470
35.986470
35.986470
35.986374
35.986374
35.986374
35.986374
35.986374
35.986374
35.986374
35.986374
35.986374
35.986374
35.986374
35.986374
35.986374
35.986374
35.986374
35.986374
35.986374
35.986738
35.986738
35.986738
35.986738
35.986738
35.986738
35.986738
35.986738
35.986738
35.986738
35.986738
35.986738
35.986738
35.986738
35.986738
35.986738
35.986738
35.986738
35.986738
35.986738
35.986738
35.986738
35.986738
35.986738
35.986738
35.986738
35.986738
35.986738
35.986738
35.986738
35.986738
35.986738
35.986739
35.986739
35.986739
35.986739
35.986739
35.986739
35.986739
35.986739
35.986739
35.986739
35.986739
35.986739
35.986739
35.986739
35.986837
35.986837
35.986837
35.986837
35.986837
35.986837
35.986837
35.986837
35.986837
35.986837
35.986837
35.986837
35.986837
35.986837
35.986837
35.986837
35.986837
35.986837
35.986837
35.986837
35.986837
35.986837
35.986837
35.986837
35.986837
35.986837
35.986837
35.986837
35.986837
35.986837
35.986837
35.986837
35.986837
35.986837
35.986837
35.986852
35.986852
35.986852
35.986852
35.986852
35.986852
35.986852
35.986852
35.986852
35.986852
35.986852
35.986852
35.986852
35.986852
35.986852
35.986964
35.986964
35.986964
35.987034
35.987034
35.986993
35.986993
35.986993
35.986985
35.986985
35.986985
35.986985
35.986985
35.986985
35.986985
35.986985
35.986985
35.986985
35.986985
35.986985
35.986985
35.986985
35.986985
35.986985
35.986985
35.986985
35.986985
35.986985
35.986985
35.987000
35.987000
35.987000
35.987000
35.987000
35.986842
35.986842
35.986842
35.986842
35.986842
35.986842
35.986842
35.986842
35.986842
35.986842
35.986842
35.986842
35.986842
35.986842
35.986842
35.986842
35.986842
35.986842
35.986842
35.986842
35.986842
35.986842
35.986842
35.986902
35.986902
35.986866
35.986866
35.986866
35.986866
35.986866
35.986866
35.986866
35.986866
35.986872
35.986872
35.986872
35.986872
35.986872
35.986872
35.986854
35.986854
35.986854
35.986854
35.986854
35.986854
35.986854
35.986624
35.986624
35.986624
35.986624
35.986624
35.986624
35.986739
35.986739
35.986739
35.986739
35.986739
35.986739
35.986739
35.986739
35.986739
35.986739
35.986739
35.986739
35.986739
35.986739
35.986739
35.986739
35.986782
35.986782
35.986782
35.986782
35.986782
35.986782
35.986782
35.986782
35.986782
35.986782
35.986782
35.986961
35.986961
35.986961
35.986961
35.986961
35.986961
35.987007
35.987007
35.987007
35.987007
35.987007
35.987007
35.987023
35.987023
35.987023
35.987023
35.987023
35.987023
35.987023
35.986951
35.986951
35.986951
35.986951
35.986951
35.986954
35.986954
35.986954
35.986896
35.986896
35.986947
35.986947
35.986947
35.987033
35.987033
35.987033
35.987033
35.987053
35.987053
35.987053
35.987053
35.987053
35.987053
35.987053
35.987053
35.987053
35.987053
35.987053
35.987053
35.987053
35.987053
35.987053
35.987053
35.987053
35.987053
35.987053
35.987053
35.987053
35.987022
35.987022
35.987022
35.987022
35.987022
35.987022
35.987022
35.987022
35.987022
35.987000
35.987000
35.987000
35.987000
35.987000
35.987000
35.987000
35.987000
35.987000
35.991074
35.991074
35.991074
35.991074
35.991074
35.991074
35.991263
35.991263
35.991263
35.991263
35.991263
35.991263
35.991263
35.991263
35.991392
35.991392
35.991392
35.991392
35.991392
35.991392
35.991392
35.991392
35.991581
35.991581
35.991581
35.991581
35.991581
35.991581
35.991581
35.991630
35.991630
35.991630
35.991630
35.991630
35.991630
35.992147
35.992147
35.992272
35.992272
35.992272
35.992272
35.992272
35.992272
35.992272
35.992272
35.992272
35.992272
35.992272
35.992272
35.992272
35.992272
35.992272
35.992272
35.992272
35.992272
35.992272
35.992272
35.992272
35.992272
35.992462
35.992462
35.992695
35.992695
35.992695
35.992695
35.992695
35.992695
35.992635
35.992576
35.992576
35.992576
35.992576
35.992576
35.992576
35.992576
35.992576
35.992576
35.992576
35.992576
35.992576
35.992576
35.992584
35.992584
35.992584
35.992584
35.992584
35.992584
35.992584
35.992584
35.992584
35.992584
35.992553
35.992553
35.992553
35.992553
35.992525
35.992525
35.992525
35.992525
35.992525
35.992525
35.992525
35.992525
35.992525
35.992525
35.992549
35.992549
35.992549
35.992570
35.992570
35.992570
35.992570
35.992570
35.992613
35.992613
35.992613
35.992613
35.992613
35.992613
35.992613
35.992613
35.992613
35.992613
35.992613
35.992596
35.992596
35.992596
35.992620
35.992620
35.992620
35.992631
35.992631
35.992631
35.992631
35.992631
35.992631
35.992618
35.992632
35.992632
35.992632
35.992632
35.992632
35.992632
35.992632
35.992632
35.992632
35.992632
35.992632
35.992632
35.992632
35.992632
35.992632
35.992632
35.992701
35.992701
35.992701
35.992701
35.992701
35.992701
35.992701
35.992701
35.992701
35.992701
35.992701
35.992701
35.992624
35.992574
35.992574
35.992574
35.992574
35.992574
35.992574
35.992574
35.992574
35.992574
35.992543
35.992543
35.992543
35.992543
35.992543
35.992543
35.992399
35.992399
35.992399
35.992399
35.992399
35.992399
35.992206
35.992206
35.992206
35.992206
35.992206
35.992206
35.992206
35.992206
35.992206
35.992206
35.992206
35.992206
35.992206
35.992206
35.992206
35.992206
35.992206
35.992206
35.992206
35.992158
35.992158
35.992158
35.992158
35.992158
35.992158
35.992158
35.992158
35.992158
35.992158
35.992241
35.992241
35.992241
35.992241
35.992241
35.992241
35.992241
35.992241
35.992241
35.992241
35.992241
35.992241
35.992241
35.992241
35.992241
35.992241
35.992241
35.992241
35.992241
35.992241
35.992241
35.992234
35.992234
35.992234
35.992234
35.992234
35.992234
35.992234
35.992234
35.992234
35.992234
35.992234
35.992234
35.992234
35.992407
35.992407
35.985783
35.985783
35.985783
35.985783
35.985783
35.985783
35.985945
35.985945
35.985945
35.986021
35.986021
35.986021
35.986021
35.986021
35.986021
35.986021
35.986021
35.986021
35.986021
35.986021
35.986021
35.986021
35.986021
35.986021
35.986021
35.986021
35.986021
35.986021
35.986021
35.985911
35.985911
35.985911
35.985911
35.985911
35.985911
35.985911
35.985911
35.985911
35.985911
35.985911
35.985911
35.985911
35.985911
35.985911
35.985911
35.985911
35.985911
35.985911
35.985911
35.985911
35.985911
35.985911
35.985911
35.985864
35.985864
35.985864
35.985864
35.985864
35.985864
35.985889
35.985889
35.985889
35.985889
35.985889
35.985889
35.985889
35.985889
35.985889
35.985889
35.985889
35.985889
35.985889
35.985889
35.985867
35.985867
35.985867
35.985867
35.985867
35.985867
35.985796
35.985796
35.985796
35.985772
35.985772
35.985772
35.985772
35.985755
35.985755
35.985755
35.985755
35.985755
35.985755
35.985755
35.985755
35.985755
35.985755
35.985755
35.985704
35.985704
35.985704
35.985704
35.985704
35.985704
35.985704
35.985704
35.985704
35.985704
35.985704
35.985704
35.985704
35.985704
35.985704
35.985704
35.985704
35.985704
35.985704
35.985704
35.985704
35.985704
35.985704
35.985704
35.989604
35.989604
35.989612
35.989612
35.989612
35.989612
35.989612
35.989612
35.989612
35.989612
35.989612
35.989612
35.989612
35.989612
35.989564
35.989564
35.989625
35.989625
35.989625
35.989625
35.989775
35.989775
35.989775
35.989775
35.989775
35.989775
35.989775
35.989775
35.989775
35.989775
35.989775
35.993232
35.995403
35.995403
35.995403
35.997657
35.997657
35.997657
35.997657
35.997657
35.997657
35.997960
35.997960
35.997960
35.997960
35.997960
35.997091
35.997091
35.997091
35.997091
35.997091
35.581691
35.581691
35.581691
35.581691
35.582066
35.582066
35.582066
35.582066
35.582066
35.582066
35.582066
35.582066
35.582066
35.582066
35.582066
35.581901
35.581901
35.581901
35.581901
35.581901
35.581901
35.581901
35.581901
35.581901
35.581901
35.581901
35.582049
35.582049
35.582049
35.582049
35.580488
35.580488
35.580488
35.580488
35.580488
35.580488
35.580488
35.580488
35.580488
35.580488
35.580488
35.580488
35.580488
35.580488
35.580488
35.580488
35.580488
35.580488
35.580488
35.580488
35.580488
35.580488
35.580488
35.580488
35.580488
35.580658
35.580658
35.580658
35.580658
35.580658
35.580658
35.580658
35.580658
35.580658
35.580658
35.580812
35.580812
35.580812
35.580812
35.580812
35.580812
35.580812
35.580812
35.580812
35.580812
35.580812
35.580812
35.580812
35.580812
35.580812
35.580812
35.580812
35.580812
35.580812
35.580812
35.580812
35.580812
35.580812
35.580812
35.580812
35.582229
35.582229
35.582229
35.582229
35.582229
35.582229
35.582229
35.582229
35.582229
35.582229
35.582229
35.582229
35.582315
35.582315
35.582315
35.581114
35.581114
35.581114
35.581241
35.581241
35.581241
35.580361
35.580361
35.579738
35.579738
35.579738
35.579738
35.579738
35.579738
35.579738
35.579738
35.579738
35.579738
35.579738
35.579738
35.579738
35.579185
35.579185
35.579185
35.579185
35.581520
35.581520
35.581520
35.582366
35.582366
35.582366
35.582366
35.582366
35.582366
35.582366
35.582366
35.582366
35.582366
35.582366
35.582366
35.582366
35.582366
35.582366
35.582009
35.581978
35.583308
35.583308
35.583308
35.583755
35.583755
35.583755
35.583755
35.583755
35.584775
35.584775
35.584775
35.584775
35.584775
35.584775
35.584775
35.584775
35.584775
35.584775
35.584775
35.584775
35.584775
35.584775
35.584775
35.584775
35.584775
35.584775
35.584775
35.584775
35.584775
35.584775
35.584775
35.584775
35.584775
35.584775
35.584775
35.584775
35.585212
35.585212
35.585212
35.585212
35.585212
35.585212
35.585212
35.585212
35.585212
35.585212
35.585212
35.585212
35.585212
35.585212
35.585212
35.585212
35.585212
35.585212
35.585420
35.585807
35.585807
35.585807
35.585807
35.585807
35.585807
35.585807
35.585807
35.585807
35.585807
35.585807
35.585807
35.585807
35.585807
35.585807
35.585746
35.585746
35.585746
35.585746
35.585746
35.585847
35.585847
35.585847
35.585847
35.585847
35.585357
35.585357
35.585357
35.585357
35.585357
35.585357
35.585506
35.585506
35.585506
35.585506
35.585506
35.585753
35.585753
35.586145
35.586145
35.586145
35.586145
35.586145
35.586145
35.586145
35.586145
35.586145
35.586145
35.586145
35.586145
35.586145
35.586145
35.586145
35.586145
35.586145
35.586145
35.586145
35.586145
35.586145
35.586145
35.585580
35.585580
35.585580
35.585580
35.585580
35.585580
35.585580
35.585580
35.585580
35.585580
35.585915
35.585915
35.585915
35.585915
35.585915
35.585915
35.585915
35.586238
35.586238
35.586238
35.586238
35.586238
35.586238
35.586238
35.586238
35.586238
35.586238
35.586190
35.586190
35.586190
35.586190
35.586190
35.586190
35.586190
35.586190
35.586190
35.586190
35.586190
35.586190
35.586190
35.586190
35.586190
35.586507
35.586507
35.587305
35.587784
35.587234
35.586916
35.586916
35.586916
35.586916
35.587147
35.587147
35.587147
35.587147
35.587147
35.587147
35.587147
35.587147
35.587147
35.587147
35.587147
35.587147
35.587147
35.587147
35.587147
35.587147
35.587147
35.587147
35.587147
35.587147
35.587147
35.587147
35.587147
35.587147
35.587542
35.588460
35.588460
35.588460
35.588460
35.588460
35.588460
35.589033
35.588679
35.588679
35.588679
35.588679
35.588679
35.588679
35.588679
35.588679
35.588679
35.588679
35.588679
35.588679
35.588679
35.588679
35.588679
35.588403
35.588704
35.588704
35.588629
35.588629
35.588629
35.588629
35.588333
35.588333
35.588365
35.588365
35.588365
35.588365
35.588365
35.588365
35.588365
35.588365
35.588365
35.588365
35.588897
35.588897
35.588897
35.588897
35.588897
35.588897
35.588897
35.588897
35.588854
35.588854
35.589074
35.589074
35.589074
35.589074
35.589074
35.589074
35.589074
35.589074
35.589074
35.589074
35.589074
35.589074
35.589074
35.589244
35.589244
35.588708
35.588708
35.588708
35.588766
35.589035
35.589522
35.589522
35.589528
35.589528
35.589528
35.589528
35.589528
35.589528
35.589528
35.589528
35.589528
35.589528
35.589528
35.589528
35.589528
35.589528
35.589552
35.589552
35.589552
35.589672
35.589672
35.589672
35.589672
35.589672
35.589672
35.589672
35.589672
35.589672
35.589672
35.589715
35.589715
35.589715
35.589715
35.589715
35.589715
35.589715
35.589673
35.589779
35.589779
35.589779
35.589814
35.589814
35.590176
35.590176
35.590176
35.590176
35.590176
35.590176
35.590176
35.590176
35.590176
35.590176
35.590176
35.590176
35.590176
35.590063
35.590063
35.590063
35.590063
35.589754
35.589619
35.589619
35.589619
35.589619
35.589505
35.589505
35.589505
35.589505
35.589505
35.589505
35.589865
35.589865
35.589865
35.589865
35.589865
35.589865
35.589865
35.589865
35.589865
35.589859
35.590084
35.590084
35.590084
35.590084
35.590084
35.590084
35.590084
35.590084
35.596654
35.596654
35.596654
35.596654
35.596654
35.596813
35.596813
35.596813
35.596813
35.596813
35.596813
35.596813
35.596813
35.596813
35.596813
35.596813
35.596813
35.596813
35.596813
35.596813
35.596813
35.596813
35.596813
35.596813
35.596813
35.596813
35.596813
35.596813
35.599268
35.599268
35.599268
35.599268
35.599268
35.599268
35.599268
35.599268
35.600770
35.600770
35.600770
35.601719
35.604848
35.604848
35.604848
35.607606
35.611641
35.611641
35.611641
35.616202
35.616202
35.616202
35.616691
35.616691
35.616691
35.616691
35.616691
35.616691
35.616691
35.616691
35.617685
35.617685
35.617685
35.617685
35.617685
35.617685
35.910467
35.910467
35.911647
35.911647
35.911647
35.911647
35.911647
35.911647
35.911647
35.911647
35.911647
35.911647
35.911647
35.911647
35.911647
35.911647
35.911647
35.912579
35.912579
35.912579
35.912579
35.912579
35.912579
35.912579
35.912579
35.912579
35.912579
35.912579
35.912579
35.912579
35.907393
35.907393
35.907393
35.907393
35.907393
35.909498
35.909498
35.909498
35.909498
35.909498
35.909498
35.909498
35.909498
35.910386
35.910715
35.910715
35.910715
35.910715
35.910715
35.910715
35.910487
35.910487
35.910487
35.910487
35.910487
35.910487
35.910487
35.910487
35.910487
35.910487
35.910487
35.910487
35.910487
35.910487
35.910487
35.910487
35.910487
35.910487
35.910487
35.910487
35.910487
35.910487
35.910487
35.910487
35.910487
35.910487
35.910487
35.910487
35.910487
35.910487
35.911395
35.911395
35.911395
35.911395
35.911395
35.911395
35.911395
35.911395
35.911395
35.911395
35.909889
35.909889
35.909889
35.909889
35.909889
35.910286
35.910286
35.910286
35.910286
35.910286
35.910286
35.909305
35.909305
35.909305
35.909305
35.909305
35.909305
35.909224
35.909224
35.909224
35.909224
35.909224
35.909326
35.909326
35.909326
35.909326
35.909326
35.909326
35.909326
35.909326
35.910670
35.910670
35.910670
35.910527
35.910527
35.910527
35.910527
35.910527
35.910527
35.910527
35.910527
35.912541
35.912227
35.912227
35.912227
35.912227
35.912227
35.912227
35.912227
35.913187
35.913307
35.913307
35.913083
35.913083
35.914918
35.914918
35.914918
35.914918
35.914918
35.913367
35.913367
35.913367
35.913367
35.913367
35.913367
35.913367
35.913367
35.913367
35.913367
35.913367
35.913367
35.913367
35.913367
35.913736
35.913736
35.913292
35.913292
35.913292
35.913292
35.913292
35.913292
35.913292
35.913292
35.913292
35.913292
35.913292
35.913292
35.913292
35.913292
35.913292
35.913292
35.913292
35.913292
35.913292
35.913292
35.913292
35.913292
35.913292
35.913292
35.913292
35.913292
35.913292
35.913292
35.913292
35.913292
35.913292
35.913292
35.913292
35.913292
35.913292
35.913714
35.913714
35.914270
35.914270
35.914270
35.914270
35.914279
35.914279
35.914279
35.914279
35.914279
35.914279
35.914279
35.914279
35.914279
35.914279
35.914279
35.914279
35.914279
35.914279
35.914279
35.914279
35.914279
35.914279
35.914279
35.914279
35.914279
35.914279
35.914279
35.914279
35.914539
35.914539
35.914311
35.914261
35.914261
35.914261
35.914261
35.914261
35.914261
35.914261
35.914261
35.914261
35.914261
35.914261
35.914261
35.914261
35.914261
35.914261
35.914261
35.914261
35.914261
35.914261
35.914261
35.914261
35.914261
35.914261
35.914261
35.914261
35.914261
35.914261
35.914261
35.914261
35.914261
35.914261
35.914261
35.914261
35.914261
35.914261
35.914261
35.914261
35.914261
35.914261
35.914261
35.914666
35.914666
35.914666
35.914666
35.914666
35.914666
35.914666
35.914666
35.914666
35.914666
35.914666
35.914666
35.914666
35.914666
35.914666
35.914666
35.914666
35.914666
35.913958
35.913958
35.913958
35.913958
35.913958
35.913958
35.913958
35.913958
35.913958
35.913958
35.913958
35.913958
35.914235
35.914801
35.914801
35.914801
35.914801
35.914801
35.914801
35.914801
35.915079
35.915079
35.915079
35.915079
35.915079
35.915079
35.915079
35.915079
35.915079
35.915079
35.916140
35.916140
35.916140
35.916140
35.916140
35.916140
35.916140
35.916501
35.916501
35.916501
35.916501
35.916501
35.916501
35.916501
35.916501
35.916501
35.916171
35.916171
35.916562
35.916562
35.916562
35.916562
35.916562
35.916562
35.916562
35.916562
35.916562
35.916562
35.916562
35.916562
35.916562
35.916562
35.916562
35.916562
35.916562
35.916562
35.916562
35.916562
35.916562
35.916562
35.916562
35.916562
35.916562
35.916562
35.916562
35.916562
35.916562
35.916562
35.916562
35.916562
35.916967
35.916744
35.916744
35.916744
35.916744
35.916744
35.916744
35.916744
35.916744
35.916744
35.916744
35.916744
35.916728
35.916728
35.916728
35.916728
35.916728
35.916728
35.916728
35.916728
35.916480
35.916480
35.916480
35.916480
35.916480
35.916480
35.916324
35.916324
35.916324
35.916324
35.916324
35.916324
35.916222
35.916222
35.916222
35.916222
35.916222
35.916222
35.915926
35.915926
35.915926
35.915926
35.916241
35.916241
35.916241
35.916241
35.916241
35.916241
35.916241
35.916241
35.916241
35.916241
35.916241
35.916241
35.916344
35.916344
35.916344
35.916344
35.916344
35.916344
35.916344
35.916344
35.916344
35.916344
35.916344
35.916344
35.916344
35.916344
35.916707
35.916707
35.916707
35.916707
35.916707
35.916707
35.916707
35.916707
35.916707
35.916707
35.916707
35.916707
35.916707
35.916707
35.916707
35.916707
35.916707
35.916707
35.916707
35.916707
35.916710
35.916710
35.916710
35.916710
35.916710
35.916710
35.917110
35.917110
35.917110
35.917110
35.917110
35.917110
35.917110
35.917110
35.917110
35.917110
35.917110
35.917110
35.917110
35.917110
35.917110
35.917110
35.917110
35.917110
35.917110
35.917110
35.917110
35.917110
35.917110
35.917496
35.917496
35.917496
35.917496
35.917496
35.917496
35.917496
35.917496
35.917496
35.917496
35.917496
35.917496
35.917496
35.917496
35.917496
35.917496
35.917496
35.917496
35.917496
35.917496
35.917496
35.917496
35.917496
35.917496
35.917496
35.917496
35.917496
35.917496
35.917496
35.917496
35.917496
35.917496
35.917496
35.917496
35.917496
35.917496
35.917496
35.917496
35.917496
35.918197
35.918197
35.918197
35.918197
35.918197
35.918197
35.918197
35.918197
35.918197
35.918197
35.918197
35.918197
35.918197
35.918197
35.918197
35.918197
35.918197
35.918197
35.918197
35.918197
35.918197
35.918197
35.918197
35.918197
35.918197
35.918197
35.918197
35.918197
35.918197
35.918197
35.918197
35.918197
35.918197
35.918197
35.918197
35.918197
35.918197
35.918197
35.918197
35.918197
35.918197
35.918197
35.918197
35.917961
35.920132
35.920132
35.920132
35.920132
35.920132
35.920132
35.920132
35.920132
35.922205
35.922205
35.922205
35.922205
35.922205
35.922205
35.922205
35.922205
35.922205
35.922205
35.922205
35.922205
35.922205
35.922205
35.922205
35.922205
35.709650
35.704969
35.704969
35.704969
35.704969
35.704969
35.704969
35.704969
35.704969
35.704969
35.704969
35.704969
35.704969
35.704969
35.704969
35.704969
35.704969
35.704969
35.704969
35.704969
35.704969
35.704969
35.704969
35.704969
35.704940
35.704973
35.705427
35.705518
35.705518
35.705518
35.705518
35.705518
35.705518
35.704280
35.704280
35.704280
35.704280
35.704280
35.704280
35.704280
35.704280
35.704280
35.704280
35.704280
35.704280
35.657057
35.657057
35.657057
35.657057
35.657057
35.657057
35.656707
35.656707
35.656707
35.656707
35.656707
35.656707
35.656707
35.656707
35.656707
35.634557
35.623327
35.623327
35.623327
35.623327
35.623327
35.623327
35.623327
35.622310
35.622310
35.622310
35.622310
35.622310
35.622310
35.622310
35.622310
35.622310
35.622290
35.622290
35.623385
35.624391
35.624391
35.624391
35.624391
35.624391
35.624391
35.624391
35.584641
35.584641
35.584641
35.584531
35.575750
35.575750
35.575750
35.575750
35.575750
35.575750
35.575750
35.577043
35.577043
35.577043
35.577043
35.577043
35.577043
35.577043
35.577043
35.577043
35.577043
35.577043
35.577043
35.577043
35.577043
35.577043
35.577043
35.577043
35.577043
35.577043
35.577043
35.577423
35.577423
35.577423
35.577423
35.577423
35.577423
35.577423
35.577728
35.577728
35.577728
35.583513
35.583513
35.583513
35.583513
35.583513
35.583513
35.583513
35.583513
35.583513
35.583513
35.583513
35.583513
35.583513
35.583513
35.572949
35.572949
35.572949
35.572949
35.572949
35.572949
35.572949
35.572949
35.572949
35.572949
35.572949
35.572949
35.572949
35.572949
35.572949
35.572949
35.572949
35.572949
35.572949
35.572949
35.572949
35.572949
35.572949
35.572949
35.572949
35.572949
35.583481
35.583481
35.583481
35.583481
35.583481
35.583481
35.583481
35.583481
35.583481
35.583481
35.583481
35.583481
35.584157
35.584157
35.584157
35.584157
35.584157
35.584157
35.584157
35.584157
35.584157
35.584157
35.584157
35.584157
35.584157
35.584157
35.584157
35.584455
35.584455
35.584455
35.584455
35.584455
35.584455
35.584441
35.584441
35.584802
35.584802
35.580795
35.580795
35.580795
35.588364
35.588364
35.588364
35.588364
35.588364
35.588364
35.588364
35.588364
35.588364
35.588364
35.588364
35.588382
35.588382
35.584817
35.584817
35.584817
35.584817
35.584817
35.575623
35.575623
35.575130
35.575130
35.575130
35.575130
35.575130
35.575130
35.575130
35.575130
35.575130
35.575130
35.575130
35.575040
35.575040
35.575040
35.575040
35.575040
35.575040
35.572700
35.572700
35.572513
35.572513
35.572513
35.572513
35.572513
35.572513
35.572513
35.572517
35.572517
35.572517
35.572517
35.572517
35.572517
35.572517
35.572517
35.572517
35.572517
35.572517
35.572517
35.572517
35.567574
35.567574
35.567574
35.564820
35.564820
35.564805
35.564805
35.564481
35.564481
35.564481
35.563427
35.568377
35.568377
35.568377
35.568377
35.568377
35.568377
35.568377
35.568377
35.567914
35.567914
35.567914
35.567914
35.567914
35.566503
35.566503
35.566503
35.566503
35.565808
35.565781
35.565781
35.565781
35.566605
35.566605
35.566605
35.566605
35.566605
35.566605
35.566605
35.565839
35.565839
35.565839
35.565839
35.565839
35.565839
35.565839
35.568695
35.568695
35.568695
35.568695
35.568695
35.568695
35.568695
35.569785
35.569807
35.569807
35.569807
35.569807
35.569807
35.569807
35.569807
35.569807
35.568721
35.568721
35.568721
35.568721
35.568721
35.568654
35.568654
35.568654
35.568654
35.568654
35.568654
35.568654
35.568654
35.568654
35.568605
35.568605
35.568605
35.568605
35.568605
35.568605
35.568605
35.568605
35.568605
35.568605
35.568605
35.568605
35.566533
35.566533
35.566533
35.566533
35.566533
35.566533
35.566533
35.566533
35.566533
35.566533
35.566533
35.566533
35.566533
35.566533
35.566533
35.566533
35.566533
35.566533
35.566533
35.566533
35.566533
35.566533
35.566533
35.566533
35.566533
35.566533
35.566533
35.566533
35.566533
35.565237
35.565237
35.565237
35.565237
35.565237
35.565237
35.565237
35.565237
35.565237
35.565237
35.565237
35.565237
35.565237
35.565237
35.565112
35.567161
35.567161
35.567161
35.567161
35.568104
35.569130
35.569130
35.569130
35.569130
35.569130
35.569130
35.569130
35.569130
35.552567
35.552567
35.552567
35.552567
35.552567
35.552567
35.552567
35.552567
35.554030
35.554030
35.554952
35.554952
35.554952
35.554952
35.554952
35.554952
35.554952
35.554952
35.554952
35.554952
35.554952
35.554952
35.555417
35.555417
35.555417
35.555417
35.555417
35.555417
35.555417
35.555417
35.555417
35.555417
35.555417
35.555417
35.555417
35.555359
35.555359
35.555359
35.555359
35.555359
35.555359
35.555359
35.555359
35.555359
35.555359
35.555387
35.555387
35.555089
35.555089
35.555089
35.555089
35.555089
35.555089
35.555089
35.555089
35.555089
35.555089
35.555089
35.555089
35.555089
35.555089
35.555089
35.555089
35.555089
35.555225
35.555328
35.555328
35.555328
35.555870
35.555870
35.555870
35.555870
35.555870
35.555870
35.555870
35.555870
35.555870
35.555870
35.555661
35.555661
35.555661
35.554654
35.554814
35.555729
35.555383
35.557296
35.557168
35.557168
35.557168
35.557168
35.557168
35.557168
35.557168
35.557168
35.557168
35.557168
35.557168
35.557168
35.556371
35.556371
35.556371
35.556371
35.556371
35.556262
35.556262
35.556262
35.556262
35.556262
35.556262
35.556262
35.556236
35.556236
35.556236
35.556236
35.556236
35.556236
35.556236
35.556236
35.556236
35.556076
35.556076
35.556076
35.556076
35.556076
35.556076
35.556076
35.556076
35.556076
35.556076
35.556076
35.556076
35.556076
35.556076
35.556076
35.556076
35.556076
35.556076
35.556076
35.556076
35.556929
35.556929
35.556929
35.556929
35.556929
35.556929
35.556929
35.556929
35.556929
35.556929
35.556929
35.556929
35.556929
35.556929
35.556929
35.556929
35.556307
35.556307
35.556307
35.556307
35.556307
35.556307
35.556307
35.556307
35.556307
35.556307
35.556307
35.556307
35.556307
35.556307
35.556307
35.555608
35.555608
35.555021
35.555021
35.555021
35.555021
35.555021
35.555021
35.556540
35.556540
35.555768
35.555768
35.556342
35.556580
35.556580
35.556580
35.556580
35.557764
35.557764
35.557764
35.557764
35.557764
35.557764
35.556122
35.556122
35.556270
35.556185
35.556362
35.556362
35.556362
35.556362
35.556881
35.556881
35.556881
35.556881
35.556881
35.556881
35.556881
35.556881
35.556881
35.556881
35.556881
35.556881
35.556881
35.556881
35.556881
35.556881
35.556881
35.556881
35.556881
35.556881
35.556994
35.556994
35.556894
35.556894
35.556894
35.556945
35.556945
35.556780
35.556780
35.556780
35.556712
35.556712
35.560858
35.560858
35.561229
35.561229
35.561301
35.561301
35.561301
35.561301
35.561301
35.561301
35.561301
35.561301
35.561301
35.561301
35.561301
35.561301
35.561301
35.561301
35.561301
35.561301
35.561301
35.561301
35.561301
35.561301
35.561301
35.561301
35.561301
35.561079
35.561079
35.561079
35.561079
35.561079
35.561079
35.561079
35.561079
35.561079
35.561079
35.561079
35.561079
35.561079
35.561079
35.561079
35.561079
35.561079
35.561422
35.561422
35.561422
35.561422
35.561422
35.561422
35.561422
35.561422
35.561058
35.561058
35.561058
35.561058
35.560949
35.560949
35.560949
35.560949
35.560949
35.560949
35.560949
35.560949
35.560949
35.560949
35.560949
35.560949
35.560878
35.560878
35.560878
35.560878
35.560878
35.560878
35.560878
35.560878
35.560895
35.560895
35.560895
35.561075
35.561075
35.561075
35.561075
35.561075
35.561135
35.561135
35.561135
35.561135
35.561135
35.561135
35.561188
35.561188
35.561188
35.561188
35.561188
35.561188
35.561188
35.561188
35.561188
35.561188
35.561188
35.561188
35.561188
35.561127
35.561339
35.561339
35.561339
35.561347
35.561347
35.561347
35.561347
35.561347
35.561347
35.561347
35.561347
35.561347
35.561347
35.561347
35.561347
35.561347
35.561347
35.561347
35.561347
35.561417
35.561494
35.561494
35.561494
35.561467
35.561467
35.561467
35.561467
35.561467
35.561418
35.561418
35.561476
35.561476
35.561476
35.561476
35.561129
35.561023
35.561023
35.561023
35.561023
35.560861
35.560824
35.560824
35.560824
35.560824
35.560824
35.560824
35.560824
35.560824
35.560715
35.560715
35.560715
35.560715
35.560715
35.560715
35.560715
35.560715
35.560715
35.560715
35.560715
35.560715
35.560715
35.560715
35.560715
35.560715
35.560715
35.560715
35.560715
35.560715
35.560715
35.560715
35.560715
35.560715
35.560715
35.560715
35.560715
35.560715
35.560715
35.560587
35.560587
35.560587
35.560587
35.563013
35.563013
35.563013
35.562973
35.562872
35.562872
35.562872
35.562872
35.562872
35.562724
35.562724
35.562724
35.562724
35.562724
35.562724
35.562724
35.562580
35.562524
35.562524
35.562524
35.562524
35.562262
35.562262
35.562262
35.562193
35.562193
35.562193
35.562192
35.562192
35.562118
35.562118
35.562084
35.562084
35.562084
35.562084
35.562084
35.562084
35.562084
35.562084
35.562084
35.562084
35.562076
35.562076
35.562076
35.562076
35.562059
35.562059
35.562059
35.562059
35.562059
35.562062
35.562062
35.562062
35.562062
35.562062
35.562062
35.562062
35.562062
35.562062
35.562062
35.562066
35.562066
35.562044
35.562044
35.562044
35.562044
35.562044
35.562044
35.562044
35.562044
35.562044
35.562028
35.562028
35.562028
35.562028
35.562015
35.562015
35.562015
35.562015
35.562015
35.562015
35.562015
35.562038
35.562038
35.562018
35.562018
35.562018
35.562018
35.562018
35.562018
35.562018
35.562018
35.562018
35.562018
35.562018
35.562018
35.562057
35.562057
35.562057
35.562057
35.562057
35.562153
35.562185
35.562185
35.562185
35.562185
35.562185
35.562185
35.562185
35.562185
35.562224
35.562224
35.562229
35.562229
35.562229
35.562229
35.562229
35.562229
35.562240
35.562240
35.562240
35.562240
35.562214
35.562214
35.562214
35.562214
35.562214
35.562214
35.562214
35.562214
35.562214
35.562214
35.562214
35.562208
35.562201
35.562201
35.562201
35.562204
35.562204
35.562204
35.562204
35.562204
35.562204
35.562195
35.562195
35.562198
35.562198
35.562198
35.562203
35.562203
35.562203
35.562203
35.562203
35.562203
35.562203
35.562203
35.562203
35.562203
35.562203
35.562206
35.562186
35.562186
35.562186
35.562186
35.562186
35.562186
35.562186
35.562186
35.562183
35.562183
35.562183
35.562183
35.562183
35.562183
35.562188
35.562188
35.562188
35.562188
35.562188
35.562188
35.562195
35.562195
35.562195
35.562195
35.562195
35.562195
35.562195
35.562195
35.562195
35.562195
35.562197
35.562197
35.562197
35.562197
35.562197
35.562198
35.562198
35.562198
35.562200
35.562189
35.562189
35.562190
35.562190
35.562190
35.562187
35.562178
35.562178
35.562172
35.562168
35.562167
35.562167
35.562165
35.562165
35.562160
35.562160
35.562160
35.562160
35.562159
35.562159
35.562159
35.562159
35.562159
35.562159
35.562159
35.562159
35.562163
35.562163
35.562163
35.562163
35.562164
35.562164
35.562164
35.562164
35.562164
35.562164
35.562164
35.562164
35.562164
35.562164
35.562152
35.562152
35.562152
35.562152
35.562152
35.562156
35.562156
35.562156
35.562156
35.562156
35.562179
35.562179
35.562179
35.562179
35.562186
35.562186
35.562186
35.562192
35.562192
35.562192
35.562187
35.562187
35.562187
35.562187
35.562187
35.562187
35.562186
35.562186
35.562186
35.562186
35.562186
35.562186
35.562181
35.562193
35.562193
35.562193
35.562193
35.562193
35.562193
35.562193
35.562193
35.562193
35.562193
35.562193
35.562193
35.562193
35.562193
35.562193
35.562193
35.562193
35.562193
35.562193
35.562193
35.562193
35.562193
35.562193
35.562197
35.562197
35.562198
35.562198
35.562198
35.562198
35.562198
35.562198
35.562191
35.562191
35.562191
35.562191
35.562191
35.562191
35.562191
35.562191
35.562191
35.562191
35.562191
35.562191
35.562191
35.562191
35.562191
35.562191
35.562191
35.562191
35.562191
35.562191
35.562191
35.562191
35.562191
35.562191
35.562191
35.562191
35.562191
35.562191
35.562191
35.562191
35.562191
35.562191
35.562191
35.562191
35.562191
35.562191
35.562191
35.562191
35.562191
35.562191
35.562191
35.562191
35.562191
35.562191
35.562191
35.562191
35.562185
35.562185
35.562185
35.562185
35.562185
35.562185
35.562185
35.562185
35.562179
35.562179
35.562182
35.562176
35.562176
35.562176
35.562174
35.562174
35.562174
35.562174
35.562174
35.562174
35.562174
35.562174
35.562174
35.562177
35.562177
35.562177
35.562169
35.562169
35.562169
35.562169
35.562169
35.562172
35.562172
35.562172
35.562172
35.562170
35.562170
35.562170
35.562170
35.562170
35.562170
35.562177
35.562177
35.562177
35.562177
35.562177
35.562177
35.557917
35.557917
35.557917
35.557917
35.557917
35.557917
35.557917
35.557917
35.557917
35.557917
35.557917
35.557917
35.557917
35.557917
35.557922
35.557922
35.557922
35.555666
35.555666
35.554542
35.554542
35.554542
35.554542
35.554542
35.554542
35.554542
35.554542
35.554542
35.554542
35.554542
35.554310
35.554310
35.554310
35.554310
35.554310
35.554310
35.554310
35.554310
35.554310
35.554310
35.554310
35.554310
35.554310
35.554310
35.554310
35.554310
35.554310
35.554310
35.554310
35.554310
35.554310
35.554310
35.554310
35.553814
35.553814
35.556296
35.556269
35.556269
35.556269
35.556269
35.556269
35.556269
35.556269
35.556269
35.556269
35.556269
35.556269
35.555350
35.555350
35.555350
35.555350
35.555108
35.555108
35.555108
35.555108
35.555108
35.555108
35.555108
35.555108
35.555108
35.555108
35.555108
35.555108
35.555108
35.555108
35.555108
35.555108
35.555108
35.555108
35.553029
35.552220
35.552220
35.552151
35.552151
35.552151
35.550076
35.550076
35.550175
35.550175
35.550175
35.550175
35.519365
35.519365
35.519365
35.519365
35.519365
35.519405
35.519405
35.519405
35.519405
35.519405
35.519405
35.519405
35.519405
35.519405
35.519405
35.519222
35.519222
35.519222
35.519222
35.519222
35.519189
35.519189
35.519189
35.520514
35.520597
35.520597
35.520597
35.520597
35.520597
35.520597
35.520597
35.520597
35.520420
35.520420
35.520420
35.520420
35.520420
35.520420
35.520420
35.520420
35.520420
35.520420
35.520420
35.520420
35.520420
35.520420
35.520420
35.520420
35.520420
35.520448
35.520765
35.520766
35.520766
35.520766
35.520737
35.520747
35.518720
35.518720
35.518720
35.518720
35.518720
35.518720
35.518826
35.518826
35.518826
35.518826
35.518826
35.518826
35.518826
35.518826
35.518826
35.519708
35.519624
35.519624
35.519624
35.519624
35.519050
35.519050
35.519050
35.519050
35.519050
35.519050
35.519050
35.519050
35.519050
35.519050
35.519050
35.519050
35.519050
35.519112
35.519112
35.519540
35.519985
35.519985
35.519985
35.519956
35.519956
35.519956
35.519956
35.519956
35.519956
35.519956
35.520007
35.520007
35.520006
35.520006
35.519878
35.519878
35.519878
35.519877
35.519877
35.519837
35.519625
35.519625
35.519625
35.519625
35.519625
35.519625
35.517846
35.517673
35.517673
35.517673
35.517673
35.517673
35.517571
35.517571
35.517571
35.518086
35.518086
35.518086
35.518086
35.518086
35.518086
35.518086
35.518086
35.518086
35.518086
35.518573
35.518573
35.518573
35.518573
35.519362
35.519362
35.519140
35.519760
35.519760
35.519148
35.519148
35.519148
35.519148
35.519148
35.519148
35.519148
35.519148
35.519148
35.519148
35.519148
35.519148
35.519191
35.519191
35.519191
35.519191
35.519191
35.519191
35.519352
35.519953
35.519746
35.519746
35.519746
35.519667
35.519667
35.519667
35.519667
35.519667
35.519667
35.520047
35.520047
35.520047
35.520047
35.520047
35.520047
35.520047
35.520047
35.520047
35.520047
35.520047
35.520047
35.520358
35.520288
35.520288
35.520161
35.520161
35.520161
35.520142
35.520142
35.520142
35.520142
35.520142
35.520142
35.520096
35.520096
35.520096
35.520096
35.520096
35.520096
35.520096
35.520093
35.520017
35.520171
35.520171
35.520171
35.520171
35.520171
35.520171
35.520171
35.521387
35.521355
35.521355
35.521355
35.521355
35.521355
35.521355
35.521355
35.521355
35.521355
35.521355
35.521355
35.521355
35.521355
35.521355
35.521355
35.521355
35.521355
35.521355
35.521337
35.521337
35.521337
35.521337
35.521337
35.521337
35.521337
35.521337
35.521337
35.521337
35.521337
35.521337
35.521337
35.521333
35.521333
35.521333
35.521333
35.521322
35.521298
35.521298
35.521297
35.521701
35.521683
35.521683
35.521683
35.521683
35.521683
35.521683
35.521683
35.521683
35.521683
35.521683
35.521683
35.521683
35.521683
35.521684
35.521706
35.522176
35.522732
35.522725
35.522725
35.522725
35.522725
35.522725
35.522725
35.522725
35.523217
35.519832
35.519832
35.519832
35.519832
35.519832
35.519832
35.519832
35.519832
35.519832
35.519415
35.519415
35.519415
35.519415
35.519415
35.518891
35.518891
35.518891
35.518891
35.518891
35.518891
35.518979
35.518979
35.518979
35.519968
35.520264
35.520264
35.520264
35.520264
35.520264
35.520264
35.520264
35.520264
35.520264
35.520264
35.520264
35.519958
35.519958
35.519958
35.519958
35.519958
35.519958
35.520005
35.520005
35.520005
35.520005
35.520005
35.520005
35.520005
35.520005
35.520005
35.512471
35.512471
35.512471
35.512471
35.512505
35.512505
35.512505
35.513567
35.513567
35.513567
35.513567
35.513567
35.513567
35.513567
35.513567
35.513567
35.513567
35.513355
35.513355
35.513355
35.513355
35.513355
35.513355
35.515334
35.515334
35.515401
35.517188
35.517188
35.517188
35.517188
35.517267
35.517267
35.517267
35.517267
35.517267
35.517267
35.517411
35.517411
35.517440
35.517440
35.517675
35.517574
35.517574
35.517574
35.517574
35.517574
35.517574
35.517574
35.517886
35.518307
35.518276
35.518276
35.518276
35.518276
35.518276
35.517613
35.517613
35.517613
35.517613
35.517613
35.517613
35.517613
35.518631
35.518631
35.518631
35.518631
35.518631
35.518631
35.518631
35.518631
35.519275
35.519275
35.519275
35.519275
35.519275
35.519275
35.519372
35.519372
35.519372
35.519334
35.519334
35.519334
35.519334
35.519334
35.519334
35.519334
35.519334
35.519334
35.519334
35.519334
35.520275
35.520341
35.520341
35.520341
35.520341
35.520327
35.520327
35.520905
35.520941
35.520941
35.520941
35.520941
35.520941
35.520941
35.520941
35.520941
35.521100
35.521100
35.521100
35.521100
35.521100
35.521100
35.521100
35.521100
35.521100
35.521245
35.521245
35.521037
35.521037
35.521037
35.521037
35.521037
35.521037
35.521037
35.520851
35.520851
35.520851
35.520851
35.520851
35.520803
35.520803
35.520803
35.520803
35.520880
35.520880
35.520827
35.521751
35.521751
35.521751
35.521751
35.521751
35.521751
35.521887
35.521887
35.521887
35.521887
35.521892
35.521892
35.521892
35.521892
35.521892
35.522392
35.522392
35.522392
35.522354
35.522354
35.522354
35.522354
35.522354
35.522354
35.522865
35.522865
35.522865
35.522865
35.522865
35.522865
35.522865
35.522865
35.522865
35.523547
35.523547
35.523547
35.524265
35.524569
35.524569
35.524569
35.524569
35.524569
35.524569
35.524560
35.524560
35.524560
35.524560
35.524560
35.524560
35.524560
35.524560
35.524560
35.524560
35.524560
35.524560
35.524560
35.524589
35.524589
35.524589
35.524588
35.524588
35.524588
35.524395
35.524395
35.524395
35.524395
35.524459
35.524459
35.524459
35.524509
35.524509
35.524695
35.524695
35.524754
35.524754
35.524754
35.524754
35.524754
35.524754
35.524754
35.524754
35.524754
35.524754
35.524754
35.524754
35.524754
35.524754
35.524712
35.524712
35.524943
35.524943
35.524943
35.524943
35.524943
35.524943
35.524943
35.524943
35.524933
35.524933
35.524933
35.524933
35.524933
35.524933
35.524933
35.524933
35.524933
35.524933
35.524933
35.524933
35.524933
35.524933
35.524933
35.524933
35.524933
35.524933
35.524933
35.524933
35.524933
35.524933
35.524933
35.524933
35.524933
35.524933
35.524933
35.525039
35.525039
35.525039
35.525039
35.525039
35.525039
35.525039
35.525045
35.525045
35.525045
35.525045
35.525045
35.525045
35.525045
35.525045
35.525042
35.525042
35.524649
35.524700
35.524700
35.524700
35.524700
35.524700
35.524700
35.524700
35.524700
35.524700
35.524700
35.524700
35.524700
35.524700
35.524700
35.524700
35.524700
35.524700
35.524700
35.524700
35.524700
35.524700
35.524700
35.524700
35.524700
35.524700
35.524700
35.524700
35.524808
35.524808
35.524923
35.524923
35.524923
35.524923
35.524923
35.524923
35.524923
35.524923
35.524923
35.524923
35.524923
35.524923
35.524923
35.524923
35.524923
35.524923
35.524923
35.524923
35.524923
35.524923
35.524923
35.524923
35.524923
35.524923
35.524923
35.524964
35.524964
35.524964
35.524964
35.524964
35.524964
35.524964
35.524964
35.524955
35.524955
35.524949
35.524949
35.524949
35.524949
35.524934
35.524934
35.524934
35.524934
35.524934
35.524934
35.524934
35.524934
35.524934
35.524934
35.524934
35.524934
35.524934
35.524918
35.524918
35.525210
35.525210
35.525210
35.525367
35.525367
35.525367
35.525367
35.525379
35.525379
35.525379
35.525379
35.525379
35.525379
35.525379
35.525379
35.525379
35.525379
35.525379
35.525379
35.525379
35.525379
35.525379
35.525617
35.525617
35.525528
35.525528
35.525528
35.525528
35.525528
35.525528
35.525528
35.525528
35.525528
35.525528
35.525528
35.525528
35.525528
35.525528
35.525528
35.525528
35.525528
35.525528
35.525528
35.525528
35.525528
35.525241
35.525241
35.525249
35.525486
35.525486
35.525530
35.525540
35.525540
35.525540
35.525540
35.525540
35.525540
35.525540
35.525540
35.525540
35.525524
35.525524
35.525524
35.525524
35.525524
35.525406
35.525406
35.525467
35.525467
35.525467
35.525467
35.525467
35.525467
35.525467
35.525467
35.525467
35.525467
35.525467
35.525467
35.525467
35.525627
35.525627
35.525627
35.525830
35.525830
35.525830
35.525830
35.525956
35.525956
35.526167
35.526167
35.526167
35.526167
35.526167
35.526167
35.526167
35.526274
35.526274
35.526272
35.526272
35.526272
35.526272
35.526272
35.526272
35.526272
35.526272
35.526272
35.526272
35.526272
35.526272
35.526272
35.526272
35.526297
35.526297
35.526297
35.526297
35.526297
35.526297
35.526297
35.526328
35.526328
35.526333
35.526333
35.526333
35.526333
35.526333
35.526333
35.526209
35.526209
35.526209
35.526218
35.526218
35.526218
35.526218
35.526218
35.526218
35.526218
35.526218
35.526218
35.526364
35.527264
35.527264
35.527264
35.527264
35.527264
35.527264
35.527264
35.527277
35.527279
35.527279
35.527279
35.527276
35.527276
35.524733
35.524733
35.524733
35.524733
35.524733
35.524733
35.524733
35.524733
35.524733
35.524733
35.524733
35.524733
35.524733
35.524738
35.524738
35.524738
35.524739
35.524739
35.524739
35.524739
35.524739
35.524739
35.524739
35.524764
35.524764
35.524764
35.524810
35.524811
35.524811
35.524811
35.524811
35.524811
35.524811
35.524811
35.524811
35.524811
35.524811
35.524811
35.524811
35.524811
35.524811
35.524811
35.524811
35.524811
35.524811
35.524811
35.524811
35.524811
35.524811
35.524811
35.524811
35.524811
35.524811
35.524811
35.524811
35.524811
35.524811
35.524811
35.524811
35.524811
35.524811
35.524811
35.524811
35.524811
35.524811
35.524836
35.524836
35.524836
35.524836
35.524836
35.524836
35.524836
35.524834
35.524834
35.524834
35.524839
35.524839
35.524839
35.524839
35.524839
35.524839
35.524839
35.524858
35.524858
35.524858
35.524853
35.524853
35.524853
35.524853
35.524853
35.524854
35.524854
35.524854
35.524854
35.524854
35.524854
35.524854
35.524854
35.524854
35.524854
35.524854
35.524854
35.524854
35.524860
35.524860
35.524860
35.524860
35.524885
35.524884
35.524886
35.524886
35.524886
35.524886
35.524886
35.524886
35.524886
35.524886
35.524886
35.524886
35.524886
35.524888
35.524888
35.524885
35.524885
35.524885
35.524885
35.524885
35.524885
35.524885
35.524885
35.524885
35.524885
35.524885
35.524885
35.524885
35.524885
35.524884
35.524884
35.524884
35.524884
35.524884
35.524884
35.524883
35.524883
35.524883
35.524883
35.524878
35.524878
35.524878
35.524884
35.524884
35.524884
35.524884
35.524884
35.524884
35.524884
35.524884
35.524884
35.524884
35.524884
35.524903
35.524911
35.524911
35.524911
35.524919
35.524919
35.524919
35.524921
35.524932
35.524936
35.524936
35.524936
35.524936
35.524948
35.524948
35.524948
35.524948
35.524948
35.524948
35.524948
35.524948
35.524948
35.524948
35.524948
35.524948
35.524948
35.524948
35.524948
35.524948
35.524948
35.524948
35.524948
35.524948
35.524948
35.524948
35.524948
35.524948
35.524948
35.524948
35.524948
35.524958
35.524958
35.524958
35.524957
35.524957
35.524957
35.524957
35.524957
35.524957
35.524995
35.524995
35.524995
35.524995
35.524995
35.524995
35.524995
35.524995
35.524995
35.524995
35.524995
35.524995
35.524995
35.525003
35.525014
35.525011
35.525011
35.525011
35.525011
35.525011
35.525011
35.525011
35.525011
35.525011
35.525011
35.525011
35.525011
35.525011
35.525011
35.525011
35.525011
35.525011
35.525011
35.525011
35.525011
35.525011
35.525011
35.525009
35.524997
35.524997
35.524996
35.524995
35.524995
35.524995
35.524995
35.524995
35.524995
35.524995
35.524996
35.524996
35.524994
35.524994
35.524994
35.524994
35.524994
35.524994
35.525014
35.525014
35.525014
35.525014
35.525014
35.525014
35.525019
35.525019
35.525019
35.525019
35.525019
35.525019
35.525019
35.525019
35.525019
35.525019
35.525019
35.525019
35.525019
35.525019
35.525019
35.525019
35.525019
35.525019
35.525019
35.525030
35.525030
35.525030
35.525037
35.525037
35.525037
35.525037
35.525037
35.525037
35.525037
35.525037
35.525037
35.525037
35.525037
35.525037
35.525034
35.525034
35.525034
35.525046
35.525046
35.525046
35.525054
35.525059
35.525062
35.525062
35.525059
35.525059
35.525059
35.525059
35.525059
35.525059
35.525059
35.525059
35.525059
35.525059
35.525059
35.525059
35.525059
35.525059
35.525059
35.525059
35.525059
35.525059
35.525059
35.525059
35.525059
35.525059
35.525059
35.525059
35.525059
35.525067
35.525067
35.525067
35.525067
35.525067
35.525082
35.525082
35.525082
35.525082
35.525082
35.525082
35.525082
35.525082
35.525082
35.525082
35.525082
35.525082
35.525082
35.525118
35.525118
35.525118
35.525125
35.525125
35.525125
35.525125
35.525125
35.523473
35.523478
35.523478
35.523478
35.523486
35.523486
35.523486
35.523486
35.523488
35.523488
35.523488
35.523490
35.523490
35.523490
35.523489
35.523489
35.523489
35.523489
35.523489
35.523489
35.523489
35.523489
35.523489
35.523489
35.523489
35.523492
35.523492
35.523488
35.523488
35.523488
35.523488
35.523488
35.523488
35.523489
35.523489
35.523489
35.523489
35.523489
35.523489
35.523489
35.523492
35.523492
35.523491
35.523491
35.523491
35.523491
35.523491
35.523491
35.523499
35.523499
35.523499
35.523510
35.523513
35.523513
35.523513
35.523524
35.523524
35.523529
35.523529
35.523529
35.523529
35.523529
35.523529
35.523529
35.523529
35.523529
35.523529
35.523530
35.523530
35.523530
35.523530
35.523529
35.523529
35.523533
35.523533
35.523533
35.523533
35.523533
35.523533
35.523533
35.523533
35.523533
35.523533
35.523533
35.523533
35.523533
35.523533
35.523533
35.523537
35.523537
35.523537
35.523537
35.523537
35.523537
35.523537
35.523537
35.523537
35.523537
35.523537
35.523537
35.523537
35.523537
35.523537
35.523537
35.523537
35.523540
35.523540
35.523540
35.523540
35.523540
35.523540
35.523540
35.523540
35.523540
35.523540
35.523540
35.523540
35.523540
35.523540
35.523540
35.523540
35.523540
35.523540
35.523540
35.523545
35.523550
35.523550
35.523556
35.523556
35.523556
35.523556
35.523565
35.523572
35.523572
35.523572
35.523573
35.523573
35.523573
35.523578
35.523578
35.523578
35.523578
35.523578
35.523578
35.523578
35.523578
35.523578
35.523578
35.523578
35.523578
35.523578
35.523578
35.523578
35.523579
35.523579
35.523579
35.523579
35.523579
35.523579
35.523582
35.523582
35.523582
35.523582
35.523582
35.523582
35.523582
35.523582
35.523582
35.523582
35.523582
35.523582
35.523582
35.523582
35.523582
35.523582
35.523582
35.523582
35.523585
35.523585
35.523585
35.523585
35.523586
35.523586
35.523586
35.523586
35.523586
35.523588
35.523588
35.523588
35.523588
35.523588
35.523588
35.523588
35.523588
35.523588
35.523588
35.523588
35.523590
35.523590
35.523590
35.523590
35.523590
35.523590
35.523590
35.523590
35.523590
35.523590
35.523590
35.523590
35.523590
35.523590
35.523592
35.523592
35.523592
35.523592
35.523592
35.523592
35.523592
35.523592
35.523592
35.523592
35.523592
35.523592
35.523592
35.523592
35.523592
35.523592
35.523592
35.523592
35.523592
35.523592
35.523592
35.523592
35.523592
35.523592
35.523592
35.523592
35.523592
35.523592
35.523592
35.523592
35.523592
35.523592
35.523592
35.523592
35.523592
35.523592
35.523592
35.523592
35.523592
35.523592
35.523593
35.523593
35.523593
35.523593
35.523593
35.523593
35.523593
35.523593
35.523593
35.523593
35.523593
35.523594
35.523594
35.523594
35.523594
35.523594
35.523594
35.523594
35.523594
35.523594
35.523594
35.523594
35.523594
35.523594
35.523594
35.523594
35.523594
35.523594
35.523594
35.523594
35.523594
35.523594
35.523594
35.523594
35.523594
35.523594
35.523594
35.523594
35.523594
35.523594
35.523594
35.523594
35.523594
35.523594
35.523594
35.523594
35.523594
35.523594
35.523593
35.523593
35.523593
35.523593
35.523593
35.523593
35.523593
35.523593
35.523593
35.523593
35.523593
35.523593
35.523593
35.523594
35.523594
35.523594
35.523594
35.523594
35.523594
35.523594
35.523594
35.523594
35.523594
35.523594
35.523594
35.523594
35.523594
35.523594
35.523593
35.523593
35.523593
35.523593
35.523593
35.523593
35.523593
35.523593
35.523593
35.523593
35.523593
35.523593
35.523593
35.523593
35.523593
35.523593
35.523593
35.523593
35.523593
35.523593
35.523593
35.523593
35.523593
35.523593
35.523593
35.523593
35.523593
35.523593
35.523593
35.523593
35.523593
35.523593
35.523593
35.523593
35.523593
35.523593
35.523593
35.523593
35.523593
35.523593
35.523593
35.523593
35.523593
35.523593
35.523593
35.523593
35.523593
35.523593
35.523593
35.523593
35.523593
35.523593
35.523593
35.523593
35.523593
35.523593
35.523593
35.523593
35.523593
35.523593
35.523593
35.523593
35.523593
35.523593
35.523593
35.523593
35.523593
35.523593
35.523593
35.523593
35.523593
35.523593
35.523593
35.523593
35.523593
35.523593
35.523593
35.523593
35.523593
35.523593
35.523593
35.523593
35.523593
35.523593
35.523593
35.523593
35.523593
35.523593
35.523593
35.523593
35.523593
35.523593
35.523593
35.523593
35.523593
35.523593
35.523593
35.523593
35.523593
35.523593
35.523593
35.523593
35.523593
35.523593
35.523593
35.523593
35.523593
35.523593
35.523593
35.523593
35.523593
35.523593
35.523593
35.523593
35.523593
35.523593
35.523593
35.523593
35.523593
35.523593
35.523593
35.523593
35.523593
35.523593
35.523593
35.523593
35.523593
35.523593
35.523593
35.523593
35.523593
35.523593
35.523593
35.523593
35.523593
35.523593
35.523593
35.523593
35.523593
35.523593
35.523593
35.523593
35.523593
35.523593
35.523593
35.523593
35.523625
35.523625
35.523625
35.523625
35.523625
35.523625
35.523625
35.523625
35.523625
35.523625
35.523625
35.523625
35.523626
35.523626
35.523626
35.523626
35.523626
35.523626
35.523577
35.523577
35.523577
35.523577
35.523577
35.523577
35.523577
35.523577
35.523577
35.523577
35.523577
35.523577
35.523550
35.523550
35.523553
35.523553
35.523684
35.523684
35.523802
35.523802
35.523802
35.523802
35.523802
35.523802
35.523802
35.523802
35.523802
35.523802
35.523802
35.523802
35.523802
35.523802
35.523802
35.523802
35.523802
35.523902
35.523902
35.523902
35.523902
35.523902
35.523902
35.523902
35.523902
35.523902
35.523902
35.524050
35.524050
35.524050
35.524021
35.524021
35.524021
35.524036
35.524036
35.524036
35.524036
35.524036
35.524036
35.524036
35.524036
35.524041
35.524041
35.524238
35.524238
35.524238
35.524238
35.524238
35.524199
35.524199
35.524199
35.524199
35.524182
35.524182
35.524182
35.524182
35.524182
35.524050
35.524057
35.524057
35.524057
35.524057
35.524158
35.524158
35.524158
35.524116
35.524116
35.524116
35.524116
35.524116
35.524116
35.524116
35.524116
35.524116
35.524116
35.524148
35.524148
35.524148
35.524186
35.524186
35.524186
35.524186
35.524252
35.524252
35.524252
35.524117
35.524117
35.524117
35.524117
35.524117
35.524183
35.524183
35.524185
35.524185
35.524185
35.524185
35.524185
35.524185
35.524185
35.524185
35.524185
35.523685
35.523685
35.523685
35.523685
35.523685
35.523685
35.523685
35.523685
35.523685
35.523685
35.523685
35.523685
35.523685
35.523685
35.523685
35.523685
35.523614
35.523614
35.523614
35.523614
35.523614
35.523614
35.523614
35.523614
35.523614
35.523614
35.523614
35.523614
35.523614
35.523648
35.523648
35.523648
35.523648
35.523692
35.523692
35.523660
35.523660
35.523660
35.523660
35.523660
35.523682
35.523682
35.523682
35.523682
35.523682
35.523682
35.523682
35.523682
35.523682
35.523682
35.523682
35.523682
35.523682
35.523751
35.523757
35.523757
35.523757
35.523757
35.523757
35.523757
35.523757
35.523757
35.523757
35.523757
35.523778
35.523778
35.523778
35.523778
35.523778
35.523778
35.523778
35.523778
35.523778
35.523778
35.523832
35.523832
35.523823
35.523823
35.523823
35.523887
35.523898
35.523898
35.523913
35.523913
35.523907
35.523906
35.523861
35.523861
35.523861
35.523861
35.523884
35.523884
35.523915
35.523915
35.523915
35.523915
35.523915
35.523915
35.523915
35.523913
35.523966
35.523982
35.523982
35.523977
35.523977
35.523977
35.523977
35.523977
35.523977
35.523977
35.523977
35.523977
35.523977
35.523977
35.523963
35.523963
35.523963
35.523963
35.523963
35.523963
35.523963
35.523943
35.523943
35.523943
35.523943
35.523957
35.523957
35.523957
35.523957
35.523997
35.523997
35.523997
35.523997
35.523978
35.523978
35.523983
35.523983
35.523983
35.523983
35.523983
35.523983
35.523983
35.523983
35.523983
35.523983
35.523983
35.523983
35.523983
35.523983
35.523971
35.523971
35.523971
35.523971
35.523971
35.523971
35.523983
35.523983
35.523983
35.523983
35.523983
35.523983
35.524023
35.524023
35.524023
35.524023
35.524023
35.524023
35.524015
35.524015
35.524023
35.524023
35.524023
35.524023
35.524023
35.524023
35.524023
35.524023
35.524023
35.524023
35.524023
35.523987
35.523987
35.523987
35.523987
35.523987
35.523987
35.523987
35.523987
35.523987
35.523987
35.523987
35.523987
35.523987
35.523987
35.523987
35.523987
35.524638
35.524638
35.524638
35.524638
35.524638
35.524701
35.524701
35.524701
35.524719
35.524719
35.524719
35.524719
35.550342
35.550342
35.550342
35.550342
35.550342
35.550342
35.550342
35.550342
35.550342
35.550342
35.550432
35.550432
35.550432
35.550428
35.550509
35.550509
35.550480
35.550480
35.550480
35.550628
35.550628
35.550628
35.550628
35.550628
35.550628
35.550644
35.550644
35.550644
35.550644
35.550644
35.550783
35.550783
35.550783
35.550908
35.550908
35.550908
35.550908
35.550908
35.550908
35.550908
35.550908
35.550908
35.550908
35.550908
35.550908
35.550908
35.550908
35.550908
35.550908
35.550908
35.551033
35.551033
35.551045
35.551045
35.551045
35.551045
35.551045
35.551047
35.551047
35.551047
35.551047
35.551047
35.551030
35.551030
35.551030
35.551030
35.551112
35.551112
35.551112
35.551112
35.551112
35.551340
35.551340
35.551340
35.551340
35.551340
35.551340
35.551340
35.551340
35.551340
35.551340
35.551380
35.551380
35.551380
35.551376
35.551376
35.551376
35.551376
35.551376
35.551376
35.551376
35.551376
35.551376
35.551376
35.551376
35.551376
35.551376
35.551376
35.551376
35.551376
35.551376
35.551376
35.551398
35.551398
35.551398
35.551391
35.551391
35.551391
35.551391
35.551391
35.551391
35.551391
35.551388
35.551380
35.551534
35.551534
35.551534
35.551534
35.551534
35.551534
35.551534
35.551534
35.551550
35.551550
35.551550
35.551550
35.551550
35.551661
35.551661
35.551661
35.551661
35.551662
35.551662
35.551662
35.551662
35.551662
35.551662
35.551660
35.551660
35.551660
35.551660
35.551660
35.551660
35.551660
35.551660
35.551660
35.551660
35.551660
35.551661
35.551661
35.551661
35.551661
35.551661
35.551661
35.551661
35.551661
35.551661
35.551681
35.551680
35.551680
35.551680
35.551680
35.551680
35.551680
35.551680
35.551680
35.551664
35.551663
35.551663
35.551663
35.551656
35.551656
35.551644
35.551644
35.551636
35.551636
35.551636
35.551636
35.551636
35.551636
35.551636
35.551636
35.551705
35.551705
35.551705
35.551705
35.551703
35.551703
35.551808
35.551808
35.551808
35.551808
35.551808
35.551808
35.551808
35.551808
35.551808
35.551808
35.551808
35.551808
35.551909
35.551909
35.551909
35.551909
35.551907
35.551951
35.551951
35.551951
35.552007
35.552007
35.552007
35.552007
35.552007
35.552007
35.552073
35.552073
35.552073
35.552073
35.552056
35.552214
35.552214
35.552325
35.552325
35.552325
35.552325
35.552421
35.552421
35.552421
35.552421
35.552421
35.552421
35.552421
35.552421
35.552421
35.552421
35.552408
35.552408
35.552402
35.552402
35.552431
35.552431
35.552508
35.552508
35.552508
35.552508
35.552508
35.552508
35.552508
35.552508
35.552492
35.552492
35.552492
35.552492
35.552492
35.552492
35.552492
35.552492
35.552492
35.552492
35.552492
35.552492
35.552563
35.552563
35.552563
35.552678
35.552678
35.552678
35.552678
35.552678
35.552678
35.552715
35.552715
35.552715
35.552715
35.552720
35.552720
35.552720
35.552720
35.552720
35.552757
35.552757
35.552757
35.552773
35.552773
35.552773
35.552773
35.552837
35.552837
35.552837
35.552837
35.552860
35.552860
35.552860
35.552860
35.552878
35.552928
35.552928
35.552928
35.552928
35.552928
35.552928
35.552928
35.552928
35.552928
35.552928
35.552928
35.552928
35.552904
35.552904
35.552904
35.552913
35.552913
35.552913
35.552913
35.552913
35.552913
35.552913
35.552913
35.552913
35.552913
35.552912
35.552912
35.552929
35.552929
35.552929
35.552929
35.552929
35.552929
35.552949
35.552949
35.552949
35.552949
35.552949
35.552953
35.552953
35.552953
35.552966
35.552966
35.552966
35.552966
35.552966
35.552966
35.552966
35.552966
35.552966
35.552980
35.552980
35.552976
35.552976
35.552991
35.552991
35.552991
35.552991
35.552991
35.552988
35.552993
35.552998
35.552992
35.552992
35.552992
35.552992
35.552992
35.552992
35.553011
35.553002
35.553015
35.553015
35.553027
35.553027
35.553027
35.553027
35.553027
35.553027
35.553027
35.553021
35.553021
35.553021
35.553021
35.553021
35.553021
35.553021
35.553021
35.553021
35.553021
35.553021
35.553021
35.553021
35.553021
35.553021
35.553021
35.553021
35.553740
35.552928
35.552928
35.552928
35.552928
35.552928
35.552928
35.552928
35.552928
35.552928
35.552928
35.552928
35.552928
35.552928
35.552928
35.552928
35.552928
35.552928
35.552928
35.552928
35.552928
35.552928
35.552928
35.552928
35.552928
35.552928
35.552928
35.552928
35.552928
35.552928
35.552928
35.552928
35.552928
35.552928
35.552928
35.552928
35.552928
35.552981
35.552981
35.552981
35.552982
35.552697
35.552710
35.552710
35.552710
35.552708
35.552547
35.552547
35.552568
35.552568
35.552568
35.552568
35.552568
35.552568
35.552568
35.552568
35.552568
35.552568
35.552269
35.552138
35.552138
35.552138
35.552138
35.552138
35.552138
35.551976
35.551976
35.551754
35.551754
35.551754
35.551754
35.551754
35.551754
35.551754
35.551754
35.551407
35.551407
35.551407
35.551407
35.551407
35.551407
35.551407
35.551407
35.551407
35.551407
35.551407
35.551407
35.551448
35.551448
35.551072
35.551072
35.551072
35.551072
35.551072
35.551072
35.551072
35.551072
35.551072
35.551072
35.551072
35.551072
35.551072
35.551072
35.551072
35.551072
35.551072
35.551146
35.551146
35.551146
35.551146
35.551146
35.551146
35.551616
35.551616
35.551616
35.551436
35.551436
35.551436
35.551427
35.551432
35.551432
35.551432
35.551648
35.551648
35.551648
35.551648
35.551648
35.551648
35.552079
35.552079
35.552079
35.552079
35.551901
35.551901
35.551901
35.551901
35.551901
35.551901
35.551901
35.551973
35.551973
35.551936
35.551936
35.551936
35.551936
35.551936
35.551936
35.551936
35.551936
35.551936
35.551936
35.552141
35.552141
35.552141
35.552141
35.552141
35.552141
35.552141
35.552141
35.552141
35.552141
35.552141
35.552141
35.552196
35.552171
35.552171
35.552171
35.552171
35.552171
35.552171
35.552171
35.552171
35.552171
35.552060
35.552060
35.552060
35.552060
35.552060
35.552464
35.552464
35.552464
35.552521
35.552521
35.552542
35.552545
35.552545
35.552545
35.552545
35.552545
35.552545
35.552545
35.552545
35.552545
35.552545
35.552545
35.552545
35.552545
35.552545
35.552545
35.552636
35.552641
35.552641
35.552641
35.552641
35.552641
35.552641
35.552655
35.552655
35.552655
35.552655
35.552655
35.552655
35.552655
35.552655
35.552655
35.552655
35.552761
35.552761
35.552761
35.552761
35.552761
35.552761
35.552761
35.552761
35.552761
35.552761
35.552761
35.552819
35.552819
35.552819
35.552819
35.552819
35.552819
35.552819
35.552798
35.552798
35.552798
35.552919
35.552919
35.552919
35.552919
35.552919
35.552919
35.552915
35.552915
35.552915
35.552915
35.552902
35.552902
35.552902
35.552902
35.552906
35.552906
35.552906
35.552906
35.552906
35.552906
35.552906
35.552906
35.552906
35.552965
35.552970
35.553009
35.553009
35.553009
35.552922
35.552922
35.552922
35.552972
35.552972
35.552972
35.552972
35.553001
35.553069
35.553069
35.553069
35.553069
35.553101
35.553101
35.553101
35.553101
35.553101
35.553101
35.553101
35.553101
35.553101
35.553101
35.553101
35.553101
35.552700
35.552700
35.552700
35.552880
35.553371
35.553371
35.553371
35.553371
35.553371
35.553371
35.553174
35.553174
35.553174
35.553174
35.553226
35.553012
35.553012
35.552916
35.552916
35.552916
35.552916
35.552969
35.552969
35.552969
35.552969
35.552969
35.552969
35.553082
35.553082
35.553082
35.553082
35.552772
35.552772
35.552772
35.552772
35.552772
35.552772
35.552852
35.552852
35.552852
35.552852
35.552852
35.552852
35.552852
35.552852
35.552852
35.552852
35.552852
35.552852
35.552852
35.552852
35.552852
35.552852
35.552852
35.552852
35.552852
35.552852
35.552860
35.552860
35.552860
35.552837
35.552837
35.552837
35.552837
35.552837
35.552837
35.552837
35.552837
35.552837
35.552837
35.552990
35.552990
35.552990
35.552990
35.552990
35.552926
35.552926
35.552926
35.552926
35.552926
35.552926
35.553028
35.553035
35.553035
35.553035
35.553035
35.553112
35.553112
35.553112
35.553112
35.553112
35.553112
35.553112
35.553112
35.553112
35.552964
35.552964
35.552964
35.552964
35.552964
35.552964
35.552964
35.552964
35.552951
35.552950
35.552950
35.553063
35.553063
35.553063
35.553063
35.553063
35.553063
35.552981
35.552981
35.552981
35.552981
35.552981
35.552981
35.552981
35.552981
35.552981
35.552981
35.552981
35.552981
35.552981
35.553078
35.553078
35.553078
35.553078
35.553078
35.553120
35.553107
35.553107
35.553139
35.553139
35.553139
35.553139
35.553139
35.553082
35.553149
35.553149
35.553149
35.553149
35.553149
35.553149
35.553149
35.553149
35.553140
35.553140
35.553140
35.553066
35.553066
35.552957
35.552957
35.552957
35.552957
35.552957
35.553001
35.553001
35.553001
35.553001
35.553001
35.553001
35.552797
35.552797
35.552797
35.552797
35.552797
35.552797
35.552797
35.552797
35.551975
35.551975
35.551980
35.551980
35.551980
35.551980
35.551980
35.551980
35.551980
35.551904
35.551904
35.551925
35.551925
35.551925
35.551893
35.551893
35.551893
35.551860
35.551860
35.551860
35.551860
35.551860
35.551860
35.551860
35.551860
35.551860
35.551860
35.551860
35.551860
35.551860
35.551860
35.551860
35.551860
35.551860
35.551860
35.551860
35.551860
35.551805
35.551805
35.551805
35.551805
35.551804
35.551804
35.551804
35.551804
35.551804
35.551806
35.551806
35.551806
35.551806
35.551806
35.551806
35.551806
35.551806
35.551806
35.551806
35.551806
35.551806
35.551806
35.551806
35.551758
35.551758
35.551758
35.551758
35.551758
35.551758
35.551785
35.551785
35.551785
35.551785
35.551785
35.551785
35.551785
35.551785
35.551785
35.551785
35.551785
35.551785
35.551815
35.551815
35.551815
35.551815
35.551815
35.551815
35.551815
35.546130
35.546130
35.544301
35.544301
35.544301
35.544301
35.544301
35.543966
35.543966
35.550379
35.550379
35.550379
35.550379
35.550379
35.550379
35.551457
35.551457
35.551457
35.551457
35.551457
35.554437
35.554437
35.554437
35.554437
35.554437
35.554437
35.554437
35.554437
35.554437
35.554437
35.554437
35.554437
35.554437
35.554437
35.554437
35.554437
35.555463
35.555463
35.555463
35.555463
35.561056
35.561056
35.561056
35.562374
35.562374
35.562374
35.562374
35.562374
35.562374
35.562374
35.562374
35.562374
35.562374
35.562374
35.562374
35.562374
35.562374
35.562374
35.566184
35.566184
35.562222
35.562222
35.562222
35.562222
35.562222
35.562222
35.562222
35.562222
35.562222
35.562222
35.562222
35.562222
35.565972
35.565972
35.565972
35.565972
35.565972
35.565465
35.565465
35.576125
35.576125
35.577459
35.577459
35.580603
35.580603
35.580603
35.580603
35.589515
35.589515
35.588354
35.588354
35.588354
35.588354
35.588354
35.588354
35.588354
35.588354
35.588354
35.588354
35.588354
35.588354
35.588354
35.588537
35.588537
35.588537
35.588537
35.588537
35.588537
35.588537
35.588537
35.588537
35.588537
35.588537
35.591830
35.591830
35.591830
35.591830
35.597092
35.597092
35.597092
35.597092
35.597092
35.601172
35.601172
35.601172
35.601172
35.601172
35.599479
35.599479
35.599479
35.599479
35.599479
35.599479
35.599479
35.607259
35.611454
35.611454
35.611454
35.611454
35.611454
35.611454
35.611454
35.616116
35.616116
35.616116
35.616116
35.616116
35.616116
35.616116
35.618306
35.626688
35.626688
35.626688
35.626688
35.626688
35.626688
35.618143
35.618143
35.618143
35.618143
35.618143
35.618143
35.618143
35.618143
35.618143
35.618143
35.618143
35.618010
35.618010
35.618010
35.618010
35.618010
35.616062
35.616062
35.616062
35.616062
35.616062
35.616062
35.616062
35.616062
35.616062
35.616062
35.617240
35.617240
35.617240
35.617240
35.617240
35.624116
35.624116
35.624116
35.630680
35.630680
35.630680
35.630680
35.630680
35.630680
35.630680
35.630680
35.630680
35.630680
35.630680
35.630680
35.630680
35.636192
35.636192
35.636192
35.636192
35.636192
35.636192
35.636192
35.636192
35.636192
35.636192
35.636192
35.636192
35.636192
35.636192
35.636192
35.636192
35.640329
35.640329
35.640329
35.640329
35.640329
35.640329
35.640329
35.640329
35.640329
35.640329
35.640329
35.640329
35.640329
35.640329
35.640329
35.640329
35.640329
35.640329
35.640329
35.640329
35.640329
35.640329
35.640329
35.640329
35.640329
35.640329
35.640329
35.640329
35.640329
35.640329
35.640329
35.640329
35.640329
35.640329
35.640329
35.640329
35.640329
35.646312
35.646312
35.646312
35.646312
35.646312
35.646312
35.646312
35.646312
35.646244
35.646244
35.646244
35.646244
35.646244
35.646244
35.646244
35.646244
35.646244
35.646244
35.647038
35.647038
35.648118
35.648118
35.648118
35.648118
35.648118
35.648118
35.648118
35.648118
35.648118
35.648118
35.648118
35.648118
35.648118
35.648118
35.648118
35.648118
35.648118
35.648118
35.647278
35.647278
35.647510
35.647510
35.647510
35.647510
35.647510
35.647510
35.647510
35.647510
35.647510
35.647510
35.647510
35.647510
35.647510
35.643052
35.643052
35.642741
35.642741
35.642741
35.642741
35.642741
35.642741
35.642741
35.642741
35.642741
35.646390
35.646390
35.646390
35.646390
35.646390
35.646390
35.646390
35.646390
35.648444
35.648444
35.648444
35.648387
35.649693
35.650059
35.650059
35.650059
35.650059
35.650059
35.650059
35.650059
35.650059
35.650059
35.649652
35.649652
35.649652
35.649524
35.649524
35.649524
35.649567
35.649567
35.648044
35.648044
35.648044
35.648044
35.648044
35.647298
35.647298
35.647298
35.647649
35.647658
35.647658
35.647599
35.647599
35.647322
35.647322
35.647157
35.647157
35.647109
35.647109
35.646711
35.646711
35.646711
35.646711
35.646711
35.646711
35.646711
35.646711
35.646499
35.646499
35.646499
35.646363
35.646363
35.646313
35.646313
35.646265
35.646265
35.646265
35.646265
35.646265
35.646552
35.646552
35.646552
35.646818
35.646818
35.646889
35.646889
35.646901
35.646901
35.646901
35.646901
35.646901
35.646901
35.646901
35.646901
35.646901
35.646791
35.646791
35.646794
35.646794
35.646794
35.647150
35.647150
35.647150
35.647150
35.647150
35.647150
35.647150
35.647150
35.647150
35.647150
35.647150
35.647150
35.647150
35.647150
35.647077
35.646173
35.646173
35.646173
35.646114
35.646114
35.646114
35.646114
35.646114
35.646114
35.646114
35.646114
35.646114
35.646114
35.646114
35.646114
35.646114
35.646114
35.646114
35.646114
35.646114
35.646114
35.646114
35.646114
35.646114
35.646114
35.646114
35.646114
35.646114
35.646114
35.646114
35.646114
35.646114
35.646114
35.646114
35.646114
35.646114
35.646114
35.646114
35.646114
35.646114
35.646114
35.646114
35.646143
35.646143
35.646210
35.646210
35.646210
35.646210
35.646210
35.646210
35.646210
35.646210
35.646210
35.646210
35.646210
35.646210
35.646430
35.646430
35.646436
35.646249
35.646249
35.646090
35.646614
35.646187
35.646187
35.646187
35.646187
35.646204
35.646204
35.646425
35.646425
35.646425
35.646650
35.646874
35.646874
35.646874
35.646874
35.646874
35.646874
35.646874
35.647396
35.647396
35.647416
35.647416
35.647415
35.647417
35.647417
35.647417
35.647417
35.647417
35.647760
35.647760
35.647760
35.647760
35.647760
35.647760
35.647752
35.647752
35.647752
35.647752
35.647752
35.647752
35.647752
35.647752
35.647822
35.647822
35.647822
35.647822
35.647822
35.647822
35.647822
35.647822
35.647822
35.647822
35.647822
35.647822
35.647822
35.647822
35.647822
35.647818
35.647818
35.647818
35.647818
35.647807
35.647807
35.647820
35.647820
35.647820
35.647827
35.647827
35.647827
35.647854
35.647854
35.647854
35.647854
35.647854
35.647854
35.647854
35.647854
35.647854
35.647852
35.647857
35.647857
35.647857
35.647857
35.647859
35.647859
35.647859
35.647859
35.647859
35.647024
35.647263
35.647263
35.647263
35.647263
35.647263
35.647263
35.647263
35.647263
35.647274
35.647274
35.647274
35.647274
35.647272
35.647268
35.647268
35.647268
35.647269
35.647269
35.647269
35.647269
35.647507
35.647483
35.647483
35.647483
35.647483
35.647483
35.647483
35.647483
35.647488
35.647488
35.647488
35.647488
35.647514
35.647514
35.647514
35.647548
35.647548
35.647548
35.647548
35.647548
35.647548
35.647661
35.647661
35.647661
35.647661
35.647661
35.647661
35.647679
35.647683
35.647683
35.647830
35.647903
35.647903
35.647903
35.647903
35.647903
35.647903
35.647932
35.647932
35.647932
35.647932
35.647932
35.647932
35.647932
35.647932
35.647932
35.647932
35.647934
35.647934
35.647934
35.647934
35.647934
35.647934
35.647934
35.647934
35.647991
35.647991
35.647991
35.647991
35.647991
35.647983
35.647983
35.647983
35.647983
35.647983
35.647983
35.647939
35.647939
35.647939
35.647939
35.647939
35.647939
35.647939
35.647939
35.647939
35.647939
35.647939
35.647939
35.647939
35.647939
35.647939
35.647939
35.647939
35.647939
35.647939
35.647939
35.647939
35.647939
35.647939
35.647939
35.647939
35.647939
35.647939
35.647939
35.647943
35.647943
35.647943
35.647943
35.647970
35.647970
35.647970
35.647970
35.647970
35.647970
35.647970
35.647970
35.647970
35.647970
35.647970
35.647970
35.647970
35.647970
35.647970
35.647970
35.647970
35.647970
35.647970
35.647970
35.647970
35.647940
35.647940
35.647937
35.647937
35.647937
35.647937
35.647937
35.647937
35.647937
35.647937
35.647937
35.647937
35.647940
35.647962
35.647952
35.647952
35.647952
35.647952
35.647951
35.647946
35.647946
35.647946
35.647946
35.647946
35.647946
35.647946
35.647947
35.647950
35.647950
35.647950
35.647950
35.647950
35.647950
35.647950
35.647950
35.647950
35.647982
35.647996
35.647996
35.647996
35.647996
35.648016
35.648016
35.648016
35.648016
35.648016
35.648016
35.648016
35.648018
35.648018
35.648018
35.648018
35.648018
35.648018
35.648024
35.648024
35.648026
35.648026
35.648026
35.648026
35.648026
35.648026
35.648026
35.648026
35.648024
35.648024
35.648027
35.648027
35.648027
35.648027
35.648027
35.648027
35.648027
35.648027
35.648027
35.648029
35.648025
35.648025
35.648027
35.648027
35.648027
35.648027
35.648027
35.648027
35.648027
35.648027
35.648027
35.648027
35.648027
35.648027
35.648027
35.648027
35.648030
35.648030
35.648031
35.648025
35.648025
35.648025
35.648025
35.648029
35.648029
35.648029
35.648030
35.648030
35.648030
35.648030
35.648030
35.648030
35.648030
35.648030
35.648030
34.675157
34.675157
34.675157
34.675157
34.675157
34.675157
34.675157
34.675157
34.675157
34.675157
34.675157
34.675157
34.675157
34.675157
34.675157
34.675157
34.675157
34.675157
34.675157
34.675159
34.675163
34.675163
34.675163
34.675160
34.675160
34.675160
34.675160
34.675160
34.675160
34.675160
34.675161
34.675161
34.675158
34.675158
34.675158
34.675158
34.675158
34.675158
34.675158
34.675158
34.675158
34.675157
34.675157
34.675157
34.675157
34.675157
34.675157
34.675154
34.675154
34.675154
34.675147
34.675147
34.675148
34.675148
34.674967
34.674967
34.674967
34.674967
34.674962
34.674964
34.674960
34.674960
34.674960
34.674960
34.674960
34.674960
34.674960
34.674960
34.674960
34.674960
34.674960
34.674960
34.674960
34.674960
34.674960
34.674960
34.674960
34.674960
34.674960
34.674960
34.674958
34.674958
34.674958
34.674958
34.674958
34.674958
34.674958
34.674958
34.674958
34.674958
34.674958
34.674958
34.674956
34.674956
34.674956
34.674956
34.674956
34.674956
34.674956
34.674956
34.674956
34.674956
34.674956
34.674956
34.674956
34.674956
34.674956
34.674956
34.674956
34.674956
34.674956
34.674956
34.674956
34.674956
34.674956
34.674956
34.674956
34.674956
34.674956
34.674956
34.674956
34.674956
34.674956
34.674956
34.674956
34.674956
34.674956
34.674956
34.674956
34.674955
34.674955
34.674955
34.674955
34.674955
34.674955
34.674955
34.674955
34.674955
34.674955
34.674955
34.674955
34.674955
34.674953
34.674954
34.674954
34.674953
34.674953
34.674952
34.674952
34.674952
34.674952
34.674951
34.674951
34.674951
34.674951
34.674950
34.674950
34.674950
34.674950
34.674950
34.674950
34.674950
34.674950
34.674950
34.674950
34.674950
34.674950
34.674951
34.674951
34.674951
34.674951
34.674951
34.674948
34.674948
34.674948
34.674948
34.674948
34.674948
34.674948
34.674948
34.674948
34.674949
34.674949
34.674949
34.674949
34.674948
34.674946
34.674946
34.674946
34.674946
34.674946
34.674946
34.674946
34.674946
34.674946
34.674946
34.674946
34.674946
34.674946
34.674945
34.674945
34.674945
34.674945
34.674945
34.674945
34.674945
34.674946
34.674946
34.674946
34.674943
34.674943
34.674940
34.674938
34.674938
34.674938
34.674938
34.674938
34.674938
34.674938
34.674936
34.674936
34.674936
34.674936
34.674936
34.674936
34.674936
34.674936
34.674936
34.674936
34.674936
34.674936
34.674936
34.674937
34.674937
34.674937
34.674932
34.674932
34.674932
34.674932
34.674932
34.674932
34.674932
34.674933
34.674933
34.674933
34.674933
34.674933
34.674933
34.674933
34.674933
34.674933
34.674933
34.674933
34.674933
34.674933
34.674933
34.674933
34.674933
34.674933
34.674933
34.674933
34.674933
34.674933
34.674933
34.674933
34.674933
34.674933
34.674933
34.674933
34.674935
34.674935
34.674935
34.674935
34.674935
34.674935
34.674935
34.674935
34.674935
34.674935
34.674935
34.674935
34.674935
34.674935
34.674935
34.674935
34.674935
34.674935
34.674935
34.674935
34.674935
34.674935
34.674935
34.674935
34.674935
34.674935
34.674935
34.674935
34.674935
34.674935
34.674935
34.674935
34.674935
34.674935
34.674935
34.674935
34.674935
34.674935
34.674935
34.674936
34.674936
34.674936
34.674936
34.674936
34.674936
34.674936
34.674936
34.674936
34.674936
34.674936
34.674936
34.674936
34.674936
34.674936
34.674936
34.674936
34.674936
34.674936
34.674936
34.674936
34.674936
34.674936
34.674936
34.674936
34.674936
34.674936
34.674936
34.674936
34.674936
34.674936
34.674936
34.674936
34.674936
34.674936
34.674935
34.674935
34.674935
34.674935
34.674935
34.674935
34.674935
34.674935
34.674935
34.674936
34.674936
34.674936
34.674936
34.674936
34.674936
34.674936
34.674936
34.674936
34.674936
34.674936
34.674936
34.674936
34.674935
34.674935
34.674935
34.674935
34.674936
34.674936
34.674937
34.674937
34.674937
34.674937
34.674937
34.674938
34.674938
34.674938
34.674938
34.674938
34.674938
34.674939
34.674939
34.674939
34.674939
34.674939
34.674939
34.674939
34.674939
34.674939
34.674940
34.674940
34.674940
34.674940
34.674940
34.674940
34.674940
34.674940
34.674940
34.674940
34.674940
34.674940
34.674940
34.674940
34.674940
34.674940
34.674940
34.674940
34.674940
34.674940
34.674940
34.674941
34.674941
34.674941
34.674940
34.674940
34.674940
34.674940
34.674940
34.674940
34.674940
34.674940
34.674940
34.674940
34.674941
34.674941
34.674941
34.674941
34.674941
34.674941
34.674941
34.674941
34.674941
34.674941
34.674941
34.674941
34.674941
34.674941
34.674941
34.674941
34.674941
34.674941
34.674941
34.674941
34.674941
34.674941
34.674941
34.674941
34.674941
34.674941
34.674941
34.674941
34.674212
34.674212
34.674212
34.674212
34.674212
34.674212
34.674212
34.674214
34.674214
34.674214
34.674214
34.674214
34.674214
34.674214
34.674214
34.674214
34.674214
34.674214
34.674214
34.674214
34.674214
34.674214
34.674214
34.674214
34.674214
34.674214
34.674214
34.674214
34.674214
34.674214
34.674214
34.674214
34.674214
34.674214
34.674214
34.674214
34.674214
34.674214
34.674214
34.674214
34.674214
34.674214
34.674214
34.674214
34.674214
34.674214
34.674214
34.674214
34.674214
34.674214
34.674214
34.674214
34.674214
34.674214
34.674214
34.674214
34.674214
34.674214
34.674214
34.674214
34.674214
34.674214
34.674214
34.674214
34.674214
34.674214
34.674214
34.674214
34.674214
34.674214
34.674214
34.674214
34.674214
34.674214
34.674214
34.674214
34.674214
34.674214
34.674214
34.674214
34.674214
34.674214
34.674214
34.674214
34.674214
34.674214
34.674214
34.674214
34.674214
34.674214
34.674214
34.674214
34.674214
34.674214
34.674214
34.674214
34.674215
34.674215
34.674215
34.674215
34.674215
34.674215
34.674215
34.674215
34.674215
34.674215
34.674215
34.674215
34.674215
34.674215
34.674215
34.674215
34.674215
34.674215
34.674215
34.674215
34.674216
34.674216
34.674216
34.674216
34.674216
34.674216
34.674216
34.674216
34.674216
34.674216
34.674216
34.674216
34.674216
34.674216
34.674216
34.674216
34.674216
34.674216
34.674216
34.674216
34.674217
34.674217
34.674217
34.674218
34.674218
34.674218
34.674218
34.674218
34.674218
34.674217
34.674217
34.674217
34.674217
34.674217
34.674217
34.674217
34.674217
34.674217
34.674217
34.674217
34.674217
34.674217
34.674217
34.674217
34.674217
34.674217
34.674217
34.674217
34.674217
34.674217
34.674217
34.674217
34.674217
34.674217
34.674217
34.674217
34.674217
34.674217
34.674217
34.674217
34.674217
34.674217
34.674217
34.674217
34.674217
34.674217
34.674217
34.674217
34.674217
34.674217
34.674217
34.674217
34.674217
34.674217
34.674217
34.674217
34.674217
34.674217
34.674217
34.674217
34.674217
34.674217
34.674217
34.674217
34.674217
34.674217
34.674218
34.674218
34.674218
34.674218
34.674218
34.674218
34.674218
34.674218
34.674218
34.674218
34.674218
34.674218
34.674218
34.674218
34.674218
34.674218
34.674218
34.674218
34.674218
34.674218
34.674218
34.674218
34.674218
34.674218
34.674218
34.674218
34.674218
34.674218
34.674218
34.674218
34.674218
34.674218
34.674218
34.674218
34.674218
34.674218
34.674218
34.674218
34.674218
34.674218
34.674218
34.674218
34.674218
34.674218
34.674218
34.674218
34.674218
34.674218
34.674218
34.674218
34.674218
34.674218
34.674218
34.674218
34.674217
34.674217
34.674217
34.674217
34.674217
34.674217
34.674217
34.674217
34.674217
34.674217
34.674217
34.674217
34.674217
34.674217
34.674217
34.674217
34.674217
34.674217
34.674217
34.674217
34.674217
34.674217
34.674217
34.674217
34.674217
34.674217
34.674217
34.674217
34.674217
34.674217
34.674217
34.674217
34.674217
34.674217
34.674217
34.674217
34.674217
34.674217
34.674217
34.674217
34.674217
34.674217
34.674217
34.674217
34.674217
34.674217
34.674217
34.674217
34.674217
34.674217
34.674217
34.674217
34.674217
34.674217
34.674217
34.674217
34.674217
34.674217
34.674217
34.674217
34.674217
34.674217
34.674217
34.674217
34.674217
34.674217
34.674217
34.674217
34.674217
34.674217
34.674217
34.674217
34.674217
34.674217
34.674217
34.674217
34.674217
34.674217
34.674217
34.674217
34.674217
34.674217
34.674217
34.674217
34.674217
34.674217
34.674217
34.674217
34.674217
34.674217
34.674217
34.674217
34.674217
34.674217
34.674217
34.674217
34.674217
34.674217
34.674217
34.674217
34.674217
34.674217
34.674217
34.674217
34.674217
34.674217
34.674217
34.674217
34.674217
34.674217
34.674217
34.674217
34.674217
34.674217
34.674217
34.674217
34.674217
34.674217
34.674217
34.674217
34.674217
34.674217
34.674217
34.674217
34.674217
34.674217
34.674217
34.674217
34.674217
34.674217
34.674217
34.674217
34.674217
34.674217
34.674217
34.674217
34.674217
34.674217
34.674217
34.674217
34.674217
34.674217
34.674217
34.674217
34.674217
34.674217
34.674217
34.674217
34.674217
34.674217
34.674217
34.674217
34.674217
34.674217
34.674217
34.674217
34.674217
34.674217
34.674217
34.674217
34.674217
34.674217
34.674217
34.674217
34.674217
34.674217
34.674217
34.674217
34.674217
34.674217
34.674217
34.674217
33.730464
33.730464
33.730464
33.730464
33.730464
33.730464
33.730464
33.730464
33.730464
33.730464
33.730464
33.730464
33.730464
33.730464
33.730464
33.730464
33.730464
33.730464
33.730464
33.730464
33.730464
33.730464
33.730464
33.730464
33.730464
33.730464
33.730464
33.730464
33.730464
33.730464
33.730464
33.730464
33.730464
33.730464
33.730464
33.730464
33.730464
33.730464
33.730464
33.730464
33.730464
33.730464
33.730464
33.730464
33.730464
33.730464
33.730464
33.730464
33.730464
33.730464
33.730464
33.730464
33.730464
33.730464
33.730464
33.730464
33.730464
33.730464
33.730464
33.730464
33.730464
33.730464
33.730464
33.730464
33.730464
33.730464
33.730436
33.730436
33.730461
33.730461
33.730461
33.730461
33.730461
33.730461
33.730461
33.730461
33.730461
33.730461
33.730461
33.730461
33.730461
33.730461
33.730461
33.730461
33.730461
33.730461
33.730461
33.730461
33.730461
33.730461
33.730461
33.730504
33.730504
33.730504
33.730504
33.730504
33.730504
33.730504
33.730504
33.730504
33.730504
33.730504
33.730504
33.730504
33.730518
33.730518
33.730518
33.730518
33.730518
33.730518
33.730518
33.730518
33.730518
33.730518
33.730518
33.730518
33.730518
33.730492
33.730492
33.730492
33.730492
33.730492
33.730492
33.730492
33.730492
33.730492
33.730492
33.730408
33.730394
33.730394
33.730366
33.730366
33.730366
33.730366
33.730366
33.730366
33.730366
33.730355
33.730355
33.730368
33.730368
33.730368
33.730368
33.730369
33.730369
33.730369
33.730365
33.730365
33.730365
33.730365
33.730365
33.730388
33.730388
33.730388
33.730388
33.730389
33.730389
33.730389
33.730389
33.730389
33.730389
33.730389
33.730389
33.730389
33.730389
33.730389
33.730389
33.730389
33.730389
33.730389
33.730384
33.730384
33.730395
33.730395
33.730447
33.730447
33.730447
33.730447
33.730447
33.730447
33.730447
33.730493
33.730493
33.730493
33.730493
33.730493
33.730493
33.730493
33.730493
33.730493
33.730493
33.730493
33.730493
33.730574
33.730594
33.730594
33.730594
33.730594
33.730594
33.730594
33.730594
33.730594
33.730622
33.730621
33.730621
33.730621
33.730621
33.730611
33.730611
33.730611
33.730611
33.730611
33.730611
33.730611
33.730611
33.730611
33.730611
33.730611
33.730611
33.730611
33.730611
33.730611
33.730611
33.730611
33.730611
33.730515
33.730544
33.730544
33.730544
33.730544
33.730544
33.730544
33.730544
33.730544
33.730544
33.730544
33.730544
33.730541
33.730541
33.730542
33.730542
33.730516
33.730516
33.730516
33.730551
33.730551
33.730551
33.730551
33.730551
33.730551
33.730551
33.730582
33.730582
33.730582
33.730582
33.730582
33.730582
33.730582
33.730582
33.730582
33.730541
33.730541
33.730541
33.730541
33.730541
33.730541
33.730541
33.730569
33.730569
33.730569
33.730569
33.730569
33.730610
33.730610
33.730610
33.730610
33.730608
33.730636
33.730636
33.730636
33.730578
33.730578
33.730578
33.730559
33.730559
33.730559
33.730559
33.730559
33.730559
33.730559
33.730559
33.730559
33.730559
33.730559
33.730559
33.730559
33.730559
33.730559
33.730559
33.730559
33.730559
33.730557
33.730568
33.730568
33.730420
33.730348
33.730348
33.730348
33.730348
33.730348
33.730383
33.730383
33.730383
33.730383
33.730383
33.730383
33.730383
33.730383
33.730383
33.730430
33.730430
33.730430
33.730430
33.730430
33.730430
33.730430
33.730430
33.730430
33.730430
33.730430
33.730430
33.730430
33.730430
33.730430
33.730430
33.730430
33.730430
33.730430
33.730430
33.730430
33.730430
33.730430
33.730430
33.730263
33.730263
33.730263
33.730263
33.730263
33.730263
33.730263
33.730343
33.730343
33.730343
33.730343
33.730343
33.729950
33.729950
33.729950
33.729950
33.729950
33.729771
33.729771
33.729771
33.729771
33.729771
33.729771
33.729771
33.729771
33.729771
33.729771
33.729771
33.729771
33.729771
33.729771
33.729771
33.729771
33.729771
33.729586
33.729586
33.729586
33.729541
33.729541
33.729541
33.729541
33.729541
33.729541
33.729541
33.729541
33.729555
33.729555
33.729555
33.729555
33.729555
33.729577
33.729577
33.729577
33.729577
33.729577
33.729577
33.729536
33.729597
33.729597
33.729618
33.729618
33.729618
33.729618
33.729618
33.729618
33.729618
33.729618
33.729618
33.729618
33.729618
33.729618
33.729618
33.729618
33.729618
33.729618
33.729618
33.729618
33.729618
33.729575
33.729575
33.729569
33.729569
33.729569
33.729569
33.729569
33.729569
33.729569
33.729569
33.729569
33.729569
33.729569
33.729569
33.729569
33.729569
33.729569
33.729569
33.729581
33.729581
33.729581
33.729554
33.729554
33.729554
33.729549
33.729570
33.729570
33.729570
33.729570
33.729570
33.729545
33.729471
33.729471
33.729487
33.729487
33.729459
33.729459
33.729459
33.729459
33.729459
33.729459
33.729459
33.729459
33.729459
33.729409
33.729432
33.729439
33.729439
33.729439
33.729439
33.729532
33.729532
33.729532
33.729532
33.729530
33.729530
33.729530
33.729530
33.729530
33.729473
33.729473
33.729473
33.729520
33.729520
33.729520
33.729520
33.729520
33.729520
33.729520
33.729520
33.729520
33.729520
33.729572
33.729572
33.729572
33.729585
33.729548
33.729562
33.729562
33.729562
33.729562
33.729562
33.729562
33.729468
33.729468
33.729468
33.729468
33.729468
33.729508
33.729508
33.729508
33.729500
33.729451
33.729451
33.729451
33.729451
33.729481
33.729481
33.729481
33.729481
33.729481
33.729481
33.729481
33.729481
33.729481
33.729481
33.729481
33.729479
33.729479
33.729467
33.729361
33.729361
33.729361
33.729361
33.729273
33.729273
33.729276
33.729274
33.729274
33.729274
33.729274
33.729274
33.729274
33.729157
33.729157
33.729153
33.729155
33.729155
33.729155
33.729155
33.729155
33.729155
33.729155
33.729096
33.729096
33.729096
33.729096
33.729096
33.729096
33.729096
33.729096
33.729096
33.729096
33.729096
33.729096
33.729096
33.729096
33.729062
33.729062
33.729062
33.729062
33.728898
33.728898
33.728744
33.728744
33.728582
33.728582
33.728582
33.728458
33.728458
33.728346
33.728346
33.728342
33.728342
33.728342
33.728342
33.728342
33.728342
33.728342
33.728342
33.728341
33.728341
33.728341
33.728341
33.728341
33.728341
33.728341
33.728341
33.728341
33.728341
33.728341
33.728341
33.728341
33.728341
33.728341
33.728341
33.728341
33.728341
33.728341
33.728341
33.728341
33.728341
33.728341
33.728034
33.728034
33.728026
33.728026
33.728026
33.728026
33.727976
33.727976
33.727976
33.727976
33.727976
33.727976
33.727976
33.727976
33.727976
33.727976
33.727976
33.727976
33.727976
33.727976
33.727976
33.727976
33.727980
33.727751
33.727751
33.727751
33.727751
33.727690
33.727647
33.727647
33.727647
33.727632
33.727632
33.727632
33.727632
33.727632
33.727632
33.727632
33.727632
33.727632
33.727632
33.727632
33.727632
33.727632
33.727632
33.727632
33.727632
33.727533
33.727533
33.727533
33.727533
33.727533
33.727533
33.727528
33.727528
33.727528
33.727528
33.727528
33.727528
33.727528
33.727522
33.727522
33.727522
33.727468
33.727468
33.727468
33.727468
33.727468
33.727468
33.727468
33.727468
33.727468
33.727468
33.727461
33.727461
33.727461
33.727461
33.727461
33.727418
33.727434
33.727434
33.727434
33.727434
33.727434
33.727415
33.727439
33.727439
33.727439
33.727439
33.727439
33.727439
33.727439
33.727439
33.727439
33.727439
33.727439
33.727439
33.727437
33.727437
33.727437
33.727437
33.727437
33.727437
33.727437
33.727437
33.727437
33.727436
33.727436
33.727436
33.727407
33.727407
33.727407
33.727407
33.727407
33.727407
33.727407
33.727407
33.727407
33.727407
33.727383
33.727383
33.727383
33.727383
33.727383
33.727383
33.727383
33.727383
33.727383
33.727383
33.727383
33.727383
33.727383
33.727383
33.727383
33.727383
33.727351
33.727349
33.727349
33.727349
33.727349
33.727349
33.727349
33.727351
33.727351
33.727351
33.727351
33.727351
33.727351
33.727351
33.727351
33.727351
33.727351
33.727351
33.727351
33.727351
33.727235
33.727235
33.727235
33.727235
33.727235
33.727235
33.727235
33.727235
33.727235
33.727235
33.727235
33.727235
33.727235
33.727235
33.727236
33.727239
33.727239
33.727239
33.727239
33.727239
33.727239
33.727239
33.727239
33.727239
33.727239
33.727239
33.176266
33.176266
33.176260
33.176260
33.176260
33.176254
33.176254
33.176254
33.176254
33.176240
33.176240
33.176240
33.176240
33.176240
33.176240
33.176248
33.176248
33.176248
33.176248
33.176249
33.176249
33.176249
33.176249
33.176249
33.176249
33.176356
33.176356
33.176356
33.176356
33.176357
33.176357
33.176357
33.176390
33.176390
33.176390
33.176390
33.176390
33.176390
33.176390
33.176390
33.176390
33.176390
33.176497
33.176497
33.176497
33.176497
33.176497
33.176497
33.176497
33.176497
33.176497
33.176522
33.176522
33.100301
33.100301
33.100301
33.100301
33.100421
33.100421
33.100421
33.100421
33.100421
33.100421
33.100421
33.100421
33.100421
33.100418
33.100467
33.100441
33.100441
33.100441
33.100441
33.100441
33.100441
33.100602
33.100602
33.100602
33.100602
33.100594
33.100594
33.100594
33.100594
33.100594
33.100594
33.100594
33.100594
33.100594
33.100594
33.100594
33.100594
33.100521
33.100521
33.100521
33.100521
33.100521
33.100521
33.100566
33.100566
33.100566
33.100566
33.100566
33.100566
33.100566
33.100615
33.100615
33.100615
33.100615
33.100615
33.100615
33.100615
33.100615
33.100615
33.100615
33.100615
33.100615
33.100615
33.100615
33.100615
33.100615
33.100592
33.100592
33.100592
33.100592
33.100592
33.100592
33.100592
33.100592
33.100576
33.100591
33.100494
33.100494
33.100477
33.100477
33.100477
33.100477
33.100477
33.100477
33.100440
33.100440
33.100441
33.100441
33.100441
33.100441
33.100441
33.100441
33.100441
33.100441
33.100441
33.100441
33.100397
33.100397
33.100397
33.100397
33.100397
33.100397
33.100397
33.100397
33.100397
33.100397
33.100397
33.100397
33.100397
33.100397
33.100397
33.100547
33.100547
33.100547
33.100621
33.100735
33.100715
33.100715
33.100715
33.100715
33.100715
33.100715
33.100715
33.100715
33.100761
33.100761
33.100761
33.100761
33.100761
33.100761
33.100761
33.100761
33.100761
33.100761
33.100761
33.100768
33.100768
33.100768
33.100794
33.100794
33.100794
33.100794
33.100800
33.100826
33.100845
33.100845
33.100845
33.100845
33.100845
33.100845
33.100845
33.100845
33.100845
33.100845
33.100845
33.100845
33.100877
33.100877
33.100877
33.100877
33.100877
33.100877
33.100877
33.100877
33.100877
33.100897
33.100897
33.100897
33.100897
33.100897
33.100897
33.100897
33.100897
33.100897
33.100897
33.100897
33.100897
33.100897
33.100878
33.100878
33.100878
33.100878
33.100878
33.100878
33.100884
33.100884
33.100883
33.100932
33.100937
33.100937
33.100937
33.100937
33.100824
33.100946
33.100946
33.100946
33.100946
33.100946
33.100946
33.100946
33.100926
33.100945
33.100945
33.100978
33.100978
33.100978
33.100978
33.100978
33.100978
33.100978
33.101029
33.101002
33.101002
33.101002
33.101002
33.101002
33.101002
33.101002
33.101002
33.101040
33.101069
33.101227
33.101227
33.101227
33.101227
33.101227
33.101227
33.101337
33.101337
33.101326
33.101326
33.101364
33.101364
33.101364
33.101391
33.101391
33.101433
33.101433
33.101433
33.101433
33.101429
33.101429
33.101429
33.101426
33.101538
33.101538
33.101619
33.101619
33.101619
33.101619
33.101619
33.101619
33.101619
33.101619
33.101639
33.101639
33.101639
33.101639
33.101639
33.101639
33.101639
33.101639
33.101639
33.101639
33.101700
33.101700
33.101700
33.101700
33.101700
33.101700
33.101700
33.101700
33.101700
33.101700
33.101755
33.101755
33.101755
33.101839
33.101839
33.101839
33.101839
33.101839
33.101839
33.101839
33.101839
33.101856
33.101856
33.101856
33.101856
33.101858
33.101858
33.101858
33.101858
33.101858
33.102118
33.102118
33.102118
33.102118
33.102118
33.102118
33.102118
33.102118
33.102118
33.102118
33.102118
33.102118
33.102083
33.102083
33.102083
33.102278
33.102278
33.102282
33.102282
33.102282
33.102282
33.102282
33.102282
33.102282
33.102282
33.102282
33.102282
33.102282
33.102282
33.102282
33.102282
33.102282
33.100960
33.100960
33.100960
33.100960
33.100960
33.100960
33.100960
33.100960
33.100960
33.100960
33.100960
33.100960
33.100960
33.100973
33.100973
33.100973
33.100973
33.100973
33.100973
33.100973
33.101082
33.101082
33.101082
33.101082
33.101082
33.101082
33.101082
33.101082
33.101082
33.101082
33.101082
33.101074
33.101104
33.101216
33.101216
33.101195
33.101195
33.101195
33.101195
33.101195
33.101195
33.101227
33.101227
33.101227
33.101227
33.101227
33.101227
33.101227
33.101227
33.101227
33.101227
33.101227
33.101227
33.101227
33.101227
33.101227
33.101227
33.101227
33.101227
33.101227
33.101227
33.101208
33.101208
33.101208
33.101315
33.101315
33.101315
33.101393
33.101393
33.101393
33.101393
33.101393
33.101393
33.101393
33.101393
33.101366
33.101366
33.101366
33.101366
33.101366
33.101366
33.101366
33.101366
33.101366
33.101366
33.101366
33.101366
33.101361
33.101361
33.101361
33.101298
33.101298
33.101301
33.101301
33.101301
33.101301
33.101301
33.101301
33.101301
33.101301
33.101301
33.101301
33.101301
33.101301
33.101321
33.101287
33.101287
33.101287
33.101287
33.101287
33.101287
33.101287
33.101287
33.101287
33.101287
33.101287
33.101335
33.101319
33.101319
33.101319
33.101319
33.101319
33.101319
33.101319
33.101319
33.101294
33.101294
33.101294
33.101294
33.101294
33.101294
33.101294
33.101294
33.101253
33.101253
33.101253
33.101253
33.101253
33.101253
33.101253
33.101253
33.101253
33.101253
33.101253
33.101253
33.101253
33.101253
33.101253
33.101253
33.101249
33.101249
33.101249
33.101249
33.101261
33.101368
33.101368
33.101368
33.101371
33.101371
33.101371
33.101371
33.101371
33.101371
33.101371
33.101371
33.101371
33.101371
33.101372
33.101372
33.101372
33.101372
33.101386
33.101386
33.101386
33.101386
33.101386
33.101386
33.101409
33.101409
33.101409
33.101409
33.101409
33.101409
33.101409
33.101417
33.101425
33.101425
33.101425
33.101425
33.101425
33.101446
33.101446
33.101446
33.101446
33.101446
33.101445
33.101445
33.101445
33.101445
33.101445
33.101445
33.101445
33.101445
33.101447
33.101506
33.101506
33.101506
33.101506
33.101506
33.101506
33.101506
33.101506
33.101506
33.101538
33.101538
33.101538
33.101577
33.101577
33.101631
33.101631
33.101714
33.101714
33.101714
33.101712
33.101712
33.101712
33.101712
33.101712
33.101710
33.101710
33.101710
33.101710
33.101728
33.101728
33.101728
33.101728
33.101728
33.101728
33.101728
33.101726
33.101726
33.101726
33.101726
33.101726
33.101726
33.101726
33.101726
33.101726
33.087274
33.087270
33.087270
33.087270
33.087270
33.087270
33.087270
33.087270
33.087270
33.087270
33.087270
33.087270
33.087371
33.087371
33.087405
33.087405
33.087405
33.087405
33.087447
33.087447
33.087446
33.087446
33.087446
33.087446
33.087446
33.087446
33.087443
33.087443
33.087443
33.087443
33.087460
33.087465
33.087465
33.087465
33.087465
33.087465
33.087465
33.087465
33.087509
33.087509
33.087509
33.087509
33.087509
33.087509
33.087509
33.087509
33.087509
33.087509
33.087509
33.087509
33.087509
33.087509
33.087509
33.087505
33.087505
33.087505
33.087506
33.087506
33.087506
33.087506
33.087506
33.087506
33.087523
33.087523
33.087523
33.087523
33.087523
33.087523
33.087523
33.087523
33.087523
33.087524
33.087524
33.087524
33.087524
33.087524
33.087524
33.087524
33.087609
33.087609
33.087609
33.087609
33.087609
33.087609
33.087609
33.087609
33.087609
33.087609
33.087609
33.087609
33.087609
33.087609
33.087639
33.087639
33.087639
33.087703
33.087703
33.087703
33.087703
33.087703
33.087703
33.087701
33.087701
33.087701
33.087701
33.087744
33.087744
33.087744
33.087785
33.087785
33.087827
33.087827
33.087827
33.087827
33.087865
33.087865
33.087865
33.087930
33.087930
33.087930
33.087930
33.087930
33.087930
33.087930
33.087930
33.087930
33.087931
33.087931
33.087931
33.087931
33.087931
33.087931
33.087930
33.087944
33.087944
33.087944
33.087990
33.087990
33.087990
33.087990
33.087990
33.088050
33.088044
33.088044
33.088044
33.088040
33.088040
33.088040
33.088040
33.088040
33.088040
33.088052
33.088052
33.088052
33.088052
33.088052
33.088051
33.088051
33.088051
33.088051
33.088051
33.088051
33.088051
33.088051
33.088051
33.088051
33.088091
33.088091
33.088091
33.088091
33.088091
33.088091
33.088091
33.088091
33.088091
33.088091
33.088116
33.088116
33.088116
33.088110
33.088110
33.088228
33.088228
33.088228
33.088228
33.088228
33.088228
33.088228
33.088228
33.088228
33.088228
33.088228
33.088228
33.088228
33.088228
33.088228
33.088228
33.088228
33.088228
33.088228
33.088228
33.088228
33.088228
33.088228
33.088228
33.088228
33.088228
33.088228
33.088228
33.088228
33.088228
33.088228
33.088236
33.088236
33.088244
33.088261
33.088261
33.088261
33.088261
33.088261
33.088261
33.088261
33.088261
33.088261
33.088261
33.088261
33.088261
33.088261
33.088261
33.088290
33.088290
33.088298
33.088298
33.088298
33.088298
33.088298
33.088317
33.088334
33.088334
33.088334
33.088334
33.088334
33.088334
33.088334
33.088334
33.088334
33.088334
33.088334
33.088333
33.088325
33.088325
33.088325
33.088325
33.088325
33.088325
33.088325
33.088325
33.088325
33.088325
33.088325
33.088325
33.088325
33.088325
33.088325
33.088312
33.088312
33.088312
33.088312
33.088312
33.088310
33.088310
33.088310
33.088310
33.088310
33.088310
33.088309
33.088309
33.088309
33.088309
33.088309
33.088335
33.088335
33.088335
33.088335
33.088335
33.088335
33.088335
33.088335
33.088335
33.088335
33.088335
33.088361
33.088361
33.088361
33.088361
33.088361
33.088358
33.088358
33.088358
33.088358
33.088357
33.088357
33.088383
33.088381
33.088381
33.088381
33.088381
33.088381
33.088381
33.088381
33.088381
33.088395
33.088395
33.088395
33.088435
33.088435
33.088435
33.088435
33.088435
33.088435
33.088454
33.088454
33.088454
33.088454
33.088468
33.088468
33.088468
33.088460
33.088460
33.088460
33.088460
33.088460
33.088476
33.088476
33.088476
33.088476
33.088476
33.088476
33.088476
33.088476
33.088476
33.088476
33.088476
33.088476
33.088476
33.088476
33.088476
33.088476
33.088476
33.088476
33.088476
33.088476
33.088476
33.088476
33.088476
33.088476
33.088512
33.088512
33.088512
33.088512
33.088512
33.088512
33.088512
33.088512
33.088512
33.088512
33.088512
33.088512
33.088512
33.088512
33.088512
33.088512
33.088512
33.088512
33.088532
33.088544
33.088544
33.088544
33.088544
33.088544
33.088544
33.088544
33.088544
33.088544
33.088544
33.088544
33.088544
33.088544
33.088544
33.088544
33.088544
33.088544
33.088544
33.088544
33.088544
33.088544
33.088544
33.088544
33.088554
33.088554
33.088554
33.088554
33.088554
33.088554
33.088554
33.088554
33.088554
33.088554
33.088554
33.088554
33.088554
33.088554
33.088554
33.088554
33.088554
33.088554
33.088554
33.088554
33.088554
33.088554
33.088554
33.088554
33.088554
33.088554
33.088554
33.088554
33.088554
33.088554
33.088554
33.088554
33.088554
33.088554
33.088554
33.088554
33.088554
33.088554
33.088554
33.088533
33.088533
33.088533
33.088533
33.088555
33.088555
33.088555
33.088555
33.088555
33.088555
33.088555
33.088555
33.088555
33.088555
33.088555
33.088555
33.088555
33.088555
33.088555
33.088555
33.088555
33.088555
33.088555
33.088555
33.088555
33.088555
33.088555
33.088553
33.088553
33.088553
33.088553
33.088556
33.088556
33.088556
33.088570
33.088570
33.088570
33.088570
33.088555
33.088555
33.088555
33.088555
33.088555
33.088555
33.088555
33.088555
33.088555
33.088555
33.088569
33.088569
33.088569
33.088569
33.088569
33.088569
33.088569
33.088589
33.088589
33.088589
33.088589
33.088589
33.088589
33.088589
33.088589
33.088589
33.088589
33.088589
33.088589
33.088595
33.088595
33.088595
33.088595
33.088595
33.088595
33.088595
33.088595
33.088595
33.088595
33.088595
33.088595
33.088595
33.088595
33.088595
33.088595
33.088595
33.088587
33.088587
33.088579
33.088579
33.088579
33.088579
33.088579
33.088579
33.088579
33.088571
33.088571
33.088571
33.088571
33.088571
32.135699
32.135699
32.135699
32.135699
32.135699
32.135699
32.135709
32.135700
32.135700
32.135700
32.135700
32.135700
32.135700
32.135700
32.135700
32.135700
32.135699
32.135699
32.135699
32.135699
32.135699
32.135699
32.135699
32.135699
32.135698
32.135698
32.135698
32.135698
32.135698
32.135698
32.135698
32.135698
32.135698
32.135698
32.135698
32.135698
32.135701
32.135701
32.135701
32.135701
32.135701
32.135701
32.135701
32.135701
32.135700
30.859280
30.859280
30.859280
30.859280
30.859286
30.850043
30.850043
30.850043
30.850043
30.850043
30.630056
30.630056
30.630054
30.630054
30.630054
30.630054
30.549436
30.549436
30.549436
30.549436
30.549436
30.549436
30.549436
30.518455
30.518455
30.518458
30.518458
30.518458
30.518458
30.518458
30.518458
30.518458
30.506029
30.506029
30.506029
30.506029
30.500146
30.500146
30.500146
30.500456
30.500456
30.500787
30.500787
30.498811
30.497808
30.497808
30.497808
30.497808
30.493341
30.493341
30.493341
30.493341
30.493341
30.493341
30.493341
30.493341
30.493341
30.490680
30.490740
30.490740
30.490740
30.490740
30.489810
30.489847
30.488159
30.488159
30.488153
30.487410
30.487410
30.487410
30.485322
30.485214
30.485214
30.485214
30.485360
30.483535
30.483535
30.483550
30.483079
30.483079
30.483339
30.483339
30.483339
30.483339
30.482769
30.482769
30.482998
30.482998
30.482998
30.482998
30.482998
30.482678
30.482678
30.482678
30.482678
30.482829
30.482829
30.482829
30.482829
30.482753
30.482790
30.482750
30.482750
30.482489
30.482533
30.482406
30.482406
30.482406
30.482406
30.482342
30.482342
30.482342
30.482342
30.482342
30.482342
30.482342
30.482398
30.482428
30.482428
30.482428
30.482428
30.482300
30.482300
30.482271
30.482271
30.481939
30.481866
30.481866
30.481866
30.481866
30.481668
30.481668
30.481668
30.481571
30.481571
30.481571
30.481541
30.481541
30.481541
30.481548
30.481374
30.481374
30.481225
30.481225
30.480976
30.480870
30.480870
30.481013
30.481092
30.481092
30.481092
30.481157
30.481157
30.481157
30.481165
30.481165
30.481147
30.481147
30.481147
30.481147
30.480996
30.480996
30.481021
30.481021
30.481087
30.481087
30.481087
30.481087
30.481018
30.481018
30.481081
30.481127
30.481127
30.481214
30.481214
30.481214
30.481164
30.481164
30.481164
30.481164
30.481164
30.481164
30.481164
30.481164
30.481209
30.481209
30.481209
30.481232
30.481232
30.481286
30.481286
30.481286
30.481361
30.481364
30.481364
30.481364
30.481364
30.481340
30.481340
30.481340
30.481333
30.481333
30.481333
30.481333
30.481333
30.481327
30.481327
30.481327
30.481335
30.481348
30.481348
30.481348
30.481386
30.481371
30.481349
30.481349
30.481349
30.481349
30.481349
30.481418
30.481418
30.481418
30.481417
30.481417
30.481417
30.481428
30.481424
30.481425
30.481423
30.481433
30.481433
30.481433
30.481433
30.481372
30.481383
30.481383
30.481383
30.481383
30.481383
30.481416
30.481440
30.481440
30.481449
30.481445
30.481445
30.481445
30.481445
30.481445
30.481559
30.481559
30.481559
30.481559
30.481582
30.481582
30.481584
30.481584
30.481584
30.481596
30.481596
30.481596
30.481612
30.481612
30.481609
30.481615
30.481615
30.481615
30.481611
30.481611
30.481607
30.481607
30.481608
30.481608
30.481608
30.481608
30.481608
30.481598
30.481598
30.481597
30.481597
30.481591
30.481596
30.481596
30.481596
30.481592
30.481592
30.481592
30.481593
30.481593
30.481593
30.481599
30.481597
30.481597
30.481596
30.481596
30.481589
30.481589
30.481582
30.481582
30.481582
30.481582
30.481582
30.481580
30.481580
30.481575
30.481575
30.481575
30.481569
30.481569
30.481569
30.481569
30.481569
30.481569
30.481569
30.481569
30.481569
30.481569
30.481569
30.481566
30.481562
30.481560
30.481560
30.481560
30.481560
30.481560
30.481560
30.481562
30.481562
30.481562
30.481562
30.481560
30.481560
30.481559
30.481559
30.481556
30.481556
30.481556
30.481556
30.481556
30.481558
30.481557
30.481557
30.481557
30.481557
30.481559
30.481554
30.481552
30.481551
30.481546
30.481540
30.481532
30.481532
30.481529
30.481529
30.481529
30.481525
30.481525
30.481523
30.481521
30.481521
30.481518
30.481517
30.481517
30.481518
30.481518
30.481518
30.481518
30.481518
30.481518
30.481517
30.481517
30.481515
30.481515
30.481515
30.481515
30.481519
30.481519
30.481519
30.481519
30.481520
30.481523
30.481523
30.481523
30.481523
30.481525
30.481525
30.481525
30.481528
30.481528
30.481528
30.481528
30.481528
30.481528
30.481533
30.481533
30.481533
30.481533
30.481532
30.481532
30.481532
30.481532
30.481533
30.481533
30.481533
30.481533
30.481533
30.481533
30.481533
30.481533
30.481533
30.481533
30.481533
30.481533
30.481533
30.481533
30.481533
30.481533
30.481533
30.481533
30.481533
30.481533
30.481533
30.481533
30.481534
30.481535
30.481535
30.481535
30.481535
30.481535
30.481535
30.481538
30.481537
30.481537
30.481537
30.481537
30.481537
30.481537
30.481537
30.481537
30.481537
30.481537
30.481537
30.481537
30.481540
30.481540
30.481540
30.481540
30.481540
30.481540
30.481540
30.481540
30.481539
30.481539
30.481539
30.481539
30.481539
30.481540
30.481540
30.481540
30.481540
30.481540
30.481540
30.481540
30.481540
30.481540
30.481541
30.481540
30.481540
30.481540
30.481540
30.481540
30.481540
30.481540
30.481540
30.481540
30.481540
30.481540
30.481540
30.481540
30.481540
30.481540
30.481540
30.481540
30.481540
30.481539
30.481539
30.481538
30.481538
30.481538
30.481538
30.481538
30.481538
30.481538
30.481538
30.481538
30.481540
30.481540
30.481540
30.481540
30.481540
30.481540
30.481540
30.481540
30.481541
30.481541
30.481541
30.481541
30.481541
30.481541
30.481541
30.481541
30.481541
30.481542
30.481542
30.481542
30.481542
30.481542
30.481542
30.481542
30.481542
30.481542
30.481542
30.481542
30.481542
30.481542
30.481542
30.481542
30.481542
30.481542
30.481542
30.481542
30.481542
30.481542
30.481541
30.481541
30.481541
30.481541
30.481541
30.481541
30.481541
30.481541
30.481541
30.481541
30.481541
30.481541
30.481541
30.481541
30.481541
30.481542
30.481542
30.481542
30.481542
30.481541
30.481541
30.481541
30.481541
30.481541
30.481541
30.481541
30.481541
30.481541
30.481542
30.481542
30.481542
30.481541
30.481542
30.481542
30.481542
30.481542
30.481542
30.481542
30.481542
30.481542
30.481542
30.481138
30.481138
30.481138
30.481138
30.481138
30.481138
30.481138
30.481138
30.481138
30.481138
30.481138
30.481138
30.481138
30.481138
30.481138
30.481138
30.481138
30.481138
30.481138
30.481138
30.481138
30.481138
30.481138
30.481138
30.481138
30.481138
30.481138
30.481138
30.481138
30.481138
30.481138
30.481138
30.481138
30.481138
30.481138
30.481137
30.481137
30.481137
30.481137
30.481137
30.481138
30.481138
30.481138
30.481138
30.481138
30.481138
30.481138
30.481138
30.481138
30.481137
30.481137
30.481137
30.481137
30.481137
30.481137
30.481137
30.481137
30.481137
30.481137
30.481137
30.481137
30.481137
30.481137
30.481137
30.481137
30.481137
30.481137
30.481137
30.481137
30.481137
30.481137
30.481137
30.481137
30.481137
30.481137
30.481137
30.481137
30.480924
30.480924
30.480924
30.480924
30.480924
30.480924
30.480924
30.480924
30.480924
30.480924
30.480924
30.480924
30.480924
30.480924
30.480924
30.480924
30.480924
30.480924
30.480924
30.480924
30.480924
30.480924
30.480924
30.480924
30.480924
30.480924
30.480924
30.480924
30.480924
30.480924
30.480924
30.480924
30.480924
30.480924
30.480924
30.480924
30.480924
30.480924
30.480924
30.480924
30.480924
30.480924
30.480924
30.480924
30.480924
30.480924
30.480924
30.480924
30.480924
30.480924
30.480924
30.480924
30.480924
30.480924
30.480924
30.480924
30.480924
30.480924
30.480924
30.480924
30.480924
30.480924
30.480924
30.480924
30.480924
30.480924
30.480924
30.480924
30.480924
30.480924
30.480924
30.480924
30.480924
30.480924
30.480924
30.480924
30.480924
30.480924
30.480924
30.480924
30.480924
30.480924
30.480924
30.480924
30.480924
30.480924
30.480924
30.480924
30.480924
30.480924
30.480924
30.480924
30.480924
30.480924
30.480924
30.480924
30.480924
30.480924
30.480924
30.480924
30.480924
30.480924
30.480924
30.480924
30.480924
30.480924
30.480924
30.480924
30.480923
30.480923
30.480923
30.480923
30.480923
30.480923
30.480923
30.480923
30.480923
30.480923
30.480923
30.480923
30.480923
30.480923
30.480923
30.480923
30.480923
30.480923
30.480923
30.480923
30.480923
30.480923
30.480923
30.480923
30.480923
30.480923
30.480923
30.480923
30.480923
30.480923
30.480923
30.480923
30.480923
30.480923
30.480923
30.480923
30.480923
30.480923
30.480923
30.480923
30.480923
30.480923
30.480923
30.480923
30.480923
30.480923
30.480923
30.480923
30.480923
30.480923
30.480923
30.480923
30.480923
30.480923
30.480923
30.480923
30.480923
30.480923
30.480923
30.480923
30.480923
30.480923
30.480923
30.480923
30.480923
30.480923
30.480923
30.480923
30.480923
30.480923
30.480923
30.480923
30.480923
30.480923
30.480923
30.480923
30.480923
30.480923
30.480923
30.480923
30.480923
30.480923
30.480923
30.480923
30.480923
30.480923
30.480923
30.480923
30.480923
30.480923
30.480923
30.480923
30.480923
30.480923
30.480923
30.480923
30.480923
30.480923
30.480923
30.480923
30.480923
30.480923
30.480923
30.480923
30.480923
30.480923
30.480923
30.480923
30.480923
30.480923
30.480923
30.480923
30.480923
30.480923
30.480923
30.480923
30.480923
30.480923
30.480923
30.480923
30.480923
30.480923
30.480923
30.480923
30.480923
30.480923
30.480923
30.480923
30.480923
30.480923
30.480923
30.480923
30.480923
30.480923
30.480923
30.480923
30.480923
30.480923
30.480923
30.480923
30.480923
30.480923
30.480923
30.480923
30.480923
30.480923
30.480923
30.480923
30.480923
30.480923
30.480923
30.480923
30.480923
30.480923
30.480923
30.480923
30.480923
30.480923
30.480923
30.480923
30.480923
30.480923
30.480923
30.480923
30.480923
30.480923
30.480923
30.480923
30.480923
30.480923
30.480923
30.480923
30.480923
30.480923
30.480923
30.480923
30.480923
30.480923
30.480923
30.480923
30.480923
30.480923
30.480923
30.480923
30.480923
30.480923
30.480923
30.480923
30.480923
30.480923
30.480923
30.480923
30.480923
30.480923
30.480923
30.480923
30.480923
30.480923
30.480923
30.480923
30.480923
30.480923
30.480923
30.480923
30.480923
30.480923
30.480923
30.480923
30.480923
30.480923
30.480923
30.480923
30.480923
30.480923
30.480923
30.480923
30.480923
30.480923
30.480923
30.480923
30.480923
30.480923
30.480923
30.480923
30.480923
30.480923
30.480923
30.480923
30.480923
30.480923
30.480923
30.480923
30.480923
30.480923
30.480923
30.480923
30.480923
30.480923
30.480923
30.480923
30.480923
30.480923
30.480923
30.480923
30.480923
30.480923
30.480923
30.480923
30.480923
30.480923
30.480923
30.480923
30.480923
30.480923
30.480923
30.480923
30.480923
30.480923
30.480923
30.480923
30.480923
30.480923
30.480923
30.480923
30.480923
30.480923
30.480923
30.480923
30.480923
30.480923
30.480923
30.480923
30.480923
30.480923
30.480923
30.480923
30.480923
30.480923
30.480923
30.480923
30.480923
30.480923
30.480923
30.480923
30.480923
30.480923
30.480923
30.480923
30.480923
30.480923
30.480923
30.480923
30.480923
30.480923
30.480923
30.480923
30.480923
30.480923
30.480923
30.480923
30.480923
30.480923
30.480923
30.480923
30.480923
30.480923
30.480923
30.480923
30.480923
30.480923
30.480923
30.480923
30.480923
30.480923
30.480923
30.480923
30.480923
30.480923
30.480923
30.480923
30.480923
30.480923
30.480923
30.480923
30.480923
30.480923
30.480923
30.480923
30.480923
30.480923
30.480923
30.480923
30.480923
30.480923
30.480923
30.480923
30.480923
30.480923
30.480923
30.480923
30.480923
30.480923
30.480923
30.480923
30.480923
30.480923
30.480923
30.480923
30.480923
30.480923
30.480923
30.480923
30.480923
30.480923
30.480923
30.480923
30.480923
30.480923
30.480923
30.480923
30.480923
30.480923
30.480923
30.480923
30.480923
30.480923
30.480923
30.480923
30.480923
30.480923
30.480923
30.480923
30.480923
30.480923
30.480923
30.480923
30.480923
30.480923
30.480923
30.480923
30.480923
30.480923
30.480923
30.480923
30.480923
30.480923
30.480923
30.480923
30.480923
30.480923
30.480923
30.480923
30.480923
30.480923
30.480923
30.480923
30.480923
30.480923
30.480923
30.480923
30.480923
30.480923
30.480923
30.480923
30.480923
30.480923
30.480923
30.480923
30.480923
30.480923
30.480923
30.480923
30.480923
30.480923
30.480923
30.480923
30.480923
30.480923
30.480923
30.480923
30.480923
30.480923
30.480923
30.480923
30.480923
30.480923
30.480923
30.480923
30.480923
30.480923
30.480923
30.480923
30.480923
30.480923
30.480923
30.480923
30.480923
30.480923
30.480923
30.480923
30.480923
30.480923
30.480923
30.480923
30.480923
30.480923
30.480923
30.480923
30.480923
30.480923
30.480923
30.480923
30.480923
30.480923
30.480923
30.480923
30.480923
30.480923
30.480923
30.480923
30.480923
30.480923
30.480923
30.480923
30.480923
30.480923
30.480923
30.480923
30.480923
30.480923
30.480923
30.480923
30.480923
30.480923
30.480923
30.480923
30.480923
30.480923
30.480923
30.480923
30.480923
30.480923
30.480923
30.480923
30.480923
30.480923
30.480923
30.480923
30.480923
30.480923
30.480923
30.480923
30.480923
30.480923
30.480923
30.480923
30.480923
30.480923
30.480923
30.480923
30.480923
30.480923
30.480923
30.480923
30.480923
30.480923
30.480923
30.480923
30.480923
30.480923
30.480923
30.480923
30.480923
30.480923
30.480923
30.480923
30.480923
30.480923
30.480923
30.480923
30.480923
30.480923
30.480923
30.480923
30.480923
30.480923
30.480923
30.480923
30.480923
30.480923
30.480923
30.480923
30.480923
30.480923
30.480923
30.480923
30.480923
30.480923
30.480923
30.480923
30.480923
30.480923
30.480923
30.480923
30.480923
30.480923
30.480923
30.480923
30.480923
30.480923
30.480923
30.480923
30.480923
30.480923
30.480923
30.480923
30.480923
30.480923
30.480923
30.480923
30.480923
30.480923
30.480923
30.480923
30.480923
30.480923
30.480923
30.480923
30.480923
30.480923
30.480923
30.480923
30.480923
30.480923
30.480923
30.480923
30.480923
30.480923
30.480923
30.480923
30.480923
30.480923
30.480923
30.480923
30.480923
30.480923
30.480923
30.480923
30.480923
30.480923
30.480923
30.480923
30.480923
30.480923
30.480923
30.480923
30.480923
30.480923
30.480923
30.480923
30.480923
30.480923
30.480923
30.480923
30.480923
30.480923
30.480923
30.480923
30.480923
30.480923
30.480923
30.480923
30.480923
30.480923
30.480923
30.480923
30.480923
30.480923
30.480923
30.480923
30.480923
30.480923
30.480923
30.480923
30.480923
30.480923
30.480923
30.480923
30.480923
30.480923
30.480923
30.480923
30.480923
30.480923
30.480923
30.480923
30.480923
30.480923
30.480923
30.480923
30.480923
30.480923
30.480923
30.480923
30.480923
30.480923
30.480923
30.480858
30.480858
30.480858
30.480858
30.480858
30.480858
30.480858
30.480858
30.480858
30.480858
30.480858
30.480858
30.480858
30.480858
30.480858
30.480858
30.480858
30.480858
30.480858
30.480858
30.480858
30.480858
30.480858
30.480858
30.480858
30.480858
30.480858
30.480858
30.480858
30.480858
30.480858
30.480858
30.480858
30.480858
30.480858
30.480858
30.480858
30.480858
30.480858
30.480858
30.480858
30.480858
30.480858
30.480858
30.480858
30.480858
30.480858
30.480858
30.480858
30.480858
30.480858
30.480858
30.480858
30.480858
30.480858
30.480858
30.480858
30.480858
30.480858
30.480858
30.480858
30.480858
30.480858
30.480858
30.480858
30.480858
30.480858
30.480858
30.480858
30.480858
30.480858
30.480858
30.480858
30.480858
30.480858
30.480858
30.480858
30.480858
30.480858
30.480858
30.480858
30.480858
30.480858
30.480858
30.480858
30.480858
30.480858
30.480858
30.480858
30.480858
30.480858
30.480858
30.480858
30.480777
30.480777
30.480777
30.480777
30.480777
30.480777
30.480777
30.480777
30.480777
30.480777
30.480777
30.480777
30.480777
30.480777
30.480777
30.480777
30.480777
30.480777
30.480777
30.480777
30.480673
30.480673
30.480678
30.480636
30.480636
30.480636
30.480562
30.480562
30.480552
30.480552
30.480552
30.480552
30.480552
30.480552
30.480552
30.480552
30.480455
30.480455
30.480455
30.480438
30.480404
30.480404
30.480422
30.480267
30.480219
30.480219
30.480219
30.480219
30.480219
30.480206
30.480206
30.480206
30.480206
30.480206
30.480206
30.480206
30.480182
30.480182
30.480192
30.480192
30.480192
30.480175
30.480175
30.480175
30.480175
30.480175
30.480175
30.480083
30.480083
30.480083
30.480033
30.480033
30.480033
30.480033
30.479906
30.479930
30.479930
30.479932
30.479932
30.479932
30.479932
30.479932
30.479932
30.479932
30.479932
30.479846
30.479852
30.479863
30.479863
30.479863
30.479863
30.479863
30.479863
30.479862
30.479891
30.479891
30.479891
30.479876
30.479876
30.479738
30.479760
30.479760
30.479748
30.479748
30.479748
30.479748
30.479748
30.479748
30.479730
30.479730
30.479741
30.479768
30.479683
30.479604
30.479604
30.479681
30.479681
30.479681
30.479681
30.479681
30.479681
30.479681
30.479682
30.479682
30.479682
30.479708
30.479708
30.479712
30.479720
30.479727
30.479727
30.479729
30.479729
30.479624
30.479623
30.479510
30.479419
30.479419
30.479420
30.479413
30.479413
30.479413
30.479413
30.479413
30.479413
30.479424
30.479424
30.479424
30.479424
30.479424
30.479421
30.479421
30.479421
30.479421
30.479421
30.479421
30.479421
30.479421
30.479419
30.479408
30.479408
30.479408
30.479408
30.479408
30.479378
30.479377
30.479377
30.479377
30.479377
30.479302
30.479275
30.479278
30.479279
30.479250
30.479250
30.479250
30.479257
30.479257
30.479257
30.479257
30.479257
30.479257
30.479257
30.479257
30.479257
30.479257
30.479230
30.479230
30.479230
30.479230
30.479263
30.479263
30.479244
30.479247
30.479243
30.491464
30.491464
30.491422
30.491422
30.491384
30.491384
30.491394
30.491394
30.491394
30.491324
30.491324
30.491324
30.491324
30.491329
30.491329
30.491329
30.491329
30.491268
30.491268
30.491268
30.491259
30.491259
30.491259
30.491259
30.491259
30.491233
30.491233
30.491233
30.491307
30.491307
30.491325
30.491325
30.491325
30.491334
30.491334
30.491334
30.491384
30.491384
30.491384
30.491384
30.491384
30.491384
30.491384
30.491384
30.491383
30.491383
30.491353
30.491353
30.491353
30.491353
30.491353
30.491372
30.491372
30.491372
30.491372
30.491372
30.491369
30.491369
30.491369
30.491369
30.491369
30.491357
30.491357
30.491357
30.491357
30.491357
30.491357
30.491357
30.491357
30.491356
30.491356
30.491375
30.491375
30.491375
30.491375
30.491375
30.491375
30.491375
30.491373
30.491374
30.491397
30.491394
30.491394
30.491395
30.491383
30.491384
30.491397
30.491397
30.491397
30.491397
30.491397
30.491397
30.491397
30.491397
30.491397
30.491397
30.491397
30.491395
30.491395
30.491395
30.491395
30.491395
30.491395
30.491395
30.491395
30.491395
30.491406
30.491405
30.491407
30.491407
30.491407
30.491405
30.491407
30.491407
30.491407
30.491410
30.491411
30.491411
30.491399
30.491399
30.491396
30.491396
30.491396
30.491396
30.491396
30.491396
30.491396
30.491395
30.491395
30.491395
30.491395
30.491395
30.491395
30.491395
30.491395
30.491395
30.491391
30.491391
30.491391
30.491391
30.491391
30.491391
30.491391
30.491400
30.491400
30.491400
30.491394
30.491396
30.491396
30.491396
30.491396
30.491396
30.491396
30.491396
30.491396
30.491398
30.491398
30.491397
30.491396
30.491396
30.491396
30.491396
30.491396
30.491405
30.491404
30.491399
30.491399
30.491399
30.491399
30.491399
30.491399
30.491399
30.491399
30.491399
30.491399
30.491395
30.491405
30.491405
30.491403
30.491396
30.491395
30.491388
30.491388
30.491388
30.491388
30.491384
30.491384
30.491384
30.491384
30.491384
30.491384
30.491384
30.491384
30.491383
30.491383
30.491384
30.491384
30.491378
30.491378
30.491378
30.491378
30.491378
30.491379
30.491379
30.491377
30.491376
30.491376
30.491380
30.491377
30.491377
30.491377
30.491377
30.491369
30.491369
30.491369
30.491369
30.491369
30.491369
30.491369
30.491369
30.491369
30.491369
30.491370
30.491369
30.491371
30.491371
30.491371
30.491371
30.491380
30.491385
30.491384
30.491383
30.491383
30.491383
30.491383
30.491390
30.491390
30.491387
30.491387
30.491387
30.491387
30.491387
30.491387
30.491387
30.491387
30.491387
30.491387
30.491387
30.491387
30.491392
30.491392
30.491394
30.491394
30.491394
30.491401
30.491401
30.491401
30.491403
30.491403
30.491403
30.491403
30.491403
30.491401
30.491403
30.491403
30.491404
30.491403
30.491403
30.491403
30.491403
30.491404
30.491404
30.491404
30.491404
30.491404
30.491404
30.491404
30.491404
30.491404
30.491404
30.491404
30.491402
30.491402
30.491402
30.491402
30.491402
30.491402
30.491402
30.491405
30.491406
30.491406
30.491406
30.491406
30.491405
30.491404
30.491404
30.491404
30.491407
30.491407
30.491408
30.491407
30.491408
30.491408
30.491410
30.491410
30.491409
30.491408
30.491408
30.491408
30.491408
30.491408
30.491407
30.491407
30.491408
30.491408
30.491408
30.491408
30.491408
30.491408
30.491408
30.491408
30.491411
30.491411
30.491413
30.491413
30.491414
30.491414
30.491414
30.491418
30.491418
30.491419
30.491420
30.491420
30.491420
30.491420
30.491419
30.491419
30.491418
30.491418
30.491421
30.491421
30.491421
30.491421
30.491420
30.491420
30.491420
30.491421
30.491421
30.491421
30.491421
30.491421
30.491421
30.491421
30.491421
30.491421
30.491420
30.491419
30.491419
30.491419
30.491419
30.491419
30.491419
30.491419
30.491419
30.491419
30.491419
30.491419
30.491419
30.491419
30.491419
30.491419
30.491419
30.491419
30.491419
30.491419
30.491419
30.491419
30.491419
30.491419
30.491418
30.491417
30.491417
30.491417
30.491415
30.491415
30.491415
30.491415
30.491415
30.491415
30.491415
30.491415
30.491415
30.491415
30.491415
30.491415
30.491415
30.491415
30.491415
30.491415
30.491414
30.491414
30.491414
30.491414
30.491413
30.491411
30.491411
30.491411
30.491411
30.491410
30.491410
30.491410
30.491410
30.491409
30.491408
30.491408
30.491408
30.491407
30.491407
30.491407
30.491407
30.491406
30.491406
30.491406
30.491406
30.491404
30.491405
30.491405
30.491405
30.491405
30.491405
30.491405
30.491405
30.491405
30.491405
30.491405
30.491405
30.491405
30.491405
30.491405
30.491405
30.491405
30.491404
30.491404
30.491404
30.491404
30.491404
30.491404
30.491404
30.491404
30.491404
30.491404
30.491375
30.491375
30.491375
30.491375
30.491375
30.491375
30.491375
30.491375
30.491375
30.491375
30.491375
30.491375
30.491375
30.491375
30.491375
30.491375
30.491375
30.491375
30.491375
30.491375
30.491375
30.491374
30.491374
30.491374
30.491374
30.491374
30.491374
30.491374
30.491374
30.491374
30.491374
30.491374
30.491374
30.491374
30.491374
30.491374
30.491374
30.491374
30.491374
30.491374
30.491374
30.491374
30.491374
30.491374
30.491374
30.491374
30.491374
30.491374
30.491374
30.491374
30.491374
30.491374
30.491374
30.491374
30.491374
30.491374
30.491374
30.491374
30.491374
30.491374
30.491374
30.491374
30.491374
30.491374
30.491374
30.491374
30.491374
30.491374
30.491374
30.491374
30.491374
30.491374
30.491374
30.491374
30.491374
30.491373
30.491373
30.491373
30.491373
30.491373
30.491373
30.491373
30.491373
30.491373
30.491373
30.491373
30.491373
30.491373
30.491373
30.491373
30.491373
30.491373
30.491373
30.491372
30.491372
30.491372
30.491372
30.491372
30.491372
30.491372
30.491372
30.491372
30.491372
30.491372
30.491372
30.491372
30.491372
30.491372
30.491372
30.491372
30.491372
30.491372
30.491372
30.491373
30.491373
30.491373
30.491373
30.491373
30.491372
30.491372
30.491372
30.491372
30.491373
30.491373
30.491373
30.491373
30.491373
30.491373
30.491373
30.491373
30.491373
30.491373
30.491373
30.491373
30.491373
30.491373
30.491373
30.491373
30.491373
30.491373
30.491372
30.491372
30.491372
30.491372
30.491372
30.491372
30.491372
30.491372
30.491372
30.491372
30.491372
30.491372
30.491372
30.491372
30.491372
30.491372
30.491372
30.491372
30.491372
30.491372
30.491372
30.491372
30.491372
30.491372
30.491372
30.491372
30.491372
30.491372
30.491372
30.491372
30.491372
30.491372
30.491372
30.491372
30.491372
30.491372
30.491372
30.491372
30.491372
30.491372
30.491372
30.491373
30.491373
30.491373
30.491373
30.491373
30.491373
30.491373
30.491373
30.491373
30.491373
30.491373
30.491373
30.491373
30.491373
30.491373
30.491373
30.491373
30.491373
30.491373
30.491373
30.491373
30.491373
30.491373
30.491373
30.491373
30.491373
30.491373
30.491373
30.491373
30.491373
30.491373
30.491373
30.491373
30.491373
30.491373
30.491373
30.491373
30.491373
30.491373
30.491373
30.491373
30.491373
30.491373
30.491373
30.491373
30.491373
30.491373
30.491373
30.491373
30.491373
30.491373
30.491373
30.491373
30.491373
30.491373
30.491373
30.491373
30.491373
30.491373
30.491373
30.491373
30.491373
30.491373
30.491373
30.491373
30.491373
30.491373
30.491373
30.491373
30.491373
30.491373
30.491373
30.491373
30.491373
30.491373
30.491373
30.491373
30.491373
30.491373
30.491373
30.491373
30.491373
30.491373
30.491373
30.491373
30.491373
30.491373
30.491373
30.491373
30.491373
30.491373
30.491373
30.491373
30.491373
30.491373
30.491373
30.491373
30.491373
30.491373
30.491373
30.491373
30.491373
30.491373
30.491373
30.491373
30.491373
30.491373
30.491373
30.491373
30.491373
30.491373
30.491373
30.491373
30.491373
30.491373
30.491373
30.491373
30.491373
30.491373
30.491373
30.491373
30.491373
30.491373
30.491373
30.491373
30.491373
30.491373
30.491373
30.491373
30.491373
30.491373
30.491373
30.491373
30.491373
30.491373
30.491373
30.491373
30.491373
30.491373
30.491373
30.491373
30.491373
30.491373
30.491373
30.491373
30.491373
30.491373
30.491373
30.491373
30.491373
30.491373
30.491373
30.491373
30.491373
30.491373
30.491373
30.491373
30.491373
30.491373
30.491373
30.491373
30.491373
30.491373
30.491373
30.491373
30.491373
30.491373
30.491373
30.491373
30.491373
30.491373
30.491373
30.491373
30.491373
30.491373
30.491373
30.491373
30.491373
30.491373
30.491373
30.491373
30.491373
30.491373
30.491373
30.491373
30.491373
30.491373
30.491373
30.491373
30.491373
30.491373
30.491373
30.491373
30.491373
30.491373
30.491373
30.491373
30.491373
30.491373
30.491373
30.491373
30.491373
30.491373
30.491373
30.491373
30.491373
30.491373
30.491373
30.491373
30.491373
30.491373
30.491373
30.491373
30.491373
30.491373
30.491373
30.491373
30.491373
30.491373
30.491373
30.491373
30.491373
30.491373
30.491373
30.491373
30.491373
30.491373
30.491373
30.491373
30.491373
30.491373
30.491373
30.491373
30.491373
30.491373
30.491373
30.491373
30.491373
30.491373
30.491373
30.491373
30.491373
30.491373
30.491373
30.491373
30.491373
30.491373
30.491373
30.491373
30.491373
30.491373
30.491373
30.491373
30.491373
30.491373
30.491373
30.491373
30.491373
30.491373
30.491373
30.491373
30.491373
30.491373
30.491373
30.491373
30.491373
30.491373
30.491373
30.491373
30.491373
30.491373
30.491373
30.491373
30.491373
30.491373
30.491373
30.491373
30.491373
30.491373
30.491373
30.491373
30.491373
30.491373
30.491373
30.491373
30.491373
30.491373
30.491373
30.491373
30.491373
30.491373
30.491373
30.491373
30.491373
30.491373
30.491373
30.491373
30.491373
30.491373
30.491373
30.491373
30.491373
30.491373
30.491373
30.491373
30.491373
30.491373
30.491373
30.491373
30.491373
30.491373
30.491373
30.491373
30.491373
30.491373
30.491373
30.491373
30.491373
30.491373
30.491373
30.491373
30.491373
30.491373
30.491373
30.491373
30.491373
30.491373
30.491373
30.491373
30.491373
30.491373
30.491373
30.491373
30.491373
30.491373
30.491373
30.491373
30.491373
30.491373
30.491373
30.491373
30.491373
30.491373
30.491373
30.491373
30.491373
30.491373
30.491373
30.491373
30.491373
30.491373
30.491373
30.491373
30.491373
30.491373
30.491373
30.491373
30.491373
30.491373
30.491373
30.491373
30.491373
30.491373
30.491373
30.491373
30.491373
30.491373
30.491373
30.491373
30.491373
30.491373
30.491373
30.491373
30.491373
30.491373
30.491373
30.491373
30.491373
30.491373
30.491373
30.491373
30.491373
30.491373
30.491373
30.491373
30.491373
30.491373
30.491373
30.491373
30.491373
30.491373
30.491373
30.491373
30.491373
30.491373
30.491373
30.491373
30.491373
30.491373
30.491373
30.491373
30.491373
30.491373
30.491373
30.491373
30.491373
30.491373
30.491373
30.491373
30.491373
30.491373
30.491373
30.491373
30.491373
30.491373
30.491373
30.491373
30.491373
30.491373
30.491373
30.491373
30.491373
30.491373
30.491373
30.491373
30.491373
30.491373
30.491373
30.491373
30.491373
30.491373
30.491373
30.491373
30.491373
30.491373
30.491373
30.491373
30.491373
30.491373
30.491373
30.491373
30.491373
30.491373
30.491373
30.491373
30.491373
30.491373
30.491373
30.491373
30.491373
30.491373
30.491373
30.491373
30.491373
30.491373
30.491373
30.491373
30.491373
30.491373
30.623633
30.623633
30.623633
30.623633
30.623633
30.623633
30.623633
30.623633
30.623633
30.623633
30.623633
30.623633
30.623633
30.623633
30.623633
30.623633
30.623633
30.623633
30.623633
30.623633
30.623633
30.623633
30.623633
30.623633
30.623633
30.623633
30.623633
30.623633
30.623633
30.623633
30.623633
30.623633
30.623633
30.623633
30.623633
30.623633
30.623633
30.623633
30.623633
30.623633
30.623633
30.623633
30.623633
30.623633
30.623633
30.623633
30.623633
30.623633
30.623633
30.623633
30.623633
30.623633
30.623633
30.623633
30.623633
30.623633
30.623633
30.623633
30.623633
30.623633
30.623633
30.623633
30.623633
30.623633
30.623633
30.623633
30.623633
30.623633
30.623633
30.623633
30.623633
30.623633
30.623633
30.623633
30.623633
30.623633
30.623633
30.623633
30.623633
30.623633
30.623633
30.623633
30.623633
30.623633
30.623633
30.623633
30.623633
30.623633
30.623633
30.623633
30.623633
30.623633
30.623633
30.623633
30.623633
30.623633
30.623633
30.623633
30.623633
30.623633
30.623633
30.623633
30.623633
30.623633
30.623633
30.623633
30.623633
30.623633
30.623633
30.623633
30.623633
30.623633
30.623633
30.623633
30.615047
30.615047
30.615047
30.615047
30.615047
30.615047
30.615047
30.615047
30.615047
30.615047
30.615047
30.615047
30.615047
30.615047
30.615047
30.615047
30.615047
30.615047
30.615047
30.615047
30.615047
30.615047
30.615047
30.615047
30.615047
30.615047
30.615047
30.615047
30.615047
30.615047
30.615047
30.615047
30.615047
30.615047
30.615047
30.615047
30.615047
30.615047
30.615047
30.615047
30.615047
30.615047
30.615047
30.615047
30.615047
30.615047
30.615047
30.615047
30.615047
30.615047
30.615047
30.615047
30.615047
30.615047
30.615047
30.615047
30.615047
30.615047
30.615047
30.615047
30.615047
30.615047
30.615047
30.615047
30.615047
30.615047
30.615047
30.615047
30.615047
30.615047
30.615047
30.615047
30.615047
30.615047
30.615047
30.615047
30.615047
30.615047
30.615047
30.615047
30.615047
30.615047
30.615047
30.615047
30.615047
30.615047
30.615047
30.615047
30.615047
30.615047
30.615047
30.615047
30.615047
30.615047
30.615047
30.615047
30.615047
30.615047
30.615047
30.615047
30.615047
30.615047
30.615047
30.615047
30.615047
30.615047
30.615047
30.615047
30.615047
30.615047
30.615047
30.615047
30.615047
30.615047
30.615047
30.615047
30.615047
30.615047
30.615047
30.615047
30.615047
30.615047
30.615047
30.615047
30.615047
30.615047
30.615047
30.615047
30.615047
30.615047
30.615047
30.615047
30.615047
30.615047
30.615047
30.615047
30.615047
30.615047
30.615047
30.615047
30.615047
30.615047
30.615047
30.615047
30.615047
30.615047
30.615047
30.615047
30.615047
30.615047
30.615047
30.615047
30.615047
30.615047
30.615047
30.615047
30.615047
30.615047
30.615047
30.615047
30.615047
30.615047
30.615047
30.615047
30.615047
30.615047
30.615047
30.615047
30.615047
30.615047
30.615047
30.615047
30.615047
30.615047
30.615047
30.615047
30.615047
30.615047
30.615047
30.615047
30.615047
30.615047
30.615047
30.615047
30.615047
30.615047
30.615047
30.615047
30.615047
30.615047
30.615047
30.615047
30.615047
30.615047
30.615047
30.615047
30.615047
30.615047
30.615047
30.615047
30.615047
30.615047
30.615047
30.615047
30.615047
30.615047
30.615047
30.615047
30.615047
30.615047
30.615047
30.615047
30.615047
30.615047
30.615047
30.615047
30.615047
30.615047
30.615047
30.615047
30.615047
30.615047
30.615047
30.615047
30.615047
30.615047
30.615047
30.615047
30.615047
30.615047
30.615047
30.615047
30.615047
30.615047
30.615047
30.615047
30.615047
30.615047
30.615047
30.615047
30.615047
30.615047
30.615047
30.615047
30.615047
30.615047
30.615047
30.615047
30.615047
30.615047
30.615047
30.615047
30.615047
30.615047
30.615047
30.615047
30.615047
30.615047
30.615047
30.615047
30.615047
30.615047
30.615047
30.615047
30.615047
30.615047
30.615047
30.615047
30.615047
30.615047
30.615047
30.615047
30.615047
30.615047
30.615047
30.615047
30.615047
30.615047
30.615047
30.615047
30.615047
30.615047
30.615047
30.615047
30.615047
30.615047
30.615047
30.615047
30.615047
30.615047
30.615047
30.615047
30.615047
30.615047
30.615047
30.615047
30.615047
30.615047
30.615047
30.615047
30.615047
30.615047
30.615047
30.615047
30.615047
30.615047
30.615047
30.615047
30.615047
30.615047
30.615047
30.615047
30.615047
30.615047
30.615047
30.615047
30.615047
30.615047
30.615047
30.615047
30.615047
30.615047
30.615047
30.615047
30.615047
30.615047
30.615047
30.615047
30.615047
30.615047
30.615047
30.615047
30.615047
30.615047
30.615047
30.615047
30.615047
30.615047
30.615047
30.615047
30.615047
30.615047
30.615047
30.615047
30.615047
30.615047
30.615047
30.615047
30.615047
30.615047
30.615047
30.615047
30.615047
30.615047
30.615047
30.615047
30.615047
30.615047
30.615047
30.615047
30.615047
30.615047
30.615047
30.615047
30.615047
30.615047
30.615047
30.615047
30.615047
30.615047
30.615047
30.615047
30.615047
30.615047
30.615047
30.615047
30.615047
30.615047
30.615047
30.615047
30.615047
30.615047
30.615047
30.615047
30.615047
30.615047
30.615047
30.615047
30.615047
30.615047
30.615047
30.615047
30.615047
30.615047
30.615047
30.615047
30.615047
30.615047
30.615047
30.615047
30.615047
30.615047
30.615047
30.615047
30.615047
30.615047
30.615047
30.615047
30.615047
30.615047
30.615047
30.615047
30.615047
30.615047
30.615047
30.615047
30.615047
30.615047
30.615047
30.615047
30.615047
30.615047
30.615047
30.615047
30.615047
30.615047
30.615047
30.615047
30.615047
30.615047
30.615047
30.615047
30.615047
30.615047
30.615047
30.615047
30.615047
30.615047
30.615047
30.615047
30.615047
30.615047
30.615047
30.615047
30.615047
30.615047
30.615047
30.615047
30.615047
30.615047
30.615047
30.615047
30.615047
30.615047
30.615047
30.615047
30.615047
30.615047
30.615047
30.615047
30.615047
30.615047
30.615047
30.615047
30.615047
30.615047
30.615047
30.615047
30.615047
30.615047
30.615047
30.615047
30.615047
30.615047
30.615047
30.615047
30.615047
30.615047
30.615047
30.615047
30.615047
30.615047
30.615047
30.615047
30.615047
30.615047
30.615047
30.615047
30.615047
30.615047
30.615047
30.615047
30.615047
30.615047
30.615047
30.615047
30.615047
30.615047
30.615047
30.615047
30.615047
30.615047
30.615047
30.615047
30.615047
30.615047
30.615047
30.615047
30.615047
30.615047
30.615047
30.615047
30.615047
30.615047
30.615047
30.615047
30.615047
30.615047
30.615047
30.615047
30.615047
30.615047
30.615047
30.615047
30.615047
30.615047
30.615047
30.615047
30.615047
30.615047
30.615047
30.615047
30.615047
30.615047
30.615047
30.615047
30.615047
30.615047
30.615047
30.615047
30.615047
30.615047
30.615047
30.615047
30.615047
30.615047
30.615047
30.615047
30.615047
30.615047
30.615047
30.615047
30.615047
30.615047
30.615047
30.615047
30.615047
30.615047
30.615047
30.615047
30.615047
30.615047
30.615047
30.615047
30.614884
30.614884
30.614884
30.614884
30.614884
30.614884
30.614884
30.614884
30.614884
30.614884
30.614884
30.614884
30.614884
30.614884
30.614884
30.614884
30.614884
30.614884
30.614884
30.614884
30.614884
30.614884
30.614884
30.614884
30.614884
30.614884
30.614884
30.614884
30.614884
30.614884
30.614884
30.614884
30.614884
30.614884
30.614884
30.614884
30.614884
30.614884
30.614884
30.614884
30.614884
30.614884
30.614884
30.614884
30.614884
30.614884
30.614884
30.614884
30.614884
30.614884
30.614884
30.614884
30.614884
30.614884
30.614884
30.614884
30.614884
30.614884
30.614884
30.614884
30.614884
30.614884
30.614884
30.614884
30.614884
30.614884
30.614884
30.614884
30.614884
30.614884
30.614884
30.614884
30.614884
30.614884
30.614884
30.614884
30.614884
30.614884
30.614884
30.614884
30.614884
30.614884
30.614884
30.614884
30.614884
30.614884
30.614884
30.614884
30.614884
30.614884
30.614884
30.614884
30.614884
30.614884
30.614884
30.614884
30.614884
30.614884
30.614884
30.614884
30.614884
30.614884
30.614884
30.614884
30.614884
30.614884
30.614884
30.614884
30.614884
30.614884
30.614884
30.614884
30.614884
30.614884
30.614884
30.614884
30.614884
30.614884
30.614884
30.614884
30.614884
30.614884
30.614884
30.614884
30.614884
30.614884
30.614884
30.614884
30.614884
30.614884
30.614884
30.614884
30.614884
30.614884
30.614884
30.614884
30.614884
30.614884
30.614884
30.614884
30.614884
30.614884
30.614884
30.614884
30.614884
30.614884
30.614884
30.614884
30.614884
30.614884
30.614884
30.614884
30.614884
30.614884
30.614884
30.614884
30.614884
30.614884
30.614884
30.614884
30.614884
30.614884
30.614884
30.614884
30.614884
30.614884
30.614884
30.614884
30.614884
30.614884
30.614884
30.614884
30.614884
30.614884
30.614884
30.614884
30.614884
30.614884
30.614884
30.614884
30.614884
30.614884
30.614884
30.614884
30.614884
30.614884
30.614884
30.614884
30.614884
30.614884
30.614884
30.614884
30.614884
30.614884
30.614884
30.614884
30.614884
30.614884
30.614884
30.614884
30.614884
30.614884
30.614884
30.614884
30.614884
30.614884
30.614884
30.614884
30.614884
30.614884
30.614884
30.614884
30.614884
30.614884
30.614884
30.614884
30.614884
30.614884
30.614884
30.614884
30.614884
30.614884
30.615040
30.615037
30.615037
30.615037
30.615037
30.615037
30.615037
30.615037
30.615037
30.615037
30.615037
30.615038
30.615100
30.615100
30.615100
30.615100
30.615100
30.615138
30.615138
30.615138
30.615138
30.615138
30.615138
30.615138
30.615182
30.615182
30.615182
30.615182
30.615184
30.615183
30.615183
30.615183
30.615183
30.615175
30.615175
30.615170
30.615107
30.615107
30.615107
30.615107
30.615103
30.615103
30.615102
30.615096
30.615096
30.615095
30.615095
30.615095
30.615095
30.615096
30.615096
30.615105
30.615105
30.615105
30.615105
30.615096
30.615096
30.615138
30.615138
30.615138
30.615138
30.615138
30.615145
30.615226
30.615227
30.615218
30.615218
30.615216
30.615216
30.615216
30.615219
30.615219
30.615219
30.615229
30.615229
30.615230
30.615230
30.615230
30.615230
30.615230
30.615230
30.615247
30.615247
30.615247
30.615243
30.615258
30.615258
30.615251
30.615251
30.615251
30.615251
30.615258
30.615232
30.615232
30.615245
30.615234
30.615234
30.615234
30.615234
30.615234
30.615227
30.615227
30.615230
30.615220
30.615220
30.615220
30.615220
30.615220
30.615220
30.615220
30.615220
30.615220
30.615220
30.615220
30.615220
30.615220
30.615220
30.615220
30.615220
30.615220
30.615227
30.615219
30.615219
30.615216
30.615216
30.615216
30.615216
30.615216
30.615219
30.615219
30.615219
30.615219
30.615219
30.615194
30.615194
30.615194
30.615194
30.615194
30.615195
30.615189
30.615189
30.615189
30.615189
30.615175
30.615175
30.615175
30.615168
30.615170
30.615170
30.615170
30.615177
30.615182
30.615174
30.615174
30.615174
30.615188
30.615188
30.615188
30.615188
30.615186
30.615186
30.615195
30.615195
30.615195
30.615195
30.615195
30.615190
30.615190
30.615190
30.615192
30.615194
30.615204
30.615204
30.615204
30.615204
30.615204
30.615203
30.615204
30.615203
30.615203
30.615203
30.615203
30.615202
30.615204
30.615202
30.615202
30.615202
30.615202
30.615203
30.615199
30.615184
30.615184
30.615184
30.615183
30.615183
30.615183
30.615183
30.615183
30.615183
30.615178
30.615182
30.615182
30.615177
30.615177
30.615177
30.615177
30.615177
30.615177
30.615177
30.615177
30.615177
30.615177
30.615177
30.615173
30.615173
30.615173
30.615173
30.615173
30.615173
30.615173
30.615171
30.615169
30.615169
30.615169
30.615169
30.615169
30.615169
30.615169
30.615169
30.615169
30.615168
30.615168
30.615168
30.615168
30.615168
30.615168
30.615163
30.615163
30.615163
30.615163
30.615163
30.615163
30.615163
30.615163
30.615167
30.615167
30.615167
30.615168
30.615168
30.615167
30.615167
30.615167
30.615167
30.615167
30.615166
30.615166
30.615159
30.615159
30.615159
30.615152
30.615152
30.615153
30.615155
30.615155
30.615155
30.615148
30.615148
30.615148
30.615148
30.615148
30.615148
30.615148
30.615148
30.615148
30.615148
30.615148
30.615148
30.615148
30.615132
30.615125
30.615125
30.615125
30.615123
30.615113
30.615113
30.615113
30.615113
30.615113
30.615113
30.615113
30.615113
30.615113
30.615114
30.615114
30.615114
30.615114
30.615115
30.615116
30.615111
30.615111
30.615111
30.615111
30.615111
30.615111
30.615111
30.615111
30.615111
30.615111
30.615111
30.615111
30.615111
30.615110
30.615107
30.615107
30.615107
30.615107
30.615107
30.615106
30.615106
30.615108
30.615108
30.615108
30.615108
30.615106
30.615106
30.615106
30.615106
30.615106
30.615106
30.615106
30.615106
30.615106
30.615106
30.615106
30.615106
30.615106
30.615103
30.615103
30.615103
30.615099
30.615099
30.615099
30.615099
30.615099
30.615099
30.615099
30.615099
30.615099
30.615101
30.615101
30.615101
30.615101
30.615101
30.615101
30.615101
30.615101
30.615101
30.615101
30.615101
30.615101
30.615101
30.615098
30.615098
30.615098
30.615098
30.615098
30.615098
30.615098
30.615098
30.615095
30.615095
30.615095
30.615095
30.615097
30.615096
30.615096
30.615096
30.615094
30.615094
30.615094
30.615094
30.615092
30.615092
30.615096
30.615096
30.615096
30.615096
30.615096
30.615099
30.615099
30.615099
30.615099
30.615099
30.615099
30.615099
30.615099
30.615099
30.615099
30.615099
30.615100
30.615100
30.615100
30.615100
30.615100
30.615100
30.615100
30.615100
30.615100
30.615098
30.615098
30.615098
30.615103
30.615103
30.615103
30.615103
30.615103
30.615103
30.615103
30.615102
30.615102
30.615102
30.615102
30.615101
30.615100
30.615100
30.615100
30.615100
30.615100
30.615100
30.615100
30.615100
30.615100
30.615100
30.615100
30.615100
30.615100
30.615100
30.615100
30.615100
30.615100
30.615101
30.615100
30.615100
30.615100
30.615098
30.615097
30.615097
30.615097
30.615097
30.615097
30.615097
30.615093
30.615093
30.615093
30.615093
30.615093
30.615093
30.615093
30.615090
30.615090
30.615090
30.615090
30.615088
30.615088
30.615088
30.615088
30.615088
30.615088
30.615088
30.615088
30.615088
30.615087
30.615087
30.615087
30.615087
30.615086
30.615086
30.615084
30.615081
30.615081
30.615081
30.615081
30.615081
30.615080
30.615080
30.615080
30.615076
30.615076
30.615076
30.615077
30.615077
30.615077
30.615077
30.615077
30.615077
30.615077
30.615077
30.615077
30.615077
30.615077
30.615077
30.615077
30.615077
30.615077
30.615077
30.615077
30.615077
30.615077
30.615076
30.615076
30.615076
30.615076
30.615076
30.615076
30.615076
30.615076
30.615076
30.615076
30.615076
30.615076
30.615076
30.615076
30.615076
30.615076
30.615076
30.615076
30.615076
30.615076
30.615076
30.615076
30.615076
30.615076
30.615076
30.615076
30.615076
30.615076
30.615076
30.615076
30.615076
30.615075
30.615075
30.615075
30.615075
30.615075
30.615075
30.615075
30.615075
30.615075
30.615075
30.615075
30.615075
30.615075
30.615075
30.615075
30.615075
30.615075
30.615075
30.615075
30.615075
30.615075
30.615075
30.615075
30.615075
30.615075
30.615075
30.615075
30.615075
30.615075
30.615075
30.615075
30.615075
30.615075
30.615075
30.615075
30.615075
30.615075
30.615075
30.615075
30.615075
30.615075
30.615075
30.615075
30.615075
30.615075
30.615075
30.615075
30.615075
30.615075
30.615075
30.615075
30.615075
30.615075
30.615075
30.615075
30.615075
30.615075
30.615075
30.615075
30.615075
30.615075
30.615075
30.615075
30.615075
30.615075
30.615075
30.615075
30.615075
30.615075
30.615075
30.615075
30.615075
30.615075
30.615075
30.615075
30.615075
30.615075
30.615075
30.615075
30.615075
30.615075
30.615075
30.615075
30.615075
30.615075
30.615075
30.615075
30.615075
30.615075
30.615075
30.615075
30.615075
30.615075
30.615075
30.615075
30.615075
30.615075
30.615075
30.615075
30.615075
30.615075
30.615075
30.615075
30.615075
30.615075
30.615075
30.615075
30.615075
30.615075
30.615075
30.615075
30.615075
30.615075
30.615075
30.615075
30.615075
30.615075
30.615075
30.615075
30.615075
30.615075
30.615075
30.615075
30.615075
30.615075
30.615075
30.615075
30.615075
30.615075
30.615075
30.615075
30.615075
30.615075
30.615075
30.615075
30.615075
30.615075
30.615075
30.615075
30.615075
30.615075
30.615075
30.615075
30.615075
30.615075
30.615021
30.615021
30.615021
30.615021
30.615021
30.615021
30.615021
30.615021
30.615021
30.615021
30.615021
30.615021
30.615021
30.615021
30.615021
30.615021
30.615021
30.615021
30.615021
30.615021
30.615021
30.615021
30.615021
30.615021
30.615021
30.615021
30.615021
30.615021
30.615021
30.615021
30.615021
30.615021
30.615021
30.615021
30.615021
30.615021
30.615021
30.615021
30.615021
30.615021
30.615021
30.615021
30.615021
30.615021
30.615021
30.615021
30.615021
30.615021
30.615021
30.615021
30.615021
30.615021
30.615021
30.615021
30.615021
30.615021
30.615021
30.615021
30.615021
30.615021
30.615022
30.615022
30.615022
30.615022
30.615022
30.615022
30.615022
30.615022
30.615022
30.615022
30.615022
30.615022
30.615022
30.615022
30.615022
30.615022
30.615022
30.615022
30.615022
30.615022
30.615022
30.615022
30.615022
30.615022
30.615022
30.615022
30.615022
30.615022
30.615022
30.615022
30.615022
30.615022
30.615022
30.615022
30.615022
30.615022
30.615022
30.615022
30.615022
30.615022
30.615022
30.615022
30.615023
30.615023
30.615023
30.615023
30.615023
30.615023
30.615023
30.615023
30.615023
30.615023
30.615023
30.615023
30.615023
30.615023
30.615023
30.615023
30.615023
30.615023
30.615023
30.615023
30.592028
30.592028
30.592028
30.592028
30.592028
30.592028
30.592028
30.592028
30.592028
30.592028
30.592028
30.592028
30.592028
30.592028
30.592028
30.592028
30.592028
30.592028
30.592028
30.592028
30.592028
30.592028
30.592028
30.592028
30.592029
30.592029
30.592029
30.592029
30.592029
30.592029
30.592029
30.592029
30.592029
30.592029
30.592029
30.592029
30.592029
30.592029
30.592029
30.592029
30.592029
30.592029
30.592029
30.592029
30.592029
30.592029
30.592029
30.592029
30.592029
30.592029
30.592029
30.592029
30.592029
30.592029
30.592029
30.592029
30.592029
30.592029
30.592029
30.592029
30.592029
30.592029
30.592029
30.592029
30.592029
30.592029
30.592029
30.592029
30.592029
30.592029
30.592029
30.592029
30.592029
30.592029
30.592029
30.592029
30.592029
30.592029
30.592029
30.592029
30.592029
30.592029
30.592029
30.592029
30.592029
30.592029
30.592029
30.592029
30.592029
30.592029
30.592029
30.592029
30.592029
30.592029
30.592029
30.592029
30.592029
30.592029
30.592029
30.592029
30.592029
30.592029
30.592029
30.592029
30.592029
30.592029
30.592029
30.592029
30.592029
30.592029
30.592029
30.592029
30.592029
30.592029
30.592029
30.592029
30.592029
30.592029
30.592029
30.592029
30.592029
30.592029
30.592029
30.592029
30.592029
30.592029
30.592029
30.592029
30.592029
30.592029
30.592029
30.592029
30.592029
30.592029
30.592029
30.592029
30.592029
30.592029
30.592029
30.592029
30.592029
30.592029
30.592029
30.592029
30.592029
30.592029
30.592029
30.592029
30.592029
30.592029
30.592029
30.592029
30.592029
30.592029
30.592029
30.592029
30.592021
30.592021
30.592021
30.592021
30.592021
30.592021
30.592021
30.592021
30.592021
30.592021
30.592021
30.592021
30.592021
30.592021
30.592021
30.592021
30.592021
30.592021
30.592021
30.592021
30.592021
30.592021
30.592021
30.592021
30.592021
30.592021
30.592021
30.592021
30.592021
30.592021
30.592021
30.592021
30.592021
30.592021
30.592021
30.592021
30.592021
30.592021
30.592021
30.592021
30.592021
30.592021
30.592021
30.592021
30.592021
30.592021
30.592021
30.592021
30.592021
30.592021
30.592021
30.592021
30.592021
30.592021
30.592021
30.592021
30.592021
30.592021
30.592021
30.592021
30.592021
30.592021
30.592021
30.592021
30.592021
30.592021
30.592021
30.592021
30.592021
30.592021
30.592021
30.592021
30.592021
30.592021
30.592021
30.592021
30.592021
30.592021
30.592021
30.592021
30.592021
30.592021
30.592021
30.592021
30.592021
30.592021
30.592021
30.592021
30.592021
30.592021
30.592021
30.592021
30.592021
30.592021
30.592021
30.592021
30.592021
30.592021
30.592021
30.592021
30.592021
30.592021
30.592021
30.592021
30.592021
30.592021
30.592021
30.592021
30.592021
30.592021
30.592021
30.592021
30.592021
30.592021
30.592021
30.592021
30.592021
30.592021
30.592021
30.592021
30.592021
30.592021
30.592021
30.592021
30.592021
30.592021
30.592021
30.592021
30.592021
30.592021
30.592021
30.592021
30.592021
30.592021
30.592021
30.592021
30.592021
30.592021
30.592021
30.592021
30.592021
30.592021
30.592021
30.592021
30.592021
30.592021
30.592021
30.592021
30.592021
30.592021
30.592021
30.592021
30.592021
30.592021
30.592021
30.592021
30.592021
30.592021
30.592021
30.592021
30.592021
30.592021
30.592021
30.592021
30.592021
30.592021
30.592021
30.592021
30.592021
30.592021
30.592021
30.592021
30.592021
30.592021
30.592021
30.592021
30.592021
30.592021
30.592021
30.592021
30.592021
30.592021
30.592021
30.592021
30.592021
30.592021
30.592021
30.592021
30.592021
30.592021
30.592021
30.592021
30.592021
30.592021
30.592021
30.592021
30.592021
30.592021
30.592021
30.592021
30.592021
30.592021
30.592021
30.592021
30.592021
30.592021
30.592021
30.592021
30.592021
30.592021
30.592021
30.592021
30.592021
30.592021
30.592021
30.592021
30.592021
30.592021
30.592021
30.592021
30.592021
30.592021
30.592021
30.592021
30.592021
30.592021
30.592021
30.592021
30.592021
30.592021
30.592021
30.592021
30.592021
30.592021
30.592021
30.592021
30.592021
30.592021
30.592021
30.592021
30.592021
30.592021
30.592021
30.592021
30.592021
30.592021
30.592021
30.592021
30.592021
30.592021
30.592021
30.592021
30.592021
30.592021
30.592021
30.592021
30.592021
30.592021
30.592021
30.592021
30.592021
30.592021
30.592021
30.592021
30.592021
30.592021
30.592021
30.592021
30.592021
30.592021
30.592021
30.592021
30.592021
30.592021
30.592021
30.592021
30.592021
30.592021
30.592021
30.592021
30.592021
30.592021
30.592021
30.592021
30.592021
30.592021
30.592021
30.592021
30.592021
30.592021
30.592021
30.592021
30.592021
30.592021
30.592021
30.592021
30.592021
30.592021
30.592021
30.592021
30.592021
30.592021
30.592021
30.592021
30.592021
30.592021
30.592021
30.592021
30.592021
30.592021
30.592021
30.592021
30.592021
30.592021
30.592021
30.592021
30.592021
30.592021
30.592021
30.592021
30.592021
30.592021
30.592021
30.592021
30.592021
30.592021
30.592021
30.592021
30.592021
30.592021
30.592021
30.592021
30.592021
30.592021
30.592021
30.592021
30.592021
30.592021
30.592021
30.592021
30.592021
30.592021
30.592021
30.592021
30.592021
30.592021
30.592021
30.592021
30.592021
30.592021
30.592021
30.592021
30.592021
30.592021
30.592021
30.592065
30.592065
30.592065
30.592065
30.592065
30.592065
30.592065
30.592065
30.592065
30.592065
30.592065
30.592065
30.592065
30.592065
30.592065
30.592065
30.592065
30.592065
30.592065
30.592065
30.592065
30.592065
30.592065
30.592065
30.592065
30.592065
30.592065
30.592065
30.592065
30.592065
30.592065
30.592065
30.592065
30.592065
30.592065
30.592065
30.592065
30.592065
30.592065
30.592065
30.592065
30.592065
30.592065
30.592065
30.592065
30.592065
30.592065
30.592065
30.592065
30.592065
30.592065
30.592065
30.592065
30.592065
30.592065
30.592065
30.592065
30.592065
30.592065
30.592065
30.592065
30.592065
30.592065
30.592065
30.592065
30.592065
30.592065
30.592065
30.592065
30.592065
30.592065
30.592065
30.592065
30.592065
30.592065
30.592065
30.592065
30.592065
30.592065
30.592065
30.592065
30.592065
30.592065
30.592065
30.592065
30.592065
30.592065
30.592065
30.592065
30.592065
30.592065
30.592065
30.592065
30.592065
30.592065
30.592065
30.592065
30.592065
30.592065
30.592065
30.592065
30.592065
30.592065
30.592065
30.592065
30.592065
30.592065
30.592065
30.592065
30.592065
30.592065
30.592065
30.592065
30.592065
30.592065
30.592065
30.592065
30.592065
30.592065
30.592065
30.592065
30.592065
30.592065
30.592065
30.592065
30.592065
30.592065
30.592065
30.592065
30.592065
30.592065
30.592065
30.592065
30.592065
30.592065
30.592065
30.592065
30.592065
30.592065
30.592065
30.592065
30.592065
30.592065
30.592065
30.592065
30.592065
30.592065
30.592065
30.592065
30.592065
30.592065
30.592065
30.592065
30.592065
30.592065
30.592065
30.592065
30.592065
30.592065
30.592065
30.592065
30.592065
30.592065
30.592065
30.592065
30.592065
30.592065
30.592065
30.592065
30.592065
30.592065
30.592065
30.592065
30.592065
30.592065
30.592065
30.592065
30.592065
30.592065
30.592065
30.592065
30.592065
30.592065
30.592065
30.592065
30.592065
30.592065
30.592065
30.592065
30.592065
30.592065
30.592065
30.592065
30.592065
30.592065
30.592065
30.592065
30.592065
30.592065
30.592065
30.592065
30.592065
30.592065
30.592065
30.592065
30.592065
30.592065
30.592065
30.592065
30.592065
30.592065
30.592065
30.592065
30.592065
30.592065
30.592065
30.592065
30.592065
30.592065
30.592065
30.592065
30.592065
30.592065
30.592065
30.592065
30.592065
30.592065
30.592065
30.592065
30.592065
30.592065
30.592065
30.592065
30.592065
30.592065
30.592065
30.592065
30.592065
30.592065
30.592065
30.592065
30.592065
30.592065
30.592065
30.592065
30.592065
30.592065
30.592065
30.592065
30.592065
30.592065
30.592065
30.592065
30.592065
30.592065
30.592065
30.592065
30.592065
30.592065
30.592065
30.592065
30.592065
30.592065
30.592065
30.592065
30.592065
30.592065
30.592065
30.592065
30.592065
30.592065
30.592065
30.592065
30.592065
30.592065
30.592065
30.592065
30.592065
30.592065
30.592065
30.592065
30.592065
30.592065
30.592065
30.592065
30.592065
30.592065
30.592065
30.592065
30.592065
30.592065
30.592065
30.592065
30.592065
30.592065
30.592065
30.592065
30.592065
30.592065
30.592065
30.592065
30.592065
30.592065
30.592065
30.592065
30.592065
30.592065
30.592065
30.592065
30.592065
30.592065
30.592065
30.592065
30.592065
30.592065
30.592065
30.592065
30.592065
30.592065
30.592065
30.592065
30.592065
30.592065
30.592065
30.592065
30.592065
30.592065
30.592065
30.592065
30.592065
30.592065
30.592065
30.592065
30.592065
30.592065
30.592065
30.592065
30.592065
30.592065
30.592065
30.592065
30.592065
30.592065
30.592065
30.592065
30.592065
30.592065
30.592065
30.592065
30.592065
30.592065
30.592065
30.592065
30.592065
30.592065
30.592065
30.592065
30.592065
30.592065
30.592065
30.592065
30.592065
30.592065
30.592065
30.592065
30.592065
30.592065
30.592065
30.592065
30.592065
30.592065
30.592065
30.592065
30.592065
30.592065
30.592065
30.592065
30.592065
30.592065
30.592065
30.592065
30.592065
30.592065
30.592065
30.592065
30.592065
30.592065
30.592065
30.592065
30.592065
30.592065
30.592065
30.592065
30.592065
30.592065
30.592065
30.592065
30.592065
30.592065
30.592065
30.592065
30.592065
30.592065
30.592065
30.592065
30.592065
30.592065
30.592065
30.592065
30.592065
30.592065
30.592065
30.592065
30.592065
30.592065
30.592065
30.592065
30.592065
30.592065
30.592065
30.592065
30.592065
30.592065
30.592065
30.592065
30.592065
30.592065
30.592065
30.592065
30.592065
30.592065
30.592065
30.592065
30.592065
30.592065
30.592065
30.592065
30.592065
30.592065
30.592065
30.592065
30.592065
30.592065
30.592065
30.592065
30.592065
30.592065
30.592065
30.592065
30.592065
30.592065
30.592065
30.592065
30.592065
30.592065
30.592065
30.592065
30.592065
30.592065
30.592065
30.592065
30.592065
30.592065
30.592065
30.592065
30.592065
30.592065
30.592065
30.592065
30.592065
30.592065
30.592065
30.592065
30.592065
30.592065
30.592065
30.592065
30.592065
30.592065
30.592065
30.592065
30.592065
30.592065
30.592065
30.592065
30.592065
30.592065
30.592065
30.592065
30.592065
30.592065
30.592065
30.592065
30.592065
30.592065
30.592065
30.592065
30.592065
30.592065
30.592065
30.592065
30.592065
30.592065
30.592065
30.592065
30.592065
30.592065
30.592065
30.592065
30.592065
30.592065
30.592065
30.592065
30.592065
30.592065
30.592065
30.592065
30.592065
30.592065
30.592065
30.592065
30.592065
30.592065
30.592065
30.592065
30.592065
30.592065
30.592065
30.592065
30.592065
30.592065
30.592065
30.592065
30.592065
30.592065
30.592065
30.592065
30.592065
30.592065
30.592065
30.592065
30.592065
30.592065
30.592065
30.592065
30.592065
30.592065
30.592065
30.592065
30.592065
30.592065
30.592065
30.592065
30.592065
30.592065
30.592065
30.592065
30.592065
30.592065
30.592065
30.592065
30.592065
30.592065
30.592065
30.592065
30.592065
30.592065
30.592065
30.592065
30.592065
30.592065
30.592065
30.592065
30.592065
30.592065
30.592065
30.592065
30.592065
30.592065
30.592065
30.592065
30.592065
30.592065
30.592065
30.592065
30.592065
30.592065
30.592065
30.592065
30.592065
30.592065
30.592065
30.592065
30.592065
30.592065
30.592065
30.592065
30.592065
30.592065
30.592065
30.592065
30.592065
30.592065
30.592065
30.592065
30.592065
30.592065
30.592065
30.592065
30.592065
30.592065
30.592065
30.592065
30.592065
30.592065
30.592065
30.592065
30.592065
30.592065
30.592065
30.592065
30.592065
30.592065
30.592065
30.592065
30.592065
30.592065
30.592065
30.592065
30.592065
30.592065
30.592065
30.592065
30.592065
30.592065
30.592065
30.592065
30.592065
30.592065
30.592065
30.592065
30.592065
30.592065
30.592065
30.592065
30.592065
30.592065
30.592065
30.592065
30.592065
30.592065
30.592065
30.592065
30.592065
30.592065
30.592065
30.592065
30.592065
30.592065
30.592065
30.592065
30.592065
30.592065
30.592065
30.592065
30.592065
30.592065
30.592065
30.592065
30.592065
30.592065
30.592065
30.592065
30.592065
30.592065
30.592065
30.592065
30.592065
30.592065
30.592065
30.592065
30.592065
30.592065
30.592065
30.592065
30.592065
30.592065
30.592065
30.592065
30.592065
30.592065
30.592065
30.592065
30.592065
30.592065
30.592065
30.592065
30.592065
30.592065
30.592065
30.592065
30.592065
30.592065
30.592065
30.592065
30.592065
30.592065
30.592065
30.592065
30.592065
30.592065
30.592065
30.592065
30.592065
30.592065
30.592065
30.592065
30.592065
30.592065
30.592065
30.592065
30.592065
30.592065
30.592065
30.592065
30.592065
30.592065
30.592065
30.592065
30.592065
30.592065
30.592065
30.592065
30.592065
30.592065
30.592065
30.592065
30.592065
30.592065
30.592065
30.515551
30.515551
30.515551
30.515551
30.515551
30.515551
30.515551
30.515551
30.515551
30.515551
30.515551
30.515551
30.515551
30.515551
30.515551
30.515551
30.515551
30.515551
30.515551
30.515551
30.515551
30.515551
30.515551
30.515551
30.515551
30.515551
30.515551
30.515551
30.515551
30.515551
30.515551
30.515551
30.515551
30.515551
30.515551
30.515551
30.515551
30.515551
30.515551
30.515551
30.515551
30.515551
30.515551
30.515551
30.515551
30.515551
30.515551
30.515551
30.515551
30.515551
30.515551
30.515551
30.515551
30.515551
30.515551
30.515551
30.515551
30.515551
30.515551
30.515551
30.515551
30.515551
30.515551
30.515551
30.515551
30.515551
30.515551
30.515551
30.515551
30.515551
30.515551
30.515551
30.515551
30.515551
30.515551
30.515551
30.515551
30.515551
30.515551
30.515551
30.515551
30.515551
30.515551
30.515551
30.515551
30.515551
30.515551
30.515551
30.515551
30.515551
30.515551
30.515551
30.515551
30.515551
30.515551
30.515551
30.515551
30.515551
30.515551
30.515551
30.515551
30.515551
30.515551
30.515551
30.515551
30.515551
30.515551
30.515551
30.515551
30.515551
30.515551
30.515551
30.515551
30.515551
30.515551
30.515551
30.515551
30.515489
30.515489
30.515489
30.515489
30.515489
30.515489
30.515489
30.515489
30.515489
30.515489
30.515489
30.515489
30.515489
30.515489
30.515489
30.515489
30.515489
30.515489
30.515489
30.515489
30.515489
30.515489
30.515489
30.515489
30.515489
30.515489
30.515489
30.515489
30.515489
30.515489
30.515489
30.515489
30.515489
30.515489
30.515489
30.515489
30.515489
30.515489
30.515489
30.515489
30.515489
30.515489
30.515489
30.515489
30.515489
30.515489
30.515489
30.515489
30.515489
30.515489
30.515489
30.515489
30.515489
30.515489
30.515489
30.515489
30.515489
30.515489
30.515489
30.515489
30.515489
30.515489
30.515489
30.515489
30.515489
30.515489
30.515489
30.515489
30.515489
30.515489
30.515489
30.515489
30.515489
30.515489
30.515489
30.515489
30.515489
30.515489
30.515489
30.515489
30.515489
30.515489
30.515489
30.515489
30.515489
30.515489
30.515489
30.515489
30.515489
30.515489
30.515489
30.515489
30.515489
30.515489
30.515489
30.515489
30.515489
30.515489
30.515489
30.515489
30.515489
30.515489
30.515489
30.515489
30.515489
30.515489
30.515489
30.515489
30.515489
30.515489
30.515489
30.515489
30.515489
30.515489
30.515489
30.515489
30.515489
30.515489
30.515489
30.515489
30.515489
30.515489
30.515489
30.515489
30.515489
30.515489
30.515489
30.515489
30.515489
30.515489
30.515489
30.515489
30.515489
30.515489
30.515489
30.515489
30.515489
30.515489
30.515489
30.515489
30.515489
30.515489
30.515489
30.515489
30.515489
30.515489
30.515489
30.515489
30.515489
30.515489
30.515489
30.515489
30.515489
30.515489
30.515489
30.515489
30.515489
30.515489
30.515489
30.515489
30.515489
30.515489
30.515489
30.515489
30.515489
30.515489
30.515489
30.515489
30.515489
30.515489
30.515489
30.515489
30.515489
30.515489
30.515489
30.515489
30.515489
30.515489
