33.287716
34.841075
28.156549
24.643250
27.255399
30.199142
35.052199
30.532150
27.583905
31.406308
23.265229
19.053734
15.088747
19.743323
15.105513
15.566830
14.096985
8.893553
13.189358
14.021070
14.625272
14.625272
15.270050
13.191969
14.038419
10.066885
13.598956
17.584283
16.942292
16.558694
14.544548
11.898924
9.851589
11.679010
13.201134
13.201134
13.161468
13.550141
13.630253
13.517580
13.517580
10.877493
9.810559
9.864739
9.864739
9.864739
10.295888
10.295888
9.953053
10.108380
10.661003
10.661003
10.661003
10.661003
10.661003
10.661003
10.804869
10.804869
10.804869
11.852781
12.864268
13.217865
12.258633
12.258633
12.258633
12.516432
12.516432
12.376887
12.376887
12.376887
12.274614
12.274614
12.274614
12.274614
12.643084
12.643084
12.643084
12.643084
12.643084
12.177499
12.177499
12.177499
10.517752
10.517752
10.517752
10.620149
10.927251
11.406468
11.406468
11.406468
11.406468
11.774881
11.774881
11.774881
11.774881
11.774881
11.774881
11.820810
11.732806
11.732806
12.799791
12.799791
12.799791
12.799791
12.795100
12.795100
12.795100
12.420202
12.420202
11.604091
11.604091
11.537785
11.537785
11.537785
11.537785
11.537785
11.537785
11.537785
11.537785
11.537785
11.537785
7.741070
7.741070
7.741070
7.741070
7.741070
7.741070
7.741070
7.741070
7.741070
7.741070
7.741070
7.741070
7.741070
7.741070
7.741070
7.741070
7.741070
7.741070
7.741070
7.741070
7.741070
7.741070
7.709176
7.709176
7.709176
7.709176
7.709176
7.706796
7.706796
7.764676
7.764676
7.764676
7.764676
7.764676
7.764676
7.764676
7.764676
7.764676
7.764676
7.764676
7.764676
7.764676
7.764676
7.764676
7.764676
7.764676
7.764676
7.764676
7.764676
7.764676
7.764676
7.764676
7.310256
7.310256
7.310256
7.310256
7.310256
7.310256
7.310256
7.310256
7.310256
6.575735
6.575735
6.575735
6.549153
6.549153
6.703166
6.703166
6.661020
6.661020
6.661020
7.893402
7.893402
6.627400
6.627400
6.627400
6.627400
6.627400
6.627400
6.627400
6.627400
6.816328
6.816328
6.816328
6.816328
6.816328
6.816328
6.816328
6.816328
6.816328
6.816328
6.816328
6.816328
6.816328
6.816328
6.816328
6.816328
6.816328
6.977726
6.977726
6.977726
6.977726
6.977726
6.977726
6.977726
6.977726
6.977726
6.977726
6.977726
6.989808
6.989808
6.989808
6.989808
6.989808
7.451898
7.398735
7.398735
7.398735
7.398735
7.398735
7.398735
8.291904
8.291904
8.189343
8.189343
8.189343
8.189343
8.189343
8.189343
8.068957
8.001244
8.001244
8.016809
8.016809
8.016809
8.016809
8.377615
8.377615
8.377615
8.502190
8.502190
8.502190
8.502190
8.502190
8.502190
8.502190
8.502190
8.502190
8.502190
8.502190
8.502190
8.502190
6.947578
6.947578
6.947578
6.947578
6.947578
6.947578
7.372535
7.556587
7.556587
6.798773
6.798773
6.798773
6.798773
6.254918
6.254918
6.254918
6.254918
6.254918
6.331415
6.331415
6.331415
6.577215
6.577215
6.577215
6.577215
6.580882
6.328049
6.328049
6.328049
6.328049
6.328049
6.328049
6.328049
6.328049
6.328049
6.328049
6.328049
6.328049
6.328049
6.328049
6.328049
5.787567
5.787567
5.787567
5.787567
5.787567
5.787567
5.787567
5.787567
5.787567
5.787567
5.787567
5.787567
5.787567
5.787567
5.787567
5.787567
5.787567
6.113402
6.113402
6.113402
6.390112
6.390112
6.390112
6.390112
6.390112
6.390112
6.390112
6.390112
6.390112
6.905865
6.511521
6.511521
6.511521
6.511521
6.511521
6.511521
6.511521
6.511521
6.511521
6.511521
6.511521
6.511521
6.511521
6.511521
6.511521
6.511521
6.511521
6.951354
7.162542
7.115383
7.115383
7.115383
7.115383
7.115383
7.115383
7.115383
7.115383
7.115383
7.115383
7.115383
7.115383
7.115383
7.115383
7.115383
6.975487
6.484389
6.484389
6.484389
6.484389
6.484389
6.484389
6.484389
6.484389
6.484389
6.484389
6.484389
6.484389
6.484389
6.484389
6.484389
6.484389
6.272644
6.272644
6.272644
6.272644
6.272644
6.272644
6.272644
6.366516
6.366516
6.366516
6.366516
6.478505
6.478505
6.478505
6.478505
6.615801
6.615801
6.615801
6.615801
6.667153
6.667153
6.667153
6.667153
6.667153
6.667153
6.667153
6.591703
6.591703
7.262354
7.262354
7.262354
7.262354
7.262354
7.262354
7.262354
7.388246
7.388246
7.388246
7.388246
7.388246
7.388246
7.711561
7.711561
7.711561
7.711561
7.711561
7.711561
7.711561
7.711561
7.711561
7.711561
7.711561
7.711561
7.711561
7.711561
7.711561
7.711561
7.711561
7.711561
7.711561
7.711561
7.711561
7.711561
7.711561
7.711561
7.711561
7.711561
7.711561
7.711561
7.711561
7.711561
7.711561
8.216858
8.053466
8.053466
8.053466
8.053466
8.053466
8.053466
8.053466
8.053466
8.053466
8.053466
8.053466
8.053466
8.053466
8.053466
8.053466
8.053466
8.053466
8.053466
8.053466
8.053466
8.053466
8.053466
8.053466
8.053466
8.053466
8.053466
8.053466
8.053466
8.053466
8.053466
8.053466
8.053466
8.053466
8.053466
8.053466
8.053466
8.053466
8.053466
8.053466
8.053466
8.053466
8.053466
8.053466
8.053466
8.053466
8.053466
8.053466
8.053466
8.053466
8.053466
8.053466
8.053466
8.053466
8.053466
8.053466
8.053466
8.053466
8.053466
8.053466
8.234530
8.234530
8.234530
8.234530
8.234530
8.234530
8.234530
8.234530
8.234530
8.234530
8.234530
8.234530
8.585138
8.585138
8.570583
8.570583
8.570583
8.534274
8.534274
8.534274
8.534274
8.534274
8.534274
8.534274
8.534274
8.534274
8.524951
8.524951
8.524951
8.524951
8.524951
8.867135
8.867135
8.867135
8.867135
8.795583
8.492624
8.492624
8.492624
8.492624
8.492624
8.492624
8.403369
8.403369
8.403369
8.403369
8.403369
8.403369
8.403369
8.403369
8.403369
8.403369
8.403369
8.403369
8.403369
8.570517
8.326321
8.538641
8.538641
8.538641
8.538641
8.538641
8.538641
8.538641
8.538641
8.538641
8.538641
8.538641
8.538641
8.406977
8.406977
8.489910
8.489910
8.489910
8.489910
8.489910
8.489910
8.489910
8.489910
8.489910
8.489910
8.547377
8.547377
8.547377
8.547377
8.547377
8.547377
8.667859
8.667859
8.667859
8.667859
8.667859
8.667859
8.667859
8.667859
8.667859
8.667859
8.667859
8.667859
8.667859
8.667859
8.667859
8.667859
8.667859
8.667859
8.673802
8.707495
8.707495
8.707495
8.707495
8.707495
8.707495
8.707495
8.707495
8.707495
8.707495
8.707495
8.707495
8.707495
8.754603
8.754603
8.754603
8.754603
8.754603
8.754603
8.661247
8.661247
8.661247
8.661247
8.661247
8.661247
8.661247
8.661247
8.661247
8.661247
8.661247
8.661247
8.661247
8.661247
8.661247
8.720896
8.720896
8.720896
8.720896
8.720896
8.720896
8.720896
8.720896
8.720896
8.720896
8.720896
8.720896
8.720896
8.720896
8.720896
8.720896
8.720896
8.720896
8.720896
8.720896
8.720896
8.720896
8.720896
8.720896
8.720896
8.720896
8.720896
8.749745
8.749745
8.749745
8.749745
8.784280
8.784280
8.784280
8.784280
8.784280
8.784280
8.784280
8.784280
8.784280
8.784280
8.784280
8.784280
8.779298
8.779298
8.779298
8.779298
8.779298
8.779298
8.779298
8.779298
8.779298
8.779298
8.779298
8.779298
8.779298
8.779298
8.779298
8.779298
8.779298
8.779298
8.779298
8.779298
8.779298
8.779298
8.779298
8.779298
8.779298
8.779298
8.779298
8.779298
8.779298
8.779298
8.779298
8.779298
8.779298
8.779298
8.779298
8.849808
8.849808
8.735082
8.735082
8.735082
8.735082
8.735082
8.735082
8.735082
8.735082
8.735082
8.735082
8.735082
8.735082
8.735082
8.735082
8.735082
8.735082
8.735082
8.735082
8.735082
8.735082
8.735082
8.735082
8.735082
8.735082
8.735082
8.735082
8.735082
8.735082
8.735082
8.735082
8.735082
8.735082
8.710932
8.710932
8.710932
8.710932
8.710932
8.710932
8.710932
8.710932
8.710932
8.710932
8.710932
8.710932
8.710932
8.710932
8.710932
8.710932
8.710932
8.710932
8.710932
8.710932
8.710932
8.710932
8.710932
8.710932
8.710932
8.710932
8.710932
8.710932
8.710932
8.710932
8.547212
8.547212
8.547212
8.547212
8.547212
8.547212
8.547212
8.547212
8.547212
8.547212
8.547212
8.547212
8.547212
8.547212
8.547212
8.547212
8.547212
8.547212
8.547212
8.547212
8.547212
8.547212
8.547212
8.547212
8.547212
8.547212
8.547212
8.547212
8.547212
8.547212
8.547212
8.547212
8.547212
8.547212
8.657838
8.657838
8.657838
8.657838
8.657838
8.657838
8.657838
8.657838
8.657838
8.657838
8.657838
8.657838
8.657838
8.657838
8.657838
8.657838
8.657838
8.657838
8.657838
8.657838
8.657838
8.657838
8.657838
8.657838
8.657838
8.657838
8.657838
8.657838
8.657838
8.657838
8.657838
8.657838
8.657838
8.657838
8.657838
8.677645
8.677645
8.677645
8.677645
8.677645
8.677645
8.677645
8.677645
8.677645
8.677645
8.677645
8.677645
8.677645
8.677645
8.677645
8.677645
8.677645
8.677645
8.677645
8.677645
8.677645
8.677645
8.677645
8.677645
8.677645
8.677645
8.677645
8.677645
8.677645
8.677645
8.677645
8.677645
8.677645
8.677645
8.744834
8.744834
8.744834
8.744834
8.744834
8.744834
8.744834
8.744834
8.744834
8.744834
8.744834
8.744834
8.744834
8.744834
8.744834
8.744834
8.744834
8.744834
8.744834
8.744834
8.744834
8.744834
8.744834
8.744834
8.744834
8.747948
8.747948
8.747948
8.747948
8.747948
8.747948
8.747948
8.747948
8.747948
8.747948
8.747948
8.747948
8.747948
8.747948
8.747948
8.747948
8.747948
8.747948
8.747948
8.747948
8.747948
8.747948
8.747948
8.747948
8.747948
8.747948
8.747948
8.747948
8.747948
8.747948
8.747948
8.747948
8.747948
8.747948
8.747948
8.747948
8.747948
8.747948
8.747948
8.747948
8.747948
8.747948
8.747948
8.747948
8.747948
8.747948
8.747948
8.747948
8.747948
8.747948
8.747948
8.747948
8.747948
8.747948
8.747948
8.747948
8.727438
8.727438
8.727438
8.727438
8.727438
8.727438
8.727438
8.727438
8.741623
8.741623
8.741623
8.741623
8.741623
8.741623
8.741623
8.741623
8.741623
8.741623
8.741623
8.741623
8.741623
8.593865
8.593865
8.593865
8.593865
8.593865
8.593865
8.593865
8.556211
8.556211
8.556211
8.556211
8.556211
8.556211
8.556211
8.556211
8.556211
8.556211
8.556211
8.556211
8.556211
8.556211
8.556211
8.556211
8.556211
8.556211
8.556211
8.556211
8.556211
8.556211
8.556211
8.556211
8.556211
8.556211
8.556211
8.556211
8.556211
8.556211
8.556211
8.556211
8.556211
8.834787
8.834787
8.834787
8.834787
8.834787
8.834787
8.834787
8.834787
8.834787
8.834787
8.834787
8.834787
8.834787
8.834787
8.834787
8.834787
8.834787
8.834787
8.834787
8.834787
8.834787
8.834787
8.834787
8.834787
8.834787
8.834787
8.834787
8.831354
8.831354
8.831354
8.831354
8.831354
8.831354
8.831354
8.831354
8.831354
8.831354
8.831354
8.831354
8.831354
8.831354
8.819454
8.819454
8.819454
8.819454
8.819454
8.819454
8.819454
8.819454
8.819454
8.819454
8.819454
8.819454
8.842155
8.842155
8.842155
8.842155
8.842155
8.842155
8.842155
8.842155
8.842155
8.842155
8.842155
8.842155
8.842155
8.842155
8.842155
8.842155
8.842155
8.842155
8.842155
8.842155
8.842155
8.842155
8.842155
8.842155
8.842155
8.842155
8.842155
8.850314
8.850314
8.850314
8.850314
8.850314
8.850314
8.850314
8.850314
8.850314
8.850314
8.850314
8.850314
8.850314
8.850314
8.850314
8.850314
8.850314
8.850314
8.850314
8.850314
8.850314
8.850314
8.850314
8.850314
8.850314
8.850314
8.850314
8.850314
8.850314
8.850314
8.850314
8.850314
8.850314
8.850314
8.850314
8.850314
8.866752
8.866752
8.866752
8.866752
8.866752
8.866752
8.866752
8.866752
8.866752
8.866752
8.866752
8.866752
8.866752
8.866752
8.866752
8.866752
8.866752
8.866752
8.866752
8.866752
8.866752
8.866752
8.866752
8.866752
8.866752
8.866752
8.866752
8.866752
8.866752
8.946136
8.946136
8.946136
8.946136
8.946136
8.946136
8.946136
8.946136
8.946136
8.946136
8.946136
8.946136
8.946136
8.946136
8.946136
8.946136
8.946136
8.946136
8.946136
8.946136
8.946136
8.946136
8.946136
8.946136
8.946136
8.946136
8.946136
8.946136
8.946136
8.946136
8.953615
8.953615
8.953615
8.953615
8.953615
8.953615
8.953615
8.953615
8.953615
8.953615
8.953615
8.953615
8.953615
8.953615
8.953615
8.953615
8.953615
8.953615
8.953615
8.953615
8.953615
8.953615
9.133060
9.133060
9.133060
9.133060
9.133060
9.133060
9.133060
9.133060
9.133060
9.133060
9.133060
9.133060
9.133060
9.133108
9.133108
9.133108
9.133108
9.123742
9.123742
9.123742
9.123111
9.123111
9.123111
9.123111
9.123111
9.123111
9.123111
9.123111
9.123111
9.123111
9.123111
9.123111
9.123111
9.123111
9.123111
9.123111
9.123111
9.123111
9.123111
9.123111
9.107757
9.107757
9.107757
9.107757
8.918931
8.918931
8.918931
8.918931
8.918931
8.918931
8.918931
8.918931
8.918931
8.918931
8.935541
8.935541
8.935541
8.935541
8.935541
8.935541
8.935541
8.935541
8.935541
8.935541
8.935541
8.935541
8.935541
8.935541
8.935541
8.935541
8.935541
8.935541
8.935541
8.935541
8.935541
8.935541
8.935541
8.935541
8.935541
8.935541
8.935541
8.935541
8.935541
8.935541
8.935541
8.935541
8.935541
8.935541
8.935541
8.942267
8.947148
8.947148
8.947148
8.947148
8.947148
8.947148
8.947148
8.947148
8.947148
8.947148
8.947148
8.947148
8.947148
8.947148
8.947148
8.947148
8.947148
8.947148
8.947148
8.947148
8.947148
8.964272
8.964272
8.964272
8.964272
8.964272
8.964272
8.964272
8.964272
8.964272
8.964272
8.964272
8.964272
8.964272
8.964272
8.961385
8.961385
8.961385
8.961385
8.959860
8.959860
8.959860
8.959860
8.959860
8.959860
8.959860
8.959860
8.959860
8.959860
8.959860
8.959860
8.959860
8.959860
8.959860
8.959860
8.959860
8.959860
8.959860
8.959860
8.959860
8.959860
8.959860
8.959860
8.959860
8.959860
8.959860
8.959860
8.959860
8.959860
8.959860
8.959860
8.959860
8.959860
8.959860
8.959860
8.959860
8.959860
8.959860
8.959860
8.959860
8.959860
8.959860
8.959860
8.959860
8.959860
8.959860
8.959860
8.959860
8.959860
8.959860
8.959860
8.959860
8.959860
8.959860
8.959860
8.959860
8.959860
8.959860
8.959860
8.959860
8.959860
8.959860
8.959860
8.959860
8.959860
8.959860
8.959860
8.959860
8.959860
8.959860
8.959860
8.959860
8.959860
8.959860
8.959860
8.959860
8.959860
8.959860
8.959860
8.959860
8.959860
8.959860
8.959860
8.959860
8.959860
8.959860
8.959860
8.959860
8.959860
8.959860
8.959860
8.959860
8.959860
8.959860
8.959860
8.959860
8.959860
8.959860
8.959860
8.959860
8.959860
8.959860
8.959860
8.959860
8.959860
8.959860
8.959860
8.959860
8.959860
8.959860
8.956616
8.956616
8.956616
8.956616
8.956616
8.956616
8.956616
8.956616
8.956616
8.956616
8.956616
8.956616
8.956616
8.956616
8.956616
8.956616
8.956616
8.956616
8.956616
8.956616
8.956616
8.956616
8.956616
8.956616
8.956616
8.956616
8.956616
8.956616
7.231672
7.231672
7.231672
7.231672
7.231672
7.231672
6.787395
6.787395
6.787395
6.787395
6.787395
6.788416
6.788416
6.788416
6.701860
6.701860
6.701860
6.701860
6.701860
6.703599
6.703599
6.703599
6.703599
6.703599
6.703599
6.703599
6.703599
6.703599
6.703599
6.703599
6.703599
6.703599
6.703599
6.703599
6.703599
6.703599
6.703599
6.703599
6.703599
6.703599
6.703599
6.703599
6.703599
6.703599
6.703599
6.703599
6.703599
6.703599
6.703599
6.703599
6.703599
6.703599
6.703599
6.703599
6.703599
6.887360
6.887360
6.909128
6.909128
6.909128
6.909128
6.909128
6.909128
6.909128
6.909520
6.909520
6.909520
6.909520
6.909520
6.909520
6.909520
6.737405
6.737405
6.737405
6.737405
6.737405
6.737405
6.737405
6.737405
6.737405
6.737405
6.737405
6.469392
6.469392
6.469392
6.469392
6.469392
6.469392
6.469392
6.469392
6.469392
6.469392
6.469392
6.469392
6.469392
6.469392
6.469392
6.469392
6.469392
6.469392
6.469392
6.469392
6.469392
6.469392
6.470748
6.470748
6.470748
6.470748
6.470748
6.470748
6.470748
6.470748
6.470748
6.470748
6.470748
6.470748
6.185793
6.185793
6.185793
6.185793
6.185793
6.185793
6.185793
6.185793
6.185793
6.185793
6.185793
6.185793
6.185793
6.185793
6.185793
6.185793
6.185793
6.185793
6.185793
6.185793
6.185793
6.185793
6.185793
6.185793
6.185793
6.185793
6.185793
6.185793
6.185793
6.185793
6.185793
6.185793
6.185793
6.185793
6.185793
6.185793
6.185793
6.185793
6.185793
6.185793
6.185793
6.185793
6.185793
6.185793
6.185793
6.185793
6.185793
6.185793
6.175637
6.175637
6.175637
6.175637
6.175637
6.175637
6.175637
6.175637
6.175637
6.175637
6.175637
6.175637
6.175637
6.175637
6.175637
6.175637
6.175637
6.175637
6.175637
6.175637
6.175637
6.175637
6.175637
6.175637
6.175637
6.175637
6.175637
6.175637
6.175637
6.175637
6.175637
6.175637
6.175637
6.175637
6.175637
6.175637
6.175637
6.175637
6.201544
6.201544
6.201544
6.201544
6.201544
6.201544
6.201544
6.201544
6.201544
6.201544
6.201544
6.201544
6.199756
6.199756
6.199756
6.199756
6.199756
6.199756
6.199756
6.199756
6.199756
6.199756
6.199756
6.199756
6.199756
6.199756
6.199756
6.199756
6.199756
6.199756
6.199756
6.199756
6.199756
6.199756
6.199756
6.199756
6.199756
6.199756
6.199756
6.199756
6.199756
6.199756
6.199756
6.199756
6.199756
6.199756
6.199756
6.199756
6.199049
6.199049
6.199049
6.199049
6.199049
5.795724
5.795724
5.795724
5.795724
5.795724
5.795724
5.795724
5.757243
5.757243
5.757243
5.757243
5.757243
5.757243
5.757243
5.757243
5.757243
5.757243
5.757243
5.757243
5.757243
5.757243
5.757243
5.757243
5.660161
5.660161
5.660161
5.660161
5.660161
5.660161
5.660161
5.660161
5.660161
5.660161
5.660161
5.660161
5.660161
5.660161
5.660161
5.660161
5.660161
5.660161
5.660161
5.660161
5.660161
5.660161
5.660161
5.660161
5.660161
5.660161
5.660161
5.376847
5.376847
5.376847
5.376847
5.376847
5.376847
5.376847
5.376847
5.376847
5.376847
5.376847
5.376847
5.376847
5.376847
5.376847
5.376847
5.376847
5.376847
5.376847
5.376847
5.376847
5.376847
5.376847
5.376847
5.376847
5.376847
5.376847
5.376847
5.376847
5.376847
5.376847
5.376847
5.376847
5.376847
5.376847
5.376847
5.376847
5.376847
5.376702
5.376702
5.376702
5.376702
5.376702
5.376702
4.636606
4.636606
4.636606
4.636606
4.636892
4.636892
4.636892
4.636892
4.594481
4.594481
4.594481
4.594481
4.594481
4.850364
4.850364
4.850364
4.850364
4.850364
4.850364
4.850364
4.850364
4.850364
4.866147
4.866147
4.866147
4.866147
4.866147
4.866147
4.866147
4.866147
4.866147
4.866147
4.866147
4.866147
4.866147
4.866147
4.866147
4.866147
4.866147
4.866147
4.866147
4.866147
4.866147
4.866147
4.866147
4.866147
4.866147
4.866147
4.866147
4.866147
4.866147
4.866147
4.866147
4.866147
4.866147
4.866147
4.866147
4.866147
4.866147
4.866147
4.866147
4.866147
4.866147
4.866147
4.866147
4.866147
4.866147
4.866147
4.866147
4.866147
4.849279
4.849279
4.849279
4.849279
4.849279
4.849279
4.849279
4.849279
4.849279
4.849279
4.849279
4.849279
4.849279
4.849279
4.849279
4.849279
4.849279
4.849279
4.849279
4.849279
4.849279
4.849279
4.849279
5.069480
5.048874
5.048874
5.048874
5.048874
4.832683
4.832683
4.832683
4.832683
4.832683
4.832683
4.832683
4.832683
4.832683
4.832683
4.832683
4.832683
4.832683
4.832683
4.832683
4.832683
4.832683
4.832683
4.832683
4.832683
4.832683
4.832683
4.832683
4.832683
4.832683
4.832683
4.832683
4.832683
4.832683
4.832683
4.832683
4.832683
4.832683
4.832683
4.832683
4.832683
4.832683
4.835899
4.835899
4.835899
4.833347
4.833347
4.833347
4.833347
4.833347
4.833347
4.833347
4.833347
4.833347
4.833347
4.833347
4.833347
4.833347
4.833347
4.833347
4.833347
4.833347
4.833347
4.833347
4.833347
4.833347
4.833347
4.833347
4.833347
4.833347
4.833347
4.833347
4.833347
4.833347
4.833347
4.833347
4.833347
4.833347
4.915336
4.905171
4.905171
4.905171
4.905171
4.905171
4.905171
4.905171
4.905171
4.905171
4.870147
4.870147
4.870147
4.870147
4.870147
4.870147
4.870147
4.870147
4.870147
4.870147
4.870147
4.870147
4.870147
4.870147
4.870147
4.828094
4.828094
4.828094
4.828094
4.828094
4.828094
4.828094
4.828094
4.828094
4.828094
4.828094
4.828094
4.828094
4.828094
4.828094
4.828094
4.828094
4.828094
4.810250
4.810250
4.810250
4.810250
4.810250
4.816234
4.816234
4.816234
4.816234
4.816234
4.816234
4.816234
4.816234
4.816234
4.816234
4.816234
4.816234
4.816234
4.816234
4.816234
4.816234
4.816234
4.816234
4.816234
4.816234
4.816234
4.816234
4.816234
4.816234
4.816234
4.816234
4.816234
4.816234
4.838676
4.838676
4.838676
4.838676
4.838676
4.838412
4.838412
5.122828
5.122828
5.122828
5.122828
5.122828
5.122828
5.122828
5.122828
5.178949
5.178949
5.178949
5.178949
5.178949
5.178949
5.178949
5.178949
5.178949
5.178949
5.178949
5.178949
5.178949
5.178949
5.178949
5.089643
5.057609
5.057609
5.057609
5.057609
5.057609
5.077626
5.077626
5.077626
5.077626
5.074755
5.074755
5.074755
5.074755
5.074755
5.074755
5.054379
5.054379
5.054379
5.054379
5.054379
5.054379
5.054379
5.054379
5.054379
5.054379
5.054379
5.054379
5.054379
5.054379
5.054379
5.054379
5.054379
5.054379
5.054379
5.054379
5.054379
5.054379
5.054379
5.054379
5.054379
5.054379
5.054379
5.054379
5.054379
5.054379
5.054379
5.054379
5.054379
5.054379
5.054379
5.054379
5.055537
5.055537
5.055537
5.040864
5.040864
5.040864
5.040864
5.040864
5.040864
5.075314
5.075314
5.075314
5.075314
5.075314
5.075314
5.075314
4.995993
4.995993
4.995993
4.995993
4.995993
4.995993
4.995993
4.995993
4.995993
4.995993
4.995993
4.995993
4.995993
4.995993
4.995993
4.995993
4.995993
4.995993
4.995993
4.995993
5.000497
5.000497
5.000497
5.000497
5.000497
5.000497
5.000497
5.000497
5.000497
5.000497
5.000497
5.000497
5.000497
4.991824
4.991824
4.991824
4.991824
4.991824
4.991824
4.991824
4.991824
4.991824
4.991824
4.991824
4.991824
4.991824
4.991824
4.991824
4.991824
4.991824
4.991824
4.991824
4.991824
4.991824
4.991824
4.991824
4.991824
4.991824
4.991824
4.991824
4.991824
4.996603
4.996603
4.996603
4.996603
4.996603
4.996603
5.011963
5.011963
5.011963
5.011963
5.011963
5.011963
5.011963
5.011963
5.011963
5.011963
5.035487
5.035487
5.035487
5.035487
5.035487
5.035487
5.035487
5.035487
5.035487
5.034449
5.034449
5.034449
5.034449
5.034449
5.034449
5.034449
5.034449
5.034449
5.034449
5.034449
5.034449
5.034449
4.794515
4.794515
4.794515
4.794515
4.794515
4.794515
4.794515
4.793234
4.793234
4.793234
4.793234
4.793234
4.793234
4.793234
4.793234
4.793234
4.793234
4.793234
4.793234
4.793234
4.793234
4.793234
4.793234
4.793234
4.793234
4.793234
4.793234
4.793234
4.793234
4.793234
4.791376
4.791376
4.791376
4.791376
4.791376
4.791376
4.791376
4.791376
4.791376
4.791376
4.791376
4.791376
4.785067
4.805879
4.805879
4.805879
4.805879
4.805879
4.805879
4.805879
4.805879
4.805879
4.805879
4.805879
4.805879
4.805879
4.805879
4.803072
4.803072
4.803072
4.803072
4.803072
4.803072
4.803072
4.803072
4.803072
4.803072
4.803072
4.803072
4.803072
4.803072
4.803072
4.803072
4.803072
4.803072
4.804716
4.805067
4.805067
4.805067
4.797666
4.797666
4.797666
4.797666
4.797666
4.797666
4.797666
4.797666
4.797666
4.797666
4.797666
4.797666
4.797666
4.797666
4.797666
4.797666
4.797666
4.797666
4.797666
4.797666
4.797666
4.797666
4.797666
4.797666
4.797666
4.797666
4.797666
4.797666
4.797666
4.797666
4.797666
4.797666
4.797666
4.797666
4.795521
4.795521
4.795521
4.795521
4.795521
4.795521
4.795521
4.795521
4.895226
4.895226
4.895226
4.895226
4.895226
4.895226
4.895226
4.895226
4.895226
4.895226
4.895226
4.895226
4.895226
4.892704
4.892704
4.892704
4.892704
4.892704
4.892704
4.892704
4.892704
4.892704
4.892704
4.892704
4.892704
4.892704
4.892704
4.892704
4.892704
4.892411
4.892411
4.892411
4.892411
4.892411
4.892411
4.892411
4.892411
4.892411
4.892411
4.885603
4.885603
4.885603
4.885603
4.888436
4.887704
4.887704
4.884874
4.884874
4.884874
4.884874
4.884874
4.884874
4.884874
4.884874
4.884874
4.884874
4.884874
4.884874
4.884874
4.888203
4.888203
4.888203
4.888203
4.888203
4.888203
4.888203
4.888203
4.888203
4.888203
4.888203
4.888203
4.888203
4.888203
4.888203
4.888203
4.888203
4.888203
4.888203
4.888203
4.888203
4.888203
4.888203
4.888203
4.888203
4.888203
4.887309
4.887309
4.887309
4.887309
4.887309
4.887309
4.887309
4.887309
4.887309
4.887309
4.887309
4.887309
4.887309
4.887309
4.887309
4.887309
4.880146
4.880146
4.880146
4.880146
4.880146
4.880146
4.880146
4.880146
4.880146
4.880146
4.880146
4.878475
4.878475
4.878475
4.878475
4.878475
4.876710
4.876710
4.876710
4.876710
4.876710
4.876710
4.876710
4.876710
4.876710
4.876710
4.876710
4.876710
4.876710
4.876710
4.876710
4.876710
4.876710
4.877229
4.877229
4.877229
4.877229
4.877229
4.877229
4.877229
4.877229
4.877229
4.877229
4.877229
4.877229
4.877229
4.877229
4.877229
4.877229
4.877229
4.877229
4.875985
4.875985
4.875985
4.875985
4.875985
4.875283
4.875283
4.875283
4.875283
4.875283
4.875283
4.875283
4.875283
4.875283
4.875283
4.875283
4.875283
4.875283
4.875283
4.875283
4.875283
4.875283
4.875283
4.875283
4.875283
4.875283
4.875283
4.875283
4.875283
4.875283
4.875283
4.875283
4.875283
4.875283
4.875283
4.875283
4.875283
4.875283
4.875283
4.876068
4.876068
4.876068
4.876068
4.876068
4.876068
4.876068
4.876068
4.876068
4.876068
4.873963
4.873963
4.873963
4.873963
4.873963
4.873963
4.873963
4.873963
4.873963
4.873963
4.873963
4.873963
4.873963
4.873963
4.873963
4.874529
4.874529
4.874529
4.874529
4.874529
4.874529
4.874529
4.874529
4.874529
4.874529
4.874529
4.874529
4.874529
4.874529
4.874529
4.874529
4.874529
4.874529
4.874529
4.874529
4.874529
4.874529
4.874529
4.874529
4.874529
4.874529
4.874529
4.874529
4.874529
4.874529
4.874529
4.874529
4.863889
4.863889
4.863889
4.863889
4.863889
4.863889
4.863889
4.863889
4.863889
4.863889
4.863889
4.863889
4.863889
4.862853
4.863691
4.863691
4.863691
4.863691
4.863691
4.863612
4.863612
4.863612
4.863612
4.863612
4.863612
4.863612
4.863612
4.863612
4.863612
4.863612
4.863612
4.863612
4.863612
4.863612
4.863612
4.863612
4.863612
4.863612
4.863612
4.863612
4.863612
4.863612
4.863612
4.863612
4.863612
4.863612
4.863612
4.863612
4.863612
4.863612
4.863612
4.863612
4.863612
4.862748
4.862748
4.862979
4.862979
4.862979
4.862979
4.862979
4.862979
4.862979
4.862979
4.862979
4.862979
4.862979
4.862979
4.862979
4.862979
4.862979
4.863946
4.863946
4.863946
4.863946
4.863946
4.863946
4.863946
4.863946
4.863946
4.863946
4.863946
4.864329
4.864329
4.864329
4.864329
4.864329
4.864329
4.864416
4.864385
4.864385
4.864385
4.864385
4.864385
4.864385
4.862398
4.862398
4.862398
4.862398
4.862398
4.862398
4.862398
4.862398
4.862398
4.862398
4.862398
4.862398
4.862398
4.862398
4.862398
4.862398
4.862398
4.862398
4.862398
4.862398
4.862212
4.862212
4.862212
4.862212
4.862212
4.862012
4.862012
4.862012
4.862012
4.862012
4.862012
4.862012
4.861977
4.861977
4.861977
4.861977
4.861977
4.861977
4.861977
4.861977
4.861977
4.861977
4.861977
4.861977
4.861775
4.861775
4.861775
4.861775
4.861775
4.861775
4.861775
4.861775
4.861775
4.861775
4.861775
4.861775
4.861775
4.861775
4.861775
4.847029
4.847029
4.847029
4.847029
4.847029
4.847029
4.847029
4.847029
4.847029
4.847029
4.847029
4.847029
4.847029
4.847029
4.847029
4.847029
4.847029
4.847029
4.847029
4.847029
4.847029
4.847029
4.847029
4.847029
4.847029
4.847121
4.847121
4.847121
4.847121
4.847121
4.847121
4.847121
4.847121
4.847121
4.847121
4.847121
4.847121
4.847121
4.847121
4.847121
4.847099
4.847099
4.847099
4.847099
4.847099
4.847099
4.847099
4.847099
4.847099
4.847099
4.847099
4.847099
4.847099
4.847099
4.847099
4.847089
4.847089
4.847089
4.844340
4.844340
4.844340
4.844340
4.844340
4.844340
4.844340
4.844340
4.844340
4.844340
4.844340
4.844340
4.844340
4.844340
4.844340
4.844340
4.844340
4.844340
4.844340
4.844340
4.844340
4.844340
4.844340
4.844340
4.844340
4.844340
4.844340
4.844340
4.844340
4.844340
4.844340
4.844340
4.844340
4.844340
4.844340
4.844340
4.844340
4.844340
4.844340
4.844340
4.844340
4.844340
4.844340
4.844340
4.844340
4.844340
4.844340
4.844340
4.844340
4.844815
4.844815
4.844815
4.844815
4.844815
4.847679
4.847679
4.847679
4.847679
4.847679
4.847679
4.847679
4.847679
4.847679
4.847679
4.847679
4.833939
4.833939
4.833939
4.833939
4.833939
4.833939
4.833939
4.833870
4.833870
4.833870
4.833870
4.833870
4.833870
4.833870
4.833870
4.833870
4.833870
4.833870
4.833870
4.833870
4.833870
4.833870
4.833870
4.833870
4.833870
4.833870
4.833870
4.833870
4.833870
4.833870
4.833870
4.833870
4.833870
4.833870
4.833870
4.833870
4.833870
4.833870
4.833870
4.833870
4.834267
4.834267
4.834267
4.834267
4.701004
4.701004
4.701004
4.701004
4.701004
4.701004
4.701004
4.701004
4.701004
4.701004
4.701004
4.701004
4.701004
4.701004
4.701004
4.701004
4.701004
4.701004
4.701004
4.701004
4.701004
4.701004
4.701004
4.701004
4.701004
4.701004
4.701004
4.701004
4.701004
4.701004
4.701004
4.701004
4.701004
4.701004
4.701004
4.696934
4.696934
4.696934
4.696934
4.696934
4.696934
4.696934
4.696934
4.696934
4.696934
4.696934
4.696934
4.696934
4.696934
4.696934
4.696934
4.696934
4.696934
4.696934
4.696934
4.696934
4.696934
4.696934
4.696934
4.696934
4.696934
4.696934
4.696934
4.696934
4.696934
4.696934
4.696934
4.696934
4.696934
4.696934
4.696934
4.696934
4.696934
4.696934
4.696934
4.696934
4.696934
4.697388
4.697388
4.697388
4.697388
4.697388
4.697388
4.697388
4.697388
4.697388
4.694861
4.694861
4.694861
4.694861
4.718873
4.718873
4.718873
4.718873
4.718873
4.718873
4.718873
4.718873
4.718873
4.718873
4.718873
4.791480
4.791480
4.791480
4.791480
4.791480
4.791480
4.791480
4.791480
4.788642
4.788642
4.788642
4.788642
4.788642
4.788642
4.788642
4.788642
4.788642
4.788642
4.788642
4.788642
4.788642
4.788642
4.788642
4.788642
4.788642
4.788642
4.788642
4.788642
4.788642
4.788642
4.788642
4.788642
4.788642
4.788642
4.788642
4.788642
4.788642
4.788642
4.788642
4.788642
4.788642
4.795716
4.795716
4.795716
4.795716
4.795716
4.795716
4.795716
4.795716
4.795716
4.795716
4.795716
4.795716
4.795716
4.795716
4.795716
4.795716
4.795716
4.795716
4.795716
4.795716
4.795716
4.795716
4.795716
4.795716
4.795716
4.795716
4.795716
4.795716
4.795716
4.795716
4.795716
4.795716
4.795716
4.795716
4.795716
4.790067
4.790067
4.790067
4.790067
4.790067
4.790067
4.790067
4.790067
4.790067
4.790067
4.790067
4.790067
4.790067
4.790067
4.790067
4.790067
4.788191
4.788191
4.788191
4.788191
4.788191
4.788191
4.788191
4.788191
4.788191
4.788191
4.788191
4.788191
4.788191
4.788191
4.788191
4.788191
4.788191
4.788191
4.788191
4.788191
4.788191
4.788322
4.784481
4.784481
4.784481
4.784481
4.782487
4.782487
4.782487
4.782487
4.782487
4.782487
4.782487
4.782487
4.782487
4.782487
4.782487
4.782487
4.784480
4.784480
4.784480
4.784480
4.784480
4.784480
4.784480
4.784480
4.784480
4.784480
4.784480
4.784480
4.784480
4.784480
4.784480
4.783897
4.783897
4.783897
4.783897
4.783897
4.783897
4.783897
4.783897
4.790055
4.790055
4.790055
4.790055
4.784085
4.784085
4.784085
4.784085
4.784085
4.784085
4.784085
4.784085
4.784085
4.784085
4.781673
4.781673
4.781673
4.781673
4.781673
4.781673
4.781673
4.781673
4.781673
4.781673
4.781673
4.781673
4.781673
4.781673
4.781673
4.781673
4.781673
4.781673
4.781673
4.781673
4.781673
4.781673
4.781673
4.781673
4.781673
4.782750
4.782750
4.782750
4.782750
4.782750
4.782750
4.782750
4.782750
4.782750
4.782750
4.782750
4.782750
4.782750
4.782750
4.782750
4.782750
4.782750
4.782750
4.782750
4.782750
4.782750
4.782750
4.782750
4.782750
4.782750
4.782750
4.782750
4.782750
4.782750
4.782750
4.782750
4.782750
4.782750
4.782750
4.782750
4.782750
4.782750
4.782750
4.782750
4.782750
4.782750
4.782750
4.782750
4.782750
4.782750
4.782750
4.782750
4.782750
4.782750
4.782750
4.782750
4.782750
4.782750
4.782750
4.782750
4.782750
4.782750
4.781515
4.781515
4.781515
4.781515
4.781515
4.781515
4.781515
4.781515
4.781515
4.781515
4.781515
4.781515
4.781515
4.781515
4.781515
4.781515
4.781515
4.781515
4.781515
4.781515
4.781515
4.781515
4.781515
4.781515
4.781515
4.781515
4.781515
4.781515
4.781515
4.781515
4.781515
4.781515
4.781515
4.781515
4.781515
4.781515
4.781515
4.781515
4.781515
4.781515
4.781515
4.781515
4.781515
4.781515
4.781515
4.782127
4.782127
4.790062
4.790062
4.790062
4.790062
4.790062
4.790062
4.790062
4.790062
4.790062
4.790062
4.790062
4.790062
4.790062
4.790062
4.790062
4.790062
4.790062
4.790062
4.790062
4.790062
4.790062
4.790062
4.790062
4.790062
4.790062
4.790062
4.790062
4.790062
4.790062
4.790062
4.790062
4.790062
4.790062
4.790062
4.790062
4.790062
4.790062
4.790062
4.790062
4.790062
4.790062
4.790062
4.790062
4.790062
4.790062
4.790062
4.790062
4.790062
4.790062
4.790062
4.790062
4.790062
4.790062
4.790062
4.789146
4.789146
4.789146
4.789146
4.789146
4.789146
4.789574
4.789574
4.789574
4.789574
4.789574
4.789574
4.789574
4.789574
4.789428
4.789428
4.789428
4.789428
4.789428
4.789428
4.789428
4.789428
4.789428
4.789428
4.789428
4.789428
4.789428
4.789428
4.789428
4.789428
4.789428
4.789428
4.789428
4.789428
4.789428
4.789428
4.789428
4.789428
4.789428
4.789428
4.791206
4.791206
4.791206
4.791206
4.791206
4.791206
4.791206
4.791206
4.791206
4.791206
4.791206
4.791206
4.791206
4.791206
4.791206
4.791206
4.792574
4.792574
4.792574
4.792574
4.792574
4.792574
4.792574
4.792574
4.792574
4.792574
4.792574
4.792574
4.792574
4.792574
4.792574
4.791282
4.791608
4.791608
4.791608
4.791608
4.791608
4.791608
4.772885
4.772885
4.773218
4.773218
4.773218
4.773218
4.773218
4.773218
4.773218
4.773218
4.773218
4.773218
4.773218
4.773218
4.773218
4.773218
4.773218
4.773218
4.773218
4.773218
4.773218
4.773218
4.773218
4.773218
4.773218
4.773218
4.773218
4.773218
4.773218
4.773218
4.773218
4.773218
4.773218
4.771986
4.771986
4.771986
4.771986
4.771986
4.771986
4.771986
4.771986
4.771986
4.771986
4.771986
4.771986
4.771986
4.771986
4.771986
4.771986
4.771986
4.771986
4.771986
4.771986
4.771986
4.771986
4.771986
4.771986
4.771986
4.771986
4.771986
4.771986
4.771986
4.771986
4.771986
4.771986
4.771986
4.771986
4.771986
4.771986
4.771986
4.772037
4.772037
4.772037
4.772037
4.772037
4.772037
4.772037
4.772037
4.772037
4.772037
4.772037
4.772037
4.772037
4.772037
4.772037
4.772037
4.772037
4.772037
4.772118
4.772118
4.772118
4.772118
4.772118
4.772118
4.772118
4.772118
4.772118
4.772118
4.772118
4.772118
4.772118
4.772118
4.772118
4.772118
4.772118
4.772118
4.772118
4.772118
4.772118
4.772118
4.772476
4.772476
4.772476
4.772476
4.772476
4.772476
4.772476
4.772476
4.772476
4.772476
4.772476
4.772476
4.772476
4.772476
4.772476
4.772476
4.772476
4.772476
4.772476
4.772476
4.772476
4.772476
4.772476
4.772476
4.772476
4.772476
4.772476
4.772476
4.772476
4.772476
4.772476
4.772476
4.772476
4.772476
4.772476
4.772476
4.772476
4.772476
4.772520
4.772520
4.772520
4.772520
4.772520
4.772520
4.772520
4.772629
4.772629
4.772629
4.772629
4.772629
4.772629
4.772629
4.772629
4.772629
4.772629
4.772629
4.772629
4.772629
4.772629
4.772629
4.772629
4.772629
4.772629
4.772629
4.772629
4.772629
4.772629
4.772629
4.772629
4.772629
4.772629
4.772629
4.772629
4.772629
4.772844
4.772844
4.772844
4.772844
4.772844
4.772844
4.772844
4.772844
4.773042
4.773042
4.773137
4.773137
4.773137
4.773137
4.773137
4.773137
4.773137
4.773137
4.773137
4.773137
4.773137
4.773137
4.773137
4.773137
4.773137
4.773137
4.773137
4.773137
4.773137
4.773137
4.773361
4.773361
4.773361
4.773361
4.773361
4.773361
4.773361
4.773361
4.773123
4.773123
4.773123
4.773123
4.773123
4.773123
4.773123
4.773123
4.773123
4.773123
4.877069
4.877069
4.877069
4.877069
4.877069
4.877069
4.877069
4.877069
4.877069
4.877069
4.877069
4.877069
4.877069
4.877069
4.877069
4.877069
4.877069
4.877069
4.877069
4.877069
4.877069
4.877069
4.877069
4.877069
4.877069
4.877069
4.853787
4.853787
4.853787
4.853787
4.853787
4.853787
4.853787
4.853787
4.853787
4.853787
4.853787
4.893551
4.893551
4.921352
4.921352
4.921352
4.921352
4.921352
4.921352
4.921352
4.921352
4.921352
4.921352
4.921352
4.921352
4.921352
4.921352
4.921352
4.921352
4.921352
4.921352
4.921352
4.921352
4.921352
4.921352
4.921352
4.921352
4.921352
4.921352
4.921352
4.921352
4.921352
4.913837
4.913837
4.913837
4.913837
4.913837
4.913837
4.913837
4.913837
4.913837
4.913837
4.913837
4.913837
4.913837
4.913837
4.913837
4.913837
4.913837
4.913837
4.913837
4.913837
4.913837
4.913837
4.913837
4.913837
4.913837
4.913837
4.913837
4.913837
4.913837
4.913837
4.913837
4.913837
4.913837
4.913837
4.913837
4.913837
4.913837
4.913837
4.913837
4.913837
4.913837
4.913837
4.913837
4.913837
4.913837
4.913837
4.913837
4.913837
4.916012
4.916012
4.916012
4.916012
4.916012
4.916012
4.916012
4.916012
4.916012
4.916012
4.916012
4.916012
4.916012
4.916012
4.916012
4.916012
4.916012
4.916012
4.916012
4.916012
4.916012
4.916012
4.916012
4.916012
4.916012
4.916012
4.916012
4.916012
4.916012
4.916012
4.921199
4.921199
4.922899
4.922899
4.922899
4.924953
4.924953
4.923147
4.923147
4.923147
4.923147
4.923147
4.923147
4.923147
4.923147
4.923147
4.923147
4.923147
4.923147
4.923147
4.923147
4.923147
4.923147
4.923147
4.923147
4.923147
4.923147
4.923147
4.923147
4.921045
4.921045
4.921045
4.921045
4.921045
4.921045
4.921045
4.921045
4.921045
4.921045
4.921045
4.920922
4.920922
4.920922
4.920922
4.920922
4.920922
4.920922
4.920922
4.920922
4.920922
4.920922
4.919975
4.919975
4.919975
4.919975
4.919975
4.919975
4.919975
4.919975
4.917980
4.917980
4.917980
4.917980
4.917980
4.917980
4.918481
4.917474
4.917474
4.917474
4.917474
4.917474
4.917474
4.917474
4.917474
4.917474
4.917474
4.917474
4.917474
4.917474
4.917474
4.917152
4.917152
4.917152
4.917152
4.917152
4.917152
4.917152
4.917152
4.917152
4.917152
4.917152
4.917152
4.917152
4.917152
4.917152
4.917152
4.917152
4.917152
4.917152
4.917152
4.917152
4.917152
4.917152
4.917152
4.917152
4.917152
4.917152
4.917152
4.917152
4.917152
4.917152
4.917247
4.917247
4.917247
4.917247
4.917247
4.917247
4.917247
4.917247
4.917247
4.917090
4.917090
4.917090
4.917090
4.917090
4.917090
4.917090
4.917090
4.917090
4.917090
4.917090
4.917090
4.917090
4.917090
4.917090
4.917090
4.917090
4.917090
4.917090
4.917090
4.917090
4.917090
4.917090
4.916975
4.916975
4.916975
4.916975
4.916975
4.916975
4.916975
4.916975
4.916975
4.916975
4.916975
4.916975
4.916975
4.916975
4.916975
4.916975
4.916975
4.916975
4.916975
4.916975
4.916975
4.916975
4.916975
4.916856
4.916856
4.916856
4.916856
4.916856
4.916856
4.916856
4.916856
4.916856
4.916856
4.916773
4.916773
4.916773
4.916773
4.916773
4.916773
4.916773
4.916773
4.916773
4.916773
4.916773
4.916773
4.916773
4.916773
4.916773
4.916773
4.916773
4.916773
4.916773
4.916773
4.916773
4.916773
4.916773
4.916773
4.916773
4.916773
4.916773
4.916773
4.916773
4.916773
4.916773
4.916773
4.916773
5.018561
5.018561
5.018561
5.018561
5.018561
5.018561
5.018561
5.018561
5.018561
5.018561
5.018561
5.018561
4.995625
4.995625
4.995625
4.995625
4.995625
4.995625
4.995625
4.995625
4.995625
4.995625
4.995625
4.995625
4.995625
4.995625
4.995625
4.995625
4.995625
4.995625
4.995625
4.995625
4.995625
4.995625
4.995625
4.995625
4.995625
4.995625
4.995625
4.995625
4.995625
4.995625
4.995625
4.995625
4.995625
4.995625
4.995625
4.995625
4.995625
4.995625
4.995625
4.995625
4.995625
4.995625
4.995625
4.995625
4.995625
4.995625
4.995625
4.995625
4.995625
4.995625
4.995625
4.997294
4.997294
4.997294
4.997294
4.997294
4.997294
4.997294
4.997294
4.997297
4.997297
4.997297
4.997297
4.997297
4.997297
4.997297
4.997297
4.997297
4.997297
4.997297
4.997297
4.997297
4.997297
4.997297
4.997297
4.997297
4.997297
4.997297
4.997297
4.997297
4.997297
4.997297
4.997297
4.997297
4.997297
4.997297
4.997297
4.997297
4.997297
4.997297
4.997297
4.997297
4.997297
4.997297
4.997297
4.997297
4.997297
4.997297
4.997297
4.997297
4.998599
4.998599
4.998219
4.998219
4.998219
4.998219
4.998219
4.998219
4.998219
4.998219
4.998219
4.998219
4.998004
4.998004
4.998004
4.998004
4.998004
4.998004
4.998004
4.998004
4.998004
4.998004
4.998004
4.998004
4.998004
4.998004
4.998004
4.998004
4.998004
4.998004
4.998004
4.998004
4.998004
4.998004
4.998004
4.998004
4.998004
4.998004
4.998004
4.998004
4.998087
4.998087
4.998087
4.998087
4.998087
4.998087
4.998087
4.998087
4.998087
4.998087
4.998129
4.998129
4.998129
4.998129
4.998129
4.998129
4.998129
4.997995
4.997995
4.997995
4.997995
4.997995
4.997995
4.997995
4.997995
4.997995
4.997995
4.997995
4.997995
4.997995
4.997995
4.997992
4.997992
4.997992
4.997992
4.997992
4.997992
4.997992
4.997992
4.997992
4.997992
4.997992
4.997992
4.997992
4.997992
4.997992
4.997992
4.997992
4.997992
4.997992
4.997992
4.997992
4.997992
4.997992
4.997992
4.997961
4.997961
4.997961
4.997961
4.997961
4.997961
4.997961
4.997961
4.997746
4.997746
4.997746
4.997746
4.997746
4.997746
4.997746
4.997746
4.997746
4.997746
4.997746
4.997746
4.997746
4.997746
4.997746
4.997746
4.997746
4.997746
4.926437
4.926437
4.926437
4.926437
4.926437
4.926437
4.926437
4.926437
4.926437
4.926437
4.926437
4.926437
4.926437
4.926437
4.926437
4.926437
4.926437
4.926190
4.926190
4.926190
4.926190
4.926190
4.926190
4.926190
4.926190
4.926190
4.926190
4.926190
4.926190
4.926190
4.926190
4.926190
4.923243
4.923243
4.923243
4.923243
4.923243
4.923243
4.923243
4.923243
4.923243
4.923243
4.923243
4.923243
4.923243
4.923243
4.923243
4.923243
4.923243
4.923243
4.923243
4.923243
4.923243
4.923243
4.923243
4.923243
4.923243
4.923243
4.923243
4.923243
4.923243
4.923243
4.923243
4.923243
4.923243
4.923243
4.923243
4.923243
4.923243
4.923243
4.923243
4.923243
4.923243
4.923243
4.923243
4.923243
4.923243
4.923243
4.923243
4.923243
4.923243
4.923243
4.923243
4.923243
4.923243
4.923303
4.923303
4.923303
4.923303
4.923303
4.923303
4.923303
4.923303
4.923303
4.923303
4.923303
4.923303
4.923303
4.923303
4.923303
4.923303
4.923303
4.923303
4.923303
4.923303
4.923303
4.923303
4.923303
4.923303
4.923303
4.923303
4.923303
4.923303
4.923303
4.923303
4.923303
4.923338
4.923338
4.923338
4.923338
4.923338
4.923338
4.923338
4.923338
4.923323
4.923323
4.923323
4.923323
4.923323
4.923323
4.923323
4.923323
4.923323
4.923323
4.923323
4.923323
4.923323
4.923268
4.923268
4.923268
4.923268
4.923268
4.923268
4.923268
4.923268
4.923268
4.923268
4.923268
4.923268
4.923268
4.923268
4.923268
4.923268
4.923268
4.923268
4.923268
4.923268
4.923268
4.923268
4.923268
4.923268
4.923268
4.923268
4.923268
4.923268
4.923316
4.923316
4.923316
4.923316
4.923316
4.923316
4.923316
4.923316
4.923316
4.923316
4.923316
4.923316
4.923315
4.923315
4.923295
4.923295
4.923295
4.923295
4.923295
4.923295
4.923295
4.923295
4.923295
4.923295
4.995642
4.995642
4.995642
4.995642
4.995642
4.995642
4.995642
4.995642
4.995642
4.995642
4.995642
4.995462
4.995462
4.995462
4.995462
4.995462
4.995462
4.995462
4.995462
4.995462
4.995462
4.995462
4.995462
4.995462
4.995462
4.995462
4.995462
4.995462
4.995462
4.995462
4.995462
4.995462
4.995462
4.995462
4.995462
4.995462
4.995462
4.995462
4.995462
4.995224
4.995224
4.995224
4.995224
4.995224
4.995224
4.995224
4.995224
4.995224
4.995224
4.995224
4.995311
4.995311
4.995311
4.995311
4.995311
4.995311
4.995311
4.995311
4.995311
4.995311
4.995311
4.995311
4.995311
4.995311
4.995311
4.995308
4.995308
4.995308
4.995308
4.995308
4.995308
4.995308
4.995308
4.995308
4.995308
4.995308
4.995308
4.995308
4.995308
4.995308
4.995308
4.995308
4.995308
4.995308
4.995308
4.995308
4.995309
4.995309
4.995309
4.995309
4.995309
4.995309
4.995309
4.995309
4.995309
4.995309
4.995309
4.995309
4.995309
4.995309
4.995309
4.995309
4.995309
4.995309
4.995309
4.995309
4.995309
4.995309
4.995309
4.995309
4.995309
4.995309
4.995309
4.995309
4.995309
4.995309
4.995309
4.995309
4.995309
4.995309
4.995309
4.995309
4.995309
4.995309
4.995309
4.995309
4.995309
4.995309
4.995309
4.995309
4.995309
4.995309
4.995322
4.995322
4.995322
4.995322
4.995322
4.995322
4.995322
4.995322
4.995322
4.995322
4.995322
4.995322
4.995322
4.995322
4.995322
4.995322
4.995322
4.995322
4.995322
4.995322
4.995322
4.995322
4.995322
4.995322
4.995322
4.995322
4.995322
4.995322
4.995322
4.995322
4.995322
4.995322
4.995322
4.995322
4.995322
4.995322
4.995322
4.995322
4.995322
4.995322
4.995322
4.995322
4.995322
4.995322
4.995332
4.995332
4.995332
4.995332
4.995332
4.995332
4.995332
4.995332
4.995332
4.995332
4.995332
4.995332
4.995332
4.995332
4.995332
4.995354
4.995354
4.995354
4.995354
4.995354
4.995354
4.995354
4.995354
4.995354
4.995354
4.995354
4.995354
4.995354
4.995354
4.995354
4.995354
4.995354
4.995354
4.995354
4.995354
4.995354
4.995354
4.995354
4.995354
4.995354
4.995354
4.995354
4.995354
4.995355
4.995355
4.995355
4.995355
4.995355
4.995355
4.995355
4.995355
4.995355
4.995355
4.995355
4.995355
4.995355
4.995355
4.995355
4.995355
4.995355
4.995355
4.995355
4.995355
4.995355
4.995355
4.995355
4.995355
4.995355
4.995355
4.995355
4.995355
4.995355
4.995355
4.995355
4.995355
4.995355
4.995355
4.995355
4.995355
4.995355
4.995355
4.995355
4.995355
4.995355
4.995355
4.995355
4.995355
4.995355
4.995355
4.995355
4.995355
4.995355
4.995355
4.995355
4.995355
4.995355
4.995355
4.995355
4.995355
4.995355
4.995355
4.995355
4.995355
4.995355
4.995355
4.995355
4.995355
4.995355
4.995355
4.995355
4.995355
4.995355
4.995355
4.995355
4.995355
4.995355
4.995355
4.995355
4.995355
4.995355
4.995355
4.995355
4.995355
4.995358
4.995358
4.995353
4.995353
4.995353
4.995353
4.995353
4.995353
4.995353
4.995360
4.995360
4.995360
4.995360
4.995360
4.995360
4.995360
4.995360
4.995360
4.995360
4.995360
4.995360
4.995360
4.995360
4.995360
4.995360
4.995360
4.995360
4.995360
4.995358
4.995358
4.995358
4.995358
4.995358
4.995358
4.995358
4.995358
4.995356
4.995356
4.995356
4.995356
4.995356
4.995356
4.995356
4.995356
4.995356
4.995356
4.995356
4.995356
4.995356
4.995356
4.995356
4.995356
4.995356
4.995356
4.995356
4.995356
4.995356
4.995356
4.995356
4.995356
4.995356
4.995356
4.995356
4.995356
4.995356
4.995356
4.995356
4.995356
4.995356
4.995356
4.995356
4.995356
4.995356
4.995356
4.995356
4.995356
4.995356
4.995356
4.995356
4.995356
4.995356
4.995356
4.995318
4.995318
4.995318
4.995319
4.995319
4.995319
4.995319
4.995319
4.995319
4.995319
4.995319
4.995319
4.995319
4.995319
4.995319
4.995319
4.995319
4.995319
4.995319
4.995319
4.995319
4.995319
4.995319
4.995319
4.995319
4.995319
4.995319
4.995319
4.995319
4.995319
4.995319
4.995319
4.995319
4.995319
4.995316
4.995316
4.995316
4.995316
4.995316
4.995316
4.995316
4.995316
4.995316
4.995316
4.995316
4.995316
4.995316
4.995316
4.995316
4.995316
4.995316
4.995316
4.995316
4.995316
4.995316
4.995316
4.995316
4.995316
4.995316
4.995316
4.995316
4.995316
4.995316
4.911965
4.911965
4.911960
4.911960
4.911960
4.911960
4.911960
4.911960
4.911960
4.911960
4.911960
4.911960
4.911960
4.911960
4.911959
4.911959
4.911959
4.911959
4.911959
4.911959
4.911959
4.911959
4.911959
4.911959
4.911959
4.911959
4.911959
4.911959
4.911959
4.911959
4.911959
4.911959
4.911950
4.911950
4.911950
4.911950
4.911950
4.911950
4.911950
4.911950
4.911950
4.911950
4.911950
4.911950
4.911950
4.911950
4.911951
4.911951
4.911951
4.911951
4.911951
4.911951
4.911951
4.911951
4.911951
4.911951
4.911951
4.911951
4.911951
4.911951
4.911951
4.911951
4.911951
4.911951
4.911951
4.911951
4.911951
4.911951
4.911951
4.911951
4.911951
4.911951
4.911951
4.911951
4.911951
4.911951
4.911951
4.911951
4.911951
4.911951
4.911951
4.911951
4.911951
4.911951
4.911951
4.911952
4.911952
4.911952
4.911952
4.911952
4.911952
4.911952
4.911952
4.911952
4.911952
4.911952
4.911952
4.911952
4.911952
4.911952
4.911952
4.911952
4.911952
4.911952
4.911952
4.911952
4.911952
4.911952
4.911952
4.911952
4.911952
4.911952
4.911952
4.911952
4.911952
4.911952
4.911952
4.911952
4.911952
4.911952
4.911952
4.911952
4.911952
4.911952
4.911952
4.911952
4.911952
4.911952
4.911952
4.911952
4.911952
4.911952
4.911952
4.911952
4.911954
4.911954
4.911954
4.911954
4.911954
4.911954
4.911954
4.911954
4.911954
4.911954
4.911954
4.911954
4.911954
4.911954
4.911954
4.911954
4.911954
4.911954
4.911954
4.911954
4.911954
4.911954
4.911952
4.911952
4.911952
4.911952
4.911952
4.911952
4.911960
4.911960
4.911960
4.911960
4.911960
4.911960
4.911960
4.911960
4.911960
4.911960
4.911960
4.911960
4.911960
4.911960
4.911960
4.911960
4.911960
4.911960
4.911960
4.911960
4.911960
4.911960
4.911960
4.911960
4.911960
4.911960
4.911960
4.911960
4.911960
4.911960
4.911960
4.911960
4.911960
4.911960
4.911960
4.911960
4.911960
4.911960
4.911960
4.911960
4.911960
4.911960
4.911960
4.911960
4.911960
4.911960
4.911960
4.911960
4.911965
4.911965
4.911965
4.911966
4.911966
4.911966
4.911966
4.911966
4.911966
4.911966
4.911964
4.911964
4.911964
4.911964
4.911964
4.911964
4.911964
4.911964
4.911964
4.911964
4.911964
4.911964
4.911964
4.911964
4.911964
4.911964
4.911964
4.911964
4.911964
4.911964
4.911964
4.911964
4.911964
4.911964
4.911964
4.911964
4.911964
4.911964
4.911964
4.911962
4.911962
4.911962
4.911962
4.911962
4.911962
4.911962
4.911962
4.911962
4.911962
4.911962
4.911962
4.911962
4.911962
4.911962
4.911962
4.911962
4.911962
4.911962
4.911962
4.911962
4.911962
4.911962
4.911962
4.911962
4.911956
4.911956
4.911956
4.911956
4.911956
4.911956
4.911956
4.911956
4.911956
4.911956
4.911956
4.911956
4.911956
4.911957
4.911957
4.911957
4.911957
4.911957
4.911957
4.911957
4.911957
4.911957
4.911957
4.911957
4.911957
4.911957
4.911957
4.911957
4.911957
4.911957
4.911957
4.911957
4.911957
4.911957
4.911957
4.911957
4.911957
4.911957
4.911957
4.911957
4.911957
4.911957
4.911957
4.911958
4.911958
4.911958
4.911958
4.911958
4.911958
4.911958
4.911958
4.911958
4.911958
4.911961
4.911961
4.911961
4.911961
4.911961
4.911961
4.911961
4.911961
4.911961
4.911961
4.911961
4.911961
4.911961
4.911961
4.911961
4.911961
4.911961
4.911965
4.911965
4.911965
4.911965
4.911965
4.911965
4.911965
4.911965
4.911965
4.911965
4.911965
4.911965
4.911965
4.911967
4.911967
4.911967
4.911967
4.911967
4.911967
4.911967
4.911967
4.911967
4.911967
4.911967
4.911967
4.911967
4.911967
4.911967
4.911967
4.911967
4.911967
4.911967
4.911967
4.911967
4.911967
4.911967
4.911967
4.911967
4.977193
4.977193
4.977193
4.977193
4.977193
4.977193
5.043953
5.043953
5.043953
5.043953
5.043953
5.043953
5.043953
5.043953
5.043953
5.043953
5.043953
5.043953
5.043953
5.043953
5.043953
5.043953
5.043953
5.043953
5.043953
5.043953
5.043953
5.043953
5.043953
5.043953
5.043953
5.043953
5.043953
5.043953
5.043953
5.043953
5.043953
5.043953
5.043953
5.043953
5.043953
5.043953
5.043953
5.043953
5.041429
5.041429
5.041429
5.041429
5.041429
5.041429
5.041429
5.041429
5.041429
5.041429
5.071334
5.071334
5.071334
5.071334
5.071334
5.071334
5.071334
5.071334
5.071334
5.071334
5.071262
5.071262
5.071262
5.071262
5.071262
5.071262
5.071262
5.071262
5.071262
5.071262
5.071262
5.071262
5.071262
5.071262
5.071262
5.071262
5.071262
5.071262
5.071262
5.071262
5.071262
5.071262
5.071262
5.068364
5.068364
5.068364
5.068364
5.068364
5.068364
5.068364
5.068364
5.068364
5.068364
5.068721
5.068721
5.068721
5.068721
5.068721
5.068721
5.068721
5.068397
5.068397
5.068397
5.068397
5.068397
5.068397
5.068397
5.068397
5.068397
5.068397
5.068397
5.068397
5.068397
5.068397
5.068397
5.068397
5.069492
5.069492
5.069492
5.069492
5.069492
5.069492
5.069492
5.069492
5.069492
5.069492
5.069492
5.069492
5.069492
5.069492
5.069492
5.069492
5.069492
5.069492
5.069492
5.069492
5.069492
5.069492
5.069492
5.069492
5.069492
5.069492
5.069492
5.069492
5.069492
5.069492
5.069492
5.069492
5.069492
5.069492
5.069492
5.069492
5.069492
5.069492
5.069492
5.069492
5.069492
5.069492
5.069492
5.069492
5.069492
5.069492
5.069492
5.069492
5.069492
5.069492
5.069492
5.069492
5.069492
5.069492
5.069492
5.069492
5.069492
5.069492
5.069492
5.069492
5.069492
5.069492
5.068763
5.068763
5.068763
5.068763
5.068763
5.068763
5.068763
5.096892
5.093822
5.093822
5.093822
5.093822
5.093822
5.093822
5.093822
5.093822
5.093822
5.093822
5.093822
5.093822
5.093822
5.093822
5.093822
5.093822
5.093822
5.093822
5.093822
5.093822
5.093822
5.087236
5.087236
5.087236
5.087108
5.084573
5.084573
5.084573
5.084573
5.084573
5.084573
5.084573
5.084573
5.084573
5.084573
5.084573
5.084573
5.084573
5.084573
5.084573
5.084573
5.084573
5.084573
5.084573
5.084573
5.084573
5.084573
5.084573
5.084573
5.084573
5.084573
5.081525
5.081525
5.081525
5.081525
5.081525
5.081525
5.081525
5.081525
5.081525
5.081525
5.081525
5.081525
5.081525
5.081525
5.081525
5.081525
5.081525
5.081525
5.081525
5.080980
5.080980
5.076762
5.076762
5.076762
5.076762
5.076762
5.076762
5.076762
5.076762
5.076762
5.076762
5.076762
5.076762
5.076762
5.076762
5.076762
5.076762
5.076762
5.076762
5.076762
5.076762
5.076870
5.078484
5.078484
5.078484
5.078484
5.078484
5.078484
5.078484
5.078484
5.078484
5.078484
5.078484
5.078484
5.078484
5.078484
5.078484
5.078484
5.078484
5.078484
5.078484
5.078484
5.078484
5.078484
5.078484
5.078484
5.078484
5.078484
5.078484
5.078484
5.078484
5.078484
5.078484
5.078484
5.078484
5.078484
5.078484
5.078484
5.078484
5.078889
5.078889
5.078889
5.078889
5.078889
5.078889
5.078889
5.078889
5.078889
5.078889
5.078783
5.078783
5.078783
5.078783
5.078783
5.078783
5.078783
5.078783
5.078783
5.078783
5.078783
5.078569
5.078569
5.078569
5.078569
5.078569
5.078569
5.078569
5.078569
5.078569
5.078907
5.078907
5.078907
5.078907
5.078907
5.078907
5.078907
5.078907
5.078907
5.078907
5.078907
5.078907
5.078907
5.079040
5.079040
5.079040
5.079040
5.079040
5.079040
5.079040
5.079040
5.079040
5.079040
5.079040
5.079040
5.079040
5.079040
5.079040
5.079040
5.079040
5.079040
5.079040
5.079040
5.079040
5.079040
5.079040
5.079040
5.079040
5.079040
5.079040
5.076380
5.076380
5.076380
5.076380
5.076380
5.076380
5.076380
5.075371
5.075371
5.075371
5.075371
5.075371
5.075371
5.075371
5.075371
5.075371
5.075371
5.075371
5.075371
5.075371
5.075371
5.075371
5.075371
5.075371
5.075371
5.075371
5.075371
5.075371
5.075371
5.075371
5.075371
5.075371
5.075371
5.075371
5.075371
5.075371
5.075371
5.075371
5.075371
5.075371
5.075371
5.075371
5.075371
5.075371
5.075371
5.075371
5.075371
5.075371
5.075371
5.075371
5.075371
5.075371
5.075371
5.075371
5.075371
5.075371
5.075371
5.075371
5.075371
5.075371
5.075784
5.075784
5.075784
5.075784
5.075784
5.075784
5.075784
5.075784
5.039601
5.039601
5.039601
5.039601
5.039601
5.039601
5.039601
5.039601
5.039601
5.039601
5.039601
5.039601
5.009727
5.009727
5.009727
5.009727
5.009727
5.009727
5.009727
5.009701
5.009701
5.009701
5.009701
5.009701
5.009701
5.009701
5.009701
5.009701
5.009701
5.009701
5.009701
5.009701
5.009701
5.009701
5.009701
5.009701
5.009701
5.009701
5.009701
5.009701
5.009701
5.009701
5.002927
5.002927
5.005295
5.005295
5.005295
5.005295
5.005295
5.005295
5.005295
5.005295
5.005295
5.005295
5.005295
5.005295
5.005295
5.005295
5.004708
5.004708
5.004708
5.004708
5.004708
5.004708
5.004708
5.004708
5.004708
5.004708
5.004708
5.004708
5.004708
5.004708
5.004708
5.004708
5.004708
5.004708
5.004708
5.004708
5.004708
5.004708
5.004708
5.004708
5.004708
5.004708
5.004708
5.004708
5.004708
5.004708
5.004708
5.004708
5.004708
5.004708
5.004708
5.004708
5.004708
5.004708
5.004708
5.004708
5.004708
5.004708
5.004708
5.004708
5.004708
5.004708
5.004708
5.005556
5.005556
5.005556
5.005556
5.005556
5.005556
5.005556
5.005556
5.005556
5.005556
5.005556
5.005556
5.005556
5.005556
5.005556
5.005556
5.005556
5.005556
5.005556
5.005556
5.005556
5.005556
5.005556
5.005556
5.005556
5.005556
5.005556
5.005556
5.005556
5.005556
5.005556
5.005556
5.005556
5.005556
5.005556
5.005556
5.005556
5.005556
5.005556
5.005556
5.005556
5.005556
5.005556
5.005556
5.005556
5.005556
5.005556
5.005556
5.005556
5.005556
5.005556
5.005556
5.005556
5.005556
5.005556
5.005556
5.005556
5.005556
5.005556
5.005556
5.005556
5.005556
5.005556
5.005556
5.005556
5.005556
5.005556
5.005556
5.005556
5.005556
5.005556
5.005556
5.005556
5.005556
5.005556
5.005556
5.005556
5.005556
5.005556
5.005556
5.005556
5.005556
5.005556
5.005556
5.005556
5.005556
5.005556
5.005556
5.005556
5.005556
5.005556
5.005556
5.005556
5.005556
5.005556
5.005556
5.005556
5.005556
5.005556
5.005556
5.005556
5.005556
5.005556
5.005556
5.005556
5.005556
5.005556
5.005556
5.005556
5.005556
5.005556
5.005556
5.005556
5.005556
5.005556
5.005556
5.005556
5.005556
5.005556
5.005556
5.021501
5.021501
5.021501
5.021501
5.021501
5.021501
5.021501
5.021501
5.021501
5.021501
5.021501
5.021501
5.017141
5.017141
5.017141
5.017141
5.017141
5.017141
5.017141
5.017141
5.016662
5.016662
5.016662
5.016662
5.016662
5.016662
5.016662
5.016662
5.016662
5.016662
5.016662
5.016662
5.014893
5.014893
5.014893
5.014893
5.014893
5.014893
5.014893
5.014893
5.014893
5.014893
5.014893
5.014893
5.014893
5.014893
5.014893
5.014893
5.014996
5.014996
5.014996
5.014996
5.014996
5.014996
5.013869
5.008649
5.008649
5.009534
5.009534
5.009534
5.009534
5.009072
5.009072
5.009072
5.009072
5.009072
5.009072
5.009072
5.009072
5.009072
5.009072
5.009072
5.009072
5.009072
5.009072
5.009072
5.009072
5.009072
5.009072
5.008104
5.008104
5.008104
5.008104
5.008104
5.008104
5.008104
5.007250
5.007250
5.007250
5.007250
5.005191
5.005191
5.005191
5.005191
5.005191
5.005191
5.003881
5.003881
5.003881
5.003881
5.003881
5.003881
5.003881
5.003881
5.002950
5.002950
5.002950
5.002950
5.002950
5.002950
5.002950
5.002950
5.002950
5.002950
5.002950
5.002950
5.002950
5.002950
5.002950
5.002950
5.002950
5.002950
5.002950
5.002950
5.002950
5.002950
5.002950
5.002950
5.002950
5.003248
5.003248
5.004031
5.004031
5.004031
5.004031
5.004031
5.004031
5.004031
5.004031
5.004031
5.004031
5.004031
5.004031
5.004031
5.004031
5.004031
5.004031
5.005017
5.005017
5.005017
5.005017
5.005017
5.005017
5.005017
5.005017
5.005017
5.004364
5.004364
5.004364
5.004364
5.004364
5.004364
5.004364
5.004364
5.004364
5.004364
5.040178
5.040178
5.040178
5.040178
5.040178
5.040178
5.040178
5.040178
5.040178
5.040178
5.040178
5.040178
5.040178
5.040178
5.040178
5.040178
5.040178
5.039197
5.039197
5.184725
5.184725
5.184725
5.184725
5.184725
5.184725
5.184725
5.184725
5.184725
5.184725
5.184725
5.184725
5.184725
5.184725
5.184725
5.184725
5.184725
5.184725
5.184725
5.184725
5.184725
5.184725
5.184725
5.184725
5.184725
5.184725
5.184725
5.184725
5.184725
5.184725
5.184725
5.184725
5.184725
5.184725
5.184725
5.184725
5.184725
5.184725
5.184725
5.184725
5.184725
5.184725
5.184725
5.184725
5.184725
5.184725
5.184725
5.184725
5.184725
5.184725
5.184725
5.184725
5.170472
5.170472
5.170472
5.170472
5.170472
5.170472
5.170472
5.170472
5.170472
5.170472
5.170472
5.170472
5.170472
5.170472
5.170472
5.170472
5.170472
5.170472
5.170472
5.170472
5.170472
5.170472
5.170472
5.170472
5.170472
5.170472
5.170472
5.170472
5.170472
5.170472
5.170472
5.170472
5.170472
5.170472
5.170472
5.170472
5.170472
5.170472
5.170472
5.170472
5.170472
5.170472
5.170472
5.170472
5.170472
5.170472
5.170472
5.170472
5.170472
5.168485
5.168485
5.168485
5.168485
5.168485
5.158538
5.158538
5.158538
5.158538
5.158538
5.158538
5.158538
5.145273
5.145273
5.145273
5.145273
5.145273
5.145273
5.145273
5.145273
5.145273
5.145273
5.145273
5.145273
5.145273
5.145273
5.145273
5.145273
5.145273
5.145273
5.145273
5.145273
5.145273
5.145273
5.145273
5.145273
5.145273
5.145273
5.145273
5.145273
5.136912
5.136912
5.136912
5.136912
5.136912
5.136912
5.136912
5.136912
5.136912
5.136912
5.136912
5.136912
5.136912
5.136912
5.136912
5.136912
5.136912
5.136912
5.136912
5.136912
5.136912
5.136912
5.136912
5.136912
5.136912
5.136463
5.136463
5.136463
5.136463
5.136463
5.136463
5.136871
5.136871
5.136871
5.136871
5.136871
5.136871
5.136871
5.136871
5.136871
5.136871
5.136871
5.136871
5.136871
5.136871
5.136871
5.136871
5.153293
5.140563
5.140563
5.140563
5.140563
5.140563
5.140563
5.140563
5.140563
5.140563
5.140563
5.140563
5.140563
5.140563
5.140563
5.140563
5.140563
5.140563
5.140563
5.140563
5.121124
5.121124
5.121124
5.121226
5.121226
5.121226
5.121226
5.121226
5.121226
5.121226
5.121226
5.121226
5.121226
5.122197
5.122197
5.122197
5.122197
5.122197
5.122197
5.122197
5.122197
5.122197
5.122197
5.122197
5.122197
5.122197
5.122197
5.122197
5.122197
5.122197
5.122197
5.122197
5.122197
5.122197
5.122197
5.122197
5.122197
5.122197
5.122197
5.122197
5.122197
5.122197
5.122197
5.122197
5.122197
5.122197
5.122197
5.122197
5.122197
5.122197
5.122197
5.122197
5.122197
5.122197
5.122197
5.122197
5.122197
5.122197
5.122197
5.122197
5.122197
5.122197
5.122197
5.122197
5.122197
5.122197
5.122197
5.122197
5.125063
5.125063
5.125063
5.125063
5.125063
5.125063
5.125063
5.125063
5.125063
5.125063
5.125063
5.125063
5.125063
5.125063
5.125063
5.125063
5.125063
5.125063
5.125063
5.125063
5.125063
5.144073
5.142072
5.142072
5.142072
5.142072
5.142072
5.142072
5.142072
5.142072
5.142072
5.142072
5.142072
5.142072
5.142072
5.142072
5.142072
5.142072
5.142072
5.142072
5.142072
5.142072
5.142072
5.142072
5.142072
5.142072
5.142072
5.142072
5.142072
5.142072
5.142072
5.142072
5.142072
5.142072
5.142072
5.142072
5.142072
5.142072
5.142072
5.142072
5.142072
5.142072
5.142072
5.142072
5.142072
5.142072
5.142072
5.142072
5.142072
5.153397
5.153397
5.153397
5.163090
5.163090
5.155969
5.155969
5.155969
5.155969
5.155969
5.155969
5.155969
5.155969
5.155969
5.155969
5.155969
5.155969
5.155969
5.155969
5.155969
5.155969
5.155969
5.154828
5.154828
5.154828
5.154828
5.154984
5.154984
5.154984
5.154984
5.154984
5.154984
5.154984
5.154984
5.154984
5.154984
5.154984
5.154984
5.154984
5.154984
5.154984
5.154984
5.154984
5.153650
5.153650
5.153650
5.153650
5.153650
5.153650
5.153650
5.153650
5.153650
5.153650
5.161111
5.161111
5.161111
5.161111
5.161111
5.161111
5.161111
5.161111
5.161111
5.161111
5.161111
5.161111
5.161111
5.161111
5.161111
5.161111
5.161111
5.161111
5.161111
5.161111
5.161111
5.161111
5.161111
5.161111
5.164034
5.164034
5.164034
5.164034
5.164034
5.164034
5.164034
5.164034
5.164034
5.164034
5.162005
5.162005
5.162005
5.162005
5.077817
5.077817
5.077817
5.077817
5.077817
5.077817
5.077817
5.077817
5.078718
5.078718
5.078718
5.078718
5.078718
5.078718
5.078718
5.078718
5.078718
5.078718
5.116785
5.116785
5.116785
5.116785
5.116785
5.116785
5.116785
5.116785
5.116785
5.116785
5.116785
5.116785
5.116785
5.116785
5.116785
5.116785
5.116785
5.116785
5.116785
5.116785
5.116785
5.116785
5.116785
5.116785
5.116785
5.116785
5.116785
5.116785
5.116785
5.116785
5.116785
5.116785
5.116785
5.116785
5.116785
5.116785
5.116785
5.116785
5.116785
5.116785
5.116785
5.116785
5.116785
5.116785
5.116785
5.116785
5.116785
5.116785
5.116785
5.116785
5.116785
5.116785
5.116785
5.116785
5.116785
5.116785
5.116785
5.116785
5.116785
5.116785
5.116785
5.116785
5.116785
5.116785
5.116785
5.116785
5.116785
5.116785
5.116785
5.116785
5.116785
5.116785
5.116785
5.116785
5.116785
5.116785
5.116785
5.116785
5.116785
5.116785
5.116785
5.116785
5.116785
5.119832
5.119832
5.119832
5.119832
5.119832
5.119832
5.119832
5.119832
5.119832
5.119832
5.119832
5.119832
5.119832
5.119832
5.119832
5.119832
5.119832
5.119832
5.119832
5.119832
5.119832
5.119832
5.119832
5.120173
5.120173
5.120173
5.120173
5.120173
5.120173
5.120173
5.120173
5.120173
5.120173
5.120173
5.120173
5.120173
5.120173
5.120173
5.120173
5.120173
5.120173
5.120173
5.120173
5.120173
5.120173
5.120173
5.120173
5.120173
5.120173
5.120173
5.120173
5.120173
5.120173
5.120173
5.120173
5.120173
5.120173
5.120173
5.120173
5.120173
5.120173
5.120173
5.120173
5.120173
5.120173
5.120173
5.120173
5.120173
5.120173
5.120173
5.120173
5.120173
5.120173
5.120173
5.120173
5.120173
5.120173
5.123234
5.123234
5.123234
5.123234
5.123234
5.123234
5.123234
5.123234
5.123234
5.123234
5.123234
5.123234
5.123234
5.123234
5.123234
5.123234
5.123234
5.123234
5.123581
5.123581
5.123581
5.124402
5.124402
5.124402
5.124402
5.124402
5.124402
5.124402
5.124402
5.124402
5.124402
5.124402
5.124402
5.124402
5.124402
5.124402
5.124402
5.124402
5.124402
5.124402
5.124402
5.124402
5.124402
5.124402
5.124402
5.124402
5.124402
5.124402
5.124402
5.124402
5.124402
5.124402
5.124402
5.124402
5.100636
5.100636
5.100636
5.100636
5.100636
5.100636
5.100636
5.100636
5.100636
5.100636
5.096038
5.096038
5.096038
5.096038
5.096038
5.096038
5.096038
5.096038
5.096038
5.096038
5.096038
5.096038
5.096038
5.096038
5.094332
5.094332
5.094332
5.094332
5.094332
5.094332
5.094332
5.093983
5.093983
5.093983
5.092179
5.092179
5.092179
5.092179
5.092179
5.092179
5.092179
5.092179
5.092179
5.092179
5.092179
5.092179
5.092179
5.092179
5.092179
5.092837
5.092837
5.092837
5.092837
5.092837
5.092837
5.092837
5.092837
5.092837
5.092837
5.092837
5.092837
5.092837
5.092837
5.092837
5.092837
5.092837
5.092837
5.092837
5.092837
5.092837
5.092837
5.092837
5.092837
5.092837
5.092837
5.092837
5.092837
5.092837
5.092837
5.092837
5.092837
5.092837
5.092837
5.092837
5.092837
5.092837
5.092837
5.092837
5.092837
5.092837
5.092837
5.092837
5.092837
5.092837
5.092837
5.092837
5.092837
5.092837
5.092837
5.092837
5.092837
5.092837
5.092837
4.968257
4.968257
4.968257
4.968257
4.968257
4.968257
4.968257
4.968257
4.968257
4.968257
4.968257
4.968257
4.968257
4.968257
4.968257
4.968257
4.968257
4.968257
4.968257
4.963969
4.957906
4.957906
4.958260
4.955894
4.955894
4.955894
4.956608
4.956608
4.956608
4.956608
4.956608
4.956608
4.956608
4.956608
4.956608
4.956608
4.956608
4.956608
4.956608
4.956608
4.956608
4.956608
4.956608
4.956608
4.956608
4.956608
4.956608
4.956608
4.956608
4.956608
4.956608
4.956608
4.956608
4.956608
4.956608
4.956608
4.956608
4.956608
4.956608
4.956608
4.956608
4.956608
4.956608
4.956608
4.956608
4.956608
4.956608
4.956608
4.956608
4.956608
4.956608
4.956608
4.956608
4.956608
4.956608
4.956608
4.945175
4.945175
4.945175
4.945175
4.945175
4.945175
4.945175
4.945175
4.945175
4.945175
4.945175
4.945175
4.945175
4.945175
4.945175
4.945175
4.945175
4.945175
4.945175
4.945175
4.945175
4.945175
4.945175
4.945175
4.945175
4.945175
4.945175
4.945175
4.945175
4.945175
4.945175
4.945175
4.945175
4.945175
4.945175
4.945175
4.945175
4.945175
4.945175
4.945175
4.945175
4.945175
4.945175
4.945175
4.945175
4.945175
4.945175
4.945175
4.945175
4.945175
4.942856
4.942856
4.942856
4.942856
4.942856
4.942856
4.942856
4.942856
4.942856
4.942856
4.942856
4.942856
4.942856
4.942856
4.942856
4.943837
4.943837
4.943837
4.943837
4.943837
4.943837
4.943837
4.943837
4.943837
4.943837
4.940387
4.940387
4.940387
4.940387
4.940387
4.940387
4.940387
4.940387
4.936199
4.936199
4.936199
4.936199
4.936199
4.936199
4.936199
4.936199
4.936199
4.936199
4.936199
4.936199
4.936199
4.936199
4.936199
4.936199
4.935768
4.935768
4.935768
4.935768
4.935768
4.935768
4.935768
4.935768
4.935768
4.935768
4.935768
4.935768
4.935768
4.935768
4.935768
4.935768
4.935768
4.935768
4.935768
4.935768
4.935768
4.935768
4.935768
4.935768
4.935768
4.935768
4.935768
4.935768
4.935768
4.935768
4.935768
4.935768
4.935768
4.935768
4.935768
4.935768
4.935768
4.935768
4.935768
4.935768
4.935768
4.935768
4.935768
4.935768
4.935768
4.935768
4.935768
4.935768
4.935768
4.935768
4.935768
4.935768
4.935768
4.935768
4.935768
4.935768
4.935768
4.935768
4.935768
4.935768
4.935768
4.935768
4.935768
4.935088
4.935088
4.935088
4.935088
4.935088
4.935088
4.935088
4.935088
4.935088
4.935088
4.935088
4.935088
4.935088
4.935088
4.935088
4.935088
4.935088
4.935088
4.935088
4.935088
4.935088
4.935088
4.935088
4.935088
4.935088
4.935088
4.935088
4.935088
4.935088
4.935088
4.935088
4.935088
4.935088
4.935088
4.935088
4.934595
4.934595
4.934595
4.934595
4.934595
4.934595
4.934595
4.933590
4.933590
4.933590
4.933590
4.933590
4.933590
4.933590
4.933590
4.933590
4.933590
4.933590
4.933590
4.933590
4.933590
4.933590
4.933590
4.933590
4.933590
4.933590
4.933590
4.933590
4.933590
4.933590
4.933590
4.933590
4.933590
4.933590
4.933590
4.933590
4.933590
4.933590
4.933590
4.933590
4.933590
4.933590
4.933590
4.933590
4.933590
4.933590
4.933590
4.933590
4.933590
4.933590
4.933590
4.933590
4.933590
4.933590
4.933590
4.933590
4.933590
4.933590
4.933590
4.933590
4.933590
4.933590
4.933590
4.933590
4.933590
4.933590
4.933590
4.933590
4.933590
4.933590
4.933590
4.933590
4.933110
4.933110
4.933110
4.933110
4.933110
4.933110
4.933110
4.933110
4.933110
4.933110
4.933110
4.933110
4.933110
4.933110
4.933110
4.933110
4.933110
4.933110
4.932820
4.932820
4.932820
4.932820
4.932820
4.932820
4.932820
4.932820
4.932820
4.932820
4.932820
4.932819
4.932819
4.933004
4.933004
4.933004
4.933004
4.933004
4.933004
4.933004
4.933004
4.933004
4.933004
4.933004
4.933004
4.933004
4.933004
4.933004
4.933004
4.933057
4.933057
4.933057
4.933057
4.933057
4.933057
4.933057
4.933006
4.933006
4.933015
4.933015
4.933015
4.933015
4.933015
4.933015
4.933015
4.933015
4.933015
4.933394
4.933394
4.933394
4.933394
4.933394
4.933394
4.933394
4.933394
4.933394
4.933394
4.933394
4.933394
4.933394
4.933394
4.933394
4.933394
4.933394
4.933394
4.933394
4.933394
4.933394
4.933192
4.933192
4.933171
4.933171
4.933171
4.933171
4.933171
4.933171
4.933171
4.933171
4.933171
4.933171
4.933171
4.933171
4.933171
4.933171
4.933171
4.933171
4.933171
4.933171
4.933171
4.933171
4.933171
4.933171
4.933171
4.933171
4.933171
4.933171
4.933171
4.933171
4.933171
4.933171
4.933171
4.933171
4.933171
4.933171
4.933171
4.933171
4.933171
4.933171
4.933171
4.933171
4.933171
4.933171
4.933171
4.933171
4.933171
4.933171
4.933171
4.933171
4.933171
4.933171
4.933171
4.933171
4.933171
4.933171
4.933171
4.933171
4.933171
4.933171
4.933171
4.933171
4.933171
4.933171
4.933171
4.933363
4.933363
4.933363
4.933363
4.933363
4.933363
4.933363
4.933363
4.933363
4.933363
4.933363
4.933363
4.933363
4.933363
4.933363
4.933363
4.932950
4.932950
4.932950
4.932950
4.932950
4.932950
4.932950
4.932950
4.932950
4.932950
4.932950
4.932950
4.932950
4.932950
4.932950
4.932950
4.932950
4.932950
4.932950
4.932950
4.932950
4.932950
4.932950
4.932950
4.932950
4.932950
4.932950
4.932950
4.932950
4.932950
4.932950
4.932950
4.932950
4.932950
4.932950
4.932950
4.932950
4.932950
4.932950
4.932950
4.932950
4.932950
4.932950
4.932950
4.932950
4.932950
4.932950
4.932950
4.932950
4.932950
4.932950
4.932950
4.933056
4.933056
4.933056
4.933056
4.932692
4.932692
4.932692
4.932692
4.932692
4.932692
4.932692
4.932692
4.932692
4.932692
4.932692
4.932692
4.932692
4.932692
4.932692
4.932692
4.932692
4.932692
4.932692
4.932692
4.932695
4.932695
4.932695
4.932695
4.932695
4.932695
4.932695
4.932695
4.932695
4.932695
4.932695
4.932695
4.932695
4.932695
4.932695
4.932695
4.932695
4.932695
4.932695
4.932695
4.932695
4.932910
4.932910
4.932910
4.932910
4.932922
4.932922
4.932922
4.932922
4.932922
4.932934
4.932934
4.932934
4.932934
4.932934
4.932934
4.932934
4.932934
4.932934
4.932934
4.932934
4.932934
4.932934
4.932934
4.932934
4.932934
4.932934
4.932934
4.932934
4.932934
4.932934
4.932848
4.932848
4.932848
4.932848
4.932848
4.932848
4.932848
4.932685
4.932685
4.932685
4.932685
4.932685
4.932685
4.932685
4.932685
4.932685
4.932685
4.932685
4.932685
4.932685
4.932674
4.932674
4.932674
4.932674
4.932674
4.932674
4.932674
4.932674
4.932674
4.932674
4.932674
4.932674
4.932674
4.932674
4.932674
4.932674
4.932674
4.932674
4.932674
4.932674
4.932674
4.932674
4.932674
4.932674
4.932674
4.932674
4.932674
4.932674
4.932674
4.932674
4.932674
4.932674
4.932674
4.932674
4.932674
4.932674
4.932674
4.933010
4.933010
4.933010
4.933010
4.933010
4.933010
4.933010
4.933010
4.933010
4.933010
4.933010
4.933010
4.933010
4.932967
4.932967
4.932967
4.932967
4.932967
4.932967
4.932967
4.932967
4.932967
4.932937
4.932937
4.932937
4.932170
4.932170
4.932170
4.932170
4.932170
4.932170
4.932170
4.932170
4.932170
4.932170
4.932170
4.932170
4.932170
4.932170
4.932170
4.932170
4.932170
4.932170
4.932170
4.932170
4.932170
4.932170
4.932170
4.932170
4.932170
4.932170
4.932170
4.932170
4.932170
4.932170
4.932170
4.932170
4.932170
4.932170
4.932170
4.932170
4.932170
4.932170
4.932170
4.932170
4.932160
4.932160
4.932160
4.932160
4.932160
4.932160
4.932160
4.932160
4.932160
4.932160
4.932160
4.932160
4.932160
4.931814
4.931814
4.931814
4.931814
4.931814
4.931814
4.931814
4.931814
4.931814
4.931814
4.931814
4.931814
4.931814
4.931814
4.931814
4.931814
4.931814
4.932127
4.932127
4.932127
4.932127
4.932127
4.932127
4.932127
4.932127
4.932127
4.932127
4.932127
4.932127
4.932127
4.932127
4.932127
4.932127
4.932127
4.932127
4.932127
4.932127
4.932127
4.932127
4.932127
4.932127
4.932127
4.932127
4.932127
4.932127
4.932127
4.932127
4.932127
4.932127
4.932127
4.932127
4.932127
4.932127
4.932127
4.932127
4.932127
4.932127
4.932127
4.932127
4.932127
4.932127
4.932127
4.932127
4.932127
4.932127
4.932127
4.932127
4.932127
4.932127
4.932127
4.932127
4.932127
4.932320
4.932320
4.932407
4.932407
4.932407
4.932407
4.932407
4.932407
4.932450
4.932450
4.932450
4.932450
4.932450
4.932450
4.932450
4.932450
4.932450
4.932450
4.932450
4.932450
4.932450
4.932450
4.932450
4.932450
4.932450
4.932467
4.932467
4.932467
4.932467
4.932467
4.932467
4.932467
4.932467
4.932467
4.932467
4.932467
4.932467
4.932467
4.932467
4.932467
4.932467
4.932467
4.932467
4.932467
4.932467
4.932467
4.932467
4.932467
4.932467
4.932467
4.932467
4.932467
4.932467
4.932467
4.932457
4.932457
4.932457
4.932457
4.932457
4.932457
4.932457
4.932467
4.932467
4.932467
4.932467
4.932467
4.932467
4.932467
4.932467
4.932467
4.932467
4.932467
4.932467
4.932467
4.932467
4.932467
4.932467
4.932467
4.932467
4.932467
4.932467
4.932467
4.932467
4.932467
4.932467
4.932467
4.932467
4.932467
4.932467
4.932467
4.932467
4.932467
4.932467
4.932467
4.932467
4.932467
4.932467
4.932467
4.932467
4.932467
4.932467
4.932467
4.932467
4.932467
4.932467
4.932467
4.932467
4.932467
4.932467
4.932467
4.932467
4.932467
4.932467
4.932467
4.932467
4.932467
4.932467
4.932467
4.932467
4.932467
4.932467
4.932467
4.932467
4.932467
4.932467
4.932467
4.932467
4.932467
4.932467
4.932467
4.932467
4.932467
4.932467
4.932467
4.932467
4.932467
4.932467
4.932467
4.932467
4.932467
4.932467
4.932467
4.932467
4.932467
4.932467
4.932467
4.932467
4.932467
4.932467
4.932467
4.932467
4.932467
4.932467
4.932467
4.932467
4.932467
4.932467
4.932467
4.932467
4.932467
4.932467
4.932467
4.932467
4.932467
4.932467
4.932467
4.932467
4.932467
4.932467
4.932445
4.932445
4.932445
4.932445
4.932445
4.932445
4.932445
4.932445
4.932445
4.932445
4.932445
4.932445
4.932445
4.932445
4.932445
4.932445
4.932445
4.932445
4.932445
4.932445
4.932445
4.932445
4.932445
4.932445
4.932445
4.932445
4.932445
4.932445
4.932445
4.932445
4.932445
4.932445
4.932445
4.932445
4.932445
4.932454
4.932454
4.932454
4.932454
4.932454
4.932454
4.932454
4.932454
4.932454
4.932454
4.932454
4.932454
4.932454
4.932454
4.932454
4.932454
4.932454
4.932454
4.932454
4.932454
4.932454
4.932454
4.932454
4.932454
4.932454
4.932454
4.932454
4.932454
4.932454
4.932454
4.932454
4.932454
4.932454
4.932454
4.932454
4.932454
4.932454
4.932451
4.932451
4.932451
4.932451
4.932451
4.932451
4.932451
4.932451
4.932451
4.932451
4.932451
4.932429
4.932429
4.932429
4.932429
4.932429
4.932429
4.932429
4.932429
4.932429
4.932429
4.932429
4.932429
4.932429
4.932429
4.932429
4.932429
4.932429
4.932429
4.932429
4.932429
4.932429
4.932429
4.932429
4.932429
4.932429
4.932429
4.932429
4.932429
4.932429
4.932429
4.932429
4.932429
4.932429
4.932429
4.932429
4.932429
4.932429
4.932429
4.932457
4.932471
4.932471
4.932471
4.932471
4.932471
4.932471
4.932460
4.932460
4.932460
4.932460
4.932460
4.932460
4.932460
4.932460
4.932460
4.932460
4.932460
4.932460
4.932460
4.932460
4.932460
4.932460
4.932460
4.932460
4.932460
4.932460
4.932460
4.932460
4.932460
4.932460
4.932460
4.932460
4.932460
4.932460
4.932460
4.932460
4.932460
4.932460
4.932460
4.932460
4.932460
4.932460
4.932460
4.932460
4.932460
4.932460
4.932460
4.932460
4.932460
4.932460
4.932460
4.932459
4.932459
4.932459
4.932459
4.932459
4.932459
4.932459
4.932459
4.932459
4.932459
4.932459
4.932439
4.932439
4.932439
4.932439
4.932439
4.932439
4.932439
4.932439
4.932439
4.932439
4.932439
4.932439
4.932439
4.932439
4.932439
4.932439
4.932439
4.932439
4.932439
4.932439
4.932439
4.932438
4.932438
4.932440
4.932440
4.932440
4.932440
4.932440
4.932440
4.932440
4.932440
4.932440
4.932440
4.932440
4.932440
4.932440
4.932440
4.932440
4.932440
4.932440
4.932440
4.932440
4.932440
4.932440
4.932440
4.932440
4.932440
4.932440
4.932440
4.932440
4.932440
4.932440
4.932440
4.932440
4.932440
4.932440
4.932433
4.932433
4.932433
4.932433
4.932433
4.932433
4.932433
4.932433
4.932433
4.932433
4.932433
4.932433
4.932433
4.932433
4.932433
4.932433
4.932433
4.932433
4.932433
4.932433
4.932433
4.932433
4.932433
4.932433
4.932433
4.932433
4.932433
4.932433
4.932433
4.841220
4.841220
4.841220
4.841220
4.841220
4.841220
4.835468
4.835468
4.835468
4.835468
4.835468
4.835468
4.835468
4.835468
4.835468
4.835468
4.835468
4.835468
4.835468
4.835468
4.835468
4.835468
4.835468
4.835468
4.835468
4.835468
4.835468
4.835468
4.835468
4.835468
4.835468
4.835468
4.835468
4.835468
4.835468
4.835468
4.835468
4.835468
4.835468
4.835468
4.835468
4.835468
4.835468
4.835468
4.835468
4.835468
4.835468
4.835468
4.835468
4.835468
4.835468
4.835468
4.835468
4.835468
4.835468
4.835468
4.835468
4.835468
4.835468
4.835468
4.835468
4.835468
4.835468
4.835468
4.835468
4.835468
4.835468
4.835468
4.835468
4.835468
4.835468
4.835468
4.835468
4.835468
4.835468
4.835465
4.835465
4.835465
4.835443
4.835443
4.835443
4.835443
4.835443
4.835443
4.835443
4.835443
4.835443
4.835443
4.835443
4.835443
4.835443
4.835443
4.835443
4.835424
4.835424
4.835424
4.835424
4.835424
4.835424
4.835424
4.835424
4.835424
4.835424
4.835424
4.835424
4.835424
4.835424
4.835424
4.835424
4.835425
4.835425
4.835425
4.835425
4.835425
4.835425
4.835425
4.835425
4.835425
4.835425
4.835425
4.835425
4.835425
4.835425
4.835425
4.835425
4.835425
4.835402
4.835402
4.835402
4.835402
4.835402
4.835402
4.835402
4.835402
4.835402
4.835402
4.835402
4.835402
4.835402
4.835402
4.835402
4.835402
4.835402
4.835402
4.835402
4.835402
4.835402
4.835402
4.835402
4.835402
4.835402
4.835402
4.835402
4.835402
4.835402
4.835402
4.835402
4.835402
4.835402
4.835431
4.835431
4.835431
4.835431
4.835431
4.835435
4.835435
4.835435
4.835435
4.835435
4.835435
4.835435
4.835435
4.835435
4.835435
4.835435
4.835435
4.835435
4.835435
4.835432
4.835432
4.835432
4.835432
4.835432
4.835432
4.835432
4.835432
4.835432
4.835432
4.835432
4.835432
4.835432
4.835432
4.835432
4.835432
4.835432
4.835432
4.835432
4.835432
4.835432
4.835433
4.835433
4.835433
4.835433
4.835433
4.835433
4.835433
4.835434
4.835434
4.835434
4.835434
4.835434
4.835422
4.835422
4.835422
4.835422
4.835422
4.835422
4.835422
4.835422
4.835422
4.835422
4.835422
4.835422
4.835398
4.835398
4.835398
4.835398
4.835398
4.835398
4.835398
4.835398
4.835398
4.835398
4.835398
4.835398
4.835398
4.835398
4.835398
4.835398
4.835398
4.835398
4.835398
4.835398
4.835398
4.835398
4.835398
4.835398
4.835398
4.835398
4.835398
4.835398
4.835398
4.835398
4.835398
4.835398
4.835398
4.835398
4.835398
4.835398
4.835398
4.835398
4.835398
4.835398
4.835398
4.835398
4.835398
4.835398
4.835398
4.835398
4.835398
4.835398
4.835398
4.835398
4.835398
4.835398
4.835398
4.835398
4.835398
4.835398
4.835398
4.835400
4.835400
4.835400
4.835400
4.835400
4.835400
4.835400
4.835400
4.835400
4.835400
4.835400
4.835400
4.835400
4.835400
4.835400
4.835400
4.835400
4.835400
4.835400
4.835400
4.835400
4.835400
4.835400
4.835400
4.835400
4.835400
4.835400
4.835400
4.835400
4.835400
4.835400
4.835400
4.835400
4.835400
4.835400
4.835400
4.835400
4.835400
4.835396
4.835396
4.835396
4.835396
4.835396
4.835396
4.835396
4.835396
4.835396
4.835396
4.835396
4.835396
4.835396
4.835396
4.835396
4.835396
4.835396
4.835396
4.835396
4.835396
4.835396
4.835396
4.835396
4.835396
4.835396
4.835396
4.835396
4.835396
4.835410
4.835410
4.835410
4.835410
4.835410
4.835410
4.835410
4.835410
4.835410
4.835410
4.835407
4.835407
4.835407
4.835407
4.835407
4.835407
4.835407
4.835407
4.835407
4.835407
4.835407
4.835407
4.835407
4.835407
4.835407
4.835407
4.835407
4.835407
4.835407
4.835407
4.835407
4.835407
4.835406
4.835406
4.835406
4.835406
4.835406
4.835406
4.835406
4.835406
4.835406
4.835406
4.835406
4.835406
4.835406
4.835406
4.835406
4.835406
4.835406
4.835406
4.835406
4.835406
4.835406
4.835406
4.835406
4.835406
4.835412
4.835412
4.835412
4.835412
4.835412
4.835412
4.835412
4.835412
4.835412
4.835412
4.835395
4.835434
4.835434
4.835434
4.835434
4.835434
4.835436
4.835436
4.835436
4.835436
4.835436
4.835436
4.835436
4.835436
4.835436
4.835436
4.835436
4.835436
4.835436
4.835436
4.835436
4.835436
4.835447
4.835447
4.835447
4.835447
4.835447
4.835447
4.835447
4.835447
4.835447
4.835447
4.835447
4.835447
4.835447
4.835447
4.835447
4.835447
4.835447
4.835447
4.835447
4.835447
4.835447
4.835447
4.835447
4.835447
4.835447
4.835447
4.835448
4.835448
4.835448
4.835448
4.835449
4.835444
4.835444
4.835444
4.835444
4.835444
4.835444
4.835444
4.835444
4.835444
4.835444
4.835444
4.835444
4.835444
4.835444
4.835444
4.835444
4.835444
4.835444
4.835444
4.835444
4.835444
4.835444
4.835464
4.835464
4.835464
4.835464
4.835464
4.835464
4.835469
4.835469
4.835469
4.835469
4.835469
4.835469
4.835469
4.835469
4.835469
4.835469
4.835469
4.835469
4.835471
4.835471
4.835471
4.835471
4.835471
4.835471
4.835471
4.835471
4.835471
4.835471
4.835471
4.835471
4.835471
4.835471
4.835470
4.835470
4.835470
4.835470
4.835470
4.835470
4.835470
4.835469
4.835469
4.835469
4.835469
4.835469
4.835469
4.835469
4.835469
4.835469
4.835469
4.835469
4.835469
4.835469
4.835469
4.835469
4.835469
4.835469
4.835469
4.835469
4.835469
4.835469
4.835469
4.835469
4.835469
4.835469
4.835469
4.835469
4.835469
4.835469
4.835469
4.835469
4.835469
4.835469
4.835469
4.835469
4.835469
4.835469
4.835469
4.835469
4.835469
4.835469
4.835469
4.835469
4.835469
4.835469
4.835469
4.835469
4.835469
4.835469
4.835469
4.835469
4.835469
4.835469
4.835469
4.835469
4.835469
4.835469
4.835469
4.835469
4.835469
4.835469
4.835469
4.835469
4.835469
4.835469
4.835469
4.835469
4.835469
4.835469
4.835469
4.835469
4.835469
4.835469
4.835468
4.835470
4.835470
4.835470
4.835470
4.835470
4.835470
4.835470
4.835470
4.835470
4.835470
4.835470
4.835470
4.835470
4.835470
4.835470
4.835470
4.835470
4.835470
4.835470
4.835470
4.835470
4.835470
4.835470
4.835470
4.835470
4.835470
4.835470
4.835470
4.835470
4.835470
4.835470
4.835470
4.835470
4.835470
4.835470
4.835470
4.835470
4.835470
4.835470
4.835470
4.835470
4.835470
4.835470
4.835470
4.835470
4.893202
4.893202
4.893202
4.893202
4.893202
4.893202
4.893202
4.893202
4.893202
4.893202
4.893202
4.893202
4.893202
4.893202
4.893202
4.893202
4.893202
4.893202
4.893202
4.893202
4.893202
4.893202
4.893202
4.893202
4.893202
4.893202
4.893202
4.893202
4.893202
4.893202
4.893202
4.893202
4.893202
4.893202
4.893202
4.893202
4.893202
4.893202
4.893202
4.893202
4.893202
4.893202
4.893202
4.893202
4.893202
4.893202
4.893202
4.893202
4.893202
4.893202
4.893202
4.893202
4.893202
4.893202
4.893202
4.893200
4.893200
4.893200
4.893200
4.893200
4.893200
4.893200
4.893200
4.893200
4.893200
4.893200
4.893200
4.893200
4.893200
4.893200
4.893200
4.893200
4.893200
4.893200
4.893200
4.893200
4.893200
4.893200
4.893200
4.893200
4.893200
4.893200
4.893200
4.893200
4.893200
4.893200
4.893200
4.893200
4.893200
4.893200
4.893200
4.893200
4.893200
4.893200
4.893200
4.893200
4.893200
4.893200
4.893200
4.893200
4.893200
4.893200
4.893200
4.893200
4.893200
4.893200
4.893200
4.893200
4.893200
4.893200
4.893200
4.893200
4.893200
4.893200
4.893200
4.893200
4.893200
4.893200
4.893200
4.893200
4.893200
4.893200
4.893200
4.893200
4.893200
4.893200
4.893200
4.893200
4.893200
4.893200
4.893200
4.893200
4.893200
4.893200
4.893200
4.893201
4.893201
4.893201
4.893201
4.893201
4.893201
4.893201
4.893201
4.893201
4.893201
4.893201
4.893201
4.893201
4.893201
4.893201
4.893201
4.893201
4.893201
4.893201
4.893201
4.893201
4.893201
4.893201
4.893201
4.893201
4.893201
4.893201
4.893201
4.893201
4.893201
4.893201
4.893201
4.893201
4.893201
4.893201
4.893201
4.893201
4.893201
4.893201
4.893201
4.893201
4.893201
4.893201
4.893201
4.893200
4.893200
4.893200
4.893200
4.893200
4.893200
4.893200
4.893200
4.893200
4.893200
4.893200
4.893200
4.893200
4.893200
4.893200
4.893200
4.893200
4.893200
4.893200
4.893200
4.893200
4.893200
4.893200
4.893200
4.893200
4.893200
4.893200
4.893200
4.893200
4.893200
4.893200
4.893200
4.893200
4.893200
4.893200
4.893200
4.893200
4.893200
4.893200
4.893200
4.893200
4.893200
4.893200
4.893200
4.893200
4.893200
4.893200
4.893200
4.893200
4.893200
4.893200
4.893200
4.893200
4.893200
4.893200
4.893200
4.893200
4.893200
4.893200
4.893200
4.893200
4.893200
4.893200
4.893200
4.893200
4.893200
4.893200
4.893200
4.893200
4.893200
4.893200
4.893200
4.893200
4.893200
4.893200
4.893200
4.893200
4.893200
4.893200
4.893200
4.893200
4.893200
4.893200
4.893200
4.893200
4.893200
4.893200
4.893200
4.893200
4.893200
4.893200
4.893200
4.893200
4.893200
4.893200
4.893200
4.893200
4.893200
4.893200
4.893200
4.893200
4.893200
4.893200
4.893200
4.893200
4.893200
4.893200
4.893200
4.893200
4.893200
4.893200
4.893200
4.893200
4.893200
4.893200
4.893200
4.893200
4.893200
4.893200
4.893200
4.893200
4.893200
4.893200
4.893200
4.893200
4.893200
4.893200
4.893200
4.893200
4.893200
4.893200
4.893200
4.893200
4.893200
4.893200
4.893200
4.893200
4.893200
4.893200
4.893200
4.893200
4.893200
4.893200
4.893200
4.893200
4.893200
4.893200
4.893200
4.893200
4.893200
4.893200
4.893200
4.893200
4.893200
4.893200
4.893200
4.893200
4.893200
4.893200
4.893200
4.893200
4.893200
4.893200
4.893200
4.893200
4.893200
4.893200
4.893200
4.893200
4.893200
4.893200
4.893200
4.893200
4.893200
4.893200
4.893200
4.893200
4.893200
4.893200
4.893200
4.893200
4.893200
4.893200
4.893200
4.893200
4.893200
4.893200
4.893200
4.893200
4.893200
4.893200
4.893200
4.893200
4.893200
4.893200
4.893200
4.893200
4.893200
4.893200
4.893200
4.893200
4.893200
4.893200
4.893200
4.893200
4.893200
4.893200
4.893200
4.893200
4.893200
4.893200
4.893200
4.893200
4.893200
4.893200
4.893200
4.893200
4.893200
4.893200
4.893200
4.893200
4.893200
4.893200
4.893200
4.893200
4.893200
4.893200
4.893200
4.893200
4.893200
4.893200
4.893200
4.893200
4.893200
4.893200
4.893200
4.893200
4.893200
4.893200
4.893200
4.893200
4.893200
4.893200
4.893200
4.893200
4.893200
4.893200
4.893200
4.893200
4.893200
4.893200
4.893200
4.893200
4.893200
4.893200
4.893200
4.893200
4.893200
4.893200
4.893200
4.893200
4.893200
4.893200
4.893200
4.893200
4.893200
4.893200
4.893200
4.893200
4.893200
4.893200
4.893200
4.893200
4.893200
4.893200
4.893200
4.893200
4.893200
4.893200
4.893200
4.893200
4.893200
4.893200
4.893200
4.893200
4.893200
4.893200
4.893200
4.893200
4.893200
4.893200
4.893200
4.893200
4.893200
4.893200
4.893200
4.893200
4.893200
4.893200
4.893200
4.893200
4.893200
4.893200
4.893200
4.893200
4.893200
4.893200
4.893200
4.893200
4.893200
4.893200
4.893200
4.893200
4.893200
4.893200
4.893200
4.893200
4.893200
4.893200
4.893200
4.893200
4.893200
4.893200
4.893200
4.893200
4.893200
4.893200
4.893200
4.893200
4.893200
4.893200
4.893200
4.893200
4.893200
4.893200
4.893200
4.893200
4.893200
4.893200
4.893200
4.893200
4.893200
4.893200
4.893200
4.893200
4.893200
4.893200
4.893200
4.893200
4.893200
4.893200
4.893200
4.893200
4.893200
4.893200
4.893200
4.893200
4.893200
4.893200
4.893200
4.893200
4.893200
4.893200
4.893200
4.893200
4.893200
4.893200
4.893200
4.893200
4.893200
4.893200
4.893200
4.893200
4.893200
4.893200
4.893200
4.893200
4.893200
4.893200
4.893200
4.893200
4.893200
4.893200
4.893200
4.893200
4.893200
4.893200
4.893200
4.893200
4.893200
4.893200
4.893200
4.893200
4.893200
4.893200
4.893200
4.893200
4.893200
4.893200
4.893200
4.893200
4.893200
4.893200
4.893200
4.893200
4.893200
4.893200
4.893200
4.893200
4.893200
4.893200
4.893200
4.893200
4.893200
4.893200
4.893200
4.893200
4.893200
4.893200
4.893200
4.893200
4.893200
4.893200
4.893200
4.893200
4.893200
4.893200
4.893200
4.893200
4.893200
4.893200
4.893200
4.893200
4.893200
4.893200
4.893200
4.893200
4.893200
4.893200
4.893200
4.893200
4.893200
4.893200
4.893200
4.893200
4.893200
4.893200
4.893200
4.893200
4.893200
4.893200
4.893200
4.893200
4.893200
4.893200
4.893200
4.893200
4.893200
4.893200
4.893200
4.893200
4.893200
4.893200
4.893200
4.893200
4.893200
4.893200
4.893200
4.893200
4.893200
4.893200
4.893200
4.893200
4.893200
4.893200
4.893200
4.893200
4.893200
4.893200
4.893200
4.893200
4.893200
4.893200
4.893200
4.893200
4.893200
4.893200
4.893200
4.893200
4.893200
4.893200
4.893200
4.893200
4.893200
4.893200
4.893200
4.893200
4.893200
4.893200
4.893200
4.893200
4.893200
4.893200
4.893200
4.893200
4.893200
4.893200
4.893200
4.893200
4.893200
4.893200
4.893200
4.893200
4.893200
4.893200
4.893200
4.893200
4.893200
4.893200
4.893200
4.893200
4.893200
4.893200
4.893200
4.893200
4.893200
4.893200
4.893200
4.893200
4.893200
4.893200
4.893200
4.893200
4.893200
4.893200
4.893200
4.893200
4.893200
4.893200
4.893200
4.893200
4.893200
4.893200
4.893200
4.893200
4.893200
4.893200
4.893200
4.893200
4.893200
4.893200
4.893200
4.893200
4.893200
4.893200
4.893200
4.893200
4.893200
4.893200
4.893200
4.893200
4.893200
4.893200
4.893200
4.893200
4.893200
4.940678
4.940678
4.940678
4.940678
4.940678
4.940678
4.940678
4.940678
4.940678
4.940678
4.940678
4.940678
4.940678
4.940678
4.940678
4.940678
4.940678
4.940678
4.940678
4.940678
4.940678
4.940678
4.940678
4.940678
4.940678
4.940678
4.940678
4.940678
4.940678
4.940678
4.940678
4.940678
4.940678
4.940678
4.940678
4.940678
4.940678
4.940678
4.940678
4.940678
4.940678
4.940678
4.940678
4.940678
4.940678
4.940678
4.940678
4.940678
4.940678
4.940678
4.940678
4.940678
4.940678
4.940678
4.940678
4.940678
4.940678
4.940678
4.940678
4.940678
4.940678
4.940678
4.940678
4.940678
4.940678
4.940678
4.940678
4.940678
4.940678
4.940678
4.940678
4.940678
4.940678
4.940678
4.940678
4.940678
4.940678
4.940678
4.940678
4.940678
4.940678
4.940678
4.940678
4.940678
4.940678
4.940678
4.940678
4.940678
4.940678
4.940678
4.940678
4.940678
4.940678
4.940678
4.940678
4.940678
4.940678
4.940678
4.940678
4.940678
4.940678
4.940678
4.940678
4.940678
4.940678
4.940678
4.940678
4.940678
4.940678
4.940678
4.940678
4.940678
4.940678
4.940678
4.940678
4.940678
4.940678
4.940678
4.940678
4.940678
4.940678
4.940678
4.940678
4.940678
4.940678
4.940678
4.940678
4.940678
4.940678
4.940678
4.940678
4.940678
4.940678
4.940678
4.940678
4.940678
4.940678
4.940678
4.940678
4.940678
4.940678
4.940678
4.940678
4.940678
4.940678
4.940678
4.940678
4.940678
4.940678
4.940678
4.940678
4.940678
4.940678
4.940678
4.940678
4.940678
4.940678
4.940678
4.940678
4.940678
4.940678
4.940678
4.940678
4.940678
4.940678
4.940678
4.940678
4.940678
4.940678
4.940678
4.940678
4.940678
4.940678
4.940678
4.940678
4.940678
4.940678
4.940678
4.940678
4.940678
4.940678
4.940678
4.940678
4.940678
4.940678
4.940678
4.940678
4.940678
4.940678
4.940678
4.940678
4.940678
4.940678
4.940678
4.940678
4.940678
4.940678
4.940678
4.940678
4.940678
4.940678
4.940678
4.940678
4.940678
4.940678
4.940678
4.940678
4.940678
4.940678
4.940678
4.940678
4.940678
4.940678
4.940678
4.940678
4.940678
4.940678
4.940678
4.940678
4.940678
4.940678
4.940678
4.940678
4.940678
4.940678
4.940678
4.940678
4.940678
4.940678
4.940678
4.940678
4.940678
4.940678
4.940678
4.940678
4.940678
4.940678
4.940678
4.940678
4.940678
4.940678
4.940678
4.940678
4.940678
4.940678
4.940678
4.940678
4.940678
4.940678
4.940678
4.940678
4.940678
4.940678
4.940678
4.940678
4.940678
4.940678
4.940678
4.940678
4.940678
4.940678
4.940678
4.940678
4.940678
4.940678
4.940678
4.940678
4.940678
4.940678
4.940678
4.940678
4.940678
4.940678
4.940678
4.940678
4.940678
4.940678
4.940678
4.940678
4.940678
4.940678
4.940678
4.940678
4.940678
4.940678
4.940678
4.940678
4.940678
4.940678
4.940678
4.940678
4.940678
4.940678
4.940678
4.940678
4.940678
4.940678
4.940678
4.940678
4.940678
4.940678
4.940678
4.940678
4.940678
4.940678
4.940678
4.940678
4.940678
4.940678
4.940678
4.940678
4.940678
4.940678
4.940678
4.940678
4.940678
4.940678
4.940678
4.940678
4.940678
4.940678
